  7709.000   27  1  1  1.9222038E-02 -4.4094759E+00 -3.1332625E-01  1  1  7.5663303E+03  8.0000000E+03  0.0000000E+00  1.1792254E+00  1.0000000E+00  0.0000000E+00  = E_edge, Z, n_edge, j_edge, Abs_before_edge, VO_interstitial, E_cut, ninit, ninit1, Epsii, UnitCell_Volume, Surface_ref, f0_forward, natomsym_f, abs_u_iso
    Energy   (100,001)      (010,001)      (001,110)   
  -25.0000  4.2442957E-09  1.2079631E-09  7.9082250E-10
  -24.0000  1.0650472E-08  2.9326060E-09  1.7791665E-09
  -23.0000  3.0644707E-08  8.2076257E-09  4.4591089E-09
  -22.0000  1.1063877E-07  2.9269477E-08  1.3235300E-08
  -21.0000  6.6079015E-07  1.8300309E-07  5.5192801E-08
  -20.0000  7.8137866E-03  2.8881713E-03  2.2004731E-04
  -19.0000  1.2248255E-04  1.7637088E-04  1.0379702E-03
  -18.0000  4.1422711E-06  1.6668278E-06  2.1489845E-06
  -17.0000  3.8573575E-06  8.5449174E-07  8.0705714E-07
  -16.0000  7.4841766E-06  1.1487260E-06  1.0128761E-06
  -15.0000  2.9665100E-03  1.0923062E-03  1.0448626E-04
  -14.0000  2.9819690E-05  5.8101735E-05  1.3742213E-05
  -13.0000  1.6653383E-06  3.9231479E-06  6.0777192E-06
  -12.0000  3.4708968E-05  2.2145267E-04  6.1669125E-04
  -11.0000  1.2091270E-05  1.1871788E-05  2.5383870E-05
  -10.0000  1.2212571E-04  3.2440303E-05  2.5202129E-05
  -9.00000  2.2610720E-02  1.5937675E-03  2.9173744E-03
  -8.00000  3.8594626E-04  1.4491495E-04  2.5695252E-05
  -7.00000  8.8697698E-02  1.1440301E-03  3.9444788E-02
  -6.00000  1.0958237E-03  3.7839147E-04  2.1709762E-04
  -5.00000  4.7024433E-03  2.5587545E-04  6.7219928E-03
  -4.00000  1.0760084E-03  2.0067644E-03  1.0679318E-03
  -3.00000  3.4355312E-03  7.6885574E-03  3.3002175E-03
  -2.00000  1.0415704E-03  2.4995299E-03  1.7427045E-03
  -1.00000  5.1076709E-04  7.8200261E-04  4.8323616E-04
   0.00000  1.8312366E-03  3.7995027E-03  3.0825035E-03
   1.00000  5.3824646E-04  6.0831287E-04  5.2089827E-04
   2.00000  4.3812362E-04  6.7334126E-04  4.5410866E-04
   3.00000  6.0697383E-04  9.7696651E-04  6.4453795E-04
   4.00000  9.5170760E-04  1.5514286E-03  1.1650671E-03
   5.00000  1.1542085E-03  3.2160185E-03  3.1655802E-03
   5.20000  1.2609345E-03  3.9486007E-03  4.2863675E-03
   5.40000  1.4440562E-03  4.9381627E-03  6.0563582E-03
   5.60000  1.6939917E-03  6.0633275E-03  8.4952287E-03
   5.80000  1.9730122E-03  6.9075300E-03  1.0350036E-02
   6.00000  2.2359523E-03  7.4368993E-03  1.0067705E-02
   6.20000  2.4702647E-03  8.2074254E-03  8.8839167E-03
   6.40000  2.6915635E-03  9.5356720E-03  8.1939482E-03
   6.60000  2.9265610E-03  1.1382210E-02  8.2025144E-03
   6.80000  3.1900046E-03  1.3555091E-02  8.6628404E-03
   7.00000  3.4854528E-03  1.5517922E-02  9.1046216E-03
   7.20000  3.8068223E-03  1.6427160E-02  8.8997063E-03
   7.40000  4.1469999E-03  1.6160986E-02  7.9357337E-03
   7.60000  4.5260613E-03  1.5714663E-02  6.7930906E-03
   7.80000  4.9723139E-03  1.5964800E-02  5.9407468E-03
   8.00000  5.5111979E-03  1.7222087E-02  5.4803765E-03
   8.20000  6.1642309E-03  1.9546985E-02  5.3650675E-03
   8.40000  6.9459871E-03  2.2911176E-02  5.5416485E-03
   8.60000  7.8467544E-03  2.7054655E-02  5.9824330E-03
   8.80000  8.7851691E-03  3.1242487E-02  6.6593649E-03
   9.00000  9.6397450E-03  3.3623102E-02  7.5759055E-03
   9.20000  1.0294371E-02  3.2897976E-02  8.6784915E-03
   9.40000  1.0807039E-02  2.9371364E-02  9.9444483E-03
   9.60000  1.1389408E-02  2.4843707E-02  1.1414820E-02
   9.80000  1.2244978E-02  2.0928380E-02  1.3181059E-02
   10.0000  1.3497751E-02  1.8302763E-02  1.5352536E-02
   10.2500  1.5722515E-02  1.6857680E-02  1.8815020E-02
   10.5000  1.8756882E-02  1.7096163E-02  2.3344488E-02
   10.7500  2.2640068E-02  1.8682609E-02  2.9200116E-02
   11.0000  2.7276164E-02  2.1462019E-02  3.6534260E-02
   11.2500  3.2262137E-02  2.5447599E-02  4.5099044E-02
   11.5000  3.7060978E-02  3.0531650E-02  5.3876838E-02
   11.7500  3.9797461E-02  3.7066370E-02  6.0061647E-02
   12.0000  4.0412435E-02  4.5034923E-02  6.3309681E-02
   12.2500  3.9407406E-02  5.3968842E-02  6.3019134E-02
   12.5000  3.7804535E-02  6.2635040E-02  6.0337226E-02
   12.7500  3.6396818E-02  6.9148918E-02  5.6626815E-02
   13.0000  3.5511252E-02  7.1897645E-02  5.2781527E-02
   13.2500  3.5146223E-02  7.0593755E-02  4.9208326E-02
   13.5000  3.5167218E-02  6.6303778E-02  4.6029759E-02
   13.7500  3.5511773E-02  6.0840317E-02  4.3142024E-02
   14.0000  3.6510702E-02  5.4232937E-02  4.0276545E-02
   14.2500  3.6807845E-02  4.8904942E-02  3.8008378E-02
   14.5000  3.7109951E-02  4.4245906E-02  3.6039524E-02
   14.7500  3.7428456E-02  4.0294884E-02  3.4349954E-02
   15.0000  3.7778510E-02  3.7001619E-02  3.2923314E-02
   15.2500  3.8172883E-02  3.4283125E-02  3.1744520E-02
   15.5000  3.8618586E-02  3.2054347E-02  3.0801265E-02
   15.7500  3.9114313E-02  3.0241748E-02  3.0081407E-02
   16.0000  3.9651248E-02  2.8778217E-02  2.9570849E-02
   16.2500  4.0212427E-02  2.7613401E-02  2.9256902E-02
   16.5000  4.0772256E-02  2.6704697E-02  2.9120983E-02
   16.7500  4.1302367E-02  2.6016829E-02  2.9143526E-02
   17.0000  4.1777295E-02  2.5520754E-02  2.9302861E-02
   17.2500  4.2181699E-02  2.5192371E-02  2.9576870E-02
   17.5000  4.2514134E-02  2.5010753E-02  2.9944878E-02
   17.7500  4.2787305E-02  2.4957397E-02  3.0388459E-02
   18.0000  4.3021363E-02  2.5016176E-02  3.0892356E-02
   18.2500  4.3238960E-02  2.5172041E-02  3.1443248E-02
   18.5000  4.3459662E-02  2.5409856E-02  3.2029753E-02
   18.7500  4.3696073E-02  2.5716638E-02  3.2641823E-02
   19.0000  4.3950571E-02  2.6079037E-02  3.3269278E-02
   19.2500  4.4216005E-02  2.6484777E-02  3.3903117E-02
   19.5000  4.4479200E-02  2.6921801E-02  3.4531238E-02
   19.7500  4.4718779E-02  2.7380988E-02  3.5141828E-02
   20.0000  4.4910112E-02  2.7855288E-02  3.5719947E-02
   21.0000  4.4712979E-02  2.9883089E-02  3.7299828E-02
   22.0000  4.2826708E-02  3.2292534E-02  3.7051492E-02
   23.0000  4.0662065E-02  3.5008301E-02  3.5791196E-02
   24.0000  3.9277290E-02  3.7268699E-02  3.5005706E-02
   25.0000  3.8664109E-02  3.8210476E-02  3.5024612E-02
   26.0000  3.8411821E-02  3.7646588E-02  3.5311178E-02
   27.0000  3.7978848E-02  3.6147793E-02  3.5268622E-02
   28.0000  3.6789646E-02  3.4312699E-02  3.4559809E-02
   29.0000  3.5254148E-02  3.2654526E-02  3.3802693E-02
   30.0000  3.3223846E-02  3.1253754E-02  3.2975169E-02
   31.0000  3.0920978E-02  3.0124572E-02  3.2148461E-02
   32.0000  2.8595069E-02  2.9231553E-02  3.1322144E-02
   33.0000  2.6437679E-02  2.8527706E-02  3.0488849E-02
   34.0000  2.4548267E-02  2.7963458E-02  2.9641000E-02
   35.0000  2.2967766E-02  2.7497652E-02  2.8771840E-02
   36.0000  2.1733440E-02  2.7083274E-02  2.7868687E-02
   37.0000  2.0880620E-02  2.6668247E-02  2.6924979E-02
   38.0000  2.0418165E-02  2.6173006E-02  2.5938582E-02
   39.0000  2.0244298E-02  2.5494685E-02  2.4907664E-02
   40.0000  2.0141286E-02  2.4573240E-02  2.3815903E-02
