  7709.000   27  1  1  1.9222038E-02 -4.8786318E+00 -3.7176033E-01  1  1  7.5663190E+03  8.0000000E+03  0.0000000E+00  1.1792254E+00  1.0000000E+00  0.0000000E+00  = E_edge, Z, n_edge, j_edge, Abs_before_edge, VO_interstitial, E_cut, ninit, ninit1, Epsii, UnitCell_Volume, Surface_ref, f0_forward, natomsym_f, abs_u_iso
    Energy   (100,001)      (010,001)      (001,110)   
  -25.0000  6.4376326E-09  1.7662832E-09  1.0646059E-09
  -24.0000  1.8499318E-08  4.8817240E-09  2.6940077E-09
  -23.0000  6.8090693E-08  1.7484016E-08  8.3907471E-09
  -22.0000  4.5786961E-07  1.2051502E-07  4.3085248E-08
  -21.0000  2.4076601E-05  7.1618787E-06  1.5938820E-06
  -20.0000  7.6207742E-06  6.4824375E-07  2.8019782E-06
  -19.0000  1.4457412E-06  8.2613298E-07  1.5442502E-06
  -18.0000  1.2515539E-06  3.3182600E-07  4.0485606E-07
  -17.0000  1.8551936E-06  3.7450879E-07  4.7853400E-07
  -16.0000  6.2792392E-06  7.5675322E-07  1.8347575E-06
  -15.0000  1.6925686E-05  3.6858967E-05  3.1274977E-05
  -14.0000  3.7767275E-06  4.5622993E-06  5.9723183E-06
  -13.0000  1.7535264E-06  1.5889424E-06  2.5762455E-06
  -12.0000  7.2632884E-06  4.5408812E-06  1.2471011E-05
  -11.0000  4.9263917E-05  1.9542956E-05  2.6028670E-05
  -10.0000  8.6265947E-04  4.0799017E-04  4.4098369E-05
  -9.00000  3.4541446E-03  2.2631810E-03  6.8174871E-04
  -8.00000  3.5607148E-05  8.6361271E-05  1.8821439E-05
  -7.00000  7.8383686E-04  3.2625027E-04  2.4225444E-04
  -6.00000  3.7144399E-04  2.1539081E-04  4.9951744E-04
  -5.00000  2.4998563E-03  2.1425331E-03  2.5223696E-03
  -4.00000  1.0488221E-02  6.4730463E-03  1.1174725E-02
  -3.00000  2.3837143E-03  5.8307363E-03  1.4947550E-03
  -2.00000  1.3469592E-03  1.2746367E-03  1.5554150E-03
  -1.00000  5.1956698E-04  6.4832407E-04  2.4674791E-04
   0.00000  8.9063726E-04  3.2885023E-03  2.2517213E-03
   1.00000  9.8870470E-04  8.1787707E-04  8.0276753E-04
   2.00000  6.0605024E-04  6.8665347E-04  5.1450798E-04
   3.00000  7.7959340E-04  9.4415221E-04  5.8881627E-04
   4.00000  1.1945412E-03  1.4888695E-03  8.3885776E-04
   5.00000  1.9464471E-03  2.4929467E-03  1.4275027E-03
   5.20000  2.1421551E-03  2.7828036E-03  1.6104544E-03
   5.40000  2.3512395E-03  3.1113797E-03  1.8225626E-03
   5.60000  2.5722038E-03  3.4830811E-03  2.0686244E-03
   5.80000  2.8028795E-03  3.9028198E-03  2.3556478E-03
   6.00000  3.0424704E-03  4.3739108E-03  2.6912435E-03
   6.20000  3.2914227E-03  4.9004947E-03  3.0864795E-03
   6.40000  3.5524470E-03  5.4862747E-03  3.5552232E-03
   6.60000  3.8325115E-03  6.1357655E-03  4.1146360E-03
   6.80000  4.1451867E-03  6.8580042E-03  4.7840453E-03
   7.00000  4.5167780E-03  7.6886074E-03  5.5872481E-03
   7.20000  4.9617319E-03  8.6902660E-03  6.5609732E-03
   7.40000  5.4555469E-03  9.9328937E-03  7.7657372E-03
   7.60000  5.9531604E-03  1.1425922E-02  9.2692293E-03
   7.80000  6.4246945E-03  1.3126976E-02  1.1108031E-02
   8.00000  6.9082625E-03  1.4970462E-02  1.3162309E-02
   8.20000  7.4481759E-03  1.6919739E-02  1.5154302E-02
   8.40000  8.0554620E-03  1.8852121E-02  1.6725510E-02
   8.60000  8.6936119E-03  2.0526971E-02  1.7642218E-02
   8.80000  9.4049315E-03  2.1905815E-02  1.8047656E-02
   9.00000  1.0222541E-02  2.3046574E-02  1.8130890E-02
   9.20000  1.1210947E-02  2.4179648E-02  1.8031029E-02
   9.40000  1.2427038E-02  2.5557957E-02  1.7894849E-02
   9.60000  1.3915405E-02  2.7231793E-02  1.7924408E-02
   9.80000  1.5706214E-02  2.8948633E-02  1.8281499E-02
   10.0000  1.7804432E-02  3.0323707E-02  1.9022713E-02
   10.2500  2.0829691E-02  3.1300681E-02  2.0470818E-02
   10.5000  2.4254124E-02  3.1872751E-02  2.2434708E-02
   10.7500  2.8040619E-02  3.2826717E-02  2.4813154E-02
   11.0000  3.2128529E-02  3.4692250E-02  2.7456831E-02
   11.2500  3.6354898E-02  3.7594267E-02  3.0189138E-02
   11.5000  4.0387209E-02  4.1498018E-02  3.2688710E-02
   11.7500  4.3686779E-02  4.5962177E-02  3.5127909E-02
   12.0000  4.5788378E-02  5.0337735E-02  3.7144573E-02
   12.2500  4.6038572E-02  5.4890935E-02  3.8417766E-02
   12.5000  4.4919699E-02  5.8283787E-02  3.9334588E-02
   12.7500  4.2616946E-02  6.0395884E-02  4.0151520E-02
   13.0000  3.9820702E-02  6.0852133E-02  4.0674742E-02
   13.2500  3.7092391E-02  5.9760903E-02  4.0911456E-02
   13.5000  3.4821047E-02  5.7132993E-02  4.0810577E-02
   13.7500  3.3189647E-02  5.4197561E-02  4.0649595E-02
   14.0000  3.1946573E-02  5.1061037E-02  3.9813754E-02
   14.2500  3.1305370E-02  4.7968143E-02  3.9002122E-02
   14.5000  3.1073412E-02  4.5025114E-02  3.8096441E-02
   14.7500  3.1153252E-02  4.2316798E-02  3.7194472E-02
   15.0000  3.1457434E-02  3.9883907E-02  3.6367830E-02
   15.2500  3.1911134E-02  3.7740301E-02  3.5660967E-02
   15.5000  3.2439340E-02  3.5878217E-02  3.5086589E-02
   15.7500  3.2984905E-02  3.4280426E-02  3.4645637E-02
   16.0000  3.3502679E-02  3.2922394E-02  3.4330384E-02
   16.2500  3.3962218E-02  3.1776584E-02  3.4128368E-02
   16.5000  3.4347335E-02  3.0814546E-02  3.4028367E-02
   16.7500  3.4650725E-02  3.0008900E-02  3.4018805E-02
   17.0000  3.4871339E-02  2.9333813E-02  3.4086648E-02
   17.2500  3.5011925E-02  2.8766184E-02  3.4218985E-02
   17.5000  3.5076910E-02  2.8285586E-02  3.4400415E-02
   17.7500  3.5075555E-02  2.7874097E-02  3.4617564E-02
   18.0000  3.5022919E-02  2.7518873E-02  3.4861714E-02
   18.2500  3.4939975E-02  2.7211333E-02  3.5128385E-02
   18.5000  3.4852162E-02  2.6945133E-02  3.5419873E-02
   18.7500  3.4786251E-02  2.6718860E-02  3.5744998E-02
   19.0000  3.4764652E-02  2.6531836E-02  3.6108696E-02
   19.2500  3.4808363E-02  2.6385239E-02  3.6520784E-02
   19.5000  3.4933656E-02  2.6282248E-02  3.6988408E-02
   19.7500  3.5152386E-02  2.6225874E-02  3.7514432E-02
   20.0000  3.5471820E-02  2.6219004E-02  3.8097424E-02
   21.0000  3.7720898E-02  2.6724797E-02  4.0761084E-02
   22.0000  4.0758030E-02  2.8125897E-02  4.2672838E-02
   23.0000  4.2588052E-02  3.0304314E-02  4.1997188E-02
   24.0000  4.2193826E-02  3.2851881E-02  3.9184116E-02
   25.0000  4.0609783E-02  3.5185947E-02  3.6405903E-02
   26.0000  3.8741300E-02  3.6690475E-02  3.4621980E-02
   27.0000  3.6915517E-02  3.6885611E-02  3.3576212E-02
   28.0000  3.5472057E-02  3.5768524E-02  3.2842222E-02
   29.0000  3.4455239E-02  3.3807006E-02  3.2036779E-02
   30.0000  3.4171942E-02  3.1827099E-02  3.1435647E-02
   31.0000  3.3971479E-02  3.0181298E-02  3.0836089E-02
   32.0000  3.3537707E-02  2.8990171E-02  3.0237015E-02
   33.0000  3.2742630E-02  2.8197649E-02  2.9655265E-02
   34.0000  3.1596455E-02  2.7708854E-02  2.9119874E-02
   35.0000  3.0178739E-02  2.7442280E-02  2.8655495E-02
   36.0000  2.8611813E-02  2.7319975E-02  2.8252736E-02
   37.0000  2.7025223E-02  2.7253113E-02  2.7867376E-02
   38.0000  2.5525324E-02  2.7126849E-02  2.7428187E-02
   39.0000  2.4176667E-02  2.6824385E-02  2.6862300E-02
   40.0000  2.3020285E-02  2.6261962E-02  2.6111843E-02
