  7709.000   27  1  1  1.9222038E-02 -4.8587406E+00 -3.5328835E-01  1  1  7.5660874E+03  8.0000000E+03  0.0000000E+00  1.1792254E+00  1.0000000E+00  0.0000000E+00  = E_edge, Z, n_edge, j_edge, Abs_before_edge, VO_interstitial, E_cut, ninit, ninit1, Epsii, UnitCell_Volume, Surface_ref, f0_forward, natomsym_f, abs_u_iso
    Energy   (100,001)      (010,001)      (001,110)   
  -25.0000  3.7163287E-09  1.4138094E-09  6.6711015E-10
  -24.0000  9.6742867E-09  3.6834822E-09  1.5039957E-09
  -23.0000  2.9898629E-08  1.1683733E-08  3.8111777E-09
  -22.0000  1.2794349E-07  5.4716396E-08  1.1714694E-08
  -21.0000  1.6367679E-06  9.8387121E-07  5.6958882E-08
  -20.0000  1.6681802E-03  1.4038573E-04  7.1813427E-05
  -19.0000  1.2109403E-05  1.0258405E-05  3.3342455E-05
  -18.0000  1.4115318E-06  3.7445489E-07  5.8949219E-07
  -17.0000  1.5617082E-06  4.0064132E-07  3.9960973E-07
  -16.0000  3.7157484E-06  8.3980213E-07  7.5669625E-07
  -15.0000  3.5164578E-05  9.0513109E-06  1.5632081E-05
  -14.0000  4.8735963E-06  6.3104924E-06  7.2206760E-06
  -13.0000  1.5669859E-06  1.6151859E-06  2.1951687E-06
  -12.0000  5.4771467E-06  7.5787889E-06  1.8380156E-05
  -11.0000  1.8017867E-05  9.1048086E-06  1.1462436E-05
  -10.0000  2.6504549E-04  6.6751426E-05  2.9544559E-05
  -9.00000  6.4281867E-04  1.6045987E-04  2.9763060E-05
  -8.00000  4.0688302E-05  2.0971820E-05  8.6123791E-06
  -7.00000  7.4462205E-04  1.6369936E-04  6.2997186E-05
  -6.00000  3.3242487E-04  1.3887217E-04  2.3107603E-04
  -5.00000  2.7146413E-03  2.9752788E-03  3.8925470E-03
  -4.00000  2.0474526E-02  3.6595609E-03  2.2561894E-02
  -3.00000  2.2203881E-02  1.0206081E-01  1.2418020E-02
  -2.00000  1.6198562E-03  1.3161208E-03  1.3970935E-03
  -1.00000  4.9700588E-04  6.6855199E-04  3.2427859E-04
   0.00000  1.7899796E-03  4.1975690E-03  3.1363985E-03
   1.00000  4.4240322E-04  5.4387983E-04  4.5057828E-04
   2.00000  4.6239145E-04  5.8132659E-04  4.0584178E-04
   3.00000  6.3771045E-04  8.0452337E-04  5.0257690E-04
   4.00000  9.9855464E-04  1.2338151E-03  7.3108022E-04
   5.00000  1.6500016E-03  2.0328450E-03  1.2358770E-03
   5.20000  1.8220627E-03  2.2730833E-03  1.3925086E-03
   5.40000  2.0071039E-03  2.5528219E-03  1.5745217E-03
   5.60000  2.2035686E-03  2.8804375E-03  1.7862635E-03
   5.80000  2.4090548E-03  3.2668686E-03  2.0336546E-03
   6.00000  2.6217579E-03  3.7252046E-03  2.3234226E-03
   6.20000  2.8420703E-03  4.2749751E-03  2.6656333E-03
   6.40000  3.0777066E-03  4.9435429E-03  3.0735312E-03
   6.60000  3.3538983E-03  5.7687564E-03  3.5651792E-03
   6.80000  3.7189989E-03  6.7933278E-03  4.1631729E-03
   7.00000  4.2232965E-03  8.0634661E-03  4.8938562E-03
   7.20000  4.8586437E-03  9.6041331E-03  5.7885213E-03
   7.40000  5.6048555E-03  1.1439748E-02  6.8608953E-03
   7.60000  6.4496808E-03  1.3654645E-02  8.1249802E-03
   7.80000  7.3854080E-03  1.6255367E-02  9.5196972E-03
   8.00000  8.3701644E-03  1.9167609E-02  1.1017016E-02
   8.20000  9.3950873E-03  2.2117442E-02  1.2688595E-02
   8.40000  1.0489466E-02  2.4575625E-02  1.4689864E-02
   8.60000  1.1683546E-02  2.5858446E-02  1.7180617E-02
   8.80000  1.3006239E-02  2.5541323E-02  2.0195952E-02
   9.00000  1.4481146E-02  2.5357105E-02  2.3421909E-02
   9.20000  1.6187477E-02  2.3892706E-02  2.6061371E-02
   9.40000  1.8161945E-02  2.2731071E-02  2.7255405E-02
   9.60000  2.0470033E-02  2.2364718E-02  2.6985780E-02
   9.80000  2.3199134E-02  2.3026451E-02  2.6303553E-02
   10.0000  2.6448647E-02  2.4761540E-02  2.6313814E-02
   10.2500  3.1385171E-02  2.8326388E-02  2.8083450E-02
   10.5000  3.7393913E-02  3.3195580E-02  3.1937072E-02
   10.7500  4.4323500E-02  3.9022791E-02  3.7635777E-02
   11.0000  5.1512209E-02  4.5420329E-02  4.4704175E-02
   11.2500  5.7646716E-02  5.2038606E-02  5.2316533E-02
   11.5000  6.1127712E-02  5.8615034E-02  5.9114129E-02
   11.7500  6.1081436E-02  6.4839121E-02  6.3486184E-02
   12.0000  5.8121426E-02  7.0337568E-02  6.3973088E-02
   12.2500  5.3941617E-02  7.3081051E-02  6.1947913E-02
   12.5000  4.9488927E-02  7.2393475E-02  5.8434795E-02
   12.7500  4.5559492E-02  6.8583603E-02  5.4225192E-02
   13.0000  4.2388620E-02  6.2832961E-02  5.0006700E-02
   13.2500  3.9955304E-02  5.6473971E-02  4.6095074E-02
   13.5000  3.8158115E-02  5.0420997E-02  4.2619411E-02
   13.7500  3.6910283E-02  4.5256988E-02  3.9703586E-02
   14.0000  3.6064453E-02  4.0962619E-02  3.6856204E-02
   14.2500  3.5557666E-02  3.7429201E-02  3.4781269E-02
   14.5000  3.5348429E-02  3.4553085E-02  3.3145378E-02
   14.7500  3.5371806E-02  3.2228431E-02  3.1894783E-02
   15.0000  3.5566107E-02  3.0360031E-02  3.0979435E-02
   15.2500  3.5876654E-02  2.8869406E-02  3.0358392E-02
   15.5000  3.6245011E-02  2.7689987E-02  2.9990061E-02
   15.7500  3.6625014E-02  2.6771909E-02  2.9844752E-02
   16.0000  3.6972223E-02  2.6074490E-02  2.9894931E-02
   16.2500  3.7246623E-02  2.5566089E-02  3.0116737E-02
   16.5000  3.7415151E-02  2.5219978E-02  3.0485826E-02
   16.7500  3.7458616E-02  2.5013624E-02  3.0976322E-02
   17.0000  3.7371672E-02  2.4926006E-02  3.1562179E-02
   17.2500  3.7166565E-02  2.4937230E-02  3.2214933E-02
   17.5000  3.6869142E-02  2.5028058E-02  3.2908004E-02
   17.7500  3.6515305E-02  2.5179543E-02  3.3617318E-02
   18.0000  3.6143035E-02  2.5374631E-02  3.4324034E-02
   18.2500  3.5784206E-02  2.5598397E-02  3.5014189E-02
   18.5000  3.5464216E-02  2.5840641E-02  3.5678980E-02
   18.7500  3.5200139E-02  2.6094886E-02  3.6313938E-02
   19.0000  3.4998059E-02  2.6358713E-02  3.6908151E-02
   19.2500  3.4862027E-02  2.6635018E-02  3.7454599E-02
   19.5000  3.4791112E-02  2.6930330E-02  3.7941556E-02
   19.7500  3.4780971E-02  2.7253622E-02  3.8353376E-02
   20.0000  3.4823358E-02  2.7613777E-02  3.8670611E-02
   21.0000  3.5231653E-02  2.9561444E-02  3.8632594E-02
   22.0000  3.5259324E-02  3.2357473E-02  3.6650619E-02
   23.0000  3.4279339E-02  3.5146257E-02  3.4338935E-02
   24.0000  3.3512500E-02  3.7505219E-02  3.3487343E-02
   25.0000  3.2627978E-02  3.8253823E-02  3.3320568E-02
   26.0000  3.2037017E-02  3.7287833E-02  3.3173164E-02
   27.0000  3.1986322E-02  3.5221309E-02  3.2735035E-02
   28.0000  3.2326206E-02  3.2875491E-02  3.1969864E-02
   29.0000  3.2733138E-02  3.0844640E-02  3.0983341E-02
   30.0000  3.2840653E-02  2.9349995E-02  2.9891573E-02
   31.0000  3.2415563E-02  2.8322419E-02  2.8751819E-02
   32.0000  3.1448151E-02  2.7608202E-02  2.7604271E-02
   33.0000  3.0052166E-02  2.7089450E-02  2.6504394E-02
   34.0000  2.8363843E-02  2.6682203E-02  2.5495296E-02
   35.0000  2.6537340E-02  2.6311567E-02  2.4603159E-02
   36.0000  2.4717493E-02  2.5892934E-02  2.3809796E-02
   37.0000  2.3012640E-02  2.5333940E-02  2.3046975E-02
   38.0000  2.1498156E-02  2.4566400E-02  2.2233106E-02
   39.0000  2.0224285E-02  2.3588848E-02  2.1334192E-02
   40.0000  1.9217149E-02  2.2469374E-02  2.0391784E-02
