  7709.000   27  1  1  1.9222038E-02 -4.4074563E+00 -3.2280648E-01  1  1  7.5664183E+03  8.0000000E+03  0.0000000E+00  1.1792254E+00  1.0000000E+00  0.0000000E+00  = E_edge, Z, n_edge, j_edge, Abs_before_edge, VO_interstitial, E_cut, ninit, ninit1, Epsii, UnitCell_Volume, Surface_ref, f0_forward, natomsym_f, abs_u_iso
    Energy   (100,001)      (010,001)      (001,110)   
  -25.0000  3.8121817E-09  1.2271440E-09  7.6989847E-10
  -24.0000  9.7335640E-09  3.0148101E-09  1.7886014E-09
  -23.0000  2.8884854E-08  8.6266296E-09  4.7530744E-09
  -22.0000  1.1081134E-07  3.2261257E-08  1.5921610E-08
  -21.0000  7.6643136E-07  2.3302281E-07  9.2127375E-08
  -20.0000  1.8850904E-04  2.0867974E-05  2.0852454E-05
  -19.0000  1.4232317E-03  3.4994997E-03  1.0742028E-02
  -18.0000  1.8496427E-06  6.2159732E-07  7.0063322E-07
  -17.0000  2.0152736E-06  5.0604058E-07  4.9036348E-07
  -16.0000  3.9956753E-06  7.8969092E-07  9.5626281E-07
  -15.0000  1.9692695E-03  2.1111768E-02  5.6726525E-03
  -14.0000  6.4157322E-06  7.6304339E-06  5.6492433E-06
  -13.0000  1.1717330E-06  1.5131240E-06  2.7767237E-06
  -12.0000  4.7111255E-06  4.9970583E-06  1.7858593E-05
  -11.0000  1.6645582E-05  1.1537827E-05  2.5022978E-05
  -10.0000  2.3119666E-04  7.1733084E-05  1.6696835E-05
  -9.00000  6.8256020E-04  2.8270962E-04  4.2268842E-05
  -8.00000  8.1568063E-05  3.9010279E-05  8.9863822E-06
  -7.00000  5.6531573E-02  1.0363972E-03  4.3483622E-03
  -6.00000  5.0671785E-04  2.9591494E-04  4.6845834E-04
  -5.00000  3.1607103E-02  5.8553978E-04  1.7960907E-02
  -4.00000  2.4393262E-03  3.9883364E-03  3.0474457E-03
  -3.00000  2.5234696E-03  3.2416193E-02  1.6774752E-02
  -2.00000  5.6344333E-04  1.0004981E-03  5.2974290E-04
  -1.00000  3.7289995E-04  6.0751535E-04  2.4645942E-04
   0.00000  5.9207459E-03  1.4281010E-02  2.8245692E-02
   1.00000  6.9124022E-04  7.0453622E-04  8.0129477E-04
   2.00000  6.3360233E-04  7.1248530E-04  6.3376841E-04
   3.00000  8.3637930E-04  9.8820666E-04  7.5313584E-04
   4.00000  1.2791063E-03  1.5074832E-03  1.1247679E-03
   5.00000  2.1060093E-03  2.4520567E-03  2.1334734E-03
   5.20000  2.3400585E-03  2.7348579E-03  2.5009283E-03
   5.40000  2.6058746E-03  3.0639858E-03  2.9665415E-03
   5.60000  2.9109954E-03  3.4494937E-03  3.5658825E-03
   5.80000  3.2675144E-03  3.9053474E-03  4.3491700E-03
   6.00000  3.6952564E-03  4.4544635E-03  5.3819358E-03
   6.20000  4.2202181E-03  5.1405083E-03  6.7429428E-03
   6.40000  4.8503173E-03  6.0318098E-03  8.5107758E-03
   6.60000  5.5267328E-03  7.1654822E-03  1.0679977E-02
   6.80000  6.1634116E-03  8.4363911E-03  1.2759663E-02
   7.00000  6.7723994E-03  9.6319513E-03  1.3635296E-02
   7.20000  7.3864428E-03  1.0546518E-02  1.2808510E-02
   7.40000  8.0698604E-03  1.1172234E-02  1.1152398E-02
   7.60000  8.9045151E-03  1.1671781E-02  9.5962058E-03
   7.80000  9.9873391E-03  1.2262287E-02  8.4754641E-03
   8.00000  1.1454566E-02  1.3095201E-02  7.8049686E-03
   8.20000  1.3449679E-02  1.4259502E-02  7.5167395E-03
   8.40000  1.6198226E-02  1.5741037E-02  7.5482821E-03
   8.60000  1.9852264E-02  1.7519057E-02  7.8586902E-03
   8.80000  2.4085645E-02  1.9570284E-02  8.4335486E-03
   9.00000  2.7632358E-02  2.1847300E-02  9.2780612E-03
   9.20000  2.9108810E-02  2.4319205E-02  1.0408989E-02
   9.40000  2.8456613E-02  2.7012822E-02  1.1872010E-02
   9.60000  2.7448906E-02  3.0013121E-02  1.3692897E-02
   9.80000  2.6782763E-02  3.3276763E-02  1.5941903E-02
   10.0000  2.6765145E-02  3.6691113E-02  1.8673099E-02
   10.2500  2.7672477E-02  4.0924165E-02  2.2834464E-02
   10.5000  2.9479291E-02  4.4778268E-02  2.7876450E-02
   10.7500  3.2001150E-02  4.7939092E-02  3.3779033E-02
   11.0000  3.4977553E-02  5.0307754E-02  4.0371112E-02
   11.2500  3.7958340E-02  5.2112589E-02  4.7205687E-02
   11.5000  4.0272748E-02  5.3751849E-02  5.3421569E-02
   11.7500  4.1278483E-02  5.5238148E-02  5.7829726E-02
   12.0000  4.1218254E-02  5.6946265E-02  5.9611287E-02
   12.2500  4.0099612E-02  5.8171609E-02  5.9170753E-02
   12.5000  3.8718116E-02  5.8616159E-02  5.6921947E-02
   12.7500  3.7469149E-02  5.8040919E-02  5.3726349E-02
   13.0000  3.6477356E-02  5.6449694E-02  5.0243923E-02
   13.2500  3.5717833E-02  5.4039916E-02  4.6867688E-02
   13.5000  3.5129476E-02  5.1097383E-02  4.3796327E-02
   13.7500  3.4853702E-02  4.7818186E-02  4.0917631E-02
   14.0000  3.4418305E-02  4.4730469E-02  3.8517981E-02
   14.2500  3.4104445E-02  4.1809162E-02  3.6628714E-02
   14.5000  3.3904802E-02  3.9129810E-02  3.5113291E-02
   14.7500  3.3815776E-02  3.6749941E-02  3.3935786E-02
   15.0000  3.3826243E-02  3.4691349E-02  3.3058659E-02
   15.2500  3.3919984E-02  3.2949752E-02  3.2444025E-02
   15.5000  3.4077249E-02  3.1505716E-02  3.2057239E-02
   15.7500  3.4280008E-02  3.0332012E-02  3.1867869E-02
   16.0000  3.4493813E-02  2.9393123E-02  3.1840869E-02
   16.2500  3.4700194E-02  2.8655955E-02  3.1949565E-02
   16.5000  3.4879462E-02  2.8086811E-02  3.2166957E-02
   16.7500  3.5017948E-02  2.7655278E-02  3.2468425E-02
   17.0000  3.5110771E-02  2.7334588E-02  3.2831743E-02
   17.2500  3.5164542E-02  2.7101920E-02  3.3237647E-02
   17.5000  3.5195539E-02  2.6938557E-02  3.3671941E-02
   17.7500  3.5227276E-02  2.6830724E-02  3.4126578E-02
   18.0000  3.5284640E-02  2.6766727E-02  3.4598513E-02
   18.2500  3.5391561E-02  2.6739748E-02  3.5088336E-02
   18.5000  3.5567084E-02  2.6745868E-02  3.5598324E-02
   18.7500  3.5824115E-02  2.6783224E-02  3.6130348E-02
   19.0000  3.6169151E-02  2.6850717E-02  3.6683276E-02
   19.2500  3.6603725E-02  2.6949063E-02  3.7253653E-02
   19.5000  3.7123698E-02  2.7079207E-02  3.7828250E-02
   19.7500  3.7717258E-02  2.7242624E-02  3.8390515E-02
   20.0000  3.8364117E-02  2.7439436E-02  3.8915933E-02
   21.0000  4.0798481E-02  2.8587344E-02  4.0005554E-02
   22.0000  4.1133035E-02  3.0361408E-02  3.8406613E-02
   23.0000  3.9288179E-02  3.2633340E-02  3.5252705E-02
   24.0000  3.7210502E-02  3.4826875E-02  3.2639866E-02
   25.0000  3.5655433E-02  3.6151122E-02  3.1014619E-02
   26.0000  3.4526284E-02  3.6038413E-02  2.9993474E-02
   27.0000  3.3736559E-02  3.4543508E-02  2.9292717E-02
   28.0000  3.3112247E-02  3.2278555E-02  2.8746758E-02
   29.0000  3.2560644E-02  3.0097571E-02  2.8515384E-02
   30.0000  3.1613474E-02  2.8430425E-02  2.8381752E-02
   31.0000  3.0206323E-02  2.7403891E-02  2.8252184E-02
   32.0000  2.8484593E-02  2.6932152E-02  2.8105411E-02
   33.0000  2.6645199E-02  2.6873231E-02  2.7977068E-02
   34.0000  2.4858228E-02  2.7062999E-02  2.7910568E-02
   35.0000  2.3263822E-02  2.7327529E-02  2.7914388E-02
   36.0000  2.1982341E-02  2.7483560E-02  2.7934340E-02
   37.0000  2.1120775E-02  2.7401969E-02  2.7877657E-02
   38.0000  2.0748781E-02  2.7040570E-02  2.7662040E-02
   39.0000  2.0856165E-02  2.6425830E-02  2.7233726E-02
   40.0000  2.1313676E-02  2.5615759E-02  2.6561126E-02
