  7709.000   27  1  1  1.9222038E-02 -2.8711717E+00 -2.9464021E-01  1  1  7.5667065E+03  8.0000000E+03  0.0000000E+00  1.1792254E+00  1.0000000E+00  0.0000000E+00  = E_edge, Z, n_edge, j_edge, Abs_before_edge, VO_interstitial, E_cut, ninit, ninit1, Epsii, UnitCell_Volume, Surface_ref, f0_forward, natomsym_f, abs_u_iso
    Energy   (100,001)      (010,001)      (001,110)   
  -25.0000  4.8619345E-09  1.2843292E-09  5.3076394E-10
  -24.0000  1.3877860E-08  3.6062248E-09  1.3651978E-09
  -23.0000  4.9471021E-08  1.2803743E-08  4.2904434E-09
  -22.0000  2.7964209E-07  7.6128860E-08  2.0642586E-08
  -21.0000  2.2254914E-05  1.4060910E-05  1.2344748E-06
  -20.0000  4.1744846E-06  5.5763844E-07  1.0941953E-06
  -19.0000  1.2884650E-06  9.7653682E-07  1.1688858E-06
  -18.0000  1.2906086E-06  3.8483139E-07  2.3367310E-07
  -17.0000  2.3061429E-06  5.4998792E-07  2.3979023E-07
  -16.0000  1.8330570E-05  3.7913521E-06  1.2416285E-06
  -15.0000  7.6649437E-06  7.9292391E-07  1.0424703E-06
  -14.0000  1.7050493E-05  9.7024497E-06  2.4574817E-05
  -13.0000  8.3132398E-07  1.5772340E-06  3.6367823E-06
  -12.0000  1.4362042E-05  2.6756383E-04  2.9426870E-04
  -11.0000  2.1718289E-05  6.3041664E-06  4.2831089E-06
  -10.0000  4.7951385E-02  5.7077263E-03  8.2461928E-03
  -9.00000  8.7764077E-05  2.2366767E-05  4.5785063E-06
  -8.00000  5.3222986E-04  3.7116321E-04  1.7959851E-04
  -7.00000  2.5837843E-04  5.5511175E-04  4.7043705E-04
  -6.00000  1.1292616E-03  3.3573956E-03  5.7785040E-04
  -5.00000  9.3122854E-04  1.4955925E-04  4.6814091E-03
  -4.00000  2.5389034E-04  8.7791614E-05  1.4639264E-04
  -3.00000  2.3697286E-03  1.8463585E-03  2.4191232E-03
  -2.00000  8.1435893E-05  1.1118001E-04  4.5493946E-05
  -1.00000  7.0611696E-05  9.2235364E-05  3.5492553E-05
   0.00000  1.1702035E-04  1.5587685E-04  9.6905298E-05
   1.00000  8.4653368E-05  9.8641947E-05  7.9070138E-05
   2.00000  7.6557356E-05  1.0258436E-04  7.2707157E-05
   3.00000  9.3540507E-05  1.3579499E-04  1.0121781E-04
   4.00000  1.3411579E-04  2.2097480E-04  1.7306735E-04
   5.00000  2.4234229E-04  5.2316012E-04  4.3856525E-04
   5.20000  2.8470942E-04  6.9207548E-04  5.9083790E-04
   5.40000  3.4111730E-04  8.1855706E-04  8.6122458E-04
   5.60000  4.1955011E-04  1.0013789E-03  1.4252084E-03
   5.80000  5.7811059E-04  1.4882459E-03  2.7228285E-03
   6.00000  9.4465652E-04  2.3867988E-03  5.4352584E-03
   6.20000  1.4340263E-03  4.4627588E-03  1.2103081E-02
   6.40000  1.5424613E-03  8.2474380E-03  1.4545628E-02
   6.60000  1.5101386E-03  1.1034733E-02  1.1117973E-02
   6.80000  1.8137387E-03  1.2116762E-02  9.5699144E-03
   7.00000  2.5260361E-03  1.3888604E-02  1.0156531E-02
   7.20000  3.6548548E-03  1.5118162E-02  1.2689219E-02
   7.40000  5.1815097E-03  1.4637469E-02  1.7048199E-02
   7.60000  6.7129421E-03  1.5517097E-02  1.8666858E-02
   7.80000  8.7711837E-03  2.0497523E-02  1.4397294E-02
   8.00000  1.2284151E-02  2.6688996E-02  1.0409240E-02
   8.20000  1.4857387E-02  2.9431670E-02  8.1076180E-03
   8.40000  1.4217061E-02  3.3204945E-02  6.9192734E-03
   8.60000  1.4404013E-02  5.2296878E-02  6.8919828E-03
   8.80000  1.5702184E-02  7.8172495E-02  7.7467942E-03
   9.00000  1.3964267E-02  5.0610839E-02  8.7161944E-03
   9.20000  1.2454913E-02  2.2891809E-02  9.3712760E-03
   9.40000  1.2753648E-02  1.2912154E-02  1.0123724E-02
   9.60000  1.3880474E-02  1.1270797E-02  1.1152876E-02
   9.80000  1.5115673E-02  1.4294838E-02  1.3031949E-02
   10.0000  1.6426231E-02  2.0086609E-02  1.6896817E-02
   10.2500  1.8900340E-02  2.8929194E-02  2.6848793E-02
   10.5000  2.3568148E-02  3.5828137E-02  4.5730454E-02
   10.7500  3.1768264E-02  3.7365734E-02  7.3844208E-02
   11.0000  4.4431259E-02  3.6040950E-02  9.6616673E-02
   11.2500  6.1215386E-02  3.5428003E-02  9.5016089E-02
   11.5000  7.5247290E-02  3.5624547E-02  7.8440653E-02
   11.7500  7.3345242E-02  3.6435168E-02  6.2426950E-02
   12.0000  5.9541873E-02  3.8895868E-02  5.1679986E-02
   12.2500  4.8010109E-02  4.4975520E-02  4.6415928E-02
   12.5000  4.0683652E-02  5.8450799E-02  4.4478636E-02
   12.7500  3.6466429E-02  8.4357460E-02  4.4017859E-02
   13.0000  3.4263470E-02  1.0963058E-01  4.3493304E-02
   13.2500  3.3338249E-02  9.7316151E-02  4.2563834E-02
   13.5000  3.3539660E-02  6.9178272E-02  4.1106618E-02
   13.7500  3.3570406E-02  5.0526971E-02  3.9194633E-02
   14.0000  3.4183251E-02  3.9542015E-02  3.6970089E-02
   14.2500  3.4649788E-02  3.2720361E-02  3.4488238E-02
   14.5000  3.4770881E-02  2.8357809E-02  3.2006154E-02
   14.7500  3.4554761E-02  2.5521624E-02  2.9973980E-02
   15.0000  3.4171143E-02  2.3664319E-02  2.8603479E-02
   15.2500  3.3862654E-02  2.2462641E-02  2.7776410E-02
   15.5000  3.3856314E-02  2.1743844E-02  2.7241548E-02
   15.7500  3.4035010E-02  2.2177946E-02  2.6181667E-02
   16.0000  3.4941867E-02  2.2127783E-02  2.5511515E-02
   16.2500  3.6094968E-02  2.2159796E-02  2.4714117E-02
   16.5000  3.7268408E-02  2.2087879E-02  2.3970361E-02
   16.7500  3.8293377E-02  2.1858307E-02  2.3539175E-02
   17.0000  3.9126681E-02  2.1563834E-02  2.3592003E-02
   17.2500  3.9839199E-02  2.1349493E-02  2.4154458E-02
   17.5000  4.0543695E-02  2.1332901E-02  2.5159879E-02
   17.7500  4.1347081E-02  2.1582768E-02  2.6526004E-02
   18.0000  4.2310540E-02  2.2117539E-02  2.8177642E-02
   18.2500  4.3436738E-02  2.2917363E-02  3.0042765E-02
   18.5000  4.4661226E-02  2.3937145E-02  3.2037288E-02
   18.7500  4.5831176E-02  2.5121210E-02  3.4042131E-02
   19.0000  4.6709207E-02  2.6417308E-02  3.5908225E-02
   19.2500  4.7035828E-02  2.7783375E-02  3.7501818E-02
   19.5000  4.6663211E-02  2.9190340E-02  3.8763863E-02
   19.7500  4.5628094E-02  3.0617929E-02  3.9720983E-02
   20.0000  4.4102949E-02  3.2037548E-02  4.0437422E-02
   21.0000  3.7729655E-02  3.6046337E-02  4.1768598E-02
   22.0000  3.7244552E-02  3.6998291E-02  3.9757805E-02
   23.0000  3.8924889E-02  3.8455675E-02  3.5002299E-02
   24.0000  3.8417321E-02  3.8801121E-02  3.1800095E-02
   25.0000  3.6595625E-02  3.7084477E-02  3.1111413E-02
   26.0000  3.5388352E-02  3.4855774E-02  3.2029479E-02
   27.0000  3.4950337E-02  3.3083219E-02  3.2860221E-02
   28.0000  3.5106372E-02  3.1845085E-02  3.3015694E-02
   29.0000  3.4930810E-02  3.0845889E-02  3.2648393E-02
   30.0000  3.3831797E-02  3.0163350E-02  3.2092326E-02
   31.0000  3.1797906E-02  2.9752883E-02  3.1345421E-02
   32.0000  2.9224832E-02  2.9277734E-02  3.0376506E-02
   33.0000  2.6583702E-02  2.8517282E-02  2.9277336E-02
   34.0000  2.4218044E-02  2.7505298E-02  2.8159918E-02
   35.0000  2.2270926E-02  2.6371807E-02  2.7088078E-02
   36.0000  2.0785293E-02  2.5253165E-02  2.6093022E-02
   37.0000  1.9770153E-02  2.4221065E-02  2.5146257E-02
   38.0000  1.9194267E-02  2.3273192E-02  2.4165325E-02
   39.0000  1.8962143E-02  2.2363077E-02  2.3049565E-02
   40.0000  1.8860947E-02  2.1437824E-02  2.1744196E-02
