  7709.000   27  1  1  1.9222038E-02 -2.9242804E+00 -2.7742954E-01  1  1  7.5669502E+03  8.0000000E+03  0.0000000E+00  1.1792254E+00  1.0000000E+00  0.0000000E+00  = E_edge, Z, n_edge, j_edge, Abs_before_edge, VO_interstitial, E_cut, ninit, ninit1, Epsii, UnitCell_Volume, Surface_ref, f0_forward, natomsym_f, abs_u_iso
    Energy   (100,001)      (010,001)      (001,110)   
  -25.0000  4.8007287E-09  1.2216401E-09  5.9282560E-10
  -24.0000  1.3733586E-08  3.4051161E-09  1.5445058E-09
  -23.0000  4.9211345E-08  1.2010872E-08  4.9579978E-09
  -22.0000  2.8141434E-07  7.1706167E-08  2.4894428E-08
  -21.0000  1.2489013E-05  1.6897223E-05  1.1852896E-06
  -20.0000  3.2916102E-06  5.6236367E-07  1.3883528E-06
  -19.0000  1.1790174E-06  6.2651684E-07  6.4499533E-07
  -18.0000  1.1701200E-06  3.0372670E-07  2.1411366E-07
  -17.0000  2.0637036E-06  3.8398228E-07  2.5256246E-07
  -16.0000  1.2921243E-05  1.2653913E-06  1.2966309E-06
  -15.0000  4.4171485E-06  2.6816615E-06  1.7659982E-06
  -14.0000  3.3187764E-06  3.6668545E-06  4.6517531E-06
  -13.0000  8.6011673E-07  1.2967241E-06  2.8569633E-06
  -12.0000  5.5102068E-05  5.2066315E-04  2.7391312E-04
  -11.0000  2.2700001E-05  7.6578145E-06  3.7548502E-06
  -10.0000  1.1937781E-01  3.0266649E-02  7.3549222E-03
  -9.00000  8.6235756E-05  3.2183794E-05  4.9824426E-06
  -8.00000  2.9406118E-03  3.7252442E-04  2.2097819E-04
  -7.00000  9.6630047E-04  9.3857792E-04  2.1518603E-04
  -6.00000  1.0952316E-02  9.9128160E-03  1.7577627E-02
  -5.00000  7.1744247E-04  3.5476149E-05  8.5428767E-04
  -4.00000  1.6687086E-04  1.7505897E-04  1.9575011E-04
  -3.00000  1.9159993E-03  1.6644174E-02  5.9780770E-04
  -2.00000  5.4985036E-05  6.3029309E-05  2.0967708E-05
  -1.00000  5.6181584E-05  6.4312187E-05  1.8758974E-05
   0.00000  9.9535962E-05  9.8805733E-05  6.5543874E-05
   1.00000  9.6292591E-05  1.1699673E-04  1.2450994E-04
   2.00000  7.9859927E-05  9.8317818E-05  8.3474809E-05
   3.00000  9.8378229E-05  1.2424934E-04  1.0649522E-04
   4.00000  1.4790452E-04  2.1284924E-04  1.8232857E-04
   5.00000  2.9686416E-04  7.8560770E-04  5.4115454E-04
   5.20000  3.6821409E-04  1.2777685E-03  8.1518535E-04
   5.40000  4.5732011E-04  1.3708537E-03  1.2050951E-03
   5.60000  5.6753537E-04  1.3535348E-03  1.9030348E-03
   5.80000  7.8410578E-04  2.2500669E-03  3.6793800E-03
   6.00000  1.2521985E-03  2.9321785E-03  7.1569558E-03
   6.20000  1.8346433E-03  4.6174447E-03  1.3996114E-02
   6.40000  1.9183188E-03  7.9521041E-03  1.4045177E-02
   6.60000  1.9938297E-03  9.7230934E-03  1.0853322E-02
   6.80000  2.6972984E-03  1.0958386E-02  1.0745372E-02
   7.00000  4.0883410E-03  1.3349652E-02  1.4045759E-02
   7.20000  5.8934960E-03  1.5788671E-02  2.3582666E-02
   7.40000  7.9917254E-03  1.3396564E-02  2.2794790E-02
   7.60000  1.0230382E-02  1.2365031E-02  9.2253286E-03
   7.80000  1.1117786E-02  1.3381852E-02  6.6255257E-03
   8.00000  1.0984890E-02  1.2855452E-02  6.3067380E-03
   8.20000  1.1629932E-02  1.3003886E-02  5.9739194E-03
   8.40000  1.3347052E-02  1.5830014E-02  5.9003996E-03
   8.60000  1.4420279E-02  2.1941760E-02  6.3171764E-03
   8.80000  1.4496726E-02  3.2117144E-02  6.8424359E-03
   9.00000  1.5032615E-02  4.5606446E-02  7.0736887E-03
   9.20000  1.7428838E-02  4.7733355E-02  6.9905422E-03
   9.40000  1.8230355E-02  3.1256598E-02  6.8274180E-03
   9.60000  1.7888326E-02  2.8502718E-02  7.7271767E-03
   9.80000  1.8599571E-02  3.3700557E-02  9.9463958E-03
   10.0000  2.0362748E-02  4.2412232E-02  1.3940943E-02
   10.2500  2.3790430E-02  5.3131000E-02  2.3177175E-02
   10.5000  2.8992433E-02  5.4698038E-02  4.0803503E-02
   10.7500  3.6853511E-02  4.7903006E-02  6.7730753E-02
   11.0000  4.7308350E-02  4.1589704E-02  8.6943961E-02
   11.2500  5.9899615E-02  3.7371957E-02  8.2691197E-02
   11.5000  6.9195049E-02  3.5049426E-02  6.8056498E-02
   11.7500  6.7164073E-02  3.4830913E-02  5.5774104E-02
   12.0000  5.6367115E-02  3.7363175E-02  4.8076094E-02
   12.2500  4.7311647E-02  4.4252015E-02  4.4766619E-02
   12.5000  4.1452919E-02  5.8995403E-02  4.4002469E-02
   12.7500  3.7985973E-02  8.2143715E-02  4.4531013E-02
   13.0000  3.5796212E-02  9.6420603E-02  4.5779783E-02
   13.2500  3.4331150E-02  8.7013803E-02  4.7002556E-02
   13.5000  3.2910403E-02  6.8024286E-02  4.7162322E-02
   13.7500  3.2274484E-02  5.2768096E-02  4.6163499E-02
   14.0000  3.2112169E-02  4.1934184E-02  4.3949359E-02
   14.2500  3.2223907E-02  3.4680677E-02  4.0615705E-02
   14.5000  3.2351477E-02  2.9967309E-02  3.6785509E-02
   14.7500  3.2328451E-02  2.6982195E-02  3.3284390E-02
   15.0000  3.2131555E-02  2.5124030E-02  3.0662770E-02
   15.2500  3.1858465E-02  2.3958102E-02  2.9059598E-02
   15.5000  3.1339186E-02  2.3874228E-02  2.7809660E-02
   15.7500  3.1383469E-02  2.3414787E-02  2.7428733E-02
   16.0000  3.1775114E-02  2.3018382E-02  2.7133233E-02
   16.2500  3.2465247E-02  2.2575292E-02  2.6636108E-02
   16.5000  3.3319175E-02  2.2053141E-02  2.5910779E-02
   16.7500  3.4184818E-02  2.1538072E-02  2.5177330E-02
   17.0000  3.4962557E-02  2.1168250E-02  2.4718635E-02
   17.2500  3.5635755E-02  2.1053481E-02  2.4709335E-02
   17.5000  3.6228255E-02  2.1244058E-02  2.5164868E-02
   17.7500  3.6793119E-02  2.1735397E-02  2.6010879E-02
   18.0000  3.7368096E-02  2.2475632E-02  2.7159046E-02
   18.2500  3.7971831E-02  2.3382324E-02  2.8547424E-02
   18.5000  3.8610513E-02  2.4365904E-02  3.0143577E-02
   18.7500  3.9278661E-02  2.5355268E-02  3.1923005E-02
   19.0000  3.9952244E-02  2.6316637E-02  3.3845506E-02
   19.2500  4.0588408E-02  2.7251174E-02  3.5847894E-02
   19.5000  4.1136652E-02  2.8179425E-02  3.7851640E-02
   19.7500  4.1555911E-02  2.9120603E-02  3.9774423E-02
   20.0000  4.1814856E-02  3.0077147E-02  4.1528641E-02
   21.0000  4.1268802E-02  3.3365125E-02  4.5425274E-02
   22.0000  4.0589119E-02  3.4648564E-02  4.2836297E-02
   23.0000  4.0192680E-02  3.5992271E-02  3.6833561E-02
   24.0000  3.8892059E-02  3.7262151E-02  3.2895051E-02
   25.0000  3.7205760E-02  3.6715814E-02  3.1378263E-02
   26.0000  3.5879967E-02  3.5233943E-02  3.1519250E-02
   27.0000  3.4715483E-02  3.3760162E-02  3.1914299E-02
   28.0000  3.4349005E-02  3.2483394E-02  3.2042189E-02
   29.0000  3.4260340E-02  3.1130941E-02  3.1695060E-02
   30.0000  3.3632716E-02  2.9935457E-02  3.1103443E-02
   31.0000  3.2037737E-02  2.9164839E-02  3.0347225E-02
   32.0000  2.9723570E-02  2.8655671E-02  2.9433318E-02
   33.0000  2.7189620E-02  2.8119494E-02  2.8438386E-02
   34.0000  2.4850344E-02  2.7470071E-02  2.7462797E-02
   35.0000  2.2892363E-02  2.6766347E-02  2.6582681E-02
   36.0000  2.1360023E-02  2.6100361E-02  2.5870632E-02
   37.0000  2.0270389E-02  2.5504603E-02  2.5342149E-02
   38.0000  1.9637742E-02  2.4949728E-02  2.4896043E-02
   39.0000  1.9450711E-02  2.4382264E-02  2.4358225E-02
   40.0000  1.9592521E-02  2.3745255E-02  2.3585510E-02
