  7709.000   27  1  1  1.9222038E-02 -2.8902826E+00 -2.7649725E-01  1  1  7.5666059E+03  8.0000000E+03  0.0000000E+00  1.1792254E+00  1.0000000E+00  0.0000000E+00  = E_edge, Z, n_edge, j_edge, Abs_before_edge, VO_interstitial, E_cut, ninit, ninit1, Epsii, UnitCell_Volume, Surface_ref, f0_forward, natomsym_f, abs_u_iso
    Energy   (100,001)      (010,001)      (001,110)   
  -25.0000  4.6282227E-09  1.1414551E-09  5.2903154E-10
  -24.0000  1.3078074E-08  3.1656911E-09  1.3579129E-09
  -23.0000  4.5782310E-08  1.1017406E-08  4.2482799E-09
  -22.0000  2.4663147E-07  6.2386082E-08  2.0134354E-08
  -21.0000  6.9778454E-06  4.5582621E-06  6.1589132E-07
  -20.0000  4.2298768E-06  5.2895964E-07  9.1057641E-07
  -19.0000  1.3460129E-06  8.7466163E-07  1.1986655E-06
  -18.0000  1.2890250E-06  3.5250190E-07  2.4033693E-07
  -17.0000  2.2698446E-06  4.9229393E-07  2.4077205E-07
  -16.0000  1.7297226E-05  3.4291880E-06  1.3082962E-06
  -15.0000  4.9235685E-06  7.1895653E-07  8.1810254E-07
  -14.0000  3.0541824E-03  5.6213358E-04  4.7621870E-03
  -13.0000  8.9779897E-07  1.6390416E-06  3.7772555E-06
  -12.0000  1.8809362E-05  1.2489019E-03  1.8316789E-03
  -11.0000  1.9381225E-05  5.9318653E-06  4.1912029E-06
  -10.0000  1.2595818E-02  1.1895242E-03  1.2682150E-03
  -9.00000  1.0777852E-04  2.2432364E-05  3.9202608E-06
  -8.00000  1.6509473E-04  1.3069115E-04  1.5889038E-05
  -7.00000  3.1958436E-04  2.4298248E-03  2.1810033E-04
  -6.00000  7.9733828E-04  1.5825479E-03  9.5043357E-04
  -5.00000  4.6458086E-04  6.5910037E-05  1.6190180E-03
  -4.00000  2.8251212E-04  8.5842919E-05  1.7708955E-04
  -3.00000  1.8084755E-02  4.9641206E-03  1.9734772E-02
  -2.00000  1.0027658E-04  1.5330679E-04  6.7397466E-05
  -1.00000  7.9718049E-05  1.0157315E-04  4.8556207E-05
   0.00000  1.3874292E-04  1.7475619E-04  1.3475568E-04
   1.00000  8.6477344E-05  1.0076807E-04  6.8712460E-05
   2.00000  7.3038507E-05  1.0096252E-04  6.2320170E-05
   3.00000  8.7884175E-05  1.3418601E-04  8.9831581E-05
   4.00000  1.2614608E-04  2.1884205E-04  1.5438127E-04
   5.00000  2.5036182E-04  4.8220490E-04  3.8346688E-04
   5.20000  3.2307278E-04  6.1150059E-04  5.1687723E-04
   5.40000  3.7310163E-04  7.4560736E-04  7.0400246E-04
   5.60000  4.0484067E-04  9.5499452E-04  1.0560502E-03
   5.80000  5.8099032E-04  1.3831902E-03  1.9264177E-03
   6.00000  9.5582885E-04  2.0214372E-03  3.2261350E-03
   6.20000  1.4280985E-03  3.4434390E-03  6.7901496E-03
   6.40000  1.8885920E-03  6.4293833E-03  1.2736588E-02
   6.60000  1.7730739E-03  1.0013741E-02  1.1972244E-02
   6.80000  2.0016640E-03  1.2208035E-02  1.0230531E-02
   7.00000  2.8371772E-03  1.5233251E-02  1.0680950E-02
   7.20000  4.1933009E-03  1.8846672E-02  1.2400931E-02
   7.40000  5.6876691E-03  1.9523784E-02  1.5895263E-02
   7.60000  6.8764143E-03  1.8907191E-02  2.0614188E-02
   7.80000  8.2970505E-03  2.4261444E-02  2.2243435E-02
   8.00000  1.1089675E-02  3.2804527E-02  1.7026431E-02
   8.20000  1.4422123E-02  3.7904530E-02  1.1936614E-02
   8.40000  1.5420413E-02  4.2879959E-02  9.5481356E-03
   8.60000  1.7296639E-02  5.9826448E-02  8.4762059E-03
   8.80000  1.8941307E-02  8.2883531E-02  8.5621875E-03
   9.00000  1.3750768E-02  5.3885424E-02  8.7898942E-03
   9.20000  1.0547879E-02  2.7077316E-02  8.6801595E-03
   9.40000  9.8959951E-03  1.5355135E-02  8.5541482E-03
   9.60000  1.0494382E-02  1.0662039E-02  8.8408567E-03
   9.80000  1.1788845E-02  1.0026613E-02  9.9410276E-03
   10.0000  1.3467858E-02  1.2264344E-02  1.2391813E-02
   10.2500  1.6099005E-02  1.7522553E-02  1.8600292E-02
   10.5000  2.0031555E-02  2.2945030E-02  3.0696168E-02
   10.7500  2.6554301E-02  2.5582709E-02  5.1866362E-02
   11.0000  3.6787110E-02  2.6030206E-02  7.8245672E-02
   11.2500  5.1259747E-02  2.7367938E-02  9.1130616E-02
   11.5000  6.6872304E-02  2.9772878E-02  8.3822942E-02
   11.7500  7.2390579E-02  3.2243815E-02  6.8923970E-02
   12.0000  6.3193869E-02  3.5094428E-02  5.6246888E-02
   12.2500  4.9793354E-02  3.9830809E-02  4.8347951E-02
   12.5000  4.1007031E-02  4.9562322E-02  4.5156202E-02
   12.7500  3.5828361E-02  6.9251309E-02  4.4341878E-02
   13.0000  3.3190753E-02  9.8132753E-02  4.4106613E-02
   13.2500  3.2029039E-02  1.0514495E-01  4.3815683E-02
   13.5000  3.1583495E-02  8.2524376E-02  4.3402645E-02
   13.7500  3.2112931E-02  5.8247633E-02  4.2148122E-02
   14.0000  3.2938498E-02  4.4354035E-02  4.0364449E-02
   14.2500  3.3722987E-02  3.5746522E-02  3.8014291E-02
   14.5000  3.4207882E-02  3.0275508E-02  3.5371923E-02
   14.7500  3.4350075E-02  2.6740882E-02  3.3099706E-02
   15.0000  3.4246203E-02  2.4468108E-02  3.1645945E-02
   15.2500  3.4052691E-02  2.3048624E-02  3.0928480E-02
   15.5000  3.3949831E-02  2.2243262E-02  3.0574538E-02
   15.7500  3.3682307E-02  2.2782352E-02  2.9113922E-02
   16.0000  3.4238971E-02  2.2690108E-02  2.8320988E-02
   16.2500  3.5092712E-02  2.2651889E-02  2.7254591E-02
   16.5000  3.6094484E-02  2.2475082E-02  2.6132433E-02
   16.7500  3.7097015E-02  2.2116604E-02  2.5272257E-02
   17.0000  3.8029570E-02  2.1691216E-02  2.4907165E-02
   17.2500  3.8917109E-02  2.1366782E-02  2.5102223E-02
   17.5000  3.9834274E-02  2.1273290E-02  2.5799429E-02
   17.7500  4.0866481E-02  2.1481430E-02  2.6906979E-02
   18.0000  4.2060393E-02  2.2008691E-02  2.8338070E-02
   18.2500  4.3404829E-02  2.2831530E-02  3.0016112E-02
   18.5000  4.4818620E-02  2.3896090E-02  3.1855710E-02
   18.7500  4.6131710E-02  2.5134091E-02  3.3739334E-02
   19.0000  4.7093286E-02  2.6475395E-02  3.5515163E-02
   19.2500  4.7449340E-02  2.7859180E-02  3.7040226E-02
   19.5000  4.7075735E-02  2.9247565E-02  3.8253776E-02
   19.7500  4.6043250E-02  3.0629388E-02  3.9189323E-02
   20.0000  4.4540548E-02  3.2005820E-02  3.9915854E-02
   21.0000  3.7938491E-02  3.6279124E-02  4.1374253E-02
   22.0000  3.7063912E-02  3.7629067E-02  3.9728527E-02
   23.0000  3.8732032E-02  3.9311383E-02  3.5267653E-02
   24.0000  3.8298424E-02  3.9731183E-02  3.2148574E-02
   25.0000  3.6500182E-02  3.8240168E-02  3.1587182E-02
   26.0000  3.5334632E-02  3.6082087E-02  3.2728738E-02
   27.0000  3.5149962E-02  3.4092144E-02  3.3766826E-02
   28.0000  3.5755347E-02  3.2633590E-02  3.3931041E-02
   29.0000  3.5993242E-02  3.1594603E-02  3.3389350E-02
   30.0000  3.5232233E-02  3.0992386E-02  3.2630826E-02
   31.0000  3.3485723E-02  3.0627695E-02  3.1720417E-02
   32.0000  3.1116926E-02  3.0113450E-02  3.0636978E-02
   33.0000  2.8568409E-02  2.9287094E-02  2.9465118E-02
   34.0000  2.6217331E-02  2.8218053E-02  2.8307443E-02
   35.0000  2.4214796E-02  2.7034796E-02  2.7214366E-02
   36.0000  2.2567749E-02  2.5870666E-02  2.6217192E-02
   37.0000  2.1246035E-02  2.4813348E-02  2.5294794E-02
   38.0000  2.0213447E-02  2.3869784E-02  2.4377556E-02
   39.0000  1.9429099E-02  2.2985310E-02  2.3372185E-02
   40.0000  1.8826449E-02  2.2088941E-02  2.2194713E-02
