  7709.000   27  1  1  1.9222038E-02 -2.9927849E+00 -2.5893818E-01  1  1  7.5666461E+03  8.0000000E+03  0.0000000E+00  1.1792254E+00  1.0000000E+00  0.0000000E+00  = E_edge, Z, n_edge, j_edge, Abs_before_edge, VO_interstitial, E_cut, ninit, ninit1, Epsii, UnitCell_Volume, Surface_ref, f0_forward, natomsym_f, abs_u_iso
    Energy   (100,001)      (010,001)      (001,110)   
  -25.0000  4.1244291E-09  9.8434619E-10  4.6318142E-10
  -24.0000  1.1469437E-08  2.6575529E-09  1.1619976E-09
  -23.0000  3.9109039E-08  8.8526513E-09  3.5029003E-09
  -22.0000  1.9870274E-07  4.5469563E-08  1.5273829E-08
  -21.0000  3.8721621E-06  1.4428683E-06  2.5098566E-07
  -20.0000  5.3377133E-06  4.6501177E-07  8.5905751E-07
  -19.0000  1.3019068E-06  1.1203654E-06  1.7041388E-06
  -18.0000  1.2050947E-06  3.2523278E-07  2.4417650E-07
  -17.0000  2.0368164E-06  3.9549683E-07  2.2510162E-07
  -16.0000  1.2117730E-05  1.5809963E-06  7.9072681E-07
  -15.0000  5.5811148E-06  9.4713569E-07  8.8638317E-07
  -14.0000  9.2354997E-06  7.1629891E-06  1.3366014E-05
  -13.0000  7.6304641E-07  1.4047024E-06  3.2097922E-06
  -12.0000  8.0090232E-06  8.1919051E-05  1.0992462E-04
  -11.0000  1.3647340E-05  4.4687013E-06  3.2534881E-06
  -10.0000  5.8577155E-04  3.9377971E-04  5.1967623E-05
  -9.00000  1.4738256E-04  2.8582167E-05  4.0233365E-06
  -8.00000  7.7120749E-04  4.3666524E-04  4.5452639E-05
  -7.00000  3.7062450E-04  3.9963607E-03  1.7303360E-03
  -6.00000  3.4763201E-04  5.9740316E-04  1.0681815E-04
  -5.00000  4.4803758E-04  1.5865155E-03  2.1574243E-02
  -4.00000  4.2172913E-04  9.4308946E-05  1.9825904E-04
  -3.00000  3.3950611E-03  1.7949703E-03  3.1238560E-03
  -2.00000  7.4954405E-05  1.1181764E-04  4.3113231E-05
  -1.00000  6.7868600E-05  8.7811652E-05  3.4629040E-05
   0.00000  1.2536246E-04  1.4230244E-04  1.0927671E-04
   1.00000  7.5704144E-05  9.9239847E-05  8.3526082E-05
   2.00000  6.9709769E-05  9.5048855E-05  7.4279361E-05
   3.00000  8.4863624E-05  1.2675898E-04  9.7873446E-05
   4.00000  1.2340680E-04  2.0716947E-04  1.5975584E-04
   5.00000  2.3073063E-04  6.1592536E-04  4.0719786E-04
   5.20000  2.7416498E-04  9.1211699E-04  5.8036619E-04
   5.40000  3.3324728E-04  9.2590343E-04  8.2137324E-04
   5.60000  4.2167524E-04  1.0895303E-03  1.4012163E-03
   5.80000  6.3915877E-04  1.5562628E-03  2.4567053E-03
   6.00000  1.0304657E-03  1.9071173E-03  3.6169506E-03
   6.20000  1.6608072E-03  3.0639745E-03  7.3169790E-03
   6.40000  1.9296476E-03  5.5888930E-03  1.0853384E-02
   6.60000  1.6580065E-03  8.6781483E-03  9.4915430E-03
   6.80000  1.8476229E-03  9.9126434E-03  8.3387083E-03
   7.00000  2.4125784E-03  1.0441033E-02  7.7195843E-03
   7.20000  3.2035441E-03  1.1146620E-02  8.2442280E-03
   7.40000  4.1840672E-03  1.1305042E-02  1.0853095E-02
   7.60000  5.2001321E-03  1.1305970E-02  1.4783761E-02
   7.80000  6.1818028E-03  1.4140589E-02  1.7344026E-02
   8.00000  8.0007464E-03  2.3474079E-02  1.7448643E-02
   8.20000  1.1542842E-02  3.8618016E-02  1.6317042E-02
   8.40000  1.5499212E-02  5.0700618E-02  1.3983036E-02
   8.60000  1.8279404E-02  5.6047593E-02  1.2491704E-02
   8.80000  1.8123074E-02  3.5044812E-02  1.2991799E-02
   9.00000  1.4604927E-02  1.5855083E-02  1.2636302E-02
   9.20000  1.3837891E-02  1.2793266E-02  1.2295569E-02
   9.40000  1.4647787E-02  1.6064072E-02  1.2508030E-02
   9.60000  1.6029718E-02  2.3665591E-02  1.3687579E-02
   9.80000  1.7531213E-02  3.4723425E-02  1.6736500E-02
   10.0000  1.9233764E-02  4.7556455E-02  2.3507792E-02
   10.2500  2.2658753E-02  6.0694053E-02  4.1385758E-02
   10.5000  2.9472738E-02  6.4069769E-02  7.4353892E-02
   10.7500  4.1877710E-02  5.7706385E-02  1.0444563E-01
   11.0000  6.2031611E-02  5.1119879E-02  1.0399389E-01
   11.2500  8.8732190E-02  4.8406949E-02  8.7396028E-02
   11.5000  9.6153055E-02  4.8490713E-02  7.0723096E-02
   11.7500  7.8376918E-02  5.0772507E-02  5.7895035E-02
   12.0000  5.9750329E-02  5.6753621E-02  4.9945222E-02
   12.2500  4.8016335E-02  6.9390175E-02  4.5898534E-02
   12.5000  4.1161588E-02  8.8607256E-02  4.4408277E-02
   12.7500  3.7164095E-02  9.5616845E-02  4.4461446E-02
   13.0000  3.5023132E-02  7.6096907E-02  4.5057096E-02
   13.2500  3.4175416E-02  5.4781304E-02  4.4543523E-02
   13.5000  3.3923640E-02  4.1378485E-02  4.2475359E-02
   13.7500  3.3940616E-02  3.3448509E-02  3.9589861E-02
   14.0000  3.3842970E-02  2.8645024E-02  3.6149888E-02
   14.2500  3.3337723E-02  2.5309288E-02  3.2599779E-02
   14.5000  3.2553174E-02  2.2963372E-02  2.9471286E-02
   14.7500  3.1738406E-02  2.1360654E-02  2.7221341E-02
   15.0000  3.1119441E-02  2.0327110E-02  2.5878176E-02
   15.2500  3.0872955E-02  1.9718740E-02  2.5129896E-02
   15.5000  3.0740534E-02  2.0194313E-02  2.4151252E-02
   15.7500  3.1577675E-02  2.0134826E-02  2.3636002E-02
   16.0000  3.2862086E-02  2.0200830E-02  2.3024471E-02
   16.2500  3.4335776E-02  2.0272278E-02  2.2344566E-02
   16.5000  3.5705517E-02  2.0256022E-02  2.1775973E-02
   16.7500  3.6796739E-02  2.0148084E-02  2.1543758E-02
   17.0000  3.7629727E-02  2.0027448E-02  2.1785255E-02
   17.2500  3.8348316E-02  1.9996051E-02  2.2510822E-02
   17.5000  3.9116900E-02  2.0139792E-02  2.3663634E-02
   17.7500  4.0038338E-02  2.0510658E-02  2.5166965E-02
   18.0000  4.1126559E-02  2.1126427E-02  2.6943007E-02
   18.2500  4.2311324E-02  2.1976425E-02  2.8906483E-02
   18.5000  4.3447868E-02  2.3029004E-02  3.0949575E-02
   18.7500  4.4329084E-02  2.4243951E-02  3.2932890E-02
   19.0000  4.4722431E-02  2.5580657E-02  3.4702831E-02
   19.2500  4.4456858E-02  2.6998466E-02  3.6149061E-02
   19.5000  4.3520116E-02  2.8454628E-02  3.7260252E-02
   19.7500  4.2058218E-02  2.9901425E-02  3.8110470E-02
   20.0000  4.0288442E-02  3.1280464E-02  3.8787788E-02
   21.0000  3.4502444E-02  3.4844157E-02  4.0539970E-02
   22.0000  3.5451501E-02  3.6206843E-02  3.9443083E-02
   23.0000  3.7688850E-02  3.8045634E-02  3.4913012E-02
   24.0000  3.7280981E-02  3.8441439E-02  3.1345627E-02
   25.0000  3.4824127E-02  3.6482285E-02  3.0170582E-02
   26.0000  3.2959620E-02  3.4278820E-02  3.0961941E-02
   27.0000  3.2127189E-02  3.2607816E-02  3.1996035E-02
   28.0000  3.2147323E-02  3.1296397E-02  3.2290535E-02
   29.0000  3.2599422E-02  3.0213870E-02  3.1938625E-02
   30.0000  3.2464599E-02  2.9554630E-02  3.1214256E-02
   31.0000  3.1041325E-02  2.9269636E-02  3.0215150E-02
   32.0000  2.8604568E-02  2.8938536E-02  2.9032324E-02
   33.0000  2.5890597E-02  2.8273573E-02  2.7792059E-02
   34.0000  2.3487520E-02  2.7303800E-02  2.6605849E-02
   35.0000  2.1604985E-02  2.6199970E-02  2.5534832E-02
   36.0000  2.0258089E-02  2.5116461E-02  2.4615619E-02
   37.0000  1.9399065E-02  2.4121385E-02  2.3796454E-02
   38.0000  1.8940285E-02  2.3204652E-02  2.2945404E-02
   39.0000  1.8755261E-02  2.2324395E-02  2.1931845E-02
   40.0000  1.8643700E-02  2.1434773E-02  2.0724982E-02
