  7709.000   27  1  1  1.9222038E-02 -2.9558685E+00 -2.8630690E-01  1  1  7.5667054E+03  8.0000000E+03  0.0000000E+00  1.1792254E+00  1.0000000E+00  0.0000000E+00  = E_edge, Z, n_edge, j_edge, Abs_before_edge, VO_interstitial, E_cut, ninit, ninit1, Epsii, UnitCell_Volume, Surface_ref, f0_forward, natomsym_f, abs_u_iso
    Energy   (100,001)      (010,001)      (001,110)   
  -25.0000  4.3374035E-09  1.0959091E-09  5.7939975E-10
  -24.0000  1.2242445E-08  3.0016882E-09  1.5163479E-09
  -23.0000  4.2985337E-08  1.0281050E-08  4.9187829E-09
  -22.0000  2.3636421E-07  5.7446457E-08  2.5365798E-08
  -21.0000  1.1421599E-05  7.1203911E-06  1.7416196E-06
  -20.0000  3.3172116E-06  5.1800504E-07  1.3950278E-06
  -19.0000  1.0965537E-06  7.1068855E-07  7.2636251E-07
  -18.0000  1.0319666E-06  3.3064174E-07  1.9088962E-07
  -17.0000  1.7166065E-06  4.2909103E-07  1.9969369E-07
  -16.0000  9.8819074E-06  2.0356256E-06  7.4898341E-07
  -15.0000  2.6328856E-06  1.0660062E-06  1.1587742E-06
  -14.0000  1.4976898E-05  1.0594945E-05  2.0734991E-05
  -13.0000  9.4440008E-07  1.3943263E-06  2.7141020E-06
  -12.0000  3.2366232E-02  3.1712493E-01  1.3024934E-01
  -11.0000  2.2860762E-05  6.9877960E-06  3.4313029E-06
  -10.0000  7.3537701E-02  8.8435943E-02  2.4190767E-02
  -9.00000  9.2188201E-05  2.5696093E-05  1.3789058E-05
  -8.00000  1.5035619E-04  7.2492339E-05  5.9757018E-06
  -7.00000  8.4943739E-04  1.1585509E-03  1.7498829E-04
  -6.00000  6.9647926E-04  1.1699753E-03  7.3165527E-04
  -5.00000  2.1142721E-04  4.4585675E-05  5.0104582E-04
  -4.00000  2.2445004E-04  9.7712268E-05  2.0235730E-04
  -3.00000  2.3505249E-03  9.4430530E-04  1.5704692E-03
  -2.00000  7.3635092E-05  9.2969170E-05  3.1427228E-05
  -1.00000  6.9904385E-05  9.1400622E-05  2.8991984E-05
   0.00000  9.6070118E-05  1.2184451E-04  4.8309372E-05
   1.00000  9.1544327E-05  1.1137717E-04  1.0392058E-04
   2.00000  7.4992816E-05  9.4285067E-05  7.0921557E-05
   3.00000  9.1251522E-05  1.1949911E-04  9.3641616E-05
   4.00000  1.3622734E-04  1.9450234E-04  1.5983412E-04
   5.00000  2.6918425E-04  4.9087997E-04  4.3211232E-04
   5.20000  3.3071743E-04  7.0542639E-04  6.1394325E-04
   5.40000  4.2649253E-04  9.6743185E-04  9.3993965E-04
   5.60000  5.4504452E-04  1.0033513E-03  1.5057475E-03
   5.80000  7.6013065E-04  1.4019342E-03  3.0824110E-03
   6.00000  1.2154966E-03  2.1231709E-03  5.6212803E-03
   6.20000  1.7581199E-03  2.9494241E-03  9.1386931E-03
   6.40000  2.0839295E-03  5.1969190E-03  1.2768004E-02
   6.60000  2.0476555E-03  8.2335412E-03  1.0883938E-02
   6.80000  2.4021937E-03  1.0003894E-02  1.0156427E-02
   7.00000  3.5313136E-03  1.2384488E-02  1.2571771E-02
   7.20000  5.4685552E-03  1.6133433E-02  2.0011786E-02
   7.40000  7.8292643E-03  1.6983033E-02  2.5297389E-02
   7.60000  1.0426479E-02  1.4076259E-02  1.0231824E-02
   7.80000  1.1884700E-02  1.5559666E-02  6.9010855E-03
   8.00000  1.2071787E-02  1.5886331E-02  6.8428383E-03
   8.20000  1.2256736E-02  1.5259451E-02  7.1205919E-03
   8.40000  1.3649176E-02  1.7375360E-02  7.2331279E-03
   8.60000  1.5148784E-02  2.4410753E-02  7.5558669E-03
   8.80000  1.5262614E-02  3.7962071E-02  8.0360366E-03
   9.00000  1.4725643E-02  5.6953038E-02  8.1786715E-03
   9.20000  1.4869367E-02  6.3783305E-02  7.7201717E-03
   9.40000  1.6282797E-02  4.1202013E-02  7.0042790E-03
   9.60000  1.7206857E-02  2.3829750E-02  6.9646210E-03
   9.80000  1.7870020E-02  2.0340225E-02  8.0355988E-03
   10.0000  1.9106625E-02  2.2906889E-02  1.0381227E-02
   10.2500  2.1585600E-02  2.9793478E-02  1.5816607E-02
   10.5000  2.5414315E-02  3.6343122E-02  2.6093408E-02
   10.7500  3.1690363E-02  3.7400539E-02  4.4298115E-02
   11.0000  4.1210725E-02  3.4711441E-02  6.9249166E-02
   11.2500  5.3572599E-02  3.2237463E-02  8.4150234E-02
   11.5000  6.5581439E-02  3.0671990E-02  7.7813011E-02
   11.7500  6.8910250E-02  3.0007999E-02  6.4087433E-02
   12.0000  6.0960535E-02  3.0715865E-02  5.3548828E-02
   12.2500  4.9975064E-02  3.3882463E-02  4.7735202E-02
   12.5000  4.2788465E-02  4.1709001E-02  4.5762421E-02
   12.7500  3.8425724E-02  5.9177387E-02  4.5365396E-02
   13.0000  3.5841051E-02  8.6747444E-02  4.5522773E-02
   13.2500  3.4184357E-02  1.0268066E-01  4.6608396E-02
   13.5000  3.3081472E-02  8.8929524E-02  4.7473479E-02
   13.7500  3.2437839E-02  6.8627211E-02  4.7089540E-02
   14.0000  3.2307335E-02  5.2432087E-02  4.5498659E-02
   14.2500  3.2536643E-02  4.1528425E-02  4.2718722E-02
   14.5000  3.2866947E-02  3.4500703E-02  3.9132283E-02
   14.7500  3.3088520E-02  3.0033203E-02  3.5546528E-02
   15.0000  3.3111449E-02  2.7215184E-02  3.2659908E-02
   15.2500  3.2971760E-02  2.5436038E-02  3.0746033E-02
   15.5000  3.2431370E-02  2.5044116E-02  2.9194511E-02
   15.7500  3.2300515E-02  2.4454614E-02  2.8546554E-02
   16.0000  3.2510296E-02  2.3960786E-02  2.8067176E-02
   16.2500  3.3022235E-02  2.3487831E-02  2.7439124E-02
   16.5000  3.3741582E-02  2.2929150E-02  2.6586214E-02
   16.7500  3.4523170E-02  2.2310851E-02  2.5696870E-02
   17.0000  3.5240712E-02  2.1769948E-02  2.5067351E-02
   17.2500  3.5837808E-02  2.1449253E-02  2.4904835E-02
   17.5000  3.6310477E-02  2.1433518E-02  2.5247920E-02
   17.7500  3.6704909E-02  2.1745649E-02  2.6022545E-02
   18.0000  3.7072658E-02  2.2353711E-02  2.7126677E-02
   18.2500  3.7458343E-02  2.3187092E-02  2.8488204E-02
   18.5000  3.7891870E-02  2.4155561E-02  3.0075262E-02
   18.7500  3.8383405E-02  2.5177705E-02  3.1873020E-02
   19.0000  3.8913424E-02  2.6204771E-02  3.3850412E-02
   19.2500  3.9430464E-02  2.7228821E-02  3.5942435E-02
   19.5000  3.9871247E-02  2.8269880E-02  3.8058669E-02
   19.7500  4.0196553E-02  2.9350947E-02  4.0099226E-02
   20.0000  4.0400629E-02  3.0475044E-02  4.1966064E-02
   21.0000  4.0269925E-02  3.4521121E-02  4.6111928E-02
   22.0000  3.9875203E-02  3.6105144E-02  4.3609339E-02
   23.0000  3.9346048E-02  3.7559331E-02  3.7321683E-02
   24.0000  3.8136816E-02  3.9021045E-02  3.3137107E-02
   25.0000  3.6612770E-02  3.8572091E-02  3.1757121E-02
   26.0000  3.5758713E-02  3.6954276E-02  3.2184595E-02
   27.0000  3.5270508E-02  3.5179994E-02  3.2837492E-02
   28.0000  3.5498878E-02  3.3607383E-02  3.3074375E-02
   29.0000  3.5890345E-02  3.2128507E-02  3.2688633E-02
   30.0000  3.5650919E-02  3.0972344E-02  3.1976625E-02
   31.0000  3.4266159E-02  3.0229260E-02  3.1087878E-02
   32.0000  3.1977870E-02  2.9611798E-02  3.0049758E-02
   33.0000  2.9356743E-02  2.8862404E-02  2.8936382E-02
   34.0000  2.6897747E-02  2.7961827E-02  2.7850235E-02
   35.0000  2.4808596E-02  2.7003598E-02  2.6845624E-02
   36.0000  2.3086454E-02  2.6091864E-02  2.5972276E-02
   37.0000  2.1680299E-02  2.5271688E-02  2.5232306E-02
   38.0000  2.0566093E-02  2.4522853E-02  2.4542951E-02
   39.0000  1.9744803E-02  2.3785892E-02  2.3750299E-02
   40.0000  1.9199697E-02  2.2995863E-02  2.2725948E-02
