  7709.000   27  1  1  1.9222038E-02 -2.6342109E+00 -2.4599168E-01  1  1  7.5666012E+03  8.0000000E+03  0.0000000E+00  1.1792254E+00  1.0000000E+00  0.0000000E+00  = E_edge, Z, n_edge, j_edge, Abs_before_edge, VO_interstitial, E_cut, ninit, ninit1, Epsii, UnitCell_Volume, Surface_ref, f0_forward, natomsym_f, abs_u_iso
    Energy   (100,001)      (010,001)      (001,110)   
  -25.0000  4.4584009E-09  1.2365399E-09  6.0416734E-10
  -24.0000  1.2686165E-08  3.4606862E-09  1.5854660E-09
  -23.0000  4.5074924E-08  1.2261843E-08  5.1276564E-09
  -22.0000  2.5298740E-07  7.3256210E-08  2.5698755E-08
  -21.0000  9.5056630E-06  1.4067166E-05  8.5695337E-07
  -20.0000  3.6396788E-06  7.9487593E-07  3.2364993E-06
  -19.0000  1.0708752E-06  7.0037217E-07  7.0051665E-07
  -18.0000  1.0531478E-06  3.1224957E-07  2.2319608E-07
  -17.0000  1.8011360E-06  4.1803330E-07  2.9426483E-07
  -16.0000  1.1209298E-05  1.7920355E-06  2.5134414E-06
  -15.0000  4.3881186E-06  9.3666828E-07  1.6462565E-06
  -14.0000  3.5497218E-05  2.0142139E-05  4.5106307E-05
  -13.0000  1.0048142E-06  1.2674165E-06  2.8133190E-06
  -12.0000  3.5697473E-05  3.1472593E-04  2.8044762E-04
  -11.0000  2.6044488E-05  7.4339453E-06  3.9042673E-06
  -10.0000  1.3233714E-01  3.1504474E-03  1.0591363E-03
  -9.00000  8.2418545E-05  2.6942278E-05  6.4553166E-06
  -8.00000  2.1722796E-03  3.7906271E-04  1.0515673E-04
  -7.00000  1.4229787E-03  2.8650449E-03  5.9818692E-04
  -6.00000  4.0876331E-03  2.2949918E-02  5.7286673E-03
  -5.00000  7.0015027E-04  1.2414241E-04  1.1166967E-03
  -4.00000  1.9122925E-04  8.8661590E-05  1.4892187E-04
  -3.00000  3.2720860E-03  3.2656788E-03  2.7356712E-03
  -2.00000  7.2284621E-05  8.9109888E-05  3.0901304E-05
  -1.00000  5.6778392E-05  8.5763454E-05  2.2890681E-05
   0.00000  9.5220072E-05  2.1726033E-04  1.3134324E-04
   1.00000  9.5853885E-05  1.0939830E-04  9.8266912E-05
   2.00000  8.0160412E-05  9.8616255E-05  7.7865582E-05
   3.00000  1.0082378E-04  1.2700570E-04  1.0352780E-04
   4.00000  1.5731490E-04  2.1183057E-04  1.7793772E-04
   5.00000  3.9241693E-04  6.2829990E-04  4.7530434E-04
   5.20000  5.6972104E-04  9.5984499E-04  6.5531276E-04
   5.40000  7.5236176E-04  1.2196662E-03  9.8115704E-04
   5.60000  7.5656290E-04  1.1566634E-03  1.6755008E-03
   5.80000  8.6435921E-04  1.4884621E-03  3.3461400E-03
   6.00000  1.1896788E-03  2.3370626E-03  6.3588906E-03
   6.20000  1.5667620E-03  4.3371298E-03  1.2852686E-02
   6.40000  1.6638416E-03  7.9107921E-03  1.2922394E-02
   6.60000  2.0009286E-03  9.5581513E-03  9.7597814E-03
   6.80000  2.9485385E-03  1.0396958E-02  9.2574715E-03
   7.00000  4.7155568E-03  1.2356643E-02  1.0898837E-02
   7.20000  7.3090137E-03  1.3685945E-02  1.4756930E-02
   7.40000  1.0227715E-02  1.3204845E-02  1.9043951E-02
   7.60000  1.2515846E-02  1.3132073E-02  1.4157644E-02
   7.80000  1.2846336E-02  1.2375786E-02  8.6928562E-03
   8.00000  1.2068090E-02  1.1010662E-02  6.7815227E-03
   8.20000  1.2046950E-02  1.1395274E-02  6.4648768E-03
   8.40000  1.3738069E-02  1.5112580E-02  6.7803650E-03
   8.60000  1.5549564E-02  2.3007457E-02  7.6600486E-03
   8.80000  1.6438256E-02  3.7209208E-02  8.5993844E-03
   9.00000  1.7724907E-02  5.7306184E-02  8.9787844E-03
   9.20000  2.0852055E-02  5.6912113E-02  8.8534668E-03
   9.40000  2.3117919E-02  3.3326931E-02  8.4568898E-03
   9.60000  2.3115749E-02  2.7838139E-02  8.5425978E-03
   9.80000  2.2542376E-02  3.0897868E-02  9.6711957E-03
   10.0000  2.2402275E-02  3.5858479E-02  1.2242286E-02
   10.2500  2.3135699E-02  4.1786899E-02  1.8471083E-02
   10.5000  2.5471269E-02  4.4388172E-02  3.0363823E-02
   10.7500  3.0929759E-02  4.2796109E-02  5.1098388E-02
   11.0000  4.0873907E-02  3.9648797E-02  7.6761242E-02
   11.2500  5.4808132E-02  3.7357597E-02  8.5555626E-02
   11.5000  6.7260887E-02  3.5892054E-02  7.3262460E-02
   11.7500  6.6390545E-02  3.5209646E-02  5.8901201E-02
   12.0000  5.4930387E-02  3.6153250E-02  4.9915914E-02
   12.2500  4.4535134E-02  3.9996140E-02  4.5848739E-02
   12.5000  3.7912951E-02  4.9672310E-02  4.4890722E-02
   12.7500  3.3965065E-02  6.8123520E-02  4.5182257E-02
   13.0000  3.2312208E-02  9.0519061E-02  4.5390283E-02
   13.2500  3.1483841E-02  9.2094520E-02  4.4808216E-02
   13.5000  3.0833216E-02  7.4760183E-02  4.3843649E-02
   13.7500  3.0175874E-02  5.7436433E-02  4.2597104E-02
   14.0000  3.0457293E-02  4.4870375E-02  4.0570222E-02
   14.2500  3.0771015E-02  3.7124115E-02  3.7702219E-02
   14.5000  3.1153241E-02  3.2097651E-02  3.4552390E-02
   14.7500  3.1447033E-02  2.8750301E-02  3.1752900E-02
   15.0000  3.1596224E-02  2.6412479E-02  2.9668904E-02
   15.2500  3.1655519E-02  2.4700841E-02  2.8350528E-02
   15.5000  3.1760805E-02  2.3438222E-02  2.7654126E-02
   15.7500  3.1766965E-02  2.3260099E-02  2.6901576E-02
   16.0000  3.2271180E-02  2.2850694E-02  2.6617580E-02
   16.2500  3.2953312E-02  2.2563184E-02  2.6274635E-02
   16.5000  3.3710658E-02  2.2287497E-02  2.5820608E-02
   16.7500  3.4443122E-02  2.1988701E-02  2.5398238E-02
   17.0000  3.5099640E-02  2.1754551E-02  2.5222050E-02
   17.2500  3.5686006E-02  2.1707376E-02  2.5430359E-02
   17.5000  3.6248742E-02  2.1930527E-02  2.6038045E-02
   17.7500  3.6832434E-02  2.2443923E-02  2.6985633E-02
   18.0000  3.7486905E-02  2.3210260E-02  2.8211109E-02
   18.2500  3.8238625E-02  2.4149642E-02  2.9677423E-02
   18.5000  3.9088228E-02  2.5166581E-02  3.1371261E-02
   18.7500  3.9999232E-02  2.6182938E-02  3.3281527E-02
   19.0000  4.0888735E-02  2.7160890E-02  3.5373015E-02
   19.2500  4.1644752E-02  2.8103201E-02  3.7568635E-02
   19.5000  4.2173254E-02  2.9028935E-02  3.9743710E-02
   19.7500  4.2444072E-02  2.9949782E-02  4.1746239E-02
   20.0000  4.2487163E-02  3.0857343E-02  4.3435447E-02
   21.0000  4.1386468E-02  3.3673328E-02  4.6116934E-02
   22.0000  4.0288729E-02  3.4976511E-02  4.2629128E-02
   23.0000  3.9677869E-02  3.6838086E-02  3.6566942E-02
   24.0000  3.8339095E-02  3.7920084E-02  3.2845159E-02
   25.0000  3.6723181E-02  3.7067518E-02  3.1644030E-02
   26.0000  3.5875563E-02  3.5374095E-02  3.1907547E-02
   27.0000  3.5648636E-02  3.3732784E-02  3.2293921E-02
   28.0000  3.5655743E-02  3.2204558E-02  3.2017208E-02
   29.0000  3.5659241E-02  3.0857864E-02  3.1540472E-02
   30.0000  3.4750724E-02  2.9874519E-02  3.0992251E-02
   31.0000  3.2829495E-02  2.9303105E-02  3.0372923E-02
   32.0000  3.0298294E-02  2.8819056E-02  2.9633654E-02
   33.0000  2.7655790E-02  2.8182355E-02  2.8819355E-02
   34.0000  2.5291397E-02  2.7416600E-02  2.8004503E-02
   35.0000  2.3362090E-02  2.6626162E-02  2.7238758E-02
   36.0000  2.1872036E-02  2.5892839E-02  2.6558308E-02
   37.0000  2.0793178E-02  2.5224538E-02  2.5934435E-02
   38.0000  2.0107982E-02  2.4577195E-02  2.5251693E-02
   39.0000  1.9781776E-02  2.3893818E-02  2.4367469E-02
   40.0000  1.9709530E-02  2.3122483E-02  2.3210825E-02
