  7709.000   27  1  1  1.9222038E-02 -4.8278397E+00 -3.7427150E-01  1  1  7.5665020E+03  8.0000000E+03  0.0000000E+00  1.1792254E+00  1.0000000E+00  0.0000000E+00  = E_edge, Z, n_edge, j_edge, Abs_before_edge, VO_interstitial, E_cut, ninit, ninit1, Epsii, UnitCell_Volume, Surface_ref, f0_forward, natomsym_f, abs_u_iso
    Energy   (100,001)      (010,001)      (001,110)   
  -25.0000  6.8386861E-09  3.3635783E-10  8.0210933E-10
  -24.0000  1.8215449E-08  6.1688419E-10  1.8220994E-09
  -23.0000  5.7550028E-08  1.1790022E-09  4.6106824E-09
  -22.0000  2.4752670E-07  2.3828731E-09  1.3823594E-08
  -21.0000  2.3738551E-06  5.3557799E-09  5.9942455E-08
  -20.0000  5.3548463E-05  1.5196467E-08  5.4285234E-07
  -19.0000  4.3244149E-06  2.6596686E-07  2.9882101E-05
  -18.0000  2.5914936E-06  6.6456116E-08  8.2074691E-07
  -17.0000  3.3907655E-06  2.1074388E-07  4.6974601E-07
  -16.0000  9.4000220E-06  1.0718575E-06  4.9807596E-07
  -15.0000  2.3121570E-04  3.2936747E-05  1.1936935E-06
  -14.0000  6.1798254E-07  1.5517245E-05  1.3792810E-06
  -13.0000  6.4079531E-07  4.0497907E-06  5.8161181E-06
  -12.0000  1.8604044E-05  4.4192399E-06  1.0889058E-03
  -11.0000  2.2607078E-05  3.1246853E-06  7.6954511E-06
  -10.0000  3.3783906E-04  7.4544640E-06  1.6327419E-05
  -9.00000  1.0766512E-03  1.8272970E-05  4.4704141E-06
  -8.00000  7.3469101E-05  2.3408087E-04  7.6136624E-05
  -7.00000  2.0761270E-03  7.6680191E-05  5.6100402E-04
  -6.00000  7.5411929E-04  4.3461813E-05  9.8514739E-05
  -5.00000  6.1238487E-04  1.8992353E-04  2.6508805E-04
  -4.00000  1.4368317E-01  1.3291457E-03  3.9699330E-04
  -3.00000  1.3001515E-03  2.9460827E-02  1.9711279E-03
  -2.00000  3.8671009E-04  2.5299080E-03  3.1073571E-04
  -1.00000  2.6511557E-04  1.3088657E-03  1.6135859E-04
   0.00000  1.3051039E-03  1.7361456E-03  7.5596197E-04
   1.00000  2.8722454E-04  8.7307430E-04  1.8795037E-04
   2.00000  3.1157203E-04  9.6825472E-04  2.4407804E-04
   3.00000  4.4006733E-04  1.2715780E-03  4.0769762E-04
   4.00000  6.8341806E-04  1.9806927E-03  7.7731703E-04
   5.00000  1.0663985E-03  3.2377595E-03  1.7614116E-03
   5.20000  1.1541754E-03  3.5590319E-03  2.1514531E-03
   5.40000  1.2413767E-03  3.9097377E-03  2.6674632E-03
   5.60000  1.3251748E-03  4.2977283E-03  3.3540942E-03
   5.80000  1.4032951E-03  4.7354157E-03  4.2619253E-03
   6.00000  1.4786045E-03  5.2438910E-03  5.4320545E-03
   6.20000  1.5722498E-03  5.8551799E-03  6.8646483E-03
   6.40000  1.7539495E-03  6.6130845E-03  8.4804041E-03
   6.60000  2.1641228E-03  7.5738445E-03  1.0109530E-02
   6.80000  2.8825108E-03  8.7584350E-03  1.1559418E-02
   7.00000  3.7066282E-03  1.0191334E-02  1.2683786E-02
   7.20000  4.3995104E-03  1.1882525E-02  1.3426267E-02
   7.40000  4.9644734E-03  1.3832918E-02  1.3826255E-02
   7.60000  5.4970143E-03  1.6053849E-02  1.3934304E-02
   7.80000  6.0644180E-03  1.8437730E-02  1.3757460E-02
   8.00000  6.7128740E-03  2.0960723E-02  1.3359503E-02
   8.20000  7.4718067E-03  2.3606754E-02  1.2865374E-02
   8.40000  8.3660637E-03  2.6409310E-02  1.2474628E-02
   8.60000  9.4141115E-03  2.9381329E-02  1.2424606E-02
   8.80000  1.0630885E-02  3.2422630E-02  1.2942422E-02
   9.00000  1.2046723E-02  3.5940728E-02  1.4226764E-02
   9.20000  1.3687956E-02  4.0586842E-02  1.6428104E-02
   9.40000  1.5587908E-02  4.6888615E-02  1.9633937E-02
   9.60000  1.7786162E-02  5.5338396E-02  2.3817979E-02
   9.80000  2.0330911E-02  6.6470174E-02  2.8787354E-02
   10.0000  2.3275293E-02  8.0663702E-02  3.4202553E-02
   10.2500  2.7595886E-02  1.0195420E-01  4.1018346E-02
   10.5000  3.2677938E-02  1.2188436E-01  4.7351051E-02
   10.7500  3.8445819E-02  1.2913543E-01  5.2940539E-02
   11.0000  4.4573350E-02  1.1723424E-01  5.7830484E-02
   11.2500  5.0402402E-02  9.4393181E-02  6.2104399E-02
   11.5000  5.5038225E-02  7.2047094E-02  6.5526012E-02
   11.7500  5.7021929E-02  5.4661769E-02  6.8497330E-02
   12.0000  5.7352836E-02  4.2673471E-02  6.8893670E-02
   12.2500  5.5885718E-02  3.4393859E-02  6.7227958E-02
   12.5000  5.3343617E-02  2.8652690E-02  6.3807431E-02
   12.7500  5.0428286E-02  2.4606292E-02  5.9231363E-02
   13.0000  4.7626281E-02  2.1688868E-02  5.4170727E-02
   13.2500  4.5199821E-02  1.9533991E-02  4.9177020E-02
   13.5000  4.3409747E-02  1.7960630E-02  4.4210864E-02
   13.7500  4.1963478E-02  1.6664465E-02  3.9936167E-02
   14.0000  4.0941291E-02  1.5671902E-02  3.6761311E-02
   14.2500  4.0317857E-02  1.4886063E-02  3.4204896E-02
   14.5000  4.0051426E-02  1.4259175E-02  3.2225410E-02
   14.7500  4.0101508E-02  1.3758466E-02  3.0771531E-02
   15.0000  4.0428593E-02  1.3359894E-02  2.9794046E-02
   15.2500  4.1001500E-02  1.3046846E-02  2.9252161E-02
   15.5000  4.1769627E-02  1.2808607E-02  2.9108577E-02
   15.7500  4.2699296E-02  1.2638566E-02  2.9334755E-02
   16.0000  4.3740489E-02  1.2532532E-02  2.9900625E-02
   16.2500  4.4830838E-02  1.2488357E-02  3.0768986E-02
   16.5000  4.5893078E-02  1.2505661E-02  3.1885944E-02
   16.7500  4.6835566E-02  1.2584142E-02  3.3175819E-02
   17.0000  4.7556154E-02  1.2724239E-02  3.4538305E-02
   17.2500  4.7957100E-02  1.2925613E-02  3.5856331E-02
   17.5000  4.7962510E-02  1.3188655E-02  3.7012976E-02
   17.7500  4.7535484E-02  1.3512590E-02  3.7912348E-02
   18.0000  4.6692708E-02  1.3896789E-02  3.8499127E-02
   18.2500  4.5507339E-02  1.4340708E-02  3.8764853E-02
   18.5000  4.4092971E-02  1.4844857E-02  3.8743440E-02
   18.7500  4.2578896E-02  1.5408422E-02  3.8492133E-02
   19.0000  4.1086848E-02  1.6030271E-02  3.8079596E-02
   19.2500  3.9715531E-02  1.6710032E-02  3.7570043E-02
   19.5000  3.8532264E-02  1.7447539E-02  3.7018722E-02
   19.7500  3.7574546E-02  1.8241925E-02  3.6468607E-02
   20.0000  3.6856830E-02  1.9091449E-02  3.5948311E-02
   21.0000  3.6201935E-02  2.3010926E-02  3.4435626E-02
   22.0000  3.7967966E-02  2.8180957E-02  3.3832865E-02
   23.0000  3.9898119E-02  3.3287781E-02  3.3551658E-02
   24.0000  3.9869191E-02  3.8002324E-02  3.3097781E-02
   25.0000  3.7047631E-02  4.1403413E-02  3.2132387E-02
   26.0000  3.2546845E-02  4.2798946E-02  3.0650064E-02
   27.0000  2.8442535E-02  4.2218453E-02  2.8903980E-02
   28.0000  2.5885855E-02  4.0317435E-02  2.7307387E-02
   29.0000  2.4702243E-02  3.7860613E-02  2.6278651E-02
   30.0000  2.4278661E-02  3.5394762E-02  2.5942060E-02
   31.0000  2.4165075E-02  3.3218368E-02  2.6058256E-02
   32.0000  2.4144615E-02  3.1452660E-02  2.6278963E-02
   33.0000  2.4083633E-02  3.0053014E-02  2.6333576E-02
   34.0000  2.3891878E-02  2.8906436E-02  2.6098179E-02
   35.0000  2.3491739E-02  2.7873346E-02  2.5511177E-02
   36.0000  2.2839122E-02  2.6837750E-02  2.4520241E-02
   37.0000  2.1962175E-02  2.5725292E-02  2.3107259E-02
   38.0000  2.0967339E-02  2.4499344E-02  2.1334341E-02
   39.0000  1.9992654E-02  2.3162262E-02  1.9426526E-02
   40.0000  1.9143401E-02  2.1760895E-02  1.7789756E-02
