  7709.000   27  1  1  1.9222038E-02 -4.8507250E+00 -4.3044038E-01  1  1  7.5664785E+03  8.0000000E+03  0.0000000E+00  1.1792254E+00  1.0000000E+00  0.0000000E+00  = E_edge, Z, n_edge, j_edge, Abs_before_edge, VO_interstitial, E_cut, ninit, ninit1, Epsii, UnitCell_Volume, Surface_ref, f0_forward, natomsym_f, abs_u_iso
    Energy   (100,001)      (010,001)      (001,110)   
  -25.0000  6.2890231E-09  3.5694696E-10  9.1687621E-10
  -24.0000  1.6341977E-08  6.5476652E-10  2.0826103E-09
  -23.0000  4.9438343E-08  1.2524937E-09  5.2483294E-09
  -22.0000  1.9405537E-07  2.5343551E-09  1.5468157E-08
  -21.0000  1.3815033E-06  5.6264565E-09  6.0000258E-08
  -20.0000  5.2147157E-03  1.6746056E-08  4.5317273E-07
  -19.0000  6.7626132E-06  1.4842931E-06  1.4973672E-04
  -18.0000  3.0964078E-06  7.1176148E-08  1.1605037E-06
  -17.0000  3.4229308E-06  2.1691798E-07  6.3092679E-07
  -16.0000  6.4496726E-06  1.0800533E-06  6.5227747E-07
  -15.0000  4.6600848E-05  2.4285827E-05  1.3182592E-06
  -14.0000  9.2025273E-06  1.6805898E-05  1.6823196E-06
  -13.0000  2.7650084E-07  4.4689495E-06  5.7039318E-06
  -12.0000  3.7640834E-06  3.3476851E-06  1.7583258E-04
  -11.0000  2.2401136E-05  3.2001050E-06  2.6402239E-05
  -10.0000  2.5636949E-04  4.6244602E-06  1.1518920E-05
  -9.00000  3.3919254E-03  7.6142416E-05  7.1304660E-05
  -8.00000  3.1114039E-04  3.2989619E-05  2.0339311E-05
  -7.00000  1.3964759E-04  1.6119404E-04  2.1351812E-04
  -6.00000  1.1405928E-03  3.4221579E-05  1.7773829E-04
  -5.00000  1.6101840E-03  2.1941208E-04  1.1761172E-03
  -4.00000  4.9453982E-03  1.0949364E-03  1.8806891E-04
  -3.00000  6.5355721E-04  7.8657535E-02  1.2842371E-02
  -2.00000  4.5538402E-04  3.1714336E-03  5.2938732E-04
  -1.00000  2.8939061E-04  1.4019189E-03  1.7752674E-04
   0.00000  3.8833807E-04  1.1372477E-03  2.4633018E-04
   1.00000  5.3001045E-04  9.0259988E-04  3.2584107E-04
   2.00000  3.8080336E-04  1.0066959E-03  3.0318613E-04
   3.00000  5.3065710E-04  1.3443065E-03  4.8922418E-04
   4.00000  8.3199518E-04  2.1962982E-03  9.2171900E-04
   5.00000  1.2875885E-03  3.7561872E-03  2.3763016E-03
   5.20000  1.3831369E-03  4.1507665E-03  3.1009358E-03
   5.40000  1.4716124E-03  4.5840447E-03  4.1890509E-03
   5.60000  1.5463803E-03  5.0788552E-03  5.8420279E-03
   5.80000  1.5984403E-03  5.6821756E-03  8.2725712E-03
   6.00000  1.6208314E-03  6.4611723E-03  1.1393782E-02
   6.20000  1.6276078E-03  7.4367934E-03  1.4219891E-02
   6.40000  1.7008587E-03  8.4804775E-03  1.5199402E-02
   6.60000  1.9576554E-03  9.4235014E-03  1.4134866E-02
   6.80000  2.3369601E-03  1.0253369E-02  1.2223086E-02
   7.00000  2.6922662E-03  1.1062506E-02  1.0398785E-02
   7.20000  2.9974497E-03  1.1951792E-02  8.9468878E-03
   7.40000  3.2657912E-03  1.2885470E-02  7.8264480E-03
   7.60000  3.5189882E-03  1.3887640E-02  6.9502351E-03
   7.80000  3.7771827E-03  1.4967097E-02  6.2524201E-03
   8.00000  4.0582574E-03  1.6146729E-02  5.7038240E-03
   8.20000  4.3718016E-03  1.7470341E-02  5.3013738E-03
   8.40000  4.7223879E-03  1.9000939E-02  5.0562084E-03
   8.60000  5.1142302E-03  2.0816920E-02  4.9839747E-03
   8.80000  5.5534309E-03  2.3007857E-02  5.1012256E-03
   9.00000  6.0458246E-03  2.5682927E-02  5.4244379E-03
   9.20000  6.5951778E-03  2.8964853E-02  5.9704741E-03
   9.40000  7.2056563E-03  3.3020691E-02  6.7536014E-03
   9.60000  7.8810024E-03  3.8060550E-02  7.7832308E-03
   9.80000  8.6263450E-03  4.4349606E-02  9.0545965E-03
   10.0000  9.4489815E-03  5.2197393E-02  1.0544196E-02
   10.2500  1.0601979E-02  6.4629569E-02  1.2655369E-02
   10.5000  1.1919973E-02  7.9990152E-02  1.4976997E-02
   10.7500  1.3437354E-02  9.6643678E-02  1.7482548E-02
   11.0000  1.5197232E-02  1.0992412E-01  2.0198064E-02
   11.2500  1.7230156E-02  1.1347326E-01  2.3125338E-02
   11.5000  1.9549636E-02  1.0510564E-01  2.6205920E-02
   11.7500  2.2064848E-02  8.9542603E-02  2.8777085E-02
   12.0000  2.4824312E-02  7.3071468E-02  3.2158115E-02
   12.2500  2.7656282E-02  5.9021827E-02  3.5641204E-02
   12.5000  3.0413920E-02  4.8161449E-02  3.9153082E-02
   12.7500  3.2957993E-02  4.0079781E-02  4.2523496E-02
   13.0000  3.5186448E-02  3.4114894E-02  4.5497052E-02
   13.2500  3.7054209E-02  2.9682463E-02  4.7787615E-02
   13.5000  3.8574262E-02  2.6339152E-02  4.9163027E-02
   13.7500  3.8517373E-02  2.4086800E-02  4.9735444E-02
   14.0000  3.9527657E-02  2.2006362E-02  4.9054269E-02
   14.2500  4.0382145E-02  2.0335859E-02  4.7633770E-02
   14.5000  4.1130482E-02  1.8973892E-02  4.5800353E-02
   14.7500  4.1818853E-02  1.7853708E-02  4.3854806E-02
   15.0000  4.2488152E-02  1.6928369E-02  4.2029005E-02
   15.2500  4.3183981E-02  1.6165618E-02  4.0476827E-02
   15.5000  4.3918317E-02  1.5539771E-02  3.9286607E-02
   15.7500  4.4723364E-02  1.5035591E-02  3.8503207E-02
   16.0000  4.5613769E-02  1.4640195E-02  3.8144022E-02
   16.2500  4.6592605E-02  1.4345359E-02  3.8209223E-02
   16.5000  4.7649156E-02  1.4143476E-02  3.8687001E-02
   16.7500  4.8754448E-02  1.4028078E-02  3.9553900E-02
   17.0000  4.9865046E-02  1.3994683E-02  4.0772749E-02
   17.2500  5.0917508E-02  1.4037682E-02  4.2283340E-02
   17.5000  5.1830762E-02  1.4152218E-02  4.3994787E-02
   17.7500  5.2512675E-02  1.4334145E-02  4.5784364E-02
   18.0000  5.2874457E-02  1.4579825E-02  4.7501914E-02
   18.2500  5.2848103E-02  1.4885402E-02  4.8989657E-02
   18.5000  5.2401490E-02  1.5247453E-02  5.0108092E-02
   18.7500  5.1552021E-02  1.5663211E-02  5.0763022E-02
   19.0000  5.0363820E-02  1.6129559E-02  5.0925743E-02
   19.2500  4.8938460E-02  1.6644810E-02  5.0632462E-02
   19.5000  4.7395470E-02  1.7207389E-02  4.9965840E-02
   19.7500  4.5850894E-02  1.7816050E-02  4.9031181E-02
   20.0000  4.4402939E-02  1.8471100E-02  4.7937149E-02
   21.0000  4.0662546E-02  2.1537339E-02  4.3518683E-02
   22.0000  4.0663563E-02  2.5295653E-02  4.0483286E-02
   23.0000  4.3143337E-02  2.9646797E-02  3.8711985E-02
   24.0000  4.5776054E-02  3.4233672E-02  3.7432470E-02
   25.0000  4.6877053E-02  3.8383541E-02  3.6153920E-02
   26.0000  4.5083090E-02  4.1534200E-02  3.4512778E-02
   27.0000  4.0975361E-02  4.2318403E-02  3.2932502E-02
   28.0000  3.5801981E-02  4.1519823E-02  3.1242703E-02
   29.0000  3.1296882E-02  3.9728364E-02  2.9628169E-02
   30.0000  2.8202008E-02  3.7570618E-02  2.8377078E-02
   31.0000  2.6359299E-02  3.5482026E-02  2.7642404E-02
   32.0000  2.5379197E-02  3.3694430E-02  2.7342268E-02
   33.0000  2.4907711E-02  3.2255680E-02  2.7270876E-02
   34.0000  2.4711626E-02  3.1110989E-02  2.7270841E-02
   35.0000  2.4641199E-02  3.0155118E-02  2.7235957E-02
   36.0000  2.4580675E-02  2.9267022E-02  2.7095453E-02
   37.0000  2.4414019E-02  2.8339146E-02  2.6792529E-02
   38.0000  2.4014967E-02  2.7289034E-02  2.6269742E-02
   39.0000  2.3300951E-02  2.6071401E-02  2.5473308E-02
   40.0000  2.2263771E-02  2.4685643E-02  2.4366167E-02
