  7709.000   27  1  1  1.9222038E-02 -4.9651010E+00 -3.8545808E-01  1  1  7.5663172E+03  8.0000000E+03  0.0000000E+00  1.1792254E+00  1.0000000E+00  0.0000000E+00  = E_edge, Z, n_edge, j_edge, Abs_before_edge, VO_interstitial, E_cut, ninit, ninit1, Epsii, UnitCell_Volume, Surface_ref, f0_forward, natomsym_f, abs_u_iso
    Energy   (100,001)      (010,001)      (001,110)   
  -25.0000  5.4278129E-09  3.4349220E-10  8.8720734E-10
  -24.0000  1.3719963E-08  6.2995531E-10  1.9979267E-09
  -23.0000  3.9792626E-08  1.2057217E-09  4.9674057E-09
  -22.0000  1.4476622E-07  2.4453638E-09  1.4314612E-08
  -21.0000  8.4651083E-07  5.4631613E-09  5.3316994E-08
  -20.0000  4.1467210E-05  3.5553380E-08  2.4810286E-06
  -19.0000  8.4736499E-06  1.4841422E-06  1.0518112E-04
  -18.0000  3.3823794E-06  7.3327849E-08  1.6060461E-06
  -17.0000  3.2662600E-06  1.9454445E-07  7.4055430E-07
  -16.0000  5.3062708E-06  9.1684176E-07  7.1386950E-07
  -15.0000  2.2049146E-05  2.0791836E-05  1.2540217E-06
  -14.0000  2.3431873E-05  2.2993963E-05  1.7438105E-06
  -13.0000  2.7677387E-07  4.7494895E-06  5.1664178E-06
  -12.0000  3.3489079E-06  3.4363248E-06  7.7487037E-05
  -11.0000  1.8917482E-05  3.0337961E-06  3.9901894E-05
  -10.0000  1.5788800E-04  4.3459042E-06  1.0650382E-05
  -9.00000  3.0803389E-02  2.4436145E-03  2.7537897E-03
  -8.00000  5.1808625E-04  2.8553875E-05  1.4982739E-05
  -7.00000  2.8720619E-03  3.2467016E-02  4.5432709E-02
  -6.00000  1.0225723E-03  3.2015705E-05  2.0721393E-04
  -5.00000  3.5507952E-01  2.3533669E-04  2.2241233E-03
  -4.00000  7.3423216E-03  8.4202568E-04  2.0122293E-04
  -3.00000  1.5543583E-03  3.0134451E-01  7.4111923E-03
  -2.00000  6.0939576E-04  3.6185292E-03  5.7376060E-04
  -1.00000  2.9582079E-04  1.6167261E-03  2.0357555E-04
   0.00000  3.4248127E-04  1.3731881E-03  2.3555703E-04
   1.00000  7.6186478E-04  9.8119336E-04  4.4212797E-04
   2.00000  3.8311190E-04  1.0171410E-03  2.8804093E-04
   3.00000  5.3677590E-04  1.3352724E-03  4.3093413E-04
   4.00000  8.5182808E-04  2.1740578E-03  7.2874168E-04
   5.00000  1.2737656E-03  3.6892352E-03  1.5389337E-03
   5.20000  1.3494052E-03  4.0612565E-03  1.8890631E-03
   5.40000  1.4138143E-03  4.4595177E-03  2.3815715E-03
   5.60000  1.4630767E-03  4.8928903E-03  3.0926779E-03
   5.80000  1.4975708E-03  5.3789860E-03  4.1369197E-03
   6.00000  1.5351990E-03  5.9504736E-03  5.6626328E-03
   6.20000  1.6407244E-03  6.6565552E-03  7.7781156E-03
   6.40000  1.9267959E-03  7.5392705E-03  1.0299327E-02
   6.60000  2.3810719E-03  8.5703480E-03  1.2428091E-02
   6.80000  2.7998654E-03  9.5844728E-03  1.3175878E-02
   7.00000  3.1013465E-03  1.0495620E-02  1.2468011E-02
   7.20000  3.3203310E-03  1.1311423E-02  1.1073050E-02
   7.40000  3.5077900E-03  1.2112021E-02  9.6536741E-03
   7.60000  3.6952488E-03  1.2978659E-02  8.4673038E-03
   7.80000  3.8925056E-03  1.3906288E-02  7.5335081E-03
   8.00000  4.1040305E-03  1.4936268E-02  6.8144361E-03
   8.20000  4.3413475E-03  1.6097537E-02  6.2736588E-03
   8.40000  4.6144429E-03  1.7433268E-02  5.8914883E-03
   8.60000  4.9268729E-03  1.9002274E-02  5.6622880E-03
   8.80000  5.2799829E-03  2.0882539E-02  5.5899088E-03
   9.00000  5.6756728E-03  2.3158382E-02  5.6819034E-03
   9.20000  6.1180804E-03  2.5938724E-02  5.9456040E-03
   9.40000  6.6114773E-03  2.9350954E-02  6.3848527E-03
   9.60000  7.1594096E-03  3.3549236E-02  6.9978380E-03
   9.80000  7.7652706E-03  3.8715262E-02  7.7747357E-03
   10.0000  8.4350972E-03  4.5042803E-02  8.6974219E-03
   10.2500  9.3756300E-03  5.4819801E-02  1.0026589E-02
   10.5000  1.0452245E-02  6.6679040E-02  1.1532387E-02
   10.7500  1.1693819E-02  7.9770756E-02  1.3225845E-02
   11.0000  1.3135005E-02  9.2123294E-02  1.5149841E-02
   11.2500  1.4802097E-02  1.0005798E-01  1.7334061E-02
   11.5000  1.6707932E-02  1.0008618E-01  1.9754481E-02
   11.7500  1.8761928E-02  9.2191314E-02  2.1844796E-02
   12.0000  2.1044904E-02  8.0084505E-02  2.4655033E-02
   12.2500  2.3408323E-02  6.7331770E-02  2.7640251E-02
   12.5000  2.5741745E-02  5.6129073E-02  3.0805213E-02
   12.7500  2.7942426E-02  4.7102082E-02  3.4097579E-02
   13.0000  2.9941782E-02  4.0100899E-02  3.7375291E-02
   13.2500  3.1716840E-02  3.4739831E-02  4.0419253E-02
   13.5000  3.2445282E-02  3.0923588E-02  4.3093195E-02
   13.7500  3.3789265E-02  2.7716372E-02  4.5038191E-02
   14.0000  3.5038220E-02  2.5183812E-02  4.6079044E-02
   14.2500  3.6224380E-02  2.3148635E-02  4.6235357E-02
   14.5000  3.7376197E-02  2.1486062E-02  4.5674230E-02
   14.7500  3.8520175E-02  2.0108937E-02  4.4644940E-02
   15.0000  3.9681024E-02  1.8958019E-02  4.3405197E-02
   15.2500  4.0886829E-02  1.7996923E-02  4.2178982E-02
   15.5000  4.2142841E-02  1.7194409E-02  4.1130059E-02
   15.7500  4.3469550E-02  1.6534655E-02  4.0373022E-02
   16.0000  4.4871096E-02  1.6003869E-02  3.9978371E-02
   16.2500  4.6337736E-02  1.5591537E-02  3.9986435E-02
   16.5000  4.7844729E-02  1.5288701E-02  4.0413667E-02
   16.7500  4.9352211E-02  1.5087263E-02  4.1260277E-02
   17.0000  5.0802676E-02  1.4979734E-02  4.2508469E-02
   17.2500  5.2123443E-02  1.4959307E-02  4.4117574E-02
   17.5000  5.3230012E-02  1.5020302E-02  4.6014228E-02
   17.7500  5.4034480E-02  1.5157917E-02  4.8086709E-02
   18.0000  5.4460144E-02  1.5367205E-02  5.0183051E-02
   18.2500  5.4450903E-02  1.5644010E-02  5.2119886E-02
   18.5000  5.3988848E-02  1.5984473E-02  5.3708471E-02
   18.7500  5.3099916E-02  1.6385500E-02  5.4792081E-02
   19.0000  5.1858218E-02  1.6843069E-02  5.5282842E-02
   19.2500  5.0370324E-02  1.7353869E-02  5.5176642E-02
   19.5000  4.8757223E-02  1.7915275E-02  5.4545512E-02
   19.7500  4.7138228E-02  1.8525081E-02  5.3512102E-02
   20.0000  4.5612873E-02  1.9181165E-02  5.2217112E-02
   21.0000  4.1561180E-02  2.2241888E-02  4.6558282E-02
   22.0000  4.1214396E-02  2.5932305E-02  4.2356449E-02
   23.0000  4.3163508E-02  3.0057011E-02  3.9704130E-02
   24.0000  4.5248460E-02  3.4159565E-02  3.7814012E-02
   25.0000  4.6261205E-02  3.7597784E-02  3.6210635E-02
   26.0000  4.5678652E-02  3.9847452E-02  3.4749108E-02
   27.0000  4.2223801E-02  4.0668060E-02  3.3068226E-02
   28.0000  3.7693303E-02  4.0108353E-02  3.1505374E-02
   29.0000  3.3160511E-02  3.8745467E-02  2.9915054E-02
   30.0000  2.9683814E-02  3.6991595E-02  2.8568305E-02
   31.0000  2.7418410E-02  3.5207043E-02  2.7664943E-02
   32.0000  2.6086760E-02  3.3622306E-02  2.7183027E-02
   33.0000  2.5374981E-02  3.2339343E-02  2.6978297E-02
   34.0000  2.5038688E-02  3.1324048E-02  2.6903762E-02
   35.0000  2.4916784E-02  3.0488104E-02  2.6862720E-02
   36.0000  2.4890115E-02  2.9719086E-02  2.6784379E-02
   37.0000  2.4841232E-02  2.8912607E-02  2.6603938E-02
   38.0000  2.4629517E-02  2.7992238E-02  2.6256899E-02
   39.0000  2.4111254E-02  2.6918339E-02  2.5683460E-02
   40.0000  2.3195524E-02  2.5671917E-02  2.4830891E-02
