  7709.000   27  1  1  1.9222038E-02 -4.7681780E+00 -3.3481178E-01  1  1  7.5662818E+03  8.0000000E+03  0.0000000E+00  1.1792254E+00  1.0000000E+00  0.0000000E+00  = E_edge, Z, n_edge, j_edge, Abs_before_edge, VO_interstitial, E_cut, ninit, ninit1, Epsii, UnitCell_Volume, Surface_ref, f0_forward, natomsym_f, abs_u_iso
    Energy   (100,001)      (010,001)      (001,110)   
  -25.0000  5.0323535E-09  3.2461389E-10  6.8280236E-10
  -24.0000  1.2824075E-08  5.9055190E-10  1.5185979E-09
  -23.0000  3.7762077E-08  1.1190170E-09  3.7211639E-09
  -22.0000  1.4183780E-07  2.2366443E-09  1.0532255E-08
  -21.0000  9.0793789E-07  4.8623681E-09  3.8258021E-08
  -20.0000  1.3477877E-04  2.5063176E-07  1.3557395E-05
  -19.0000  6.2826407E-06  6.3837839E-07  4.6848709E-05
  -18.0000  2.6006233E-06  6.4526202E-08  1.1795598E-06
  -17.0000  2.7295035E-06  1.7923038E-07  5.1897416E-07
  -16.0000  5.1364337E-06  8.3446063E-07  4.9441811E-07
  -15.0000  6.9599115E-05  1.7032623E-05  1.0874372E-04
  -14.0000  1.6168316E-06  2.0639861E-05  1.2604940E-06
  -13.0000  5.8508802E-07  4.3259239E-06  3.2540478E-06
  -12.0000  4.0313025E-06  2.8365711E-06  5.8356137E-05
  -11.0000  1.9884894E-05  2.9828154E-06  1.7402135E-05
  -10.0000  1.8673876E-04  3.9600629E-06  7.7170224E-06
  -9.00000  2.7787376E-03  6.4768170E-05  3.3624212E-05
  -8.00000  1.7159162E-04  3.0606279E-05  7.3702810E-06
  -7.00000  4.2808367E-04  8.7436954E-05  1.5878323E-04
  -6.00000  6.4846420E-04  3.4932406E-05  1.5360136E-04
  -5.00000  4.8597190E-03  1.4510352E-04  3.8994966E-04
  -4.00000  2.1707106E-01  8.3295126E-04  3.7532179E-04
  -3.00000  1.0166039E-03  1.4712113E-01  3.0730742E-03
  -2.00000  4.9986666E-04  3.0721711E-03  3.9697405E-04
  -1.00000  2.7800195E-04  1.4403490E-03  1.7314684E-04
   0.00000  4.9477333E-04  1.1117566E-03  3.7141685E-04
   1.00000  3.5498162E-04  8.6424110E-04  2.2009439E-04
   2.00000  3.2338916E-04  9.4714370E-04  2.2294810E-04
   3.00000  4.4960130E-04  1.2166344E-03  3.3430238E-04
   4.00000  7.0285198E-04  1.8839297E-03  5.7492794E-04
   5.00000  1.1023747E-03  3.1410139E-03  1.1750375E-03
   5.20000  1.1922970E-03  3.4626818E-03  1.4036960E-03
   5.40000  1.2810837E-03  3.8098237E-03  1.7034011E-03
   5.60000  1.3656713E-03  4.1868537E-03  2.1028743E-03
   5.80000  1.4420879E-03  4.6012990E-03  2.6431416E-03
   6.00000  1.5067840E-03  5.0646676E-03  3.3786506E-03
   6.20000  1.5599161E-03  5.5954527E-03  4.3747567E-03
   6.40000  1.6166963E-03  6.2210966E-03  5.6917406E-03
   6.60000  1.7381994E-03  6.9758753E-03  7.3444061E-03
   6.80000  2.0611392E-03  7.8915930E-03  9.2373988E-03
   7.00000  2.6711983E-03  8.9829972E-03  1.1115902E-02
   7.20000  3.3791166E-03  1.0251769E-02  1.2623582E-02
   7.40000  3.9721573E-03  1.1654056E-02  1.3506374E-02
   7.60000  4.4504858E-03  1.3105974E-02  1.3721067E-02
   7.80000  4.8900776E-03  1.4597028E-02  1.3412054E-02
   8.00000  5.3454737E-03  1.6131597E-02  1.2805980E-02
   8.20000  5.8487820E-03  1.7743337E-02  1.2122392E-02
   8.40000  6.4273604E-03  1.9493973E-02  1.1549941E-02
   8.60000  7.1016663E-03  2.1470266E-02  1.1250053E-02
   8.80000  7.8839475E-03  2.3787254E-02  1.1361799E-02
   9.00000  8.7852181E-03  2.6590989E-02  1.1984747E-02
   9.20000  9.8189206E-03  3.0043757E-02  1.3118408E-02
   9.40000  1.1002358E-02  3.4347620E-02  1.4586063E-02
   9.60000  1.2354954E-02  3.9765891E-02  1.6171049E-02
   9.80000  1.3900100E-02  4.6643371E-02  1.7634904E-02
   10.0000  1.5670028E-02  5.5418699E-02  1.9576873E-02
   10.2500  1.8248831E-02  6.9628789E-02  2.2494755E-02
   10.5000  2.1304094E-02  8.7358870E-02  2.5695727E-02
   10.7500  2.4898029E-02  1.0597584E-01  2.8969514E-02
   11.0000  2.9037732E-02  1.1848690E-01  3.2328535E-02
   11.2500  3.3617585E-02  1.1721398E-01  3.5946834E-02
   11.5000  3.8354022E-02  1.0271653E-01  3.9956574E-02
   11.7500  4.2772605E-02  8.3231866E-02  4.4281940E-02
   12.0000  4.5891897E-02  6.5142240E-02  4.8832159E-02
   12.2500  4.8028341E-02  5.1623856E-02  5.3006298E-02
   12.5000  4.8815421E-02  4.1802170E-02  5.6195038E-02
   12.7500  4.8514122E-02  3.4782778E-02  5.7939293E-02
   13.0000  4.7545250E-02  2.9736940E-02  5.8020902E-02
   13.2500  4.6310856E-02  2.6045547E-02  5.6563110E-02
   13.5000  4.5103587E-02  2.3281785E-02  5.3971019E-02
   13.7500  4.3826250E-02  2.1195659E-02  5.0377259E-02
   14.0000  4.3051404E-02  1.9549214E-02  4.6725872E-02
   14.2500  4.2665334E-02  1.8219771E-02  4.3595491E-02
   14.5000  4.2558457E-02  1.7151381E-02  4.0861099E-02
   14.7500  4.2711553E-02  1.6285525E-02  3.8610347E-02
   15.0000  4.3100754E-02  1.5582038E-02  3.6869000E-02
   15.2500  4.3705269E-02  1.5013038E-02  3.5631199E-02
   15.5000  4.4478410E-02  1.4556876E-02  3.4872899E-02
   15.7500  4.5390565E-02  1.4200389E-02  3.4571164E-02
   16.0000  4.6398892E-02  1.3934359E-02  3.4701422E-02
   16.2500  4.7448385E-02  1.3752063E-02  3.5236931E-02
   16.5000  4.8471532E-02  1.3649076E-02  3.6143773E-02
   16.7500  4.9386726E-02  1.3622112E-02  3.7371924E-02
   17.0000  5.0102132E-02  1.3668244E-02  3.8846305E-02
   17.2500  5.0523408E-02  1.3785079E-02  4.0462091E-02
   17.5000  5.0569522E-02  1.3970710E-02  4.2086281E-02
   17.7500  5.0188825E-02  1.4223917E-02  4.3570355E-02
   18.0000  4.9372348E-02  1.4542233E-02  4.4774456E-02
   18.2500  4.8162326E-02  1.4924471E-02  4.5595833E-02
   18.5000  4.6647050E-02  1.5368460E-02  4.5989156E-02
   18.7500  4.4943168E-02  1.5871984E-02  4.5968794E-02
   19.0000  4.3177139E-02  1.6432569E-02  4.5596856E-02
   19.2500  4.1464055E-02  1.7048630E-02  4.4963396E-02
   19.5000  3.9894122E-02  1.7718545E-02  4.4161735E-02
   19.7500  3.8529397E-02  1.8440909E-02  4.3274179E-02
   20.0000  3.7406012E-02  1.9213577E-02  4.2365836E-02
   21.0000  3.5419154E-02  2.2766301E-02  3.9209441E-02
   22.0000  3.6684029E-02  2.6932809E-02  3.7211778E-02
   23.0000  3.9372655E-02  3.1446135E-02  3.5951124E-02
   24.0000  4.1313390E-02  3.6493127E-02  3.4674260E-02
   25.0000  4.1008970E-02  3.9895014E-02  3.3347930E-02
   26.0000  3.8262648E-02  4.1779444E-02  3.1802102E-02
   27.0000  3.4143730E-02  4.1986651E-02  3.0061617E-02
   28.0000  3.0302882E-02  4.0823215E-02  2.8279991E-02
   29.0000  2.7595640E-02  3.8860114E-02  2.6794102E-02
   30.0000  2.5959331E-02  3.6641054E-02  2.5879567E-02
   31.0000  2.5048624E-02  3.4536041E-02  2.5504552E-02
   32.0000  2.4576966E-02  3.2745023E-02  2.5431752E-02
   33.0000  2.4338479E-02  3.1302769E-02  2.5414705E-02
   34.0000  2.4183065E-02  3.0137557E-02  2.5305428E-02
   35.0000  2.3988878E-02  2.9130089E-02  2.5019554E-02
   36.0000  2.3645045E-02  2.8159054E-02  2.4496745E-02
   37.0000  2.3058132E-02  2.7120266E-02  2.3686825E-02
   38.0000  2.2200987E-02  2.5949940E-02  2.2562669E-02
   39.0000  2.1149509E-02  2.4628059E-02  2.1164529E-02
   40.0000  2.0064278E-02  2.3186455E-02  1.9638044E-02
