    Energy   (100,001)      (010,001)      (001,110)   
  -25.0000  1.7365323E-04  1.8283786E-04  1.7185361E-04
  -24.0000  1.8020045E-04  1.8971788E-04  1.7837508E-04
  -23.0000  1.8720993E-04  1.9709063E-04  1.8535757E-04
  -22.0000  1.9473069E-04  2.0500963E-04  1.9284986E-04
  -21.0000  2.0281885E-04  2.1353636E-04  2.0090774E-04
  -20.0000  2.1153887E-04  2.2274175E-04  2.0959526E-04
  -19.0000  2.2096520E-04  2.3270803E-04  2.1898634E-04
  -18.0000  2.3118427E-04  2.4353108E-04  2.2916668E-04
  -17.0000  2.4229695E-04  2.5532333E-04  2.4023624E-04
  -16.0000  2.5442171E-04  2.6821747E-04  2.5231224E-04
  -15.0000  2.6769855E-04  2.8237116E-04  2.6553307E-04
  -14.0000  2.8229417E-04  2.9797317E-04  2.8006319E-04
  -13.0000  2.9840854E-04  3.1525126E-04  2.9609962E-04
  -12.0000  3.1628364E-04  3.3448280E-04  3.1388025E-04
  -11.0000  3.3621504E-04  3.5600878E-04  3.3369504E-04
  -10.0000  3.5856754E-04  3.8025300E-04  3.5590099E-04
  -9.00000  3.8379669E-04  4.0774850E-04  3.8094263E-04
  -8.00000  4.1247889E-04  4.3917473E-04  4.0938064E-04
  -7.00000  4.4535438E-04  4.7541098E-04  4.4193250E-04
  -6.00000  4.8339017E-04  5.1761481E-04  4.7953169E-04
  -5.00000  5.2787476E-04  5.6734059E-04  5.2341646E-04
  -4.00000  5.8056549E-04  6.2672412E-04  5.7526719E-04
  -3.00000  6.4392675E-04  6.9878143E-04  6.3742770E-04
  -2.00000  7.2153399E-04  7.8791487E-04  7.1327955E-04
  -1.00000  8.1880104E-04  9.0082062E-04  8.0791555E-04
   0.00000  9.4439338E-04  1.0482413E-03  9.2945334E-04
   1.00000  1.1132733E-03  1.2487074E-03  1.0918952E-03
   2.00000  1.3542937E-03  1.5377618E-03  1.3224105E-03
   3.00000  1.7338480E-03  1.9963549E-03  1.6848450E-03
   4.00000  2.4611232E-03  2.8762465E-03  2.3898562E-03
   5.00000  4.4382959E-03  5.2473819E-03  4.3942035E-03
   5.20000  5.0650373E-03  5.9899463E-03  5.0248946E-03
   5.40000  5.7043026E-03  6.7436185E-03  5.6332146E-03
   5.60000  6.3395030E-03  7.4921672E-03  6.1731736E-03
   5.80000  6.9780019E-03  8.2472316E-03  6.6324037E-03
   6.00000  7.6363799E-03  9.0283822E-03  7.0275493E-03
   6.20000  8.3332756E-03  9.8544902E-03  7.3962199E-03
   6.40000  9.0878566E-03  1.0742755E-02  7.7853712E-03
   6.60000  9.9198957E-03  1.1709583E-02  8.2403570E-03
   6.80000  1.0849730E-02  1.2771342E-02  8.7990630E-03
   7.00000  1.1897323E-02  1.3944948E-02  9.4908850E-03
   7.20000  1.3079785E-02  1.5248462E-02  1.0337551E-02
   7.40000  1.4406713E-02  1.6701513E-02  1.1352922E-02
   7.60000  1.5872931E-02  1.8325528E-02  1.2540191E-02
   7.80000  1.7449838E-02  2.0143789E-02  1.3886554E-02
   8.00000  1.9080174E-02  2.2181334E-02  1.5358148E-02
   8.20000  2.0684400E-02  2.4464379E-02  1.6901136E-02
   8.40000  2.2184417E-02  2.7018666E-02  1.8454897E-02
   8.60000  2.3537225E-02  2.9866222E-02  1.9975288E-02
   8.80000  2.4755825E-02  3.3020050E-02  2.1453621E-02
   9.00000  2.5899350E-02  3.6476290E-02  2.2916314E-02
   9.20000  2.7040299E-02  4.0203945E-02  2.4406683E-02
   9.40000  2.8233515E-02  4.4133391E-02  2.5964051E-02
   9.60000  2.9502503E-02  4.8146315E-02  2.7611922E-02
   9.80000  3.0840798E-02  5.2071111E-02  2.9356002E-02
   10.0000  3.2219148E-02  5.5688100E-02  3.1186810E-02
   10.2500  3.3928888E-02  5.9396652E-02  3.3562491E-02
   10.5000  3.5523708E-02  6.1772292E-02  3.5970686E-02
   10.7500  3.6895462E-02  6.2504851E-02  3.8320485E-02
   11.0000  3.7952527E-02  6.1544441E-02  4.0504175E-02
   11.2500  3.8630930E-02  5.9117665E-02  4.2406791E-02
   11.5000  3.8905755E-02  5.5643140E-02  4.3921332E-02
   11.7500  3.8802540E-02  5.1595258E-02  4.4969863E-02
   12.0000  3.8394443E-02  4.7388858E-02  4.5520002E-02
   12.2500  3.7783836E-02  4.3322727E-02  4.5589360E-02
   12.5000  3.7079290E-02  3.9575455E-02  4.5239806E-02
   12.7500  3.6377179E-02  3.6229595E-02  4.4564591E-02
   13.0000  3.5751787E-02  3.3303511E-02  4.3669077E-02
   13.2500  3.5253201E-02  3.0779208E-02  4.2651288E-02
   13.5000  3.4909755E-02  2.8621516E-02  4.1591964E-02
   13.7500  3.4732076E-02  2.6789258E-02  4.0554155E-02
   14.0000  3.4717156E-02  2.5241225E-02  3.9585915E-02
   14.2500  3.4851735E-02  2.3939202E-02  3.8722494E-02
   14.5000  3.5114814E-02  2.2849289E-02  3.7987756E-02
   14.7500  3.5479400E-02  2.1942223E-02  3.7395199E-02
   15.0000  3.5913845E-02  2.1193185E-02  3.6948855E-02
   15.2500  3.6383120E-02  2.0581346E-02  3.6644190E-02
   15.5000  3.6850361E-02  2.0089351E-02  3.6469120E-02
   15.7500  3.7278880E-02  1.9702780E-02  3.6405221E-02
   16.0000  3.7634672E-02  1.9409661E-02  3.6429217E-02
   16.2500  3.7889244E-02  1.9200027E-02  3.6514772E-02
   16.5000  3.8022352E-02  1.9065540E-02  3.6634512E-02
   16.7500  3.8024101E-02  1.8999164E-02  3.6762137E-02
   17.0000  3.7895887E-02  1.8994900E-02  3.6874386E-02
   17.2500  3.7649874E-02  1.9047556E-02  3.6952591E-02
   17.5000  3.7307043E-02  1.9152572E-02  3.6983631E-02
   17.7500  3.6894201E-02  1.9305876E-02  3.6960177E-02
   18.0000  3.6440582E-02  1.9503771E-02  3.6880273E-02
   18.2500  3.5974662E-02  1.9742849E-02  3.6746415E-02
   18.5000  3.5521681E-02  2.0019938E-02  3.6564344E-02
   18.7500  3.5102078E-02  2.0332071E-02  3.6341780E-02
   19.0000  3.4730822E-02  2.0676497E-02  3.6087259E-02
   19.2500  3.4417464E-02  2.1050725E-02  3.5809182E-02
   19.5000  3.4166648E-02  2.1452591E-02  3.5515096E-02
   19.7500  3.3978847E-02  2.1880272E-02  3.5211281E-02
   20.0000  3.3851122E-02  2.2332108E-02  3.4902666E-02
   21.0000  3.3804726E-02  2.4336997E-02  3.3687079E-02
   22.0000  3.4091569E-02  2.6552675E-02  3.2569680E-02
   23.0000  3.4193898E-02  2.8857568E-02  3.1525203E-02
   24.0000  3.3764955E-02  3.1093854E-02  3.0495380E-02
   25.0000  3.2717423E-02  3.3047148E-02  2.9450324E-02
   26.0000  3.1204115E-02  3.4490873E-02  2.8395906E-02
   27.0000  2.9492276E-02  3.5272258E-02  2.7376488E-02
   28.0000  2.7837838E-02  3.5385009E-02  2.6472874E-02
   29.0000  2.6411576E-02  3.4968657E-02  2.5757438E-02
   30.0000  2.5302212E-02  3.4218361E-02  2.5260293E-02
   31.0000  2.4517537E-02  3.3303046E-02  2.4954062E-02
   32.0000  2.4003373E-02  3.2333077E-02  2.4769006E-02
   33.0000  2.3681527E-02  3.1362741E-02  2.4624707E-02
   34.0000  2.3476864E-02  3.0407624E-02  2.4452235E-02
   35.0000  2.3326910E-02  2.9463974E-02  2.4201997E-02
   36.0000  2.3181890E-02  2.8524653E-02  2.3846932E-02
   37.0000  2.3004187E-02  2.7591122E-02  2.3388426E-02
   38.0000  2.2774425E-02  2.6683402E-02  2.2863079E-02
   39.0000  2.2505550E-02  2.5850522E-02  2.2341342E-02
   40.0000  2.2249865E-02  2.5171943E-02  2.1906870E-02
