    Energy   (100,001)      (010,001)      (001,110)   
  -25.0000  1.6874688E-04  1.8257007E-04  1.8298433E-04
  -24.0000  1.7461074E-04  1.8961183E-04  1.8926701E-04
  -23.0000  1.8085625E-04  1.9716772E-04  1.9596161E-04
  -22.0000  1.8752089E-04  2.0529448E-04  2.0310928E-04
  -21.0000  1.9464710E-04  2.1405739E-04  2.1075680E-04
  -20.0000  2.0228323E-04  2.2353190E-04  2.1895759E-04
  -19.0000  2.1048453E-04  2.3380564E-04  2.2777293E-04
  -18.0000  2.1931450E-04  2.4498103E-04  2.3727346E-04
  -17.0000  2.2884643E-04  2.5717841E-04  2.4754104E-04
  -16.0000  2.3916540E-04  2.7054016E-04  2.5867113E-04
  -15.0000  2.5037075E-04  2.8523585E-04  2.7077569E-04
  -14.0000  2.6257923E-04  3.0146909E-04  2.8398695E-04
  -13.0000  2.7592902E-04  3.1948626E-04  2.9846232E-04
  -12.0000  2.9058493E-04  3.3958835E-04  3.1439072E-04
  -11.0000  3.0674524E-04  3.6214672E-04  3.3200100E-04
  -10.0000  3.2465081E-04  3.8762468E-04  3.5157331E-04
  -9.00000  3.4459739E-04  4.1660748E-04  3.7345468E-04
  -8.00000  3.6695265E-04  4.4984478E-04  3.9808074E-04
  -7.00000  3.9218012E-04  4.8831204E-04  4.2600699E-04
  -6.00000  4.2087382E-04  5.3330168E-04  4.5795460E-04
  -5.00000  4.5380987E-04  5.8656203E-04  4.9488018E-04
  -4.00000  4.9202601E-04  6.5051669E-04  5.3808573E-04
  -3.00000  5.3694956E-04  7.2862475E-04  5.8940048E-04
  -2.00000  5.9061464E-04  8.2600215E-04  6.5149873E-04
  -1.00000  6.5605625E-04  9.5056140E-04  7.2849682E-04
   0.00000  7.3809015E-04  1.1152756E-03  8.2718088E-04
   1.00000  8.4504705E-04  1.3431886E-03  9.5985493E-04
   2.00000  9.9331095E-04  1.6803450E-03  1.1521338E-03
   3.00000  1.2224186E-03  2.2379370E-03  1.4700029E-03
   4.00000  1.6676934E-03  3.3910789E-03  2.1543741E-03
   5.00000  2.9477429E-03  6.8285891E-03  4.3915720E-03
   5.20000  3.3435124E-03  7.8887118E-03  5.1373208E-03
   5.40000  3.7298314E-03  8.8986125E-03  5.8689020E-03
   5.60000  4.0953417E-03  9.8109592E-03  6.5163984E-03
   5.80000  4.4429263E-03  1.0636798E-02  7.0303545E-03
   6.00000  4.7741186E-03  1.1416153E-02  7.3848141E-03
   6.20000  5.0848586E-03  1.2200970E-02  7.5857836E-03
   6.40000  5.3695277E-03  1.3044225E-02  7.6695154E-03
   6.60000  5.6268553E-03  1.3992173E-02  7.6875321E-03
   6.80000  5.8631113E-03  1.5081034E-02  7.6898345E-03
   7.00000  6.0908907E-03  1.6336446E-02  7.7150338E-03
   7.20000  6.3251148E-03  1.7774105E-02  7.7877694E-03
   7.40000  6.5793188E-03  1.9402078E-02  7.9205084E-03
   7.60000  6.8639834E-03  2.1224963E-02  8.1172098E-03
   7.80000  7.1866786E-03  2.3248650E-02  8.3772658E-03
   8.00000  7.5529797E-03  2.5483790E-02  8.6988706E-03
   8.20000  7.9673393E-03  2.7946246E-02  9.0813858E-03
   8.40000  8.4335658E-03  3.0653541E-02  9.5264777E-03
   8.60000  8.9548650E-03  3.3617524E-02  1.0038029E-02
   8.80000  9.5335318E-03  3.6834692E-02  1.0621155E-02
   9.00000  1.0170424E-02  4.0276192E-02  1.1280885E-02
   9.20000  1.0864395E-02  4.3879534E-02  1.2020993E-02
   9.40000  1.1611925E-02  4.7543752E-02  1.2843289E-02
   9.60000  1.2407244E-02  5.1129648E-02  1.3747374E-02
   9.80000  1.3243205E-02  5.4466479E-02  1.4730776E-02
   10.0000  1.4112805E-02  5.7365552E-02  1.5789174E-02
   10.2500  1.5239287E-02  6.0091604E-02  1.7208098E-02
   10.5000  1.6405448E-02  6.1549222E-02  1.8718206E-02
   10.7500  1.7610925E-02  6.1596791E-02  2.0298422E-02
   11.0000  1.8854089E-02  6.0290285E-02  2.1923483E-02
   11.2500  2.0125285E-02  5.7861757E-02  2.3565476E-02
   11.5000  2.1404354E-02  5.4647765E-02  2.5193824E-02
   11.7500  2.2665281E-02  5.1002185E-02  2.6774790E-02
   12.0000  2.3883378E-02  4.7230180E-02  2.8274473E-02
   12.2500  2.5039670E-02  4.3557383E-02  2.9663420E-02
   12.5000  2.6123620E-02  4.0127677E-02  3.0920622E-02
   12.7500  2.7134558E-02  3.7017191E-02  3.2036091E-02
   13.0000  2.8079781E-02  3.4253401E-02  3.3010602E-02
   13.2500  2.8970772E-02  3.1832736E-02  3.3853220E-02
   13.5000  2.9820350E-02  2.9734203E-02  3.4578662E-02
   13.7500  3.0641042E-02  2.7928725E-02  3.5205077E-02
   14.0000  3.1443971E-02  2.6384932E-02  3.5752076E-02
   14.2500  3.2238014E-02  2.5072389E-02  3.6239195E-02
   14.5000  3.3029233E-02  2.3963166E-02  3.6684856E-02
   14.7500  3.3820517E-02  2.3032459E-02  3.7105733E-02
   15.0000  3.4611413E-02  2.2258656E-02  3.7516260E-02
   15.2500  3.5398115E-02  2.1623147E-02  3.7928108E-02
   15.5000  3.6173609E-02  2.1109997E-02  3.8349552E-02
   15.7500  3.6928000E-02  2.0705599E-02  3.8784763E-02
   16.0000  3.7649010E-02  2.0398324E-02  3.9233140E-02
   16.2500  3.8322650E-02  2.0178209E-02  3.9688872E-02
   16.5000  3.8934062E-02  2.0036674E-02  4.0140910E-02
   16.7500  3.9468510E-02  1.9966279E-02  4.0573540E-02
   17.0000  3.9912493E-02  1.9960517E-02  4.0967637E-02
   17.2500  4.0254919E-02  2.0013637E-02  4.1302549E-02
   17.5000  4.0488214E-02  2.0120507E-02  4.1558434E-02
   17.7500  4.0609259E-02  2.0276504E-02  4.1718681E-02
   18.0000  4.0619972E-02  2.0477429E-02  4.1772003E-02
   18.2500  4.0527434E-02  2.0719456E-02  4.1713817E-02
   18.5000  4.0343503E-02  2.0999095E-02  4.1546650E-02
   18.7500  4.0083917E-02  2.1313171E-02  4.1279545E-02
   19.0000  3.9767022E-02  2.1658828E-02  4.0926632E-02
   19.2500  3.9412252E-02  2.2033545E-02  4.0505177E-02
   19.5000  3.9038588E-02  2.2435154E-02  4.0033484E-02
   19.7500  3.8663242E-02  2.2861794E-02  3.9529086E-02
   20.0000  3.8300919E-02  2.3311652E-02  3.9007676E-02
   21.0000  3.7195991E-02  2.5288742E-02  3.7001242E-02
   22.0000  3.6875360E-02  2.7392946E-02  3.5448253E-02
   23.0000  3.7227669E-02  2.9409722E-02  3.4372730E-02
   24.0000  3.7884517E-02  3.1131368E-02  3.3596031E-02
   25.0000  3.8403040E-02  3.2408883E-02  3.2937430E-02
   26.0000  3.8385959E-02  3.3185263E-02  3.2277603E-02
   27.0000  3.7617516E-02  3.3484209E-02  3.1567397E-02
   28.0000  3.6161853E-02  3.3375217E-02  3.0822725E-02
   29.0000  3.4316516E-02  3.2945284E-02  3.0106823E-02
   30.0000  3.2434612E-02  3.2284504E-02  2.9494443E-02
   31.0000  3.0766481E-02  3.1483580E-02  2.9036948E-02
   32.0000  2.9410882E-02  3.0623820E-02  2.8744428E-02
   33.0000  2.8347819E-02  2.9747887E-02  2.8584908E-02
   34.0000  2.7508530E-02  2.8868018E-02  2.8506214E-02
   35.0000  2.6819983E-02  2.7984602E-02  2.8453708E-02
   36.0000  2.6220597E-02  2.7097963E-02  2.8378351E-02
   37.0000  2.5666855E-02  2.6217865E-02  2.8243456E-02
   38.0000  2.5139289E-02  2.5370759E-02  2.8034189E-02
   39.0000  2.4649674E-02  2.4605139E-02  2.7770588E-02
   40.0000  2.4241053E-02  2.3988996E-02  2.7514505E-02
