    Energy   (100,001)      (010,001)      (001,110)   
  -25.0000  1.6851300E-04  1.8893882E-04  1.8012556E-04
  -24.0000  1.7454544E-04  1.9589420E-04  1.8664158E-04
  -23.0000  1.8097968E-04  2.0334187E-04  1.9360452E-04
  -22.0000  1.8785582E-04  2.1133502E-04  2.0106080E-04
  -21.0000  1.9521942E-04  2.1993468E-04  2.0906344E-04
  -20.0000  2.0312240E-04  2.2921128E-04  2.1767327E-04
  -19.0000  2.1162422E-04  2.3924643E-04  2.2696037E-04
  -18.0000  2.2079328E-04  2.5013530E-04  2.3700593E-04
  -17.0000  2.3070864E-04  2.6198946E-04  2.4790457E-04
  -16.0000  2.4146223E-04  2.7494059E-04  2.5976715E-04
  -15.0000  2.5316150E-04  2.8914518E-04  2.7272448E-04
  -14.0000  2.6593292E-04  3.0479061E-04  2.8693199E-04
  -13.0000  2.7992628E-04  3.2210308E-04  3.0257585E-04
  -12.0000  2.9532045E-04  3.4135819E-04  3.1988095E-04
  -11.0000  3.1233076E-04  3.6289504E-04  3.3912163E-04
  -10.0000  3.3121884E-04  3.8713552E-04  3.6063614E-04
  -9.00000  3.5230599E-04  4.1461100E-04  3.8484658E-04
  -8.00000  3.7599132E-04  4.4600012E-04  4.1228701E-04
  -7.00000  4.0277737E-04  4.8218320E-04  4.4364371E-04
  -6.00000  4.3330662E-04  5.2432292E-04  4.7981483E-04
  -5.00000  4.6841537E-04  5.7398689E-04  5.2200094E-04
  -4.00000  5.0921554E-04  6.3334075E-04  5.7184799E-04
  -3.00000  5.5722398E-04  7.0546415E-04  6.3168264E-04
  -2.00000  6.1457694E-04  7.9489386E-04  7.0492073E-04
  -1.00000  6.8440809E-04  9.0861495E-04  7.9682402E-04
   0.00000  7.7157071E-04  1.0580160E-03  9.1602445E-04
   1.00000  8.8417616E-04  1.2631687E-03  1.0779526E-03
   2.00000  1.0374247E-03  1.5636770E-03  1.3138172E-03
   3.00000  1.2656816E-03  2.0530069E-03  1.6999830E-03
   4.00000  1.6776971E-03  3.0331476E-03  2.4935577E-03
   5.00000  2.7447352E-03  5.8339051E-03  4.8829429E-03
   5.20000  3.0702278E-03  6.7415456E-03  5.7007563E-03
   5.40000  3.3938934E-03  7.6766324E-03  6.5753652E-03
   5.60000  3.7083361E-03  8.6140916E-03  7.4828768E-03
   5.80000  4.0191719E-03  9.5578223E-03  8.4101709E-03
   6.00000  4.3347497E-03  1.0519973E-02  9.3316598E-03
   6.20000  4.6616858E-03  1.1512864E-02  1.0200393E-02
   6.40000  5.0043646E-03  1.2548672E-02  1.0958855E-02
   6.60000  5.3656606E-03  1.3640034E-02  1.1563375E-02
   6.80000  5.7478097E-03  1.4799454E-02  1.2005552E-02
   7.00000  6.1529808E-03  1.6037835E-02  1.2314661E-02
   7.20000  6.5833598E-03  1.7362954E-02  1.2541704E-02
   7.40000  7.0409820E-03  1.8778516E-02  1.2740008E-02
   7.60000  7.5277466E-03  2.0283952E-02  1.2954294E-02
   7.80000  8.0458013E-03  2.1874621E-02  1.3218871E-02
   8.00000  8.5981229E-03  2.3542195E-02  1.3559775E-02
   8.20000  9.1890284E-03  2.5275466E-02  1.3996883E-02
   8.40000  9.8244670E-03  2.7062006E-02  1.4545017E-02
   8.60000  1.0511986E-02  2.8890741E-02  1.5214418E-02
   8.80000  1.1260206E-02  3.0754525E-02  1.6010976E-02
   9.00000  1.2077761E-02  3.2651363E-02  1.6936260E-02
   9.20000  1.2971930E-02  3.4583217E-02  1.7987398E-02
   9.40000  1.3947446E-02  3.6552249E-02  1.9156970E-02
   9.60000  1.5005878E-02  3.8555482E-02  2.0432692E-02
   9.80000  1.6145593E-02  4.0579400E-02  2.1796263E-02
   10.0000  1.7361961E-02  4.2595358E-02  2.3222096E-02
   10.2500  1.8978395E-02  4.5030900E-02  2.5041949E-02
   10.5000  2.0680699E-02  4.7250146E-02  2.6835784E-02
   10.7500  2.2437481E-02  4.9099774E-02  2.8532011E-02
   11.0000  2.4205369E-02  5.0431477E-02  3.0069950E-02
   11.2500  2.5929447E-02  5.1131418E-02  3.1407397E-02
   11.5000  2.7550050E-02  5.1140754E-02  3.2524687E-02
   11.7500  2.9014698E-02  5.0460351E-02  3.3425574E-02
   12.0000  3.0289061E-02  4.9143325E-02  3.4135012E-02
   12.2500  3.1361880E-02  4.7287830E-02  3.4690767E-02
   12.5000  3.2244047E-02  4.5029564E-02  3.5131329E-02
   12.7500  3.2963592E-02  4.2525382E-02  3.5488872E-02
   13.0000  3.3557141E-02  3.9930569E-02  3.5789338E-02
   13.2500  3.4061509E-02  3.7378728E-02  3.6054929E-02
   13.5000  3.4509517E-02  3.4969607E-02  3.6305192E-02
   13.7500  3.4928722E-02  3.2766190E-02  3.6556910E-02
   14.0000  3.5340415E-02  3.0799117E-02  3.6823992E-02
   14.2500  3.5758963E-02  2.9074715E-02  3.7117383E-02
   14.5000  3.6192357E-02  2.7583478E-02  3.7444599E-02
   14.7500  3.6643590E-02  2.6307110E-02  3.7809091E-02
   15.0000  3.7112015E-02  2.5223524E-02  3.8209754E-02
   15.2500  3.7594354E-02  2.4310000E-02  3.8640733E-02
   15.5000  3.8085326E-02  2.3544986E-02  3.9091560E-02
   15.7500  3.8577991E-02  2.2908984E-02  3.9547641E-02
   16.0000  3.9063924E-02  2.2384903E-02  3.9991152E-02
   16.2500  3.9533370E-02  2.1958095E-02  4.0402309E-02
   16.5000  3.9975489E-02  2.1616244E-02  4.0760976E-02
   16.7500  4.0378770E-02  2.1349170E-02  4.1048433E-02
   17.0000  4.0731640E-02  2.1148602E-02  4.1249105E-02
   17.2500  4.1023238E-02  2.1007925E-02  4.1351988E-02
   17.5000  4.1244293E-02  2.0921921E-02  4.1351558E-02
   17.7500  4.1387995E-02  2.0886501E-02  4.1248017E-02
   18.0000  4.1450736E-02  2.0898450E-02  4.1046886E-02
   18.2500  4.1432594E-02  2.0955184E-02  4.0758055E-02
   18.5000  4.1337491E-02  2.1054550E-02  4.0394506E-02
   18.7500  4.1172963E-02  2.1194669E-02  3.9970916E-02
   19.0000  4.0949559E-02  2.1373836E-02  3.9502345E-02
   19.2500  4.0679935E-02  2.1590481E-02  3.9003104E-02
   19.5000  4.0377761E-02  2.1843159E-02  3.8485883E-02
   19.7500  4.0056659E-02  2.2130534E-02  3.7961234E-02
   20.0000  3.9729504E-02  2.2451217E-02  3.7437550E-02
   21.0000  3.8585233E-02  2.4025873E-02  3.5473332E-02
   22.0000  3.8030941E-02  2.5956045E-02  3.3860295E-02
   23.0000  3.8064645E-02  2.8080614E-02  3.2575991E-02
   24.0000  3.8295969E-02  3.0186218E-02  3.1504662E-02
   25.0000  3.8145154E-02  3.2020726E-02  3.0541580E-02
   26.0000  3.7146307E-02  3.3368191E-02  2.9629858E-02
   27.0000  3.5268369E-02  3.4127355E-02  2.8767376E-02
   28.0000  3.2923098E-02  3.4329991E-02  2.7994438E-02
   29.0000  3.0637402E-02  3.4107827E-02  2.7367546E-02
   30.0000  2.8752628E-02  3.3630521E-02  2.6923047E-02
   31.0000  2.7346713E-02  3.3030036E-02  2.6645724E-02
   32.0000  2.6351646E-02  3.2384992E-02  2.6486379E-02
   33.0000  2.5657774E-02  3.1732796E-02  2.6389254E-02
   34.0000  2.5155831E-02  3.1081861E-02  2.6306163E-02
   35.0000  2.4752786E-02  3.0424028E-02  2.6200889E-02
   36.0000  2.4379333E-02  2.9746703E-02  2.6049253E-02
   37.0000  2.3995162E-02  2.9044169E-02  2.5839672E-02
   38.0000  2.3592245E-02  2.8329039E-02  2.5576648E-02
   39.0000  2.3195297E-02  2.7645613E-02  2.5287824E-02
   40.0000  2.2854720E-02  2.7074448E-02  2.5026874E-02
