    Energy   (100,001)      (010,001)      (001,110)   
  -25.0000  1.7609493E-04  1.8798946E-04  1.8135095E-04
  -24.0000  1.8257507E-04  1.9484633E-04  1.8810178E-04
  -23.0000  1.8950645E-04  2.0218369E-04  1.9533000E-04
  -22.0000  1.9693657E-04  2.1005291E-04  2.0308667E-04
  -21.0000  2.0491974E-04  2.1851289E-04  2.1143033E-04
  -20.0000  2.1351830E-04  2.2763143E-04  2.2042837E-04
  -19.0000  2.2280425E-04  2.3748703E-04  2.3015872E-04
  -18.0000  2.3286107E-04  2.4817101E-04  2.4071204E-04
  -17.0000  2.4378616E-04  2.5979029E-04  2.5219435E-04
  -16.0000  2.5569383E-04  2.7247074E-04  2.6473043E-04
  -15.0000  2.6871909E-04  2.8636164E-04  2.7846813E-04
  -14.0000  2.8302256E-04  3.0164126E-04  2.9358392E-04
  -13.0000  2.9879681E-04  3.1852426E-04  3.1029009E-04
  -12.0000  3.1627468E-04  3.3727134E-04  3.2884431E-04
  -11.0000  3.3574034E-04  3.5820219E-04  3.4956235E-04
  -10.0000  3.5754427E-04  3.8171306E-04  3.7283534E-04
  -9.00000  3.8212372E-04  4.0830094E-04  3.9915359E-04
  -8.00000  4.1003136E-04  4.3859746E-04  4.2914009E-04
  -7.00000  4.4197619E-04  4.7341760E-04  4.6359860E-04
  -6.00000  4.7888317E-04  5.1383101E-04  5.0358431E-04
  -5.00000  5.2198292E-04  5.6126971E-04  5.5051094E-04
  -4.00000  5.7295066E-04  6.1769588E-04  6.0631808E-04
  -3.00000  6.3413021E-04  6.8587362E-04  6.7374357E-04
  -2.00000  7.0891215E-04  7.6983073E-04  7.5678859E-04
  -1.00000  8.0241076E-04  8.7569183E-04  8.6156107E-04
   0.00000  9.2277042E-04  1.0133043E-03  9.9792950E-04
   1.00000  1.0839559E-03  1.1997693E-03  1.1831261E-03
   2.00000  1.3126343E-03  1.4683837E-03  1.4508693E-03
   3.00000  1.6693063E-03  1.8972662E-03  1.8804104E-03
   4.00000  2.3407142E-03  2.7423498E-03  2.7299874E-03
   5.00000  4.1232174E-03  5.1331217E-03  5.1329706E-03
   5.20000  4.6956872E-03  5.8654517E-03  5.8749830E-03
   5.40000  5.2939567E-03  6.5748532E-03  6.5997693E-03
   5.60000  5.9042717E-03  7.2378615E-03  7.2810043E-03
   5.80000  6.5272376E-03  7.8655308E-03  7.9257030E-03
   6.00000  7.1671133E-03  8.4787600E-03  8.5547482E-03
   6.20000  7.8296246E-03  9.0975160E-03  9.1967044E-03
   6.40000  8.5242422E-03  9.7395822E-03  9.8882568E-03
   6.60000  9.2658967E-03  1.0421763E-02  1.0673262E-02
   6.80000  1.0074364E-02  1.1160929E-02  1.1598925E-02
   7.00000  1.0971758E-02  1.1974558E-02  1.2711035E-02
   7.20000  1.1979250E-02  1.2881069E-02  1.4049514E-02
   7.40000  1.3113679E-02  1.3900144E-02  1.5643326E-02
   7.60000  1.4384189E-02  1.5053057E-02  1.7502966E-02
   7.80000  1.5789290E-02  1.6362937E-02  1.9610402E-02
   8.00000  1.7315779E-02  1.7854934E-02  2.1910184E-02
   8.20000  1.8941316E-02  1.9556062E-02  2.4309474E-02
   8.40000  2.0640871E-02  2.1494349E-02  2.6694127E-02
   8.60000  2.2394042E-02  2.3697140E-02  2.8958396E-02
   8.80000  2.4187536E-02  2.6188387E-02  3.1032092E-02
   9.00000  2.6009497E-02  2.8984546E-02  3.2887226E-02
   9.20000  2.7839351E-02  3.2088881E-02  3.4522447E-02
   9.40000  2.9640834E-02  3.5484297E-02  3.5940564E-02
   9.60000  3.1363103E-02  3.9125256E-02  3.7135388E-02
   9.80000  3.2949099E-02  4.2929923E-02  3.8092789E-02
   10.0000  3.4346438E-02  4.6774099E-02  3.8800555E-02
   10.2500  3.5769496E-02  5.1374783E-02  3.9335443E-02
   10.5000  3.6797500E-02  5.5369158E-02  3.9516297E-02
   10.7500  3.7428815E-02  5.8341056E-02  3.9408126E-02
   11.0000  3.7690871E-02  5.9964653E-02  3.9083974E-02
   11.2500  3.7629311E-02  6.0094016E-02  3.8608479E-02
   11.5000  3.7302565E-02  5.8798529E-02  3.8032991E-02
   11.7500  3.6781602E-02  5.6337852E-02  3.7396606E-02
   12.0000  3.6143959E-02  5.3083367E-02  3.6730821E-02
   12.2500  3.5462726E-02  4.9419041E-02  3.6064127E-02
   12.5000  3.4799453E-02  4.5666290E-02  3.5423483E-02
   12.7500  3.4200637E-02  4.2052752E-02  3.4832491E-02
   13.0000  3.3696000E-02  3.8715909E-02  3.4308919E-02
   13.2500  3.3300043E-02  3.5722479E-02  3.3864549E-02
   13.5000  3.3015755E-02  3.3090493E-02  3.3506617E-02
   13.7500  3.2838265E-02  3.0808283E-02  3.3239058E-02
   14.0000  3.2757628E-02  2.8848437E-02  3.3063110E-02
   14.2500  3.2760733E-02  2.7176944E-02  3.2977484E-02
   14.5000  3.2832518E-02  2.5758645E-02  3.2978309E-02
   14.7500  3.2956705E-02  2.4560181E-02  3.3058982E-02
   15.0000  3.3116286E-02  2.3551410E-02  3.3210043E-02
   15.2500  3.3293985E-02  2.2705922E-02  3.3419166E-02
   15.5000  3.3472848E-02  2.2001076E-02  3.3671373E-02
   15.7500  3.3637061E-02  2.1417783E-02  3.3949558E-02
   16.0000  3.3772938E-02  2.0940171E-02  3.4235344E-02
   16.2500  3.3869973E-02  2.0555197E-02  3.4510244E-02
   16.5000  3.3921784E-02  2.0252235E-02  3.4756994E-02
   16.7500  3.3926731E-02  2.0022674E-02  3.4960870E-02
   17.0000  3.3888054E-02  1.9859533E-02  3.5110759E-02
   17.2500  3.3813456E-02  1.9757117E-02  3.5199811E-02
   17.5000  3.3714153E-02  1.9710720E-02  3.5225579E-02
   17.7500  3.3603549E-02  1.9716389E-02  3.5189670E-02
   18.0000  3.3495731E-02  1.9770739E-02  3.5097037E-02
   18.2500  3.3404021E-02  1.9870826E-02  3.4955069E-02
   18.5000  3.3339763E-02  2.0014054E-02  3.4772634E-02
   18.7500  3.3311462E-02  2.0198124E-02  3.4559214E-02
   19.0000  3.3324338E-02  2.0421006E-02  3.4324170E-02
   19.2500  3.3380267E-02  2.0680942E-02  3.4076175E-02
   19.5000  3.3478034E-02  2.0976449E-02  3.3822783E-02
   19.7500  3.3613751E-02  2.1306279E-02  3.3570184E-02
   20.0000  3.3781222E-02  2.1669222E-02  3.3323174E-02
   21.0000  3.4582741E-02  2.3414120E-02  3.2451616E-02
   22.0000  3.5135502E-02  2.5517606E-02  3.1798987E-02
   23.0000  3.5036740E-02  2.7810945E-02  3.1246158E-02
   24.0000  3.4211631E-02  3.0081083E-02  3.0621401E-02
   25.0000  3.2842240E-02  3.2097970E-02  2.9836063E-02
   26.0000  3.1215512E-02  3.3666023E-02  2.8927174E-02
   27.0000  2.9584993E-02  3.4674918E-02  2.8007270E-02
   28.0000  2.8107751E-02  3.5124594E-02  2.7177331E-02
   29.0000  2.6866629E-02  3.5104963E-02  2.6485392E-02
   30.0000  2.5903713E-02  3.4753907E-02  2.5942658E-02
   31.0000  2.5215611E-02  3.4211432E-02  2.5538669E-02
   32.0000  2.4753307E-02  3.3566522E-02  2.5241083E-02
   33.0000  2.4448784E-02  3.2861809E-02  2.5007654E-02
   34.0000  2.4240448E-02  3.2114504E-02  2.4801751E-02
   35.0000  2.4084554E-02  3.1328650E-02  2.4602889E-02
   36.0000  2.3955413E-02  3.0505720E-02  2.4411761E-02
   37.0000  2.3839909E-02  2.9655006E-02  2.4246797E-02
   38.0000  2.3732193E-02  2.8803970E-02  2.4129984E-02
   39.0000  2.3632273E-02  2.8009059E-02  2.4067723E-02
   40.0000  2.3546844E-02  2.7356833E-02  2.4042183E-02
