    Energy   (100,001)      (010,001)      (001,110)   
  -25.0000  1.7163672E-04  1.8290520E-04  1.7138948E-04
  -24.0000  1.7809351E-04  1.8980331E-04  1.7780063E-04
  -23.0000  1.8500513E-04  1.9719655E-04  1.8465946E-04
  -22.0000  1.9241978E-04  2.0513885E-04  1.9201282E-04
  -21.0000  2.0039258E-04  2.1369214E-04  1.9991421E-04
  -20.0000  2.0898690E-04  2.2292793E-04  2.0842495E-04
  -19.0000  2.1827591E-04  2.3292914E-04  2.1761572E-04
  -18.0000  2.2834455E-04  2.4379249E-04  2.2756833E-04
  -17.0000  2.3929196E-04  2.5563146E-04  2.3837801E-04
  -16.0000  2.5123460E-04  2.6858006E-04  2.5015624E-04
  -15.0000  2.6431014E-04  2.8279762E-04  2.6303436E-04
  -14.0000  2.7868248E-04  2.9847498E-04  2.7716814E-04
  -13.0000  2.9454833E-04  3.1584267E-04  2.9274367E-04
  -12.0000  3.1214576E-04  3.3518156E-04  3.0998513E-04
  -11.0000  3.3176567E-04  3.5683738E-04  3.2916492E-04
  -10.0000  3.5376723E-04  3.8124022E-04  3.5061733E-04
  -9.00000  3.7859920E-04  4.0893175E-04  3.7475714E-04
  -8.00000  4.0682964E-04  4.4060344E-04  4.0210531E-04
  -7.00000  4.3918851E-04  4.7715168E-04  4.3332529E-04
  -6.00000  4.7663004E-04  5.1975896E-04  4.6927551E-04
  -5.00000  5.2042663E-04  5.7001701E-04  5.1108712E-04
  -4.00000  5.7231500E-04  6.3011945E-04  5.6028287E-04
  -3.00000  6.3473258E-04  7.0317525E-04  6.1896556E-04
  -2.00000  7.1121860E-04  7.9374286E-04  6.9013044E-04
  -1.00000  8.0713585E-04  9.0879545E-04  7.7821273E-04
   0.00000  9.3107256E-04  1.0596017E-03  8.9011935E-04
   1.00000  1.0978597E-03  1.2657836E-03  1.0373735E-03
   2.00000  1.3360837E-03  1.5654427E-03  1.2412483E-03
   3.00000  1.7114567E-03  2.0467221E-03  1.5480533E-03
   4.00000  2.4309279E-03  2.9886641E-03  2.0942803E-03
   5.00000  4.3770015E-03  5.5927220E-03  3.4376025E-03
   5.20000  4.9814277E-03  6.4141074E-03  3.8535304E-03
   5.40000  5.5910758E-03  7.2479805E-03  4.2838967E-03
   5.60000  6.1970391E-03  8.0769711E-03  4.7228055E-03
   5.80000  6.8158940E-03  8.9152424E-03  5.1786649E-03
   6.00000  7.4705832E-03  9.7851903E-03  5.6644965E-03
   6.20000  8.1817778E-03  1.0706666E-02  6.1933650E-03
   6.40000  8.9668315E-03  1.1695178E-02  6.7773645E-03
   6.60000  9.8409385E-03  1.2762837E-02  7.4275649E-03
   6.80000  1.0818066E-02  1.3919580E-02  8.1539987E-03
   7.00000  1.1910861E-02  1.5174121E-02  8.9656085E-03
   7.20000  1.3129339E-02  1.6534856E-02  9.8702994E-03
   7.40000  1.4478319E-02  1.8010887E-02  1.0875025E-02
   7.60000  1.5953747E-02  1.9612962E-02  1.1985431E-02
   7.80000  1.7538540E-02  2.1354439E-02  1.3204549E-02
   8.00000  1.9199549E-02  2.3252345E-02  1.4530567E-02
   8.20000  2.0888266E-02  2.5328296E-02  1.5954635E-02
   8.40000  2.2547679E-02  2.7608380E-02  1.7460283E-02
   8.60000  2.4125139E-02  3.0120811E-02  1.9025642E-02
   8.80000  2.5586851E-02  3.2890775E-02  2.0628356E-02
   9.00000  2.6926664E-02  3.5932358E-02  2.2250964E-02
   9.20000  2.8164067E-02  3.9237554E-02  2.3883746E-02
   9.40000  2.9332470E-02  4.2763347E-02  2.5523398E-02
   9.60000  3.0463348E-02  4.6419462E-02  2.7168132E-02
   9.80000  3.1573275E-02  5.0060528E-02  2.8812150E-02
   10.0000  3.2658414E-02  5.3486748E-02  3.0442586E-02
   10.2500  3.3943588E-02  5.7100822E-02  3.2430211E-02
   10.5000  3.5080242E-02  5.9537090E-02  3.4313454E-02
   10.7500  3.5984003E-02  6.0466946E-02  3.6034981E-02
   11.0000  3.6581233E-02  5.9809922E-02  3.7538928E-02
   11.2500  3.6832416E-02  5.7745885E-02  3.8778792E-02
   11.5000  3.6748988E-02  5.4643870E-02  3.9723701E-02
   11.7500  3.6392677E-02  5.0944358E-02  4.0361654E-02
   12.0000  3.5857914E-02  4.7046727E-02  4.0700245E-02
   12.2500  3.5247110E-02  4.3244689E-02  4.0765561E-02
   12.5000  3.4649924E-02  3.9715455E-02  4.0599347E-02
   12.7500  3.4131889E-02  3.6542945E-02  4.0254254E-02
   13.0000  3.3732067E-02  3.3750505E-02  3.9788506E-02
   13.2500  3.3467074E-02  3.1327009E-02  3.9261098E-02
   13.5000  3.3337813E-02  2.9243607E-02  3.8726299E-02
   13.7500  3.3335569E-02  2.7464022E-02  3.8228543E-02
   14.0000  3.3445790E-02  2.5950787E-02  3.7800447E-02
   14.2500  3.3650109E-02  2.4668697E-02  3.7463439E-02
   14.5000  3.3927663E-02  2.3586346E-02  3.7229107E-02
   14.7500  3.4256180E-02  2.2676543E-02  3.7100520E-02
   15.0000  3.4612906E-02  2.1916152E-02  3.7073457E-02
   15.2500  3.4975423E-02  2.1285690E-02  3.7137569E-02
   15.5000  3.5322353E-02  2.0768861E-02  3.7277510E-02
   15.7500  3.5633987E-02  2.0352083E-02  3.7474114E-02
   16.0000  3.5892872E-02  2.0024057E-02  3.7705694E-02
   16.2500  3.6084396E-02  1.9775394E-02  3.7949521E-02
   16.5000  3.6197375E-02  1.9598285E-02  3.8183440E-02
   16.7500  3.6224600E-02  1.9486230E-02  3.8387493E-02
   17.0000  3.6163279E-02  1.9433797E-02  3.8545339E-02
   17.2500  3.6015256E-02  1.9436425E-02  3.8645259E-02
   17.5000  3.5786922E-02  1.9490244E-02  3.8680592E-02
   17.7500  3.5488773E-02  1.9591927E-02  3.8649558E-02
   18.0000  3.5134617E-02  1.9738556E-02  3.8554582E-02
   18.2500  3.4740532E-02  1.9927516E-02  3.8401274E-02
   18.5000  3.4323678E-02  2.0156415E-02  3.8197283E-02
   18.7500  3.3901125E-02  2.0423025E-02  3.7951210E-02
   19.0000  3.3488797E-02  2.0725272E-02  3.7671699E-02
   19.2500  3.3100616E-02  2.1061251E-02  3.7366740E-02
   19.5000  3.2747884E-02  2.1429269E-02  3.7043208E-02
   19.7500  3.2438935E-02  2.1827831E-02  3.6706642E-02
   20.0000  3.2179126E-02  2.2255452E-02  3.6361334E-02
   21.0000  3.1660045E-02  2.4211153E-02  3.4954703E-02
   22.0000  3.1867010E-02  2.6435933E-02  3.3584751E-02
   23.0000  3.2461290E-02  2.8765314E-02  3.2259937E-02
   24.0000  3.3030946E-02  3.1005027E-02  3.0967801E-02
   25.0000  3.3211656E-02  3.2940909E-02  2.9730397E-02
   26.0000  3.2787795E-02  3.4382958E-02  2.8595292E-02
   27.0000  3.1786148E-02  3.5216264E-02  2.7597737E-02
   28.0000  3.0457822E-02  3.5431556E-02  2.6754676E-02
   29.0000  2.9106812E-02  3.5120436E-02  2.6081182E-02
   30.0000  2.7914123E-02  3.4426774E-02  2.5575042E-02
   31.0000  2.6927470E-02  3.3495707E-02  2.5207048E-02
   32.0000  2.6121145E-02  3.2443360E-02  2.4926534E-02
   33.0000  2.5443571E-02  3.1348112E-02  2.4676942E-02
   34.0000  2.4844607E-02  3.0256722E-02  2.4411072E-02
   35.0000  2.4288339E-02  2.9195290E-02  2.4098866E-02
   36.0000  2.3757780E-02  2.8179283E-02  2.3730208E-02
   37.0000  2.3254546E-02  2.7221920E-02  2.3315938E-02
   38.0000  2.2794177E-02  2.6342411E-02  2.2886829E-02
   39.0000  2.2399183E-02  2.5574460E-02  2.2488431E-02
   40.0000  2.2091689E-02  2.4968023E-02  2.2167933E-02
