    Energy   (100,001)      (010,001)      (001,110)   
  -25.0000  1.6538135E-04  1.8802366E-04  1.8164328E-04
  -24.0000  1.7112301E-04  1.9498967E-04  1.8798627E-04
  -23.0000  1.7723663E-04  2.0245108E-04  1.9475156E-04
  -22.0000  1.8375848E-04  2.1046156E-04  2.0198194E-04
  -21.0000  1.9072967E-04  2.1908273E-04  2.0972613E-04
  -20.0000  1.9819695E-04  2.2838566E-04  2.1803984E-04
  -19.0000  2.0621375E-04  2.3845277E-04  2.2698709E-04
  -18.0000  2.1484138E-04  2.4938012E-04  2.3664182E-04
  -17.0000  2.2415059E-04  2.6128035E-04  2.4708990E-04
  -16.0000  2.3422341E-04  2.7428641E-04  2.5843157E-04
  -15.0000  2.4515559E-04  2.8855624E-04  2.7078470E-04
  -14.0000  2.5705952E-04  3.0427895E-04  2.8428879E-04
  -13.0000  2.7006814E-04  3.2168277E-04  2.9911020E-04
  -12.0000  2.8433991E-04  3.4104563E-04  3.1544901E-04
  -11.0000  3.0006530E-04  3.6270933E-04  3.3354814E-04
  -10.0000  3.1747557E-04  3.8709880E-04  3.5370552E-04
  -9.00000  3.3685450E-04  4.1474880E-04  3.7629089E-04
  -8.00000  3.5855477E-04  4.4634148E-04  4.0176922E-04
  -7.00000  3.8302092E-04  4.8276045E-04  4.3073409E-04
  -6.00000  4.1082279E-04  5.2517063E-04  4.6395673E-04
  -5.00000  4.4270527E-04  5.7513918E-04  5.0245988E-04
  -4.00000  4.7966562E-04  6.3482515E-04  5.4763343E-04
  -3.00000  5.2307837E-04  7.0728848E-04  6.0142319E-04
  -2.00000  5.7490902E-04  7.9701844E-04  6.6665563E-04
  -1.00000  6.3810547E-04  9.1089327E-04  7.4763477E-04
   0.00000  7.1738238E-04  1.0600645E-03  8.5133737E-04
   1.00000  8.2099364E-04  1.2640697E-03  9.9009590E-04
   2.00000  9.6546887E-04  1.5612686E-03  1.1886684E-03
   3.00000  1.1918123E-03  2.0421516E-03  1.5078657E-03
   4.00000  1.6461802E-03  3.0024496E-03  2.1585848E-03
   5.00000  3.0042257E-03  5.7509910E-03  4.1072164E-03
   5.20000  3.4038745E-03  6.6142106E-03  4.7064781E-03
   5.40000  3.7665647E-03  7.4692304E-03  5.2792091E-03
   5.60000  4.0800640E-03  8.2858641E-03  5.8068547E-03
   5.80000  4.3555592E-03  9.0709118E-03  6.3011602E-03
   6.00000  4.6077966E-03  9.8446848E-03  6.7797605E-03
   6.20000  4.8474356E-03  1.0630172E-02  7.2550802E-03
   6.40000  5.0812618E-03  1.1450506E-02  7.7327542E-03
   6.60000  5.3142340E-03  1.2328136E-02  8.2130469E-03
   6.80000  5.5509384E-03  1.3283966E-02  8.6929315E-03
   7.00000  5.7960674E-03  1.4336749E-02  9.1685889E-03
   7.20000  6.0543039E-03  1.5503052E-02  9.6382614E-03
   7.40000  6.3300680E-03  1.6797769E-02  1.0104836E-02
   7.60000  6.6273811E-03  1.8234910E-02  1.0577232E-02
   7.80000  6.9498868E-03  1.9828275E-02  1.1070000E-02
   8.00000  7.3009520E-03  2.1591658E-02  1.1601257E-02
   8.20000  7.6837495E-03  2.3538448E-02  1.2189721E-02
   8.40000  8.1012622E-03  2.5680945E-02  1.2851773E-02
   8.60000  8.5562396E-03  2.8029232E-02  1.3599335E-02
   8.80000  9.0511895E-03  3.0588927E-02  1.4438961E-02
   9.00000  9.5883984E-03  3.3358108E-02  1.5371956E-02
   9.20000  1.0169922E-02  3.6323995E-02  1.6395020E-02
   9.40000  1.0797506E-02  3.9459476E-02  1.7500951E-02
   9.60000  1.1472441E-02  4.2719084E-02  1.8679114E-02
   9.80000  1.2195338E-02  4.6033926E-02  1.9915649E-02
   10.0000  1.2965843E-02  4.9305519E-02  2.1193517E-02
   10.2500  1.3993207E-02  5.3127807E-02  2.2818076E-02
   10.5000  1.5085459E-02  5.6343799E-02  2.4431705E-02
   10.7500  1.6231955E-02  5.8605887E-02  2.5990708E-02
   11.0000  1.7418027E-02  5.9646237E-02  2.7456211E-02
   11.2500  1.8625684E-02  5.9365870E-02  2.8792577E-02
   11.5000  1.9834991E-02  5.7860406E-02  2.9964325E-02
   11.7500  2.1023325E-02  5.5374115E-02  3.0938417E-02
   12.0000  2.2164617E-02  5.2217250E-02  3.1690282E-02
   12.2500  2.3233329E-02  4.8694030E-02  3.2211583E-02
   12.5000  2.4211314E-02  4.5061901E-02  3.2515462E-02
   12.7500  2.5093148E-02  4.1516783E-02  3.2634976E-02
   13.0000  2.5886985E-02  3.8193099E-02  3.2615977E-02
   13.2500  2.6609905E-02  3.5170943E-02  3.2509018E-02
   13.5000  2.7281363E-02  3.2486764E-02  3.2362921E-02
   13.7500  2.7919575E-02  3.0145420E-02  3.2220719E-02
   14.0000  2.8540751E-02  2.8131513E-02  3.2117893E-02
   14.2500  2.9159128E-02  2.6418519E-02  3.2082253E-02
   14.5000  2.9786964E-02  2.4975285E-02  3.2134575E-02
   14.7500  3.0434435E-02  2.3770147E-02  3.2289377E-02
   15.0000  3.1109458E-02  2.2773245E-02  3.2555521E-02
   15.2500  3.1817458E-02  2.1957609E-02  3.2936546E-02
   15.5000  3.2561083E-02  2.1299485E-02  3.3430741E-02
   15.7500  3.3339876E-02  2.0778241E-02  3.4031021E-02
   16.0000  3.4149967E-02  2.0376072E-02  3.4724708E-02
   16.2500  3.4983844E-02  2.0077653E-02  3.5493405E-02
   16.5000  3.5830305E-02  1.9869791E-02  3.6313142E-02
   16.7500  3.6674658E-02  1.9741135E-02  3.7155014E-02
   17.0000  3.7499261E-02  1.9681925E-02  3.7986478E-02
   17.2500  3.8284443E-02  1.9683797E-02  3.8773352E-02
   17.5000  3.9009803E-02  1.9739617E-02  3.9482422E-02
   17.7500  3.9655830E-02  1.9843337E-02  4.0084321E-02
   18.0000  4.0205657E-02  1.9989853E-02  4.0556230E-02
   18.2500  4.0646729E-02  2.0174867E-02  4.0883891E-02
   18.5000  4.0972094E-02  2.0394738E-02  4.1062529E-02
   18.7500  4.1181090E-02  2.0646346E-02  4.1096538E-02
   19.0000  4.1279265E-02  2.0926989E-02  4.0998020E-02
   19.2500  4.1277537E-02  2.1234326E-02  4.0784538E-02
   19.5000  4.1190754E-02  2.1566368E-02  4.0476529E-02
   19.7500  4.1036020E-02  2.1921462E-02  4.0094939E-02
   20.0000  4.0831280E-02  2.2298149E-02  3.9659659E-02
   21.0000  3.9860755E-02  2.3985347E-02  3.7722570E-02
   22.0000  3.9235634E-02  2.5889140E-02  3.5988395E-02
   23.0000  3.9210769E-02  2.7942067E-02  3.4663727E-02
   24.0000  3.9617975E-02  3.0024611E-02  3.3674280E-02
   25.0000  4.0046690E-02  3.1919069E-02  3.2870491E-02
   26.0000  3.9990111E-02  3.3365881E-02  3.2117381E-02
   27.0000  3.9086032E-02  3.4183411E-02  3.1342907E-02
   28.0000  3.7346986E-02  3.4351485E-02  3.0550465E-02
   29.0000  3.5138521E-02  3.3993731E-02  2.9794052E-02
   30.0000  3.2919751E-02  3.3302832E-02  2.9140234E-02
   31.0000  3.1000304E-02  3.2465886E-02  2.8633403E-02
   32.0000  2.9460606E-02  3.1600240E-02  2.8270133E-02
   33.0000  2.8250764E-02  3.0761602E-02  2.8017716E-02
   34.0000  2.7286526E-02  2.9971091E-02  2.7836318E-02
   35.0000  2.6488162E-02  2.9231586E-02  2.7686826E-02
   36.0000  2.5793287E-02  2.8539959E-02  2.7533717E-02
   37.0000  2.5160743E-02  2.7895992E-02  2.7348880E-02
   38.0000  2.4573392E-02  2.7307509E-02  2.7119698E-02
   39.0000  2.4042570E-02  2.6793929E-02  2.6861253E-02
   40.0000  2.3607010E-02  2.6387468E-02  2.6622027E-02
