    Energy   (100,001)      (010,001)      (001,110)   
  -25.0000  1.6708242E-04  1.7609593E-04  1.6913122E-04
  -24.0000  1.7331729E-04  1.8290953E-04  1.7551986E-04
  -23.0000  1.7998436E-04  1.9021922E-04  1.8235711E-04
  -22.0000  1.8712849E-04  1.9807946E-04  1.8969007E-04
  -21.0000  1.9480079E-04  2.0655282E-04  1.9757252E-04
  -20.0000  2.0305986E-04  2.1571158E-04  2.0606615E-04
  -19.0000  2.1197310E-04  2.2563961E-04  2.1524207E-04
  -18.0000  2.2161847E-04  2.3643480E-04  2.2518259E-04
  -17.0000  2.3208660E-04  2.4821205E-04  2.3598357E-04
  -16.0000  2.4348345E-04  2.6110710E-04  2.4775723E-04
  -15.0000  2.5593369E-04  2.7528143E-04  2.6063581E-04
  -14.0000  2.6958502E-04  2.9092855E-04  2.7477616E-04
  -13.0000  2.8461362E-04  3.0828226E-04  2.9036572E-04
  -12.0000  3.0123147E-04  3.2762761E-04  3.0763024E-04
  -11.0000  3.1969582E-04  3.4931547E-04  3.2684409E-04
  -10.0000  3.4032199E-04  3.7378254E-04  3.4834394E-04
  -9.00000  3.6350076E-04  4.0157882E-04  3.7254742E-04
  -8.00000  3.8972250E-04  4.3340650E-04  3.9997893E-04
  -7.00000  4.1961131E-04  4.7017576E-04  4.3130593E-04
  -6.00000  4.5397445E-04  5.1308696E-04  4.6739134E-04
  -5.00000  4.9387608E-04  5.6375503E-04  5.0937086E-04
  -4.00000  5.4075064E-04  6.2440359E-04  5.5877062E-04
  -3.00000  5.9658450E-04  6.9817986E-04  6.1769252E-04
  -2.00000  6.6422128E-04  7.8968884E-04  6.8911857E-04
  -1.00000  7.4790759E-04  9.0595325E-04  7.7743751E-04
   0.00000  8.5435020E-04  1.0582695E-03  8.8941848E-04
   1.00000  9.9499938E-04  1.2661706E-03  1.0361791E-03
   2.00000  1.1918076E-03  1.5671804E-03  1.2377029E-03
   3.00000  1.4955839E-03  2.0466908E-03  1.5354754E-03
   4.00000  2.0705493E-03  2.9687105E-03  2.0418938E-03
   5.00000  3.6426068E-03  5.4496070E-03  3.1817410E-03
   5.20000  4.1332442E-03  6.2320452E-03  3.5366462E-03
   5.40000  4.6217682E-03  7.0332896E-03  3.9198752E-03
   5.60000  5.0915399E-03  7.8375864E-03  4.3305291E-03
   5.80000  5.5450706E-03  8.6579721E-03  4.7767472E-03
   6.00000  5.9904840E-03  9.5164072E-03  5.2705046E-03
   6.20000  6.4355324E-03  1.0434629E-02  5.8254275E-03
   6.40000  6.8871704E-03  1.1432633E-02  6.4566872E-03
   6.60000  7.3529863E-03  1.2529377E-02  7.1813529E-03
   6.80000  7.8427348E-03  1.3743454E-02  8.0184640E-03
   7.00000  8.3687476E-03  1.5093010E-02  8.9883937E-03
   7.20000  8.9443310E-03  1.6594986E-02  1.0111077E-02
   7.40000  9.5807004E-03  1.8264461E-02  1.1402756E-02
   7.60000  1.0284720E-02  2.0115110E-02  1.2871032E-02
   7.80000  1.1059471E-02  2.2160980E-02  1.4508316E-02
   8.00000  1.1907249E-02  2.4418716E-02  1.6284984E-02
   8.20000  1.2832387E-02  2.6908481E-02  1.8145837E-02
   8.40000  1.3841609E-02  2.9651777E-02  2.0015256E-02
   8.60000  1.4941962E-02  3.2664926E-02  2.1814217E-02
   8.80000  1.6138241E-02  3.5948253E-02  2.3483820E-02
   9.00000  1.7431636E-02  3.9473390E-02  2.5001027E-02
   9.20000  1.8819820E-02  4.3173010E-02  2.6374898E-02
   9.40000  2.0297566E-02  4.6935935E-02  2.7626708E-02
   9.60000  2.1857165E-02  5.0607420E-02  2.8769987E-02
   9.80000  2.3488692E-02  5.3994734E-02  2.9804037E-02
   10.0000  2.5180024E-02  5.6881870E-02  3.0722026E-02
   10.2500  2.7354727E-02  5.9469166E-02  3.1708935E-02
   10.5000  2.9557764E-02  6.0643306E-02  3.2555354E-02
   10.7500  3.1730306E-02  6.0314008E-02  3.3335967E-02
   11.0000  3.3795268E-02  5.8634581E-02  3.4134929E-02
   11.2500  3.5666974E-02  5.5934661E-02  3.5017244E-02
   11.5000  3.7267182E-02  5.2604143E-02  3.6010788E-02
   11.7500  3.8540036E-02  4.8994717E-02  3.7099455E-02
   12.0000  3.9461536E-02  4.5373832E-02  3.8224391E-02
   12.2500  4.0040810E-02  4.1920574E-02  3.9296028E-02
   12.5000  4.0315164E-02  3.8739128E-02  4.0217804E-02
   12.7500  4.0342504E-02  3.5877584E-02  4.0911474E-02
   13.0000  4.0190039E-02  3.3346229E-02  4.1334842E-02
   13.2500  3.9922614E-02  3.1132130E-02  4.1487566E-02
   13.5000  3.9596989E-02  2.9209616E-02  4.1405092E-02
   13.7500  3.9260405E-02  2.7547586E-02  4.1145824E-02
   14.0000  3.8949637E-02  2.6114590E-02  4.0776962E-02
   14.2500  3.8690263E-02  2.4881908E-02  4.0362576E-02
   14.5000  3.8496945E-02  2.3824727E-02  3.9955785E-02
   14.7500  3.8374535E-02  2.2922122E-02  3.9595208E-02
   15.0000  3.8319496E-02  2.2156612E-02  3.9304565E-02
   15.2500  3.8321433E-02  2.1513641E-02  3.9094048E-02
   15.5000  3.8364708E-02  2.0981065E-02  3.8962453E-02
   15.7500  3.8430171E-02  2.0548684E-02  3.8899560E-02
   16.0000  3.8496986E-02  2.0207820E-02  3.8888571E-02
   16.2500  3.8544503E-02  1.9950954E-02  3.8908605E-02
   16.5000  3.8554056E-02  1.9771426E-02  3.8937205E-02
   16.7500  3.8510542E-02  1.9663205E-02  3.8952759E-02
   17.0000  3.8403599E-02  1.9620716E-02  3.8936619E-02
   17.2500  3.8228250E-02  1.9638728E-02  3.8874682E-02
   17.5000  3.7984953E-02  1.9712293E-02  3.8758237E-02
   17.7500  3.7679129E-02  1.9836717E-02  3.8584035E-02
   18.0000  3.7320250E-02  2.0007565E-02  3.8353667E-02
   18.2500  3.6920692E-02  2.0220685E-02  3.8072497E-02
   18.5000  3.6494502E-02  2.0472241E-02  3.7748378E-02
   18.7500  3.6056229E-02  2.0758757E-02  3.7390409E-02
   19.0000  3.5619898E-02  2.1077176E-02  3.7007868E-02
   19.2500  3.5198195E-02  2.1424921E-02  3.6609382E-02
   19.5000  3.4801845E-02  2.1799970E-02  3.6202357E-02
   19.7500  3.4439239E-02  2.2200842E-02  3.5792691E-02
   20.0000  3.4116385E-02  2.2626413E-02  3.5384832E-02
   21.0000  3.3280791E-02  2.4547988E-02  3.3831843E-02
   22.0000  3.3142199E-02  2.6752712E-02  3.2466628E-02
   23.0000  3.3400809E-02  2.9127987E-02  3.1260566E-02
   24.0000  3.3609671E-02  3.1446929E-02  3.0148763E-02
   25.0000  3.3378008E-02  3.3372421E-02  2.9086947E-02
   26.0000  3.2561419E-02  3.4592999E-02  2.8075145E-02
   27.0000  3.1303998E-02  3.4992135E-02  2.7157977E-02
   28.0000  2.9868464E-02  3.4689875E-02  2.6388712E-02
   29.0000  2.8482747E-02  3.3913420E-02  2.5805134E-02
   30.0000  2.7279219E-02  3.2877140E-02  2.5407621E-02
   31.0000  2.6294937E-02  3.1736490E-02  2.5152123E-02
   32.0000  2.5502174E-02  3.0583876E-02  2.4967775E-02
   33.0000  2.4845080E-02  2.9461632E-02  2.4782390E-02
   34.0000  2.4267407E-02  2.8379879E-02  2.4539712E-02
   35.0000  2.3727616E-02  2.7333316E-02  2.4206086E-02
   36.0000  2.3204177E-02  2.6314655E-02  2.3771476E-02
   37.0000  2.2694397E-02  2.5324839E-02  2.3249152E-02
   38.0000  2.2210306E-02  2.4382212E-02  2.2676663E-02
   39.0000  2.1776102E-02  2.3532207E-02  2.2117199E-02
   40.0000  2.1425541E-02  2.2846821E-02  2.1650541E-02
