    Energy   (100,001)      (010,001)      (001,110)   
  -25.0000  1.7645857E-04  1.8012993E-04  1.7953643E-04
  -24.0000  1.8267759E-04  1.8699905E-04  1.8602119E-04
  -23.0000  1.8931215E-04  1.9436414E-04  1.9295028E-04
  -22.0000  1.9640440E-04  2.0227937E-04  2.0036984E-04
  -21.0000  2.0400231E-04  2.1080701E-04  2.0833256E-04
  -20.0000  2.1216075E-04  2.2001890E-04  2.1689888E-04
  -19.0000  2.2094278E-04  2.2999843E-04  2.2613845E-04
  -18.0000  2.3042119E-04  2.4084287E-04  2.3613196E-04
  -17.0000  2.4068053E-04  2.5266638E-04  2.4697342E-04
  -16.0000  2.5181952E-04  2.6560379E-04  2.5877300E-04
  -15.0000  2.6395421E-04  2.7981546E-04  2.7166066E-04
  -14.0000  2.7722192E-04  2.9549355E-04  2.8579083E-04
  -13.0000  2.9178642E-04  3.1287023E-04  3.0134843E-04
  -12.0000  3.0784470E-04  3.3222852E-04  3.1855679E-04
  -11.0000  3.2563583E-04  3.5391692E-04  3.3768825E-04
  -10.0000  3.4545307E-04  3.7836922E-04  3.5907842E-04
  -9.00000  3.6766034E-04  4.0613212E-04  3.8314580E-04
  -8.00000  3.9271528E-04  4.3790405E-04  4.1041928E-04
  -7.00000  4.2120219E-04  4.7459129E-04  4.4157749E-04
  -6.00000  4.5388026E-04  5.1739087E-04  4.7750652E-04
  -5.00000  4.9175659E-04  5.6791660E-04  5.1938699E-04
  -4.00000  5.3620036E-04  6.2839708E-04  5.6882987E-04
  -3.00000  5.8912971E-04  7.0199936E-04  6.2809669E-04
  -2.00000  6.5333392E-04  7.9338401E-04  7.0047405E-04
  -1.00000  7.3306776E-04  9.0971644E-04  7.9094842E-04
   0.00000  8.3524719E-04  1.0626591E-03  9.0751562E-04
   1.00000  9.7215184E-04  1.2727332E-03  1.0639812E-03
   2.00000  1.1686151E-03  1.5804208E-03  1.2868198E-03
   3.00000  1.4863812E-03  2.0816897E-03  1.6357691E-03
   4.00000  2.1437694E-03  3.0917372E-03  2.2899424E-03
   5.00000  4.1517109E-03  6.0012640E-03  3.9851341E-03
   5.20000  4.7584040E-03  6.9068118E-03  4.5374923E-03
   5.40000  5.3184449E-03  7.7983830E-03  5.1354574E-03
   5.60000  5.8070921E-03  8.6512908E-03  5.7797464E-03
   5.80000  6.2361478E-03  9.4818951E-03  6.4872820E-03
   6.00000  6.6287903E-03  1.0317518E-02  7.2803560E-03
   6.20000  7.0071794E-03  1.1182346E-02  8.1815765E-03
   6.40000  7.3892916E-03  1.2094918E-02  9.2122359E-03
   6.60000  7.7887614E-03  1.3069718E-02  1.0390336E-02
   6.80000  8.2154444E-03  1.4119854E-02  1.1726150E-02
   7.00000  8.6761483E-03  1.5259496E-02  1.3214511E-02
   7.20000  9.1753253E-03  1.6505471E-02  1.4825291E-02
   7.40000  9.7154880E-03  1.7877790E-02  1.6496697E-02
   7.60000  1.0297279E-02  1.9398972E-02  1.8137747E-02
   7.80000  1.0919505E-02  2.1092202E-02  1.9642825E-02
   8.00000  1.1579707E-02  2.2978846E-02  2.0914020E-02
   8.20000  1.2275626E-02  2.5076262E-02  2.1883291E-02
   8.40000  1.3007098E-02  2.7396540E-02  2.2527843E-02
   8.60000  1.3777103E-02  2.9945655E-02  2.2873304E-02
   8.80000  1.4591006E-02  3.2721789E-02  2.2982093E-02
   9.00000  1.5454186E-02  3.5711841E-02  2.2932322E-02
   9.20000  1.6369400E-02  3.8885994E-02  2.2798503E-02
   9.40000  1.7335214E-02  4.2191009E-02  2.2641877E-02
   9.60000  1.8346122E-02  4.5543594E-02  2.2510014E-02
   9.80000  1.9393856E-02  4.8825552E-02  2.2439953E-02
   10.0000  2.0468609E-02  5.1882972E-02  2.2459416E-02
   10.2500  2.1832974E-02  5.5110896E-02  2.2634899E-02
   10.5000  2.3196628E-02  5.7344860E-02  2.2986246E-02
   10.7500  2.4529143E-02  5.8319061E-02  2.3500084E-02
   11.0000  2.5795908E-02  5.7949642E-02  2.4146826E-02
   11.2500  2.6962486E-02  5.6356241E-02  2.4889549E-02
   11.5000  2.8001752E-02  5.3813408E-02  2.5694281E-02
   11.7500  2.8900515E-02  5.0667176E-02  2.6537873E-02
   12.0000  2.9662330E-02  4.7251941E-02  2.7404331E-02
   12.2500  3.0306106E-02  4.3834882E-02  2.8275506E-02
   12.5000  3.0861125E-02  4.0596176E-02  2.9131319E-02
   12.7500  3.1359909E-02  3.7636141E-02  2.9955936E-02
   13.0000  3.1831942E-02  3.4995298E-02  3.0741390E-02
   13.2500  3.2299733E-02  3.2675734E-02  3.1487930E-02
   13.5000  3.2777163E-02  3.0658171E-02  3.2202735E-02
   13.7500  3.3269788E-02  2.8913668E-02  3.2897960E-02
   14.0000  3.3776399E-02  2.7410759E-02  3.3588538E-02
   14.2500  3.4291125E-02  2.6119320E-02  3.4290005E-02
   14.5000  3.4805441E-02  2.5012325E-02  3.5016520E-02
   14.7500  3.5309731E-02  2.4066398E-02  3.5779139E-02
   15.0000  3.5794273E-02  2.3261716E-02  3.6584380E-02
   15.2500  3.6249699E-02  2.2581645E-02  3.7433046E-02
   15.5000  3.6667082E-02  2.2012275E-02  3.8319333E-02
   15.7500  3.7037889E-02  2.1541960E-02  3.9230288E-02
   16.0000  3.7353983E-02  2.1160924E-02  4.0145767E-02
   16.2500  3.7607813E-02  2.0860923E-02  4.1039072E-02
   16.5000  3.7792815E-02  2.0634984E-02  4.1878430E-02
   16.7500  3.7903990E-02  2.0477184E-02  4.2629375E-02
   17.0000  3.7938530E-02  2.0382475E-02  4.3257905E-02
   17.2500  3.7896398E-02  2.0346531E-02  4.3734055E-02
   17.5000  3.7780710E-02  2.0365617E-02  4.4035301E-02
   17.7500  3.7597872E-02  2.0436479E-02  4.4149177E-02
   18.0000  3.7357391E-02  2.0556242E-02  4.4074553E-02
   18.2500  3.7071386E-02  2.0722329E-02  4.3821339E-02
   18.5000  3.6753841E-02  2.0932398E-02  4.3408750E-02
   18.7500  3.6419688E-02  2.1184293E-02  4.2862561E-02
   19.0000  3.6083814E-02  2.1476035E-02  4.2211936E-02
   19.2500  3.5760112E-02  2.1805825E-02  4.1486355E-02
   19.5000  3.5460645E-02  2.2172066E-02  4.0713074E-02
   19.7500  3.5195031E-02  2.2573312E-02  3.9915425E-02
   20.0000  3.4970173E-02  2.3008024E-02  3.9112312E-02
   21.0000  3.4536249E-02  2.5029204E-02  3.6112765E-02
   22.0000  3.4769762E-02  2.7338723E-02  3.3775048E-02
   23.0000  3.5285125E-02  2.9676266E-02  3.2110470E-02
   24.0000  3.5598920E-02  3.1731180E-02  3.0940254E-02
   25.0000  3.5394475E-02  3.3227489E-02  3.0070770E-02
   26.0000  3.4652980E-02  3.4035944E-02  2.9355615E-02
   27.0000  3.3566410E-02  3.4209053E-02  2.8716809E-02
   28.0000  3.2352902E-02  3.3911866E-02  2.8137028E-02
   29.0000  3.1167303E-02  3.3331862E-02  2.7634585E-02
   30.0000  3.0106275E-02  3.2622157E-02  2.7232288E-02
   31.0000  2.9213760E-02  3.1863701E-02  2.6929143E-02
   32.0000  2.8495339E-02  3.1085424E-02  2.6705309E-02
   33.0000  2.7929628E-02  3.0291553E-02  2.6533710E-02
   34.0000  2.7477803E-02  2.9473679E-02  2.6385294E-02
   35.0000  2.7095243E-02  2.8618790E-02  2.6232343E-02
   36.0000  2.6741746E-02  2.7718241E-02  2.6051604E-02
   37.0000  2.6389008E-02  2.6778011E-02  2.5827997E-02
   38.0000  2.6026931E-02  2.5829400E-02  2.5560437E-02
   39.0000  2.5670933E-02  2.4939143E-02  2.5271006E-02
   40.0000  2.5364248E-02  2.4206796E-02  2.5009893E-02
