    Energy   (100,001)      (010,001)      (001,110)   
  -25.0000  1.6828973E-04  1.7807402E-04  1.8377494E-04
  -24.0000  1.7430521E-04  1.8496288E-04  1.9028491E-04
  -23.0000  1.8072135E-04  1.9235404E-04  1.9723524E-04
  -22.0000  1.8757820E-04  2.0030278E-04  2.0467124E-04
  -21.0000  1.9492123E-04  2.0887262E-04  2.1264464E-04
  -20.0000  2.0280231E-04  2.1813699E-04  2.2121468E-04
  -19.0000  2.1128081E-04  2.2818110E-04  2.3044961E-04
  -18.0000  2.2042510E-04  2.3910448E-04  2.4042839E-04
  -17.0000  2.3031420E-04  2.5102401E-04  2.5124293E-04
  -16.0000  2.4104003E-04  2.6407784E-04  2.6300083E-04
  -15.0000  2.5271008E-04  2.7843043E-04  2.7582889E-04
  -14.0000  2.6545090E-04  2.9427900E-04  2.8987759E-04
  -13.0000  2.7941248E-04  3.1186205E-04  3.0532692E-04
  -12.0000  2.9477401E-04  3.3147055E-04  3.2239399E-04
  -11.0000  3.1175132E-04  3.5346308E-04  3.4134322E-04
  -10.0000  3.3060691E-04  3.7828640E-04  3.6249999E-04
  -9.00000  3.5166331E-04  4.0650394E-04  3.8626955E-04
  -8.00000  3.7532161E-04  4.3883607E-04  4.1316335E-04
  -7.00000  4.0208735E-04  4.7621812E-04  4.4383683E-04
  -6.00000  4.3260766E-04  5.1988617E-04  4.7914486E-04
  -5.00000  4.6772612E-04  5.7150711E-04  5.2022560E-04
  -4.00000  5.0856626E-04  6.3338286E-04  5.6863179E-04
  -3.00000  5.5666392E-04  7.0878304E-04  6.2654509E-04
  -2.00000  6.1418740E-04  8.0251345E-04  6.9714440E-04
  -1.00000  6.8432678E-04  9.2194593E-04  7.8528079E-04
   0.00000  7.7204023E-04  1.0790315E-03  8.9882202E-04
   1.00000  8.8564950E-04  1.2946614E-03  1.0516492E-03
   2.00000  1.0408259E-03  1.6096065E-03  1.2714894E-03
   3.00000  1.2731921E-03  2.1188844E-03  1.6259599E-03
   4.00000  1.6961070E-03  3.1268781E-03  2.3489402E-03
   5.00000  2.8013885E-03  5.9510962E-03  4.4721021E-03
   5.20000  3.1372861E-03  6.8318267E-03  5.0713508E-03
   5.40000  3.4687547E-03  7.7109553E-03  5.6048892E-03
   5.60000  3.7878000E-03  8.5679839E-03  6.0732750E-03
   5.80000  4.1010800E-03  9.4198775E-03  6.5178187E-03
   6.00000  4.4193131E-03  1.0294350E-02  6.9831298E-03
   6.20000  4.7524197E-03  1.1217659E-02  7.5038940E-03
   6.40000  5.1085082E-03  1.2212277E-02  8.1054008E-03
   6.60000  5.4939585E-03  1.3297376E-02  8.8064920E-03
   6.80000  5.9136436E-03  1.4489755E-02  9.6210065E-03
   7.00000  6.3710625E-03  1.5804942E-02  1.0557103E-02
   7.20000  6.8683055E-03  1.7258654E-02  1.1614799E-02
   7.40000  7.4057594E-03  1.8868337E-02  1.2782435E-02
   7.60000  7.9815653E-03  2.0653940E-02  1.4033162E-02
   7.80000  8.5911375E-03  2.2637471E-02  1.5323253E-02
   8.00000  9.2272671E-03  2.4841519E-02  1.6594554E-02
   8.20000  9.8812715E-03  2.7287152E-02  1.7782751E-02
   8.40000  1.0545237E-02  2.9991463E-02  1.8830717E-02
   8.60000  1.1214740E-02  3.2964479E-02  1.9702840E-02
   8.80000  1.1890970E-02  3.6204560E-02  2.0394379E-02
   9.00000  1.2581346E-02  3.9691166E-02  2.0931611E-02
   9.20000  1.3298431E-02  4.3374727E-02  2.1363026E-02
   9.40000  1.4057711E-02  4.7165166E-02  2.1745879E-02
   9.60000  1.4875120E-02  5.0922735E-02  2.2133534E-02
   9.80000  1.5764929E-02  5.4456654E-02  2.2567176E-02
   10.0000  1.6738091E-02  5.7537424E-02  2.3072512E-02
   10.2500  1.8080647E-02  6.0389889E-02  2.3819681E-02
   10.5000  1.9561705E-02  6.1786743E-02  2.4687390E-02
   10.7500  2.1164334E-02  6.1569066E-02  2.5648309E-02
   11.0000  2.2855260E-02  5.9853263E-02  2.6665843E-02
   11.2500  2.4586618E-02  5.6977211E-02  2.7703595E-02
   11.5000  2.6300494E-02  5.3374234E-02  2.8730967E-02
   11.7500  2.7935950E-02  4.9451594E-02  2.9723641E-02
   12.0000  2.9438106E-02  4.5523331E-02  3.0661615E-02
   12.2500  3.0767461E-02  4.1796603E-02  3.1527804E-02
   12.5000  3.1906910E-02  3.8387459E-02  3.2309203E-02
   12.7500  3.2863776E-02  3.5345963E-02  3.2999631E-02
   13.0000  3.3665129E-02  3.2679422E-02  3.3600828E-02
   13.2500  3.4348738E-02  3.0369977E-02  3.4121884E-02
   13.5000  3.4954377E-02  2.8386782E-02  3.4577761E-02
   13.7500  3.5518321E-02  2.6693782E-02  3.4986522E-02
   14.0000  3.6070269E-02  2.5254527E-02  3.5366300E-02
   14.2500  3.6630605E-02  2.4035187E-02  3.5733701E-02
   14.5000  3.7208522E-02  2.3006162E-02  3.6103351E-02
   14.7500  3.7802747E-02  2.2142435E-02  3.6487013E-02
   15.0000  3.8404123E-02  2.1423203E-02  3.6892086E-02
   15.2500  3.8998316E-02  2.0831296E-02  3.7320465E-02
   15.5000  3.9568019E-02  2.0352598E-02  3.7768222E-02
   15.7500  4.0094732E-02  1.9975512E-02  3.8225965E-02
   16.0000  4.0560304E-02  1.9690465E-02  3.8679663E-02
   16.2500  4.0948261E-02  1.9489479E-02  3.9111806E-02
   16.5000  4.1244959E-02  1.9365802E-02  3.9502882E-02
   16.7500  4.1440491E-02  1.9313610E-02  3.9833123E-02
   17.0000  4.1529335E-02  1.9327764E-02  4.0084397E-02
   17.2500  4.1510691E-02  1.9403625E-02  4.0242064E-02
   17.5000  4.1388504E-02  1.9536912E-02  4.0296524E-02
   17.7500  4.1171164E-02  1.9723596E-02  4.0244198E-02
   18.0000  4.0870932E-02  1.9959840E-02  4.0087791E-02
   18.2500  4.0503124E-02  2.0241954E-02  3.9835757E-02
   18.5000  4.0085123E-02  2.0566383E-02  3.9501135E-02
   18.7500  3.9635306E-02  2.0929722E-02  3.9099943E-02
   19.0000  3.9171957E-02  2.1328751E-02  3.8649461E-02
   19.2500  3.8712239E-02  2.1760500E-02  3.8166603E-02
   19.5000  3.8271302E-02  2.2222326E-02  3.7666605E-02
   19.7500  3.7861631E-02  2.2711904E-02  3.7162169E-02
   20.0000  3.7492824E-02  2.3226998E-02  3.6663256E-02
   21.0000  3.6538663E-02  2.5479673E-02  3.4855173E-02
   22.0000  3.6445695E-02  2.7869340E-02  3.3479817E-02
   23.0000  3.6863332E-02  3.0166077E-02  3.2480891E-02
   24.0000  3.7180789E-02  3.2116585E-02  3.1709693E-02
   25.0000  3.6866778E-02  3.3498821E-02  3.1035961E-02
   26.0000  3.5818853E-02  3.4212664E-02  3.0388793E-02
   27.0000  3.4346072E-02  3.4308624E-02  2.9757310E-02
   28.0000  3.2790897E-02  3.3929093E-02  2.9166633E-02
   29.0000  3.1314183E-02  3.3239661E-02  2.8658621E-02
   30.0000  2.9958403E-02  3.2388431E-02  2.8271976E-02
   31.0000  2.8736481E-02  3.1470916E-02  2.8011889E-02
   32.0000  2.7661571E-02  3.0537118E-02  2.7855067E-02
   33.0000  2.6738419E-02  2.9606577E-02  2.7765743E-02
   34.0000  2.5955203E-02  2.8677674E-02  2.7705228E-02
   35.0000  2.5287274E-02  2.7738453E-02  2.7637391E-02
   36.0000  2.4705490E-02  2.6778935E-02  2.7531749E-02
   37.0000  2.4184709E-02  2.5803744E-02  2.7367031E-02
   38.0000  2.3711813E-02  2.4843075E-02  2.7137840E-02
   39.0000  2.3292808E-02  2.3959874E-02  2.6866144E-02
   40.0000  2.2953092E-02  2.3243021E-02  2.6609432E-02
