    Energy   (100,001)      (010,001)      (001,110)   
  -25.0000  1.6544262E-04  1.7931924E-04  1.7466137E-04
  -24.0000  1.7140351E-04  1.8621893E-04  1.8099449E-04
  -23.0000  1.7776340E-04  1.9362102E-04  1.8776013E-04
  -22.0000  1.8456229E-04  2.0158082E-04  1.9500287E-04
  -21.0000  1.9184563E-04  2.1016192E-04  2.0277352E-04
  -20.0000  1.9966526E-04  2.1943776E-04  2.1113029E-04
  -19.0000  2.0808058E-04  2.2949366E-04  2.2014017E-04
  -18.0000  2.1715995E-04  2.4042922E-04  2.2988060E-04
  -17.0000  2.2698248E-04  2.5236148E-04  2.4044163E-04
  -16.0000  2.3764019E-04  2.6542877E-04  2.5192858E-04
  -15.0000  2.4924076E-04  2.7979580E-04  2.6446536E-04
  -14.0000  2.6191102E-04  2.9566015E-04  2.7819883E-04
  -13.0000  2.7580141E-04  3.1326079E-04  2.9330430E-04
  -12.0000  2.9109174E-04  3.3288939E-04  3.0999281E-04
  -11.0000  3.0799882E-04  3.5490548E-04  3.2852074E-04
  -10.0000  3.2678655E-04  3.7975718E-04  3.4920270E-04
  -9.00000  3.4777962E-04  4.0800987E-04  3.7242915E-04
  -8.00000  3.7138235E-04  4.4038681E-04  3.9869099E-04
  -7.00000  3.9810527E-04  4.7782766E-04  4.2861433E-04
  -6.00000  4.2860339E-04  5.2157506E-04  4.6301130E-04
  -5.00000  4.6373303E-04  5.7330628E-04  5.0295597E-04
  -4.00000  5.0463901E-04  6.3534000E-04  5.4990194E-04
  -3.00000  5.5289414E-04  7.1097402E-04  6.0587161E-04
  -2.00000  6.1073408E-04  8.0506355E-04  6.7377628E-04
  -1.00000  6.8147924E-04  9.2507185E-04  7.5799105E-04
   0.00000  7.7035981E-04  1.0831306E-03  8.6547238E-04
   1.00000  8.8632569E-04  1.3005191E-03  1.0081712E-03
   2.00000  1.0467166E-03  1.6189438E-03  1.2090791E-03
   3.00000  1.2926110E-03  2.1360716E-03  1.5211693E-03
   4.00000  1.7621560E-03  3.1659665E-03  2.1119913E-03
   5.00000  3.0810994E-03  6.0776985E-03  3.7132487E-03
   5.20000  3.4840607E-03  6.9982195E-03  4.2300682E-03
   5.40000  3.8707592E-03  7.9265278E-03  4.7661456E-03
   5.60000  4.2249435E-03  8.8381157E-03  5.3065746E-03
   5.80000  4.5491479E-03  9.7431285E-03  5.8524737E-03
   6.00000  4.8519031E-03  1.0662013E-02  6.4104494E-03
   6.20000  5.1423490E-03  1.1616193E-02  6.9875661E-03
   6.40000  5.4295286E-03  1.2627072E-02  7.5901995E-03
   6.60000  5.7226648E-03  1.3715499E-02  8.2239679E-03
   6.80000  6.0312951E-03  1.4900520E-02  8.8939378E-03
   7.00000  6.3651516E-03  1.6198927E-02  9.6049607E-03
   7.20000  6.7338260E-03  1.7626546E-02  1.0361862E-02
   7.40000  7.1462563E-03  1.9200984E-02  1.1169085E-02
   7.60000  7.6100988E-03  2.0944488E-02  1.2029611E-02
   7.80000  8.1310392E-03  2.2884939E-02  1.2943298E-02
   8.00000  8.7120886E-03  2.5053310E-02  1.3905108E-02
   8.20000  9.3529324E-03  2.7477466E-02  1.4903829E-02
   8.40000  1.0049505E-02  3.0173795E-02  1.5922029E-02
   8.60000  1.0794142E-02  3.3139122E-02  1.6938120E-02
   8.80000  1.1576802E-02  3.6345246E-02  1.7931158E-02
   9.00000  1.2387611E-02  3.9737127E-02  1.8887750E-02
   9.20000  1.3220228E-02  4.3233279E-02  1.9808407E-02
   9.40000  1.4074616E-02  4.6725699E-02  2.0709510E-02
   9.60000  1.4957558E-02  5.0079279E-02  2.1618739E-02
   9.80000  1.5880298E-02  5.3135297E-02  2.2565530E-02
   10.0000  1.6854690E-02  5.5723804E-02  2.3571074E-02
   10.2500  1.8159555E-02  5.8060175E-02  2.4919706E-02
   10.5000  1.9569153E-02  5.9188801E-02  2.6351758E-02
   10.7500  2.1077121E-02  5.9040693E-02  2.7823169E-02
   11.0000  2.2657727E-02  5.7726401E-02  2.9274440E-02
   11.2500  2.4267281E-02  5.5486740E-02  3.0640363E-02
   11.5000  2.5850066E-02  5.2612522E-02  3.1860948E-02
   11.7500  2.7348113E-02  4.9379265E-02  3.2892142E-02
   12.0000  2.8713313E-02  4.6014126E-02  3.3714310E-02
   12.2500  2.9917724E-02  4.2687006E-02  3.4335734E-02
   12.5000  3.0956080E-02  3.9515154E-02  3.4789041E-02
   12.7500  3.1840953E-02  3.6573558E-02  3.5121724E-02
   13.0000  3.2597049E-02  3.3904606E-02  3.5384435E-02
   13.2500  3.3256478E-02  3.1526018E-02  3.5621295E-02
   13.5000  3.3853952E-02  2.9437880E-02  3.5864745E-02
   13.7500  3.4422246E-02  2.7628309E-02  3.6134877E-02
   14.0000  3.4988829E-02  2.6077839E-02  3.6441539E-02
   14.2500  3.5574025E-02  2.4762902E-02  3.6787235E-02
   14.5000  3.6190391E-02  2.3658509E-02  3.7169468E-02
   14.7500  3.6842839E-02  2.2740153E-02  3.7582072E-02
   15.0000  3.7529212E-02  2.1985002E-02  3.8015703E-02
   15.2500  3.8241105E-02  2.1372557E-02  3.8457996E-02
   15.5000  3.8964863E-02  2.0884895E-02  3.8893854E-02
   15.7500  3.9682710E-02  2.0506655E-02  3.9306120E-02
   16.0000  4.0373976E-02  2.0224844E-02  3.9676724E-02
   16.2500  4.1016444E-02  2.0028554E-02  3.9988166E-02
   16.5000  4.1587822E-02  1.9908648E-02  4.0225118E-02
   16.7500  4.2067339E-02  1.9857446E-02  4.0375889E-02
   17.0000  4.2437425E-02  1.9868451E-02  4.0433508E-02
   17.2500  4.2685345E-02  1.9936100E-02  4.0396237E-02
   17.5000  4.2804584E-02  2.0055571E-02  4.0267460E-02
   17.7500  4.2795726E-02  2.0222627E-02  4.0054986E-02
   18.0000  4.2666650E-02  2.0433500E-02  3.9769929E-02
   18.2500  4.2431901E-02  2.0684793E-02  3.9425391E-02
   18.5000  4.2111329E-02  2.0973418E-02  3.9035167E-02
   18.7500  4.1728170E-02  2.1296546E-02  3.8612648E-02
   19.0000  4.1306866E-02  2.1651590E-02  3.8170004E-02
   19.2500  4.0870922E-02  2.2036220E-02  3.7717656E-02
   19.5000  4.0441056E-02  2.2448388E-02  3.7263990E-02
   19.7500  4.0033858E-02  2.2886293E-02  3.6815325E-02
   20.0000  3.9661188E-02  2.3348149E-02  3.6376192E-02
   21.0000  3.8611640E-02  2.5380196E-02  3.4773802E-02
   22.0000  3.8150332E-02  2.7548969E-02  3.3474913E-02
   23.0000  3.7783377E-02  2.9629703E-02  3.2433952E-02
   24.0000  3.7059080E-02  3.1380785E-02  3.1555965E-02
   25.0000  3.5837902E-02  3.2605645E-02  3.0761205E-02
   26.0000  3.4249167E-02  3.3220615E-02  3.0009150E-02
   27.0000  3.2522201E-02  3.3275012E-02  2.9306040E-02
   28.0000  3.0857531E-02  3.2909016E-02  2.8690303E-02
   29.0000  2.9363488E-02  3.2274574E-02  2.8188460E-02
   30.0000  2.8090538E-02  3.1491414E-02  2.7802259E-02
   31.0000  2.7052591E-02  3.0638719E-02  2.7510841E-02
   32.0000  2.6226693E-02  2.9761879E-02  2.7276655E-02
   33.0000  2.5563909E-02  2.8883978E-02  2.7055913E-02
   34.0000  2.5007179E-02  2.8016151E-02  2.6808747E-02
   35.0000  2.4505632E-02  2.7164293E-02  2.6505622E-02
   36.0000  2.4022735E-02  2.6332970E-02  2.6130282E-02
   37.0000  2.3540322E-02  2.5528936E-02  2.5681196E-02
   38.0000  2.3060926E-02  2.4766978E-02  2.5175167E-02
   39.0000  2.2610269E-02  2.4080318E-02  2.4657247E-02
   40.0000  2.2234632E-02  2.3525331E-02  2.4206676E-02
