  7709.000   27  1  1  1.9222038E-02 -3.0703400E+00 -3.1670253E-01  1  1  7.5670212E+03  8.0000000E+03  0.0000000E+00  1.1792254E+00  1.0000000E+00  0.0000000E+00  = E_edge, Z, n_edge, j_edge, Abs_before_edge, VO_interstitial, E_cut, ninit, ninit1, Epsii, UnitCell_Volume, Surface_ref, f0_forward, natomsym_f, abs_u_iso
    Energy   (100,001)      (010,001)      (001,110)   
  -25.0000  4.5387101E-09  1.1979420E-09  5.7787568E-10
  -24.0000  1.2896595E-08  3.3359720E-09  1.4937621E-09
  -23.0000  4.5770458E-08  1.1742409E-08  4.7473118E-09
  -22.0000  2.5712742E-07  6.9461784E-08  2.3530588E-08
  -21.0000  1.0469921E-05  1.3154153E-05  1.0421406E-06
  -20.0000  3.0372449E-06  5.4020042E-07  1.3388076E-06
  -19.0000  1.1153733E-06  6.2430719E-07  6.8485482E-07
  -18.0000  1.0795895E-06  3.0804118E-07  1.9638432E-07
  -17.0000  1.8632940E-06  4.0797634E-07  2.0374450E-07
  -16.0000  1.2195879E-05  1.7921237E-06  8.8243070E-07
  -15.0000  3.0835159E-06  1.9486751E-06  9.7864368E-07
  -14.0000  2.9032027E-06  3.3710425E-06  4.2880845E-06
  -13.0000  9.0231470E-07  1.2212651E-06  2.8287311E-06
  -12.0000  4.8868125E-05  2.2133164E-03  3.1812484E-04
  -11.0000  2.2489724E-05  6.3494314E-06  3.4891563E-06
  -10.0000  9.0344663E-03  6.6573369E-03  9.6000264E-03
  -9.00000  8.4881380E-05  3.3880245E-05  1.0052335E-05
  -8.00000  1.6174756E-04  5.9279748E-05  1.3077164E-05
  -7.00000  1.1691275E-03  2.6007622E-03  1.0923076E-04
  -6.00000  5.6040572E-04  8.4712345E-04  5.1672953E-04
  -5.00000  2.1033891E-04  5.6218089E-05  3.3859292E-04
  -4.00000  1.7091888E-04  1.6199332E-04  2.0960163E-04
  -3.00000  5.5015328E-04  5.8422936E-04  2.6483559E-04
  -2.00000  6.2681559E-05  7.3117155E-05  2.4203956E-05
  -1.00000  6.6160655E-05  7.8014360E-05  2.4694039E-05
   0.00000  1.0120171E-04  7.7356828E-05  5.8019775E-05
   1.00000  8.8534442E-05  1.1723589E-04  1.0844027E-04
   2.00000  7.5500737E-05  9.3062853E-05  7.2619403E-05
   3.00000  9.3531214E-05  1.2240627E-04  9.4402399E-05
   4.00000  1.4003056E-04  2.0168096E-04  1.5859402E-04
   5.00000  2.7479029E-04  5.9275445E-04  4.0632961E-04
   5.20000  3.3160916E-04  9.4069513E-04  5.5548751E-04
   5.40000  4.1184183E-04  1.3589237E-03  8.3554200E-04
   5.60000  5.3454151E-04  1.2421137E-03  1.4369126E-03
   5.80000  7.8894837E-04  1.4229313E-03  3.0654140E-03
   6.00000  1.3840986E-03  2.1185339E-03  5.8849815E-03
   6.20000  1.9855773E-03  3.6473642E-03  1.0299052E-02
   6.40000  2.0889257E-03  6.3556459E-03  1.1068696E-02
   6.60000  2.0442568E-03  8.4178527E-03  9.2433257E-03
   6.80000  2.4229868E-03  9.1594591E-03  9.3054293E-03
   7.00000  3.5529997E-03  1.0654354E-02  1.2163975E-02
   7.20000  5.3750594E-03  1.2320527E-02  1.8179442E-02
   7.40000  7.2541714E-03  1.2821751E-02  2.0031043E-02
   7.60000  9.4327442E-03  1.3542875E-02  1.0090810E-02
   7.80000  1.1281015E-02  1.5276907E-02  8.3514778E-03
   8.00000  1.2944905E-02  1.5972755E-02  8.8400595E-03
   8.20000  1.3321309E-02  1.4913840E-02  8.8557896E-03
   8.40000  1.4473662E-02  1.6943970E-02  8.1939573E-03
   8.60000  1.5640614E-02  2.4975939E-02  7.9378622E-03
   8.80000  1.5612074E-02  4.0403640E-02  8.1843127E-03
   9.00000  1.5087088E-02  5.8090000E-02  8.2530933E-03
   9.20000  1.4844268E-02  5.4474372E-02  7.7866852E-03
   9.40000  1.6238754E-02  3.2579628E-02  7.2614808E-03
   9.60000  1.7926465E-02  2.1711770E-02  7.4103076E-03
   9.80000  1.8984053E-02  2.1592763E-02  8.6216684E-03
   10.0000  2.0229371E-02  2.5823516E-02  1.1185963E-02
   10.2500  2.2659833E-02  3.3326247E-02  1.7274243E-02
   10.5000  2.6905963E-02  3.8796724E-02  2.8969676E-02
   10.7500  3.4212686E-02  3.8341403E-02  4.9700232E-02
   11.0000  4.4305292E-02  3.4908054E-02  7.3968454E-02
   11.2500  5.7909255E-02  3.2113457E-02  8.2017518E-02
   11.5000  7.2074883E-02  3.0152398E-02  7.4227266E-02
   11.7500  7.3410295E-02  2.9237373E-02  6.2449709E-02
   12.0000  6.1055865E-02  3.0141474E-02  5.3590452E-02
   12.2500  4.9035107E-02  3.3721375E-02  4.8738179E-02
   12.5000  4.1379696E-02  4.2489254E-02  4.7188270E-02
   12.7500  3.7233360E-02  6.0991851E-02  4.7263050E-02
   13.0000  3.5072785E-02  8.8385160E-02  4.7668114E-02
   13.2500  3.3956140E-02  1.0028414E-01  4.8551249E-02
   13.5000  3.2831839E-02  8.6572025E-02  4.9073870E-02
   13.7500  3.2351153E-02  6.6011270E-02  4.8035733E-02
   14.0000  3.2248136E-02  5.0383089E-02  4.5473440E-02
   14.2500  3.2333436E-02  4.0089798E-02  4.1674223E-02
   14.5000  3.2393641E-02  3.3497213E-02  3.7364537E-02
   14.7500  3.2309749E-02  2.9295334E-02  3.3522209E-02
   15.0000  3.2067139E-02  2.6620369E-02  3.0765211E-02
   15.2500  3.1577621E-02  2.5629141E-02  2.8920063E-02
   15.5000  3.1145679E-02  2.5002788E-02  2.8071684E-02
   15.7500  3.1143482E-02  2.4487829E-02  2.7810491E-02
   16.0000  3.1522153E-02  2.4235686E-02  2.7640488E-02
   16.2500  3.2240079E-02  2.4013825E-02  2.7241663E-02
   16.5000  3.3159912E-02  2.3617106E-02  2.6551639E-02
   16.7500  3.4119215E-02  2.3018173E-02  2.5778190E-02
   17.0000  3.4997602E-02  2.2368008E-02  2.5229651E-02
   17.2500  3.5733840E-02  2.1854498E-02  2.5120895E-02
   17.5000  3.6344123E-02  2.1606896E-02  2.5509486E-02
   17.7500  3.6882577E-02  2.1677449E-02  2.6343231E-02
   18.0000  3.7412154E-02  2.2052812E-02  2.7537781E-02
   18.2500  3.7983295E-02  2.2672860E-02  2.9023342E-02
   18.5000  3.8622874E-02  2.3450063E-02  3.0747555E-02
   18.7500  3.9322990E-02  2.4293560E-02  3.2657548E-02
   19.0000  4.0030313E-02  2.5138122E-02  3.4675397E-02
   19.2500  4.0647305E-02  2.5965223E-02  3.6691142E-02
   19.5000  4.1072736E-02  2.6800086E-02  3.8590575E-02
   19.7500  4.1250077E-02  2.7689389E-02  4.0291170E-02
   20.0000  4.1180322E-02  2.8671628E-02  4.1747969E-02
   21.0000  3.9369625E-02  3.3078248E-02  4.4779448E-02
   22.0000  3.8631230E-02  3.5454301E-02  4.2537130E-02
   23.0000  3.9646989E-02  3.7207666E-02  3.6971434E-02
   24.0000  3.9117036E-02  3.8746732E-02  3.3078336E-02
   25.0000  3.7161832E-02  3.8451614E-02  3.1655212E-02
   26.0000  3.5699911E-02  3.6993165E-02  3.2001541E-02
   27.0000  3.4752311E-02  3.5299962E-02  3.2632491E-02
   28.0000  3.4708164E-02  3.3759820E-02  3.2875169E-02
   29.0000  3.4965098E-02  3.2243888E-02  3.2499053E-02
   30.0000  3.4692413E-02  3.1007707E-02  3.1812864E-02
   31.0000  3.3362299E-02  3.0228468E-02  3.0934931E-02
   32.0000  3.1188795E-02  2.9643076E-02  2.9893732E-02
   33.0000  2.8686491E-02  2.8973790E-02  2.8786446E-02
   34.0000  2.6305865E-02  2.8186230E-02  2.7713501E-02
   35.0000  2.4248598E-02  2.7369928E-02  2.6723372E-02
   36.0000  2.2531866E-02  2.6616651E-02  2.5862103E-02
   37.0000  2.1136411E-02  2.5958089E-02  2.5138538E-02
   38.0000  2.0055901E-02  2.5345582E-02  2.4477432E-02
   39.0000  1.9301589E-02  2.4696190E-02  2.3731079E-02
   40.0000  1.8866683E-02  2.3930815E-02  2.2770574E-02
