  7709.000   27  1  1  1.9222038E-02 -2.8784752E+00 -2.7536125E-01  1  1  7.5667520E+03  8.0000000E+03  0.0000000E+00  1.1792254E+00  1.0000000E+00  0.0000000E+00  = E_edge, Z, n_edge, j_edge, Abs_before_edge, VO_interstitial, E_cut, ninit, ninit1, Epsii, UnitCell_Volume, Surface_ref, f0_forward, natomsym_f, abs_u_iso
    Energy   (100,001)      (010,001)      (001,110)   
  -25.0000  4.3613704E-09  1.0372187E-09  5.3654553E-10
  -24.0000  1.2259653E-08  2.8183601E-09  1.3901661E-09
  -23.0000  4.2565162E-08  9.5038983E-09  4.4094478E-09
  -22.0000  2.2522663E-07  5.0625156E-08  2.1197755E-08
  -21.0000  5.5112573E-06  2.4972042E-06  4.9070415E-07
  -20.0000  4.5907833E-06  3.7498322E-07  1.2264139E-06
  -19.0000  1.1894751E-06  7.4905214E-07  9.9318986E-07
  -18.0000  1.1470705E-06  2.9504934E-07  2.2604714E-07
  -17.0000  1.9120842E-06  3.4597634E-07  2.5171140E-07
  -16.0000  9.4193869E-06  9.2595532E-07  1.0714844E-06
  -15.0000  6.9351495E-06  1.4007912E-06  2.0271303E-06
  -14.0000  7.5634106E-06  5.8066353E-06  1.0219900E-05
  -13.0000  7.6210348E-07  1.1547443E-06  2.5812718E-06
  -12.0000  5.2998504E-04  5.7566096E-02  4.0198012E-02
  -11.0000  1.9750755E-05  5.8260761E-06  3.6297222E-06
  -10.0000  1.1937160E-02  2.3411352E-03  8.0484108E-04
  -9.00000  1.5765745E-04  3.3974700E-05  7.3040708E-06
  -8.00000  7.6372572E-05  4.4596432E-05  6.9187408E-06
  -7.00000  4.0247694E-04  6.6812258E-04  1.0390283E-03
  -6.00000  4.8635968E-04  1.0473822E-03  7.1207678E-04
  -5.00000  6.0774827E-04  4.3552806E-05  1.2346418E-03
  -4.00000  2.2850984E-04  1.0545009E-04  1.6663610E-04
  -3.00000  7.4436627E-04  4.1954336E-04  4.8650548E-04
  -2.00000  6.5421150E-05  7.3359029E-05  2.8646877E-05
  -1.00000  5.8320484E-05  6.5012578E-05  2.0619513E-05
   0.00000  9.3125892E-05  1.1419499E-04  9.0573091E-05
   1.00000  1.0262272E-04  1.1585593E-04  1.1033034E-04
   2.00000  7.9898883E-05  9.9198645E-05  7.9329800E-05
   3.00000  9.6360570E-05  1.2619276E-04  1.0215409E-04
   4.00000  1.4132221E-04  2.1290724E-04  1.7077154E-04
   5.00000  2.6749128E-04  6.4404751E-04  4.4258681E-04
   5.20000  3.1868416E-04  9.9738360E-04  6.1014537E-04
   5.40000  3.8900427E-04  1.4967390E-03  9.2183822E-04
   5.60000  4.9061980E-04  1.5030496E-03  1.5250622E-03
   5.80000  6.6225743E-04  1.9007074E-03  2.9791322E-03
   6.00000  1.0476748E-03  3.0953331E-03  6.1937959E-03
   6.20000  1.4971173E-03  5.0135621E-03  1.2310030E-02
   6.40000  1.5095234E-03  9.0421277E-03  1.2082219E-02
   6.60000  1.6412239E-03  1.0647601E-02  8.8224543E-03
   6.80000  2.2615701E-03  1.0693299E-02  8.2648301E-03
   7.00000  3.4512059E-03  1.1853574E-02  9.8727347E-03
   7.20000  5.1465769E-03  1.2853414E-02  1.3498601E-02
   7.40000  6.8847549E-03  1.2074581E-02  1.8599094E-02
   7.60000  8.4500251E-03  1.2576591E-02  1.4440059E-02
   7.80000  1.0647117E-02  1.5011126E-02  8.0401723E-03
   8.00000  1.2634690E-02  1.5898181E-02  6.4106729E-03
   8.20000  1.3116268E-02  1.5331267E-02  6.0772485E-03
   8.40000  1.3618686E-02  1.6872944E-02  6.2642677E-03
   8.60000  1.4078901E-02  2.3030629E-02  6.8603603E-03
   8.80000  1.3800493E-02  3.4915125E-02  7.5889739E-03
   9.00000  1.3390900E-02  4.9378441E-02  8.0348301E-03
   9.20000  1.3256098E-02  4.8555608E-02  7.9712885E-03
   9.40000  1.4460005E-02  3.0488406E-02  7.8849673E-03
   9.60000  1.5390979E-02  2.6636019E-02  8.5313293E-03
   9.80000  1.6135915E-02  3.1005835E-02  1.0309085E-02
   10.0000  1.7608276E-02  3.7820471E-02  1.3758000E-02
   10.2500  2.0799117E-02  4.6860302E-02  2.1663141E-02
   10.5000  2.5779882E-02  5.1037983E-02  3.6420679E-02
   10.7500  3.3453893E-02  4.8826722E-02  6.0776939E-02
   11.0000  4.4597892E-02  4.5072125E-02  8.6301076E-02
   11.2500  5.8494572E-02  4.2314409E-02  8.9904430E-02
   11.5000  7.0270716E-02  4.0034244E-02  7.4858812E-02
   11.7500  6.9580084E-02  3.8968149E-02  5.9489550E-02
   12.0000  5.8601549E-02  4.0660059E-02  4.9447898E-02
   12.2500  4.7328079E-02  4.7236999E-02  4.4171096E-02
   12.5000  4.0611425E-02  6.1849181E-02  4.2446339E-02
   12.7500  3.6766058E-02  8.4075798E-02  4.2413995E-02
   13.0000  3.4478110E-02  9.5773030E-02  4.3160621E-02
   13.2500  3.2917153E-02  8.5052633E-02  4.4086016E-02
   13.5000  3.1969798E-02  6.6030600E-02  4.4350752E-02
   13.7500  3.1438878E-02  5.0462480E-02  4.3552386E-02
   14.0000  3.1497772E-02  4.0407572E-02  4.1647272E-02
   14.2500  3.1824965E-02  3.3686217E-02  3.8739863E-02
   14.5000  3.2143306E-02  2.9264673E-02  3.5419143E-02
   14.7500  3.2282965E-02  2.6402690E-02  3.2456791E-02
   15.0000  3.2216985E-02  2.4578950E-02  3.0291470E-02
   15.2500  3.2049558E-02  2.3423559E-02  2.8950992E-02
   15.5000  3.1673642E-02  2.3083987E-02  2.7687652E-02
   15.7500  3.1808701E-02  2.3063602E-02  2.7243648E-02
   16.0000  3.2350069E-02  2.2805569E-02  2.6857742E-02
   16.2500  3.3198750E-02  2.2572654E-02  2.6314951E-02
   16.5000  3.4176177E-02  2.2250113E-02  2.5585805E-02
   16.7500  3.5096153E-02  2.1833315E-02  2.4867348E-02
   17.0000  3.5853217E-02  2.1439285E-02  2.4436481E-02
   17.2500  3.6449178E-02  2.1213837E-02  2.4469670E-02
   17.5000  3.6937907E-02  2.1255219E-02  2.4986114E-02
   17.7500  3.7398622E-02  2.1600300E-02  2.5913366E-02
   18.0000  3.7888518E-02  2.2229223E-02  2.7161644E-02
   18.2500  3.8433452E-02  2.3081641E-02  2.8663900E-02
   18.5000  3.9033587E-02  2.4076851E-02  3.0379499E-02
   18.7500  3.9662456E-02  2.5138143E-02  3.2274274E-02
   19.0000  4.0261532E-02  2.6213411E-02  3.4297731E-02
   19.2500  4.0755387E-02  2.7282605E-02  3.6372240E-02
   19.5000  4.1082635E-02  2.8346739E-02  3.8401561E-02
   19.7500  4.1233521E-02  2.9409235E-02  4.0292436E-02
   20.0000  4.1244068E-02  3.0463766E-02  4.1969237E-02
   21.0000  4.0509770E-02  3.3829275E-02  4.5676019E-02
   22.0000  4.0306550E-02  3.4941095E-02  4.3226584E-02
   23.0000  4.0980485E-02  3.6332052E-02  3.7248407E-02
   24.0000  4.0166771E-02  3.7437616E-02  3.3212775E-02
   25.0000  3.8035677E-02  3.6610907E-02  3.1675634E-02
   26.0000  3.6161520E-02  3.4850333E-02  3.1793288E-02
   27.0000  3.4842192E-02  3.3166522E-02  3.2105488E-02
   28.0000  3.4577914E-02  3.1810796E-02  3.2038279E-02
   29.0000  3.4618181E-02  3.0580794E-02  3.1513863E-02
   30.0000  3.4037028E-02  2.9665247E-02  3.0852955E-02
   31.0000  3.2383488E-02  2.9127186E-02  3.0134998E-02
   32.0000  2.9954297E-02  2.8668883E-02  2.9327736E-02
   33.0000  2.7303889E-02  2.8049583E-02  2.8457260E-02
   34.0000  2.4876568E-02  2.7278443E-02  2.7575552E-02
   35.0000  2.2870167E-02  2.6464341E-02  2.6729841E-02
   36.0000  2.1333304E-02  2.5704171E-02  2.5986348E-02
   37.0000  2.0265752E-02  2.5015747E-02  2.5351746E-02
   38.0000  1.9645329E-02  2.4350555E-02  2.4733507E-02
   39.0000  1.9428756E-02  2.3638835E-02  2.3982417E-02
   40.0000  1.9495301E-02  2.2825461E-02  2.2986806E-02
