  7709.000   27  1  1  1.9222038E-02 -2.9387101E+00 -2.4124532E-01  1  1  7.5667033E+03  8.0000000E+03  0.0000000E+00  1.1792254E+00  1.0000000E+00  0.0000000E+00  = E_edge, Z, n_edge, j_edge, Abs_before_edge, VO_interstitial, E_cut, ninit, ninit1, Epsii, UnitCell_Volume, Surface_ref, f0_forward, natomsym_f, abs_u_iso
    Energy   (100,001)      (010,001)      (001,110)   
  -25.0000  5.6706138E-09  1.3235597E-09  5.7637793E-10
  -24.0000  1.7109570E-08  3.8799743E-09  1.5891171E-09
  -23.0000  6.8202629E-08  1.5217231E-08  5.7865871E-09
  -22.0000  5.4400136E-07  1.3061759E-07  4.4242059E-08
  -21.0000  2.9409364E-04  1.4456172E-05  2.2392535E-05
  -20.0000  1.8030426E-06  6.6031900E-07  1.2811738E-06
  -19.0000  8.8699475E-07  4.7154247E-07  5.1564033E-07
  -18.0000  1.0353886E-06  2.8429027E-07  1.5861956E-07
  -17.0000  2.1901138E-06  4.6210171E-07  1.9041126E-07
  -16.0000  2.9622508E-03  1.0910504E-03  2.7631779E-05
  -15.0000  1.1938546E-06  1.1707292E-06  8.5511307E-07
  -14.0000  6.8448160E-06  5.9317538E-06  9.9493597E-06
  -13.0000  1.0013722E-06  1.1927155E-06  2.5467354E-06
  -12.0000  1.3365802E-05  1.2359106E-04  1.4367409E-04
  -11.0000  3.0521349E-05  8.2414685E-06  3.5473934E-06
  -10.0000  8.7591545E-03  3.8450998E-04  5.0318097E-04
  -9.00000  4.6575650E-05  1.4731914E-05  3.0280496E-06
  -8.00000  8.8920426E-03  5.5014764E-04  4.7304957E-04
  -7.00000  3.1205677E-04  2.4130299E-04  1.4042040E-03
  -6.00000  5.5364798E-03  3.8853115E-03  4.2386613E-03
  -5.00000  4.1485196E-04  1.5163106E-04  2.6366484E-03
  -4.00000  3.5998093E-04  1.1211010E-04  2.2852084E-04
  -3.00000  1.8418755E-03  1.0186517E-03  1.3511160E-03
  -2.00000  6.8839038E-05  8.9786880E-05  3.1361786E-05
  -1.00000  6.5051081E-05  8.1012181E-05  2.7415247E-05
   0.00000  1.0962660E-04  1.1789628E-04  5.1880608E-05
   1.00000  8.2624532E-05  1.0607138E-04  9.9565804E-05
   2.00000  7.2318821E-05  8.9179884E-05  7.1351005E-05
   3.00000  8.8300213E-05  1.1751194E-04  9.0911501E-05
   4.00000  1.2913331E-04  1.8903818E-04  1.4558011E-04
   5.00000  2.4530741E-04  4.6434078E-04  3.4483663E-04
   5.20000  2.9373067E-04  6.5925319E-04  4.7415222E-04
   5.40000  3.6054533E-04  1.0551088E-03  7.4391766E-04
   5.60000  4.4504500E-04  1.5148739E-03  1.2326569E-03
   5.80000  5.5540638E-04  1.3988482E-03  1.7966220E-03
   6.00000  7.7466516E-04  1.3475237E-03  3.2522308E-03
   6.20000  1.2852324E-03  1.6471547E-03  5.7573658E-03
   6.40000  1.8527671E-03  2.3294184E-03  5.7413928E-03
   6.60000  2.3880484E-03  3.8664353E-03  7.7278118E-03
   6.80000  2.4980635E-03  6.1977763E-03  9.0176211E-03
   7.00000  2.8875398E-03  9.0484980E-03  8.3634714E-03
   7.20000  3.9967620E-03  1.2835975E-02  7.4732594E-03
   7.40000  5.5987977E-03  1.7517158E-02  6.7629513E-03
   7.60000  7.4925928E-03  2.1060844E-02  7.5039674E-03
   7.80000  9.5611442E-03  2.3625679E-02  1.0499980E-02
   8.00000  1.2264513E-02  2.8375104E-02  1.7601869E-02
   8.20000  1.6332680E-02  3.6259176E-02  3.2589821E-02
   8.40000  1.9690484E-02  4.1450992E-02  4.8117475E-02
   8.60000  1.7870896E-02  4.1131057E-02  3.6449353E-02
   8.80000  1.5630576E-02  4.4519873E-02  2.1848541E-02
   9.00000  1.5353266E-02  4.0448027E-02  1.7565370E-02
   9.20000  1.4802242E-02  2.1725171E-02  1.7127495E-02
   9.40000  1.5526135E-02  1.6118135E-02  1.4491883E-02
   9.60000  1.7126583E-02  1.9693770E-02  1.2764918E-02
   9.80000  1.8605834E-02  2.6814408E-02  1.2817089E-02
   10.0000  2.0076608E-02  3.6128312E-02  1.4891514E-02
   10.2500  2.2862936E-02  4.8700859E-02  2.1803846E-02
   10.5000  2.8041386E-02  5.6095045E-02  3.7168303E-02
   10.7500  3.7312668E-02  5.2317890E-02  6.5193208E-02
   11.0000  5.1626004E-02  4.3909263E-02  9.3121224E-02
   11.2500  6.9706158E-02  3.9298642E-02  9.4851227E-02
   11.5000  8.2765463E-02  3.8375504E-02  7.6259368E-02
   11.7500  7.6860627E-02  3.9693247E-02  5.9418487E-02
   12.0000  6.2263886E-02  4.3217748E-02  4.8977587E-02
   12.2500  5.0481814E-02  5.1069615E-02  4.3830424E-02
   12.5000  4.3087594E-02  6.7227665E-02  4.2044853E-02
   12.7500  3.8701052E-02  9.1140284E-02  4.2221736E-02
   13.0000  3.6156618E-02  9.8830922E-02  4.4026888E-02
   13.2500  3.4740659E-02  8.0468583E-02  4.6251558E-02
   13.5000  3.4192344E-02  5.9569394E-02  4.6694321E-02
   13.7500  3.3620842E-02  4.4326520E-02  4.5411592E-02
   14.0000  3.3275918E-02  3.5259769E-02  4.2487058E-02
   14.2500  3.2665994E-02  2.9296680E-02  3.8526040E-02
   14.5000  3.1819172E-02  2.5357737E-02  3.4323188E-02
   14.7500  3.0944615E-02  2.2809052E-02  3.0755297E-02
   15.0000  3.0235735E-02  2.1261494E-02  2.8281893E-02
   15.2500  2.9827082E-02  2.0436353E-02  2.6836752E-02
   15.5000  2.9715445E-02  2.0012766E-02  2.5857963E-02
   15.7500  3.0014002E-02  2.0983086E-02  2.5134660E-02
   16.0000  3.0975014E-02  2.1271969E-02  2.4731905E-02
   16.2500  3.2314257E-02  2.1615582E-02  2.4233301E-02
   16.5000  3.3834109E-02  2.1856177E-02  2.3652801E-02
   16.7500  3.5309160E-02  2.1900802E-02  2.3186036E-02
   17.0000  3.6577482E-02  2.1788987E-02  2.3071279E-02
   17.2500  3.7600045E-02  2.1654232E-02  2.3432470E-02
   17.5000  3.8415601E-02  2.1633914E-02  2.4237503E-02
   17.7500  3.9097562E-02  2.1822872E-02  2.5370219E-02
   18.0000  3.9696606E-02  2.2261774E-02  2.6714909E-02
   18.2500  4.0230549E-02  2.2942211E-02  2.8192984E-02
   18.5000  4.0691182E-02  2.3825078E-02  2.9760805E-02
   18.7500  4.1052204E-02  2.4858715E-02  3.1389448E-02
   19.0000  4.1275681E-02  2.5993214E-02  3.3043185E-02
   19.2500  4.1312092E-02  2.7187728E-02  3.4673669E-02
   19.5000  4.1131713E-02  2.8401873E-02  3.6232409E-02
   19.7500  4.0755162E-02  2.9595705E-02  3.7689675E-02
   20.0000  4.0242236E-02  3.0736001E-02  3.9027185E-02
   21.0000  3.7740371E-02  3.4258752E-02  4.2542376E-02
   22.0000  3.7314206E-02  3.5712784E-02  4.1202928E-02
   23.0000  3.7695801E-02  3.7274528E-02  3.5796473E-02
   24.0000  3.6932322E-02  3.8336396E-02  3.1736114E-02
   25.0000  3.5370554E-02  3.7222293E-02  3.0375624E-02
   26.0000  3.3722622E-02  3.5228227E-02  3.0796253E-02
   27.0000  3.3026455E-02  3.3571529E-02  3.1854614E-02
   28.0000  3.3020501E-02  3.2294405E-02  3.2332017E-02
   29.0000  3.3572087E-02  3.1178301E-02  3.2113119E-02
   30.0000  3.3808044E-02  3.0303881E-02  3.1486418E-02
   31.0000  3.2842438E-02  2.9766727E-02  3.0622108E-02
   32.0000  3.0740379E-02  2.9302785E-02  2.9575991E-02
   33.0000  2.8151015E-02  2.8625651E-02  2.8428025E-02
   34.0000  2.5684102E-02  2.7712400E-02  2.7289690E-02
   35.0000  2.3600159E-02  2.6683965E-02  2.6241806E-02
   36.0000  2.1930059E-02  2.5671871E-02  2.5350908E-02
   37.0000  2.0644726E-02  2.4753283E-02  2.4612951E-02
   38.0000  1.9712844E-02  2.3931398E-02  2.3911398E-02
   39.0000  1.9097234E-02  2.3170154E-02  2.3080195E-02
   40.0000  1.8723569E-02  2.2408793E-02  2.2015550E-02
