  7709.000   27  1  1  1.9222038E-02 -4.5909557E+00 -3.3043475E-01  1  1  7.5663612E+03  8.0000000E+03  0.0000000E+00  1.1792254E+00  1.0000000E+00  0.0000000E+00  = E_edge, Z, n_edge, j_edge, Abs_before_edge, VO_interstitial, E_cut, ninit, ninit1, Epsii, UnitCell_Volume, Surface_ref, f0_forward, natomsym_f, abs_u_iso
    Energy   (100,001)      (010,001)      (001,110)   
  -25.0000  4.2315896E-09  1.1793684E-09  7.9332528E-10
  -24.0000  1.0816716E-08  2.8869061E-09  1.8222384E-09
  -23.0000  3.2112081E-08  8.2224575E-09  4.7403123E-09
  -22.0000  1.2314773E-07  3.0575487E-08  1.5194871E-08
  -21.0000  8.6096325E-07  2.2194566E-07  7.8617772E-08
  -20.0000  4.3200294E-05  9.2735992E-06  3.2956945E-06
  -19.0000  6.0819903E-06  9.8503900E-06  3.2170329E-05
  -18.0000  2.3865664E-06  9.1747635E-07  9.5335190E-07
  -17.0000  2.7048047E-06  6.6476527E-07  5.3352358E-07
  -16.0000  6.3499186E-06  1.0542322E-06  8.3604376E-07
  -15.0000  1.3211157E-04  4.7809279E-05  2.1152302E-05
  -14.0000  5.0931238E-06  9.3522388E-06  5.9974269E-06
  -13.0000  1.0427542E-06  2.4295785E-06  4.3499228E-06
  -12.0000  3.5957286E-05  1.2154256E-04  4.4650917E-04
  -11.0000  1.4447071E-05  7.8152048E-06  1.3175081E-05
  -10.0000  1.4473673E-04  3.6625261E-05  2.1065492E-05
  -9.00000  2.1162448E-03  2.5559669E-04  1.2761461E-05
  -8.00000  1.3180693E-04  3.3537626E-05  1.6610535E-05
  -7.00000  9.8392436E-04  2.4415205E-04  1.7256982E-04
  -6.00000  5.8979743E-04  3.1146721E-04  1.6714999E-04
  -5.00000  2.9136665E-03  1.2955182E-03  1.4796101E-03
  -4.00000  1.6539321E-03  2.0480121E-03  1.2803865E-03
  -3.00000  1.0464261E-02  4.6837307E-02  7.8729254E-03
  -2.00000  7.6052502E-04  1.3385863E-03  8.8464249E-04
  -1.00000  4.4680655E-04  6.3035043E-04  3.6355911E-04
   0.00000  2.8953076E-03  6.6882969E-03  6.3655653E-03
   1.00000  3.9524366E-04  5.5004395E-04  4.1678459E-04
   2.00000  4.1849194E-04  6.2163963E-04  4.1845776E-04
   3.00000  5.8057175E-04  8.8861246E-04  5.5655228E-04
   4.00000  8.9284760E-04  1.3795123E-03  8.8395831E-04
   5.00000  1.3422392E-03  2.4454997E-03  1.7520659E-03
   5.20000  1.4333262E-03  2.8553172E-03  2.0782754E-03
   5.40000  1.5538213E-03  3.3780453E-03  2.5019520E-03
   5.60000  1.7362459E-03  4.0224418E-03  3.0662238E-03
   5.80000  1.9897887E-03  4.8145669E-03  3.8455981E-03
   6.00000  2.3053994E-03  5.7867055E-03  4.9591630E-03
   6.20000  2.6597681E-03  6.9157456E-03  6.5525274E-03
   6.40000  3.0214064E-03  8.1088674E-03  8.6709399E-03
   6.60000  3.3826950E-03  9.3178071E-03  1.0984581E-02
   6.80000  3.7643758E-03  1.0711559E-02  1.2788756E-02
   7.00000  4.1880976E-03  1.2625452E-02  1.3560402E-02
   7.20000  4.6735103E-03  1.4998871E-02  1.3256595E-02
   7.40000  5.2180114E-03  1.7413634E-02  1.2070995E-02
   7.60000  5.8208646E-03  1.9524579E-02  1.0506652E-02
   7.80000  6.4855114E-03  2.1337031E-02  9.1197297E-03
   8.00000  7.2437543E-03  2.3072194E-02  8.2175315E-03
   8.20000  8.0986138E-03  2.5054412E-02  7.8502723E-03
   8.40000  9.0341502E-03  2.6896840E-02  7.9689670E-03
   8.60000  9.9265375E-03  2.7343672E-02  8.5024441E-03
   8.80000  1.0661939E-02  2.5293327E-02  9.3927856E-03
   9.00000  1.1389118E-02  2.1912591E-02  1.0637016E-02
   9.20000  1.2408520E-02  1.9431388E-02  1.2305153E-02
   9.40000  1.3900773E-02  1.8759457E-02  1.4508933E-02
   9.60000  1.5954147E-02  1.9755643E-02  1.7382991E-02
   9.80000  1.8787848E-02  2.2273037E-02  2.1251206E-02
   10.0000  2.2304175E-02  2.5309139E-02  2.5999084E-02
   10.2500  2.8012176E-02  3.0383419E-02  3.3710883E-02
   10.5000  3.5266171E-02  3.6630882E-02  4.3651922E-02
   10.7500  4.3592449E-02  4.3901918E-02  5.5447216E-02
   11.0000  5.1408685E-02  5.2034629E-02  6.7210296E-02
   11.2500  5.6346171E-02  6.0671950E-02  7.5568589E-02
   11.5000  5.7175052E-02  6.9054060E-02  7.8047804E-02
   11.7500  5.5275637E-02  7.5820028E-02  7.5082159E-02
   12.0000  5.2038645E-02  7.8669843E-02  6.9443357E-02
   12.2500  4.8948483E-02  7.7138066E-02  6.3017803E-02
   12.5000  4.6381709E-02  7.1868377E-02  5.6809267E-02
   12.7500  4.4341871E-02  6.4722532E-02  5.1324112E-02
   13.0000  4.2724674E-02  5.7371568E-02  4.6668187E-02
   13.2500  4.1431483E-02  5.0727166E-02  4.2766698E-02
   13.5000  4.0395158E-02  4.5088101E-02  3.9500451E-02
   13.7500  3.9526603E-02  4.1720112E-02  3.6768317E-02
   14.0000  3.8772657E-02  3.7350417E-02  3.4130889E-02
   14.2500  3.8260094E-02  3.4320811E-02  3.2192608E-02
   14.5000  3.7919433E-02  3.1836809E-02  3.0609556E-02
   14.7500  3.7727197E-02  2.9798778E-02  2.9338922E-02
   15.0000  3.7660304E-02  2.8128047E-02  2.8346529E-02
   15.2500  3.7696178E-02  2.6764521E-02  2.7606385E-02
   15.5000  3.7813605E-02  2.5665668E-02  2.7097700E-02
   15.7500  3.7986859E-02  2.4792209E-02  2.6799832E-02
   16.0000  3.8190274E-02  2.4118221E-02  2.6696891E-02
   16.2500  3.8393513E-02  2.3621639E-02  2.6771782E-02
   16.5000  3.8568730E-02  2.3283802E-02  2.7005507E-02
   16.7500  3.8697417E-02  2.3088743E-02  2.7378193E-02
   17.0000  3.8774261E-02  2.3022137E-02  2.7867384E-02
   17.2500  3.8809785E-02  2.3070863E-02  2.8450073E-02
   17.5000  3.8827205E-02  2.3223088E-02  2.9104939E-02
   17.7500  3.8853204E-02  2.3466192E-02  2.9812007E-02
   18.0000  3.8911033E-02  2.3786980E-02  3.0552333E-02
   18.2500  3.9014827E-02  2.4172209E-02  3.1309104E-02
   18.5000  3.9167120E-02  2.4608951E-02  3.2066466E-02
   18.7500  3.9360332E-02  2.5084475E-02  3.2809857E-02
   19.0000  3.9579187E-02  2.5586705E-02  3.3525389E-02
   19.2500  3.9802674E-02  2.6104343E-02  3.4195529E-02
   19.5000  4.0006991E-02  2.6630031E-02  3.4804413E-02
   19.7500  4.0167925E-02  2.7158624E-02  3.5333838E-02
   20.0000  4.0263353E-02  2.7689576E-02  3.5765213E-02
   21.0000  3.9742568E-02  2.9935664E-02  3.6242868E-02
   22.0000  3.8202747E-02  3.2677574E-02  3.5039905E-02
   23.0000  3.6878700E-02  3.5686293E-02  3.3809634E-02
   24.0000  3.5697786E-02  3.7637845E-02  3.3234009E-02
   25.0000  3.5249738E-02  3.8094333E-02  3.3558942E-02
   26.0000  3.4808959E-02  3.6865561E-02  3.3824652E-02
   27.0000  3.4260211E-02  3.4858331E-02  3.3646525E-02
   28.0000  3.3548176E-02  3.2836053E-02  3.3043531E-02
   29.0000  3.2521149E-02  3.1155761E-02  3.2195446E-02
   30.0000  3.1039953E-02  2.9896517E-02  3.1229548E-02
   31.0000  2.9202641E-02  2.8971404E-02  3.0213867E-02
   32.0000  2.7237125E-02  2.8253922E-02  2.9179275E-02
   33.0000  2.5324457E-02  2.7637400E-02  2.8148374E-02
   34.0000  2.3574020E-02  2.7055152E-02  2.7139646E-02
   35.0000  2.2053743E-02  2.6449187E-02  2.6150564E-02
   36.0000  2.0813443E-02  2.5766946E-02  2.5154201E-02
   37.0000  1.9889404E-02  2.4974287E-02  2.4102139E-02
   38.0000  1.9278629E-02  2.4061420E-02  2.2950079E-02
   39.0000  1.8898968E-02  2.3041834E-02  2.1697503E-02
   40.0000  1.8589848E-02  2.1954437E-02  2.0408608E-02
