  7709.000   27  1  1  1.9222038E-02 -4.7201584E+00 -3.0918255E-01  1  1  7.5661674E+03  8.0000000E+03  0.0000000E+00  1.1792254E+00  1.0000000E+00  0.0000000E+00  = E_edge, Z, n_edge, j_edge, Abs_before_edge, VO_interstitial, E_cut, ninit, ninit1, Epsii, UnitCell_Volume, Surface_ref, f0_forward, natomsym_f, abs_u_iso
    Energy   (100,001)      (010,001)      (001,110)   
  -25.0000  4.3129185E-09  1.2439183E-09  7.5210142E-10
  -24.0000  1.1089960E-08  3.0772609E-09  1.7388197E-09
  -23.0000  3.3166460E-08  8.8898885E-09  4.5852257E-09
  -22.0000  1.2828158E-07  3.3745478E-08  1.5173372E-08
  -21.0000  8.8878757E-07  2.5258549E-07  8.6216644E-08
  -20.0000  2.1294755E-04  1.7191560E-05  1.9045887E-05
  -19.0000  5.5469105E-06  2.3675112E-05  6.8081191E-05
  -18.0000  2.2496500E-06  9.3739901E-07  9.4710791E-07
  -17.0000  2.5952463E-06  7.0397581E-07  4.9819227E-07
  -16.0000  5.6584715E-06  1.1457184E-06  7.6076564E-07
  -15.0000  1.8435453E-04  1.0118924E-04  2.8589331E-05
  -14.0000  6.9332849E-06  1.2033059E-05  7.0772620E-06
  -13.0000  9.4981102E-07  2.1109127E-06  3.2678239E-06
  -12.0000  4.1958538E-06  9.5253001E-06  3.0688193E-05
  -11.0000  1.5542894E-05  1.5571266E-05  2.4818087E-05
  -10.0000  1.4910894E-04  3.6552597E-05  1.7204403E-05
  -9.00000  1.4188865E-03  1.5856129E-04  1.9240627E-05
  -8.00000  9.7937864E-05  3.0627064E-05  1.0917512E-05
  -7.00000  6.0491957E-03  2.7387711E-04  4.5912609E-04
  -6.00000  5.1609430E-04  2.6776012E-04  2.1362056E-04
  -5.00000  1.7475899E-01  4.6203363E-03  3.3754575E-03
  -4.00000  1.0076354E-02  1.2375081E-03  6.0807016E-03
  -3.00000  5.6241026E-03  1.2662677E-02  3.8683734E-03
  -2.00000  1.5512972E-03  1.5531878E-03  2.1342083E-03
  -1.00000  5.7853856E-04  7.8559450E-04  4.4063813E-04
   0.00000  1.0384371E-03  1.3325620E-03  9.7345892E-04
   1.00000  5.0553846E-04  4.9936971E-04  4.4019332E-04
   2.00000  4.1213540E-04  5.6567405E-04  3.7793827E-04
   3.00000  5.5221594E-04  7.9229138E-04  4.8955820E-04
   4.00000  8.4092478E-04  1.2273363E-03  7.4395410E-04
   5.00000  1.3365058E-03  2.1060878E-03  1.3516721E-03
   5.20000  1.4576987E-03  2.3899194E-03  1.5533824E-03
   5.40000  1.5813566E-03  2.7324914E-03  1.7964811E-03
   5.60000  1.7040870E-03  3.1516239E-03  2.0926087E-03
   5.80000  1.8235243E-03  3.6741984E-03  2.4595341E-03
   6.00000  1.9436232E-03  4.3389786E-03  2.9239719E-03
   6.20000  2.0882630E-03  5.1994080E-03  3.5260645E-03
   6.40000  2.3206016E-03  6.3116670E-03  4.3256873E-03
   6.60000  2.7140865E-03  7.6909072E-03  5.4082962E-03
   6.80000  3.2257773E-03  9.3070822E-03  6.9022097E-03
   7.00000  3.7222270E-03  1.1179519E-02  8.9848805E-03
   7.20000  4.1811946E-03  1.3378653E-02  1.1784809E-02
   7.40000  4.6151993E-03  1.6036707E-02  1.5137364E-02
   7.60000  5.0650459E-03  1.8988517E-02  1.7993270E-02
   7.80000  5.5359690E-03  2.1806815E-02  1.8776826E-02
   8.00000  6.0052053E-03  2.3846338E-02  1.7187414E-02
   8.20000  6.4506457E-03  2.4900644E-02  1.4589148E-02
   8.40000  6.8871627E-03  2.5672423E-02  1.2258094E-02
   8.60000  7.3586571E-03  2.7113704E-02  1.0639741E-02
   8.80000  7.9052230E-03  2.9514350E-02  9.7226036E-03
   9.00000  8.5492305E-03  3.2023991E-02  9.3930997E-03
   9.20000  9.3115906E-03  3.2793667E-02  9.5569094E-03
   9.40000  1.0242786E-02  3.0532351E-02  1.0165834E-02
   9.60000  1.1425118E-02  2.6198451E-02  1.1222161E-02
   9.80000  1.2940143E-02  2.1824435E-02  1.2767231E-02
   10.0000  1.4858682E-02  1.8587172E-02  1.4863611E-02
   10.2500  1.7938283E-02  1.6416992E-02  1.8383414E-02
   10.5000  2.2081740E-02  1.6949037E-02  2.3206930E-02
   10.7500  2.7105488E-02  1.7515291E-02  2.9276140E-02
   11.0000  3.2996803E-02  1.9336139E-02  3.6756392E-02
   11.2500  3.9136380E-02  2.2301693E-02  4.5283643E-02
   11.5000  4.4290375E-02  2.6418219E-02  5.3732887E-02
   11.7500  4.7087795E-02  3.1783491E-02  6.0331441E-02
   12.0000  4.7317757E-02  3.8766245E-02  6.2817235E-02
   12.2500  4.5376227E-02  4.6997727E-02  6.2943742E-02
   12.5000  4.2822186E-02  5.6120719E-02  6.0739184E-02
   12.7500  4.0601789E-02  6.4717626E-02  5.7374186E-02
   13.0000  3.9006703E-02  7.0676167E-02  5.3670966E-02
   13.2500  3.7963401E-02  7.2398259E-02  5.0078829E-02
   13.5000  3.7320087E-02  6.9944807E-02  4.6794754E-02
   13.7500  3.6961766E-02  6.4753050E-02  4.3872218E-02
   14.0000  3.7284215E-02  5.7503391E-02  4.0935221E-02
   14.2500  3.7223616E-02  5.1669984E-02  3.8611761E-02
   14.5000  3.7298111E-02  4.6479584E-02  3.6621750E-02
   14.7500  3.7495870E-02  4.2071928E-02  3.4942884E-02
   15.0000  3.7801724E-02  3.8423175E-02  3.3549953E-02
   15.2500  3.8198482E-02  3.5446750E-02  3.2420867E-02
   15.5000  3.8660052E-02  3.3038285E-02  3.1529956E-02
   15.7500  3.9163307E-02  3.1103061E-02  3.0861600E-02
   16.0000  3.9682187E-02  2.9561064E-02  3.0400170E-02
   16.2500  4.0187867E-02  2.8347131E-02  3.0131819E-02
   16.5000  4.0648852E-02  2.7409668E-02  3.0040865E-02
   16.7500  4.1036644E-02  2.6706571E-02  3.0108822E-02
   17.0000  4.1331025E-02  2.6203675E-02  3.0314180E-02
   17.2500  4.1526088E-02  2.5872727E-02  3.0634035E-02
   17.5000  4.1631110E-02  2.5689447E-02  3.1046146E-02
   17.7500  4.1668503E-02  2.5631625E-02  3.1529490E-02
   18.0000  4.1668477E-02  2.5679682E-02  3.2067183E-02
   18.2500  4.1661169E-02  2.5815853E-02  3.2646248E-02
   18.5000  4.1671892E-02  2.6024364E-02  3.3257323E-02
   18.7500  4.1716527E-02  2.6290585E-02  3.3891135E-02
   19.0000  4.1802995E-02  2.6602021E-02  3.4541094E-02
   19.2500  4.1927766E-02  2.6947955E-02  3.5193550E-02
   19.5000  4.2083649E-02  2.7320651E-02  3.5837162E-02
   19.7500  4.2255592E-02  2.7714530E-02  3.6454477E-02
   20.0000  4.2424850E-02  2.8127320E-02  3.7024160E-02
   21.0000  4.2581184E-02  3.0008190E-02  3.8315619E-02
   22.0000  4.1197440E-02  3.2445624E-02  3.7386861E-02
   23.0000  3.9206395E-02  3.5350952E-02  3.5491299E-02
   24.0000  3.7796886E-02  3.7950676E-02  3.4352519E-02
   25.0000  3.6599770E-02  3.9054741E-02  3.3916470E-02
   26.0000  3.6260358E-02  3.8683558E-02  3.4144915E-02
   27.0000  3.6147725E-02  3.7076198E-02  3.4258970E-02
   28.0000  3.5977249E-02  3.5055905E-02  3.4016814E-02
   29.0000  3.5442991E-02  3.3150907E-02  3.3451722E-02
   30.0000  3.4353681E-02  3.1565934E-02  3.2704318E-02
   31.0000  3.2727203E-02  3.0318666E-02  3.1870758E-02
   32.0000  3.0783807E-02  2.9344130E-02  3.1001630E-02
   33.0000  2.8764463E-02  2.8548700E-02  3.0108599E-02
   34.0000  2.6825533E-02  2.7846473E-02  2.9197294E-02
   35.0000  2.5040023E-02  2.7160917E-02  2.8263121E-02
   36.0000  2.3435735E-02  2.6420307E-02  2.7290544E-02
   37.0000  2.2030561E-02  2.5565612E-02  2.6249476E-02
   38.0000  2.0848493E-02  2.4568574E-02  2.5103129E-02
   39.0000  1.9918896E-02  2.3437433E-02  2.3835740E-02
   40.0000  1.9214925E-02  2.2223813E-02  2.2465683E-02
