  7709.000   27  1  1  1.9222038E-02 -4.6560929E+00 -3.4617061E-01  1  1  7.5663462E+03  8.0000000E+03  0.0000000E+00  1.1792254E+00  1.0000000E+00  0.0000000E+00  = E_edge, Z, n_edge, j_edge, Abs_before_edge, VO_interstitial, E_cut, ninit, ninit1, Epsii, UnitCell_Volume, Surface_ref, f0_forward, natomsym_f, abs_u_iso
    Energy   (100,001)      (010,001)      (001,110)   
  -25.0000  4.0184900E-09  1.2802769E-09  6.8975182E-10
  -24.0000  1.0281823E-08  3.1804758E-09  1.5673557E-09
  -23.0000  3.0533893E-08  9.2382362E-09  4.0180475E-09
  -22.0000  1.1670831E-07  3.5313670E-08  1.2593067E-08
  -21.0000  7.8302582E-07  2.6445379E-07  6.1846684E-08
  -20.0000  2.0125015E-04  3.0673791E-05  1.0763320E-05
  -19.0000  7.0100713E-03  7.4747201E-02  2.1944720E-01
  -18.0000  2.0882391E-06  7.7021804E-07  7.9779695E-07
  -17.0000  2.3302212E-06  6.3206648E-07  4.5251219E-07
  -16.0000  4.8544502E-06  1.0364023E-06  6.9415701E-07
  -15.0000  1.2488552E-04  7.7687436E-04  3.3417159E-04
  -14.0000  5.9003919E-06  1.0528764E-05  6.1962055E-06
  -13.0000  1.0857972E-06  1.9532666E-06  2.9180442E-06
  -12.0000  5.3510505E-06  9.2008147E-06  2.8282960E-05
  -11.0000  1.8288374E-05  1.3980833E-05  1.7379389E-05
  -10.0000  2.3887444E-04  6.0588211E-05  1.4467456E-05
  -9.00000  8.5571653E-04  2.3162294E-03  3.5747380E-04
  -8.00000  9.2194308E-05  4.1308975E-05  8.4123479E-06
  -7.00000  7.6716661E-03  3.0147183E-04  4.3021166E-04
  -6.00000  5.3384440E-04  3.1908930E-04  2.6047509E-04
  -5.00000  5.2800376E-03  1.0878918E-03  3.9832797E-02
  -4.00000  2.2383471E-03  1.7627474E-03  1.7413358E-03
  -3.00000  3.6479490E-03  2.7209411E-02  2.1194226E-03
  -2.00000  1.1851727E-03  1.2776317E-03  1.3027911E-03
  -1.00000  4.6534975E-04  6.9754127E-04  3.2325242E-04
   0.00000  1.0680605E-03  1.7269602E-03  7.3733016E-04
   1.00000  4.3593946E-04  5.7912102E-04  5.2827914E-04
   2.00000  4.3383459E-04  5.8730520E-04  4.3537217E-04
   3.00000  5.9381532E-04  8.1004562E-04  5.5250891E-04
   4.00000  9.1318449E-04  1.2526182E-03  8.5040014E-04
   5.00000  1.4775497E-03  2.1436254E-03  1.6150670E-03
   5.20000  1.6222155E-03  2.4289656E-03  1.8816351E-03
   5.40000  1.7753575E-03  2.7716720E-03  2.2107549E-03
   5.60000  1.9361746E-03  3.1879642E-03  2.6225852E-03
   5.80000  2.1064180E-03  3.7018753E-03  3.1479142E-03
   6.00000  2.2957812E-03  4.3487391E-03  3.8330893E-03
   6.20000  2.5338916E-03  5.1807788E-03  4.7467219E-03
   6.40000  2.8820920E-03  6.2625683E-03  5.9848964E-03
   6.60000  3.3974504E-03  7.6262143E-03  7.6557159E-03
   6.80000  4.0274078E-03  9.2441541E-03  9.8339731E-03
   7.00000  4.6451955E-03  1.1075170E-02  1.2417468E-02
   7.20000  5.2184421E-03  1.3103737E-02  1.4863025E-02
   7.40000  5.7476109E-03  1.5062755E-02  1.5977565E-02
   7.60000  6.2239058E-03  1.6571047E-02  1.5154232E-02
   7.80000  6.6264052E-03  1.7419056E-02  1.3198823E-02
   8.00000  6.9753292E-03  1.7894301E-02  1.1207771E-02
   8.20000  7.3383061E-03  1.8599184E-02  9.6988729E-03
   8.40000  7.7761465E-03  2.0082679E-02  8.7620915E-03
   8.60000  8.3699368E-03  2.2340345E-02  8.3337325E-03
   8.80000  9.1588031E-03  2.5173312E-02  8.3497588E-03
   9.00000  1.0185825E-02  2.7714852E-02  8.7591815E-03
   9.20000  1.1453436E-02  2.8587541E-02  9.5273192E-03
   9.40000  1.2903787E-02  2.7083150E-02  1.0645760E-02
   9.60000  1.4500120E-02  2.4173140E-02  1.2146441E-02
   9.80000  1.6294050E-02  2.1401086E-02  1.4089532E-02
   10.0000  1.8666060E-02  2.1034384E-02  1.6706200E-02
   10.2500  2.1899860E-02  1.9817347E-02  2.0586724E-02
   10.5000  2.5885259E-02  2.0171621E-02  2.5446504E-02
   10.7500  3.0682404E-02  2.1862032E-02  3.1367477E-02
   11.0000  3.6132814E-02  2.4701334E-02  3.8349295E-02
   11.2500  4.1682276E-02  2.8583768E-02  4.6124094E-02
   11.5000  4.6318334E-02  3.3464100E-02  5.3870373E-02
   11.7500  4.8957979E-02  3.9333560E-02  6.0169730E-02
   12.0000  4.9369045E-02  4.6410765E-02  6.2872662E-02
   12.2500  4.7913548E-02  5.3701745E-02  6.3381442E-02
   12.5000  4.5744199E-02  6.0526362E-02  6.1460470E-02
   12.7500  4.3641714E-02  6.5578963E-02  5.8226427E-02
   13.0000  4.1925414E-02  6.7828852E-02  5.4556267E-02
   13.2500  4.0633482E-02  6.7087203E-02  5.0925524E-02
   13.5000  3.9700106E-02  6.3992498E-02  4.7537830E-02
   13.7500  3.9331901E-02  5.9621831E-02  4.4496987E-02
   14.0000  3.8953005E-02  5.3850303E-02  4.1395677E-02
   14.2500  3.8590558E-02  4.9274424E-02  3.8997689E-02
   14.5000  3.8381838E-02  4.5108825E-02  3.6983482E-02
   14.7500  3.8311463E-02  4.1461940E-02  3.5324466E-02
   15.0000  3.8359132E-02  3.8348063E-02  3.3986983E-02
   15.2500  3.8502906E-02  3.5733697E-02  3.2938026E-02
   15.5000  3.8720694E-02  3.3567542E-02  3.2149820E-02
   15.7500  3.8975866E-02  3.1790294E-02  3.1590577E-02
   16.0000  3.9239126E-02  3.0348277E-02  3.1237355E-02
   16.2500  3.9477664E-02  2.9193706E-02  3.1067991E-02
   16.5000  3.9660246E-02  2.8285250E-02  3.1059832E-02
   16.7500  3.9762163E-02  2.7587353E-02  3.1188282E-02
   17.0000  3.9772599E-02  2.7069657E-02  3.1430485E-02
   17.2500  3.9695487E-02  2.6706323E-02  3.1762374E-02
   17.5000  3.9549900E-02  2.6474582E-02  3.2162098E-02
   17.7500  3.9367052E-02  2.6354916E-02  3.2611782E-02
   18.0000  3.9182412E-02  2.6329907E-02  3.3098887E-02
   18.2500  3.9028246E-02  2.6384236E-02  3.3614777E-02
   18.5000  3.8929915E-02  2.6503775E-02  3.4153441E-02
   18.7500  3.8904410E-02  2.6677252E-02  3.4710901E-02
   19.0000  3.8960855E-02  2.6895887E-02  3.5284712E-02
   19.2500  3.9098254E-02  2.7151488E-02  3.5865192E-02
   19.5000  3.9310813E-02  2.7439506E-02  3.6442363E-02
   19.7500  3.9587459E-02  2.7757518E-02  3.6999913E-02
   20.0000  3.9911927E-02  2.8104860E-02  3.7518289E-02
   21.0000  4.1145527E-02  2.9824931E-02  3.8695877E-02
   22.0000  4.0938897E-02  3.2190831E-02  3.7738461E-02
   23.0000  3.9392040E-02  3.5020628E-02  3.5681070E-02
   24.0000  3.7932719E-02  3.7565558E-02  3.4179780E-02
   25.0000  3.6485049E-02  3.8740557E-02  3.3270776E-02
   26.0000  3.5823664E-02  3.8608350E-02  3.3034241E-02
   27.0000  3.5361788E-02  3.7145524E-02  3.2789550E-02
   28.0000  3.4921555E-02  3.5037531E-02  3.2348902E-02
   29.0000  3.4247913E-02  3.2907873E-02  3.1744837E-02
   30.0000  3.3126103E-02  3.1109244E-02  3.1058222E-02
   31.0000  3.1539470E-02  2.9748803E-02  3.0316595E-02
   32.0000  2.9670884E-02  2.8782520E-02  2.9524198E-02
   33.0000  2.7728877E-02  2.8093968E-02  2.8690074E-02
   34.0000  2.5857282E-02  2.7573976E-02  2.7837541E-02
   35.0000  2.4130965E-02  2.7122331E-02  2.6990578E-02
   36.0000  2.2586049E-02  2.6647476E-02  2.6165613E-02
   37.0000  2.1251003E-02  2.6071494E-02  2.5350173E-02
   38.0000  2.0169966E-02  2.5349936E-02  2.4501343E-02
   39.0000  1.9388081E-02  2.4475543E-02  2.3562986E-02
   40.0000  1.8890798E-02  2.3478033E-02  2.2502231E-02
