  7709.000   27  1  1  1.9222038E-02 -4.6137615E+00 -2.9003442E-01  1  1  7.5662903E+03  8.0000000E+03  0.0000000E+00  1.1792254E+00  1.0000000E+00  0.0000000E+00  = E_edge, Z, n_edge, j_edge, Abs_before_edge, VO_interstitial, E_cut, ninit, ninit1, Epsii, UnitCell_Volume, Surface_ref, f0_forward, natomsym_f, abs_u_iso
    Energy   (100,001)      (010,001)      (001,110)   
  -25.0000  4.9403959E-09  1.3388407E-09  7.0994213E-10
  -24.0000  1.2981501E-08  3.4030712E-09  1.6394040E-09
  -23.0000  4.0180852E-08  1.0270636E-08  4.3097270E-09
  -22.0000  1.6626200E-07  4.2492913E-08  1.4193426E-08
  -21.0000  1.4454392E-06  4.2404701E-07  8.3474113E-08
  -20.0000  2.3489113E-03  1.2047981E-04  1.1562616E-04
  -19.0000  5.0949437E-06  1.5723434E-05  3.9762269E-05
  -18.0000  2.2360233E-06  7.4251183E-07  7.9922129E-07
  -17.0000  2.7875568E-06  6.5124729E-07  4.7394458E-07
  -16.0000  6.9354882E-06  1.2076258E-06  7.6107501E-07
  -15.0000  5.7451790E-04  8.3341498E-06  3.8253101E-05
  -14.0000  1.1965513E-05  1.8841218E-05  1.7139898E-05
  -13.0000  1.0806934E-06  2.4149889E-06  3.5366262E-06
  -12.0000  9.5917155E-06  2.8687942E-05  6.4968900E-05
  -11.0000  1.8036163E-05  1.1836739E-05  2.2266602E-05
  -10.0000  2.6904800E-04  6.8779830E-05  3.0588580E-05
  -9.00000  1.8974198E-01  1.7968184E-03  2.3601991E-02
  -8.00000  1.2532146E-04  3.3855322E-05  8.8437549E-06
  -7.00000  3.6796555E-03  5.9643342E-04  4.1536015E-04
  -6.00000  5.7236650E-04  2.3148515E-04  1.7834681E-04
  -5.00000  1.7984010E-02  1.1371858E-03  2.7676884E-03
  -4.00000  2.8454487E-03  1.0086445E-03  1.5972224E-03
  -3.00000  3.8387816E-03  3.5189713E-03  3.4277753E-03
  -2.00000  2.0446102E-03  2.4063521E-03  3.0814203E-03
  -1.00000  5.5654318E-04  7.7282103E-04  4.8086262E-04
   0.00000  1.7631073E-03  2.1195887E-03  2.0448747E-03
   1.00000  4.3932507E-04  4.8258350E-04  3.6441078E-04
   2.00000  3.9067943E-04  5.6587879E-04  3.4981074E-04
   3.00000  5.3631711E-04  8.0824954E-04  4.7972041E-04
   4.00000  8.2935479E-04  1.2697155E-03  7.7122307E-04
   5.00000  1.3367017E-03  2.2506796E-03  1.4846632E-03
   5.20000  1.4603454E-03  2.5868608E-03  1.7261583E-03
   5.40000  1.5853935E-03  3.0057023E-03  2.0191275E-03
   5.60000  1.7083023E-03  3.5371859E-03  2.3779380E-03
   5.80000  1.8284769E-03  4.2266306E-03  2.8238369E-03
   6.00000  1.9575502E-03  5.1309176E-03  3.3887674E-03
   6.20000  2.1355984E-03  6.3470195E-03  4.1220148E-03
   6.40000  2.4494497E-03  7.9170245E-03  5.0993510E-03
   6.60000  2.9499626E-03  9.8045938E-03  6.4380811E-03
   6.80000  3.5246495E-03  1.1953007E-02  8.3001841E-03
   7.00000  4.0308299E-03  1.4409292E-02  1.0833934E-02
   7.20000  4.4710776E-03  1.7261836E-02  1.3982604E-02
   7.40000  4.9100433E-03  2.0390741E-02  1.7104437E-02
   7.60000  5.3788650E-03  2.3281111E-02  1.8885486E-02
   7.80000  5.8989075E-03  2.5466632E-02  1.8408335E-02
   8.00000  6.4772806E-03  2.7004132E-02  1.6333828E-02
   8.20000  7.1362919E-03  2.8605984E-02  1.3939624E-02
   8.40000  7.9118448E-03  3.1006720E-02  1.1965845E-02
   8.60000  8.8101785E-03  3.4148561E-02  1.0618093E-02
   8.80000  9.7277926E-03  3.6485424E-02  9.8860685E-03
   9.00000  1.0449361E-02  3.5470946E-02  9.7082865E-03
   9.20000  1.0915985E-02  3.0608724E-02  1.0036315E-02
   9.40000  1.1391979E-02  2.4547312E-02  1.0865088E-02
   9.60000  1.2169754E-02  1.9648401E-02  1.2227530E-02
   9.80000  1.3392537E-02  1.6488823E-02  1.4186175E-02
   10.0000  1.5124987E-02  1.4803907E-02  1.6832071E-02
   10.2500  1.8094239E-02  1.4227282E-02  2.1285861E-02
   10.5000  2.2292418E-02  1.5209369E-02  2.7448749E-02
   10.7500  2.7353225E-02  1.6681645E-02  3.5139298E-02
   11.0000  3.3162966E-02  1.9186036E-02  4.4328669E-02
   11.2500  3.8828524E-02  2.2750017E-02  5.3974998E-02
   11.5000  4.2942794E-02  2.7512105E-02  6.2014584E-02
   11.7500  4.4479328E-02  3.3687225E-02  6.6356754E-02
   12.0000  4.4015014E-02  4.1822385E-02  6.5870269E-02
   12.2500  4.2276337E-02  5.1086240E-02  6.2970060E-02
   12.5000  4.0424160E-02  6.0288451E-02  5.9029739E-02
   12.7500  3.9031952E-02  6.7422763E-02  5.4822228E-02
   13.0000  3.8154015E-02  7.0541181E-02  5.0877938E-02
   13.2500  3.7689605E-02  6.9256727E-02  4.7383702E-02
   13.5000  3.7525270E-02  6.4803705E-02  4.4343471E-02
   13.7500  3.7568366E-02  5.8896546E-02  4.1694777E-02
   14.0000  3.8315732E-02  5.2390822E-02  3.8631134E-02
   14.2500  3.8485911E-02  4.7170883E-02  3.6553636E-02
   14.5000  3.8729923E-02  4.2684738E-02  3.4770702E-02
   14.7500  3.9042832E-02  3.8935055E-02  3.3265045E-02
   15.0000  3.9419695E-02  3.5847525E-02  3.2020881E-02
   15.2500  3.9851771E-02  3.3326478E-02  3.1023628E-02
   15.5000  4.0328300E-02  3.1281761E-02  3.0260246E-02
   15.7500  4.0828448E-02  2.9632973E-02  2.9715094E-02
   16.0000  4.1331370E-02  2.8318229E-02  2.9376962E-02
   16.2500  4.1807056E-02  2.7286980E-02  2.9232605E-02
   16.5000  4.2220756E-02  2.6499812E-02  2.9264856E-02
   16.7500  4.2540267E-02  2.5924990E-02  2.9454399E-02
   17.0000  4.2744691E-02  2.5536871E-02  2.9778683E-02
   17.2500  4.2828226E-02  2.5313748E-02  3.0213198E-02
   17.5000  4.2802516E-02  2.5235898E-02  3.0733808E-02
   17.7500  4.2694112E-02  2.5284888E-02  3.1316859E-02
   18.0000  4.2536729E-02  2.5443170E-02  3.1943062E-02
   18.2500  4.2363437E-02  2.5693232E-02  3.2595440E-02
   18.5000  4.2197793E-02  2.6017821E-02  3.3258231E-02
   18.7500  4.2057171E-02  2.6401178E-02  3.3918714E-02
   19.0000  4.1950576E-02  2.6828761E-02  3.4565282E-02
   19.2500  4.1876386E-02  2.7287283E-02  3.5182244E-02
   19.5000  4.1831559E-02  2.7767907E-02  3.5755625E-02
   19.7500  4.1806129E-02  2.8265361E-02  3.6269068E-02
   20.0000  4.1787046E-02  2.8779285E-02  3.6704213E-02
   21.0000  4.1412350E-02  3.1050406E-02  3.7304933E-02
   22.0000  4.0088038E-02  3.3795870E-02  3.6045395E-02
   23.0000  3.8459474E-02  3.6682375E-02  3.4469103E-02
   24.0000  3.7287600E-02  3.8745394E-02  3.3798804E-02
   25.0000  3.6316415E-02  3.9031244E-02  3.3705422E-02
   26.0000  3.6143646E-02  3.7951706E-02  3.4051474E-02
   27.0000  3.6105096E-02  3.6077110E-02  3.4118517E-02
   28.0000  3.5872650E-02  3.4148181E-02  3.3721618E-02
   29.0000  3.5153476E-02  3.2487559E-02  3.2957589E-02
   30.0000  3.3812812E-02  3.1139878E-02  3.2018225E-02
   31.0000  3.1979092E-02  3.0033915E-02  3.1029102E-02
   32.0000  2.9946416E-02  2.9102140E-02  3.0051674E-02
   33.0000  2.7953644E-02  2.8278065E-02  2.9094786E-02
   34.0000  2.6117323E-02  2.7507234E-02  2.8163554E-02
   35.0000  2.4458434E-02  2.6738529E-02  2.7249674E-02
   36.0000  2.2956314E-02  2.5926808E-02  2.6330847E-02
   37.0000  2.1590559E-02  2.5040624E-02  2.5382030E-02
   38.0000  2.0379023E-02  2.4066124E-02  2.4379076E-02
   39.0000  1.9361907E-02  2.3006975E-02  2.3301951E-02
   40.0000  1.8543142E-02  2.1883856E-02  2.2125714E-02
