  7709.000   27  1  1  1.9222038E-02 -4.6861889E+00 -3.2499456E-01  1  1  7.5662339E+03  8.0000000E+03  0.0000000E+00  1.1792254E+00  1.0000000E+00  0.0000000E+00  = E_edge, Z, n_edge, j_edge, Abs_before_edge, VO_interstitial, E_cut, ninit, ninit1, Epsii, UnitCell_Volume, Surface_ref, f0_forward, natomsym_f, abs_u_iso
    Energy   (100,001)      (010,001)      (001,110)   
  -25.0000  4.3629331E-09  1.1969724E-09  7.1967114E-10
  -24.0000  1.1275891E-08  2.9688555E-09  1.6473026E-09
  -23.0000  3.4057624E-08  8.6404978E-09  4.2762158E-09
  -22.0000  1.3466984E-07  3.3469884E-08  1.3777703E-08
  -21.0000  9.9785621E-07  2.7029216E-07  7.4834682E-08
  -20.0000  7.0609786E-03  5.6613206E-05  3.9621552E-04
  -19.0000  9.4689286E-05  7.8779131E-03  8.7601607E-03
  -18.0000  1.9860943E-06  6.8017112E-07  6.9475647E-07
  -17.0000  2.3630799E-06  5.7788790E-07  4.0118397E-07
  -16.0000  5.5445600E-06  9.8225051E-07  5.7240494E-07
  -15.0000  1.3178869E-03  2.7968902E-05  3.9987140E-05
  -14.0000  5.6896110E-06  1.0588243E-05  7.9786598E-06
  -13.0000  1.1644040E-06  2.0893508E-06  3.2198094E-06
  -12.0000  6.3560054E-06  1.6573029E-05  4.9618292E-05
  -11.0000  1.7269396E-05  9.6898554E-06  1.4306329E-05
  -10.0000  1.9268961E-04  4.3410960E-05  1.4256806E-05
  -9.00000  2.5223151E-03  2.2763890E-04  5.4619988E-05
  -8.00000  1.1001788E-04  2.1024318E-05  1.0789917E-05
  -7.00000  4.5996571E-03  6.4724958E-04  2.6604790E-04
  -6.00000  4.5772649E-04  2.1887709E-04  2.1374491E-04
  -5.00000  5.9729895E-02  7.8790926E-03  7.6078069E-03
  -4.00000  3.8114570E-03  1.2590951E-03  2.6095431E-03
  -3.00000  3.8626736E-03  7.5010726E-03  2.5869690E-03
  -2.00000  1.8335144E-03  1.8523217E-03  2.1448850E-03
  -1.00000  5.2351647E-04  7.3908811E-04  4.2417050E-04
   0.00000  1.5561773E-03  1.7009261E-03  1.7312702E-03
   1.00000  3.9823296E-04  5.4974856E-04  3.7394697E-04
   2.00000  4.0523145E-04  5.9022648E-04  3.6784729E-04
   3.00000  5.6041168E-04  8.3176979E-04  4.8794897E-04
   4.00000  8.6899822E-04  1.2957797E-03  7.5646804E-04
   5.00000  1.4115698E-03  2.2122293E-03  1.4065229E-03
   5.20000  1.5455886E-03  2.5043867E-03  1.6241626E-03
   5.40000  1.6831808E-03  2.8547628E-03  1.8870369E-03
   5.60000  1.8217206E-03  3.2798163E-03  2.2077023E-03
   5.80000  1.9610924E-03  3.8042567E-03  2.6051597E-03
   6.00000  2.1102018E-03  4.4640755E-03  3.1077835E-03
   6.20000  2.3017090E-03  5.3105586E-03  3.7565290E-03
   6.40000  2.6068036E-03  6.4033205E-03  4.6071635E-03
   6.60000  3.0910001E-03  7.7669790E-03  5.7201990E-03
   6.80000  3.6876557E-03  9.3994094E-03  7.2016122E-03
   7.00000  4.2462426E-03  1.1302404E-02  9.1775977E-03
   7.20000  4.7378644E-03  1.3552534E-02  1.1733666E-02
   7.40000  5.1973110E-03  1.6134719E-02  1.4667348E-02
   7.60000  5.6688455E-03  1.8901394E-02  1.7193241E-02
   7.80000  6.1768484E-03  2.1536757E-02  1.8229881E-02
   8.00000  6.7479931E-03  2.3733465E-02  1.7482802E-02
   8.20000  7.3746864E-03  2.5603891E-02  1.5721283E-02
   8.40000  8.0897055E-03  2.7484694E-02  1.3864619E-02
   8.60000  8.8965682E-03  2.9489501E-02  1.2410706E-02
   8.80000  9.7438481E-03  3.0977251E-02  1.1518047E-02
   9.00000  1.0529306E-02  3.0697950E-02  1.1187494E-02
   9.20000  1.1224636E-02  2.8042723E-02  1.1377289E-02
   9.40000  1.1993013E-02  2.4114651E-02  1.2063943E-02
   9.60000  1.3071621E-02  2.0616707E-02  1.3259665E-02
   9.80000  1.4608763E-02  1.8392148E-02  1.5001723E-02
   10.0000  1.6679920E-02  1.7491456E-02  1.7347870E-02
   10.2500  2.0304842E-02  1.8338682E-02  2.1411278E-02
   10.5000  2.4857591E-02  1.9711311E-02  2.6577755E-02
   10.7500  3.0566285E-02  2.2331142E-02  3.3186852E-02
   11.0000  3.7240584E-02  2.6087926E-02  4.1328352E-02
   11.2500  4.4131672E-02  3.0999099E-02  5.0653901E-02
   11.5000  4.9805219E-02  3.7144382E-02  5.9928346E-02
   11.7500  5.2747053E-02  4.4545013E-02  6.7078221E-02
   12.0000  5.3034793E-02  5.3410294E-02  6.9078517E-02
   12.2500  5.0823714E-02  6.1808814E-02  6.8590959E-02
   12.5000  4.7873348E-02  6.8262669E-02  6.5293905E-02
   12.7500  4.5130340E-02  7.1104069E-02  6.0660028E-02
   13.0000  4.2935811E-02  6.9978529E-02  5.5775611E-02
   13.2500  4.1296312E-02  6.5925478E-02  5.1201308E-02
   13.5000  4.0104491E-02  6.0437943E-02  4.7139027E-02
   13.7500  3.9252648E-02  5.4682613E-02  4.3621793E-02
   14.0000  3.8868593E-02  4.9351209E-02  3.9710841E-02
   14.2500  3.8389125E-02  4.4834090E-02  3.7160175E-02
   14.5000  3.8114324E-02  4.0971156E-02  3.5057784E-02
   14.7500  3.8015778E-02  3.7719789E-02  3.3348084E-02
   15.0000  3.8065434E-02  3.5008944E-02  3.1982032E-02
   15.2500  3.8234636E-02  3.2761901E-02  3.0920033E-02
   15.5000  3.8496260E-02  3.0910161E-02  3.0130857E-02
   15.7500  3.8814903E-02  2.9390830E-02  2.9584594E-02
   16.0000  3.9160778E-02  2.8155896E-02  2.9259841E-02
   16.2500  3.9498682E-02  2.7165016E-02  2.9134975E-02
   16.5000  3.9792705E-02  2.6386159E-02  2.9187617E-02
   16.7500  4.0012023E-02  2.5792160E-02  2.9394030E-02
   17.0000  4.0137564E-02  2.5360299E-02  2.9729237E-02
   17.2500  4.0164415E-02  2.5070787E-02  3.0166725E-02
   17.5000  4.0105145E-02  2.4906049E-02  3.0679653E-02
   17.7500  3.9985678E-02  2.4850200E-02  3.1244611E-02
   18.0000  3.9837901E-02  2.4888798E-02  3.1841949E-02
   18.2500  3.9693230E-02  2.5008164E-02  3.2456909E-02
   18.5000  3.9576197E-02  2.5195964E-02  3.3078269E-02
   18.7500  3.9503329E-02  2.5442401E-02  3.3697490E-02
   19.0000  3.9483302E-02  2.5739405E-02  3.4308743E-02
   19.2500  3.9514708E-02  2.6078842E-02  3.4901642E-02
   19.5000  3.9593668E-02  2.6456969E-02  3.5468568E-02
   19.7500  3.9710448E-02  2.6871891E-02  3.5997675E-02
   20.0000  3.9850755E-02  2.7323527E-02  3.6473972E-02
   21.0000  4.0236020E-02  2.9538377E-02  3.7473296E-02
   22.0000  3.9567635E-02  3.2519924E-02  3.6613138E-02
   23.0000  3.8204457E-02  3.5975702E-02  3.5041955E-02
   24.0000  3.7016996E-02  3.8849872E-02  3.4197308E-02
   25.0000  3.5774906E-02  3.9807622E-02  3.3879619E-02
   26.0000  3.5280202E-02  3.9070185E-02  3.4093749E-02
   27.0000  3.4904176E-02  3.7108754E-02  3.4028931E-02
   28.0000  3.4490478E-02  3.4885482E-02  3.3499514E-02
   29.0000  3.3886604E-02  3.2929612E-02  3.2637174E-02
   30.0000  3.2900104E-02  3.1381501E-02  3.1634223E-02
   31.0000  3.1482571E-02  3.0194493E-02  3.0597013E-02
   32.0000  2.9787983E-02  2.9275201E-02  2.9569523E-02
   33.0000  2.7995917E-02  2.8527218E-02  2.8549156E-02
   34.0000  2.6226939E-02  2.7877100E-02  2.7548460E-02
   35.0000  2.4541914E-02  2.7259415E-02  2.6568293E-02
   36.0000  2.2968345E-02  2.6613141E-02  2.5598663E-02
   37.0000  2.1527467E-02  2.5886035E-02  2.4610599E-02
   38.0000  2.0258608E-02  2.5050005E-02  2.3566864E-02
   39.0000  1.9211435E-02  2.4099150E-02  2.2437077E-02
   40.0000  1.8408962E-02  2.3045475E-02  2.1229540E-02
