  7709.000   27  1  1  1.9222038E-02 -4.7275743E+00 -2.9297377E-01  1  1  7.5661904E+03  8.0000000E+03  0.0000000E+00  1.1792254E+00  1.0000000E+00  0.0000000E+00  = E_edge, Z, n_edge, j_edge, Abs_before_edge, VO_interstitial, E_cut, ninit, ninit1, Epsii, UnitCell_Volume, Surface_ref, f0_forward, natomsym_f, abs_u_iso
    Energy   (100,001)      (010,001)      (001,110)   
  -25.0000  4.0462896E-09  1.1749113E-09  7.8035914E-10
  -24.0000  1.0375652E-08  2.8805420E-09  1.8124160E-09
  -23.0000  3.0963241E-08  8.2278338E-09  4.8132825E-09
  -22.0000  1.1972275E-07  3.0787165E-08  1.6131625E-08
  -21.0000  8.3237807E-07  2.2691667E-07  9.4624517E-08
  -20.0000  7.9276255E-04  9.7285310E-06  7.9047132E-05
  -19.0000  9.6655142E-06  4.8911006E-05  1.1315019E-04
  -18.0000  1.9055932E-06  7.3948142E-07  7.2823294E-07
  -17.0000  2.1976643E-06  5.7242546E-07  4.6837138E-07
  -16.0000  4.8122217E-06  8.7780020E-07  8.6011513E-07
  -15.0000  3.0426600E-04  9.9902054E-05  4.6341604E-05
  -14.0000  5.4203197E-06  8.6403282E-06  6.1230389E-06
  -13.0000  1.0682468E-06  1.9293372E-06  3.1096327E-06
  -12.0000  4.6145578E-06  1.0611453E-05  3.2940993E-05
  -11.0000  1.6507648E-05  1.0428651E-05  1.8310507E-05
  -10.0000  1.6925839E-04  4.3219490E-05  1.9407074E-05
  -9.00000  6.3177906E-04  2.7380605E-04  4.6253646E-05
  -8.00000  7.8482288E-05  2.0827203E-05  1.1841080E-05
  -7.00000  1.6889186E-03  1.9624703E-04  1.4308257E-04
  -6.00000  4.1956417E-04  2.2684196E-04  2.1208711E-04
  -5.00000  7.5014604E-03  2.3599437E-03  2.7629290E-03
  -4.00000  5.9224161E-03  1.6376058E-03  4.5556797E-03
  -3.00000  4.6902477E-03  3.6494393E-02  2.4939055E-03
  -2.00000  1.0834623E-03  1.2429543E-03  1.2362079E-03
  -1.00000  4.6906128E-04  6.8447184E-04  3.1250010E-04
   0.00000  5.4105408E-04  2.4663999E-03  1.0007542E-03
   1.00000  5.7752404E-04  5.8372416E-04  7.0371911E-04
   2.00000  4.4974385E-04  5.8327372E-04  4.6253416E-04
   3.00000  5.9298339E-04  8.0875045E-04  5.4660415E-04
   4.00000  9.0306644E-04  1.2441650E-03  7.9130327E-04
   5.00000  1.4704103E-03  2.0568743E-03  1.3884873E-03
   5.20000  1.6172344E-03  2.3049337E-03  1.5835689E-03
   5.40000  1.7713801E-03  2.5969902E-03  1.8152873E-03
   5.60000  1.9297952E-03  2.9451379E-03  2.0918683E-03
   5.80000  2.0901177E-03  3.3689043E-03  2.4252995E-03
   6.00000  2.2553805E-03  3.8998371E-03  2.8324602E-03
   6.20000  2.4455729E-03  4.5904218E-03  3.3369939E-03
   6.40000  2.7104483E-03  5.5092383E-03  3.9718107E-03
   6.60000  3.0997033E-03  6.6876221E-03  4.7840295E-03
   6.80000  3.5792344E-03  8.0917178E-03  5.8580568E-03
   7.00000  4.0711568E-03  9.7016045E-03  7.3266152E-03
   7.20000  4.5746479E-03  1.1635357E-02  9.3970768E-03
   7.40000  5.1050734E-03  1.3912677E-02  1.2242315E-02
   7.60000  5.6868809E-03  1.6460556E-02  1.5756235E-02
   7.80000  6.3233415E-03  1.8948552E-02  1.8969440E-02
   8.00000  6.9903658E-03  2.0805381E-02  2.0085987E-02
   8.20000  7.6696425E-03  2.1670629E-02  1.8501025E-02
   8.40000  8.3889735E-03  2.1984366E-02  1.5692293E-02
   8.60000  9.2775639E-03  2.2367204E-02  1.3162462E-02
   8.80000  1.0432410E-02  2.3363487E-02  1.1439502E-02
   9.00000  1.1914656E-02  2.4801302E-02  1.0527655E-02
   9.20000  1.3658262E-02  2.5884116E-02  1.0308461E-02
   9.40000  1.5405555E-02  2.5651186E-02  1.0683153E-02
   9.60000  1.6905282E-02  2.4127508E-02  1.1602269E-02
   9.80000  1.8245985E-02  2.2540444E-02  1.3061880E-02
   10.0000  1.9747857E-02  2.1954185E-02  1.5092798E-02
   10.2500  2.2256295E-02  2.3020877E-02  1.8516623E-02
   10.5000  2.5735238E-02  2.5829542E-02  2.3047051E-02
   10.7500  3.0295933E-02  3.0030983E-02  2.8805738E-02
   11.0000  3.6201163E-02  3.5161890E-02  3.5887735E-02
   11.2500  4.1786054E-02  4.1399245E-02  4.3665050E-02
   11.5000  4.6337787E-02  4.8422292E-02  5.1237188E-02
   11.7500  4.8508847E-02  5.5882095E-02  5.7107306E-02
   12.0000  4.8082217E-02  6.3603989E-02  5.9882276E-02
   12.2500  4.5870221E-02  6.9648321E-02  6.0382003E-02
   12.5000  4.3127765E-02  7.3017044E-02  5.8930040E-02
   12.7500  4.0695636E-02  7.2824981E-02  5.6364854E-02
   13.0000  3.8844770E-02  6.9417127E-02  5.3281617E-02
   13.2500  3.7529859E-02  6.4052654E-02  5.0033437E-02
   13.5000  3.6610440E-02  5.8029498E-02  4.6823797E-02
   13.7500  3.5961009E-02  5.2200384E-02  4.3782687E-02
   14.0000  3.5846439E-02  4.6861421E-02  4.0831107E-02
   14.2500  3.5461326E-02  4.2594302E-02  3.8289632E-02
   14.5000  3.5223390E-02  3.8991716E-02  3.6114076E-02
   14.7500  3.5133183E-02  3.5992736E-02  3.4299424E-02
   15.0000  3.5180422E-02  3.3522152E-02  3.2821286E-02
   15.2500  3.5349629E-02  3.1507123E-02  3.1649501E-02
   15.5000  3.5613736E-02  2.9879219E-02  3.0747237E-02
   15.7500  3.5945524E-02  2.8582499E-02  3.0084944E-02
   16.0000  3.6313073E-02  2.7567753E-02  2.9635178E-02
   16.2500  3.6682838E-02  2.6793414E-02  2.9372662E-02
   16.5000  3.7019493E-02  2.6224413E-02  2.9272634E-02
   16.7500  3.7293573E-02  2.5829530E-02  2.9310658E-02
   17.0000  3.7485570E-02  2.5580528E-02  2.9462847E-02
   17.2500  3.7591111E-02  2.5452586E-02  2.9706970E-02
   17.5000  3.7622310E-02  2.5423228E-02  3.0023044E-02
   17.7500  3.7606284E-02  2.5471564E-02  3.0396171E-02
   18.0000  3.7577782E-02  2.5579393E-02  3.0817563E-02
   18.2500  3.7573093E-02  2.5730637E-02  3.1283005E-02
   18.5000  3.7621783E-02  2.5912269E-02  3.1792633E-02
   18.7500  3.7744485E-02  2.6114603E-02  3.2348993E-02
   19.0000  3.7951986E-02  2.6330810E-02  3.2955741E-02
   19.2500  3.8246073E-02  2.6557163E-02  3.3609486E-02
   19.5000  3.8622006E-02  2.6792317E-02  3.4308849E-02
   19.7500  3.9068375E-02  2.7039228E-02  3.5045459E-02
   20.0000  3.9565903E-02  2.7301781E-02  3.5804023E-02
   21.0000  4.1430209E-02  2.8643674E-02  3.8497147E-02
   22.0000  4.1433866E-02  3.0744054E-02  3.9053278E-02
   23.0000  3.9574422E-02  3.3542963E-02  3.7347062E-02
   24.0000  3.7705581E-02  3.6309742E-02  3.5439140E-02
   25.0000  3.6495253E-02  3.8068307E-02  3.4345364E-02
   26.0000  3.5886059E-02  3.8183789E-02  3.3860859E-02
   27.0000  3.5465822E-02  3.6750159E-02  3.3377258E-02
   28.0000  3.5442241E-02  3.4719775E-02  3.2953420E-02
   29.0000  3.5160452E-02  3.2629097E-02  3.2365195E-02
   30.0000  3.4352456E-02  3.0845037E-02  3.1669741E-02
   31.0000  3.2973248E-02  2.9477302E-02  3.0911429E-02
   32.0000  3.1198525E-02  2.8488683E-02  3.0122322E-02
   33.0000  2.9245980E-02  2.7760420E-02  2.9314641E-02
   34.0000  2.7278137E-02  2.7194164E-02  2.8522827E-02
   35.0000  2.5406591E-02  2.6706117E-02  2.7775069E-02
   36.0000  2.3712932E-02  2.6221773E-02  2.7073149E-02
   37.0000  2.2268755E-02  2.5669610E-02  2.6376218E-02
   38.0000  2.1137085E-02  2.4990911E-02  2.5602842E-02
   39.0000  2.0352555E-02  2.4164225E-02  2.4678838E-02
   40.0000  1.9866687E-02  2.3205301E-02  2.3585968E-02
