  7709.000   27  1  1  1.9222038E-02 -4.7784415E+00 -3.6464540E-01  1  1  7.5661390E+03  8.0000000E+03  0.0000000E+00  1.1792254E+00  1.0000000E+00  0.0000000E+00  = E_edge, Z, n_edge, j_edge, Abs_before_edge, VO_interstitial, E_cut, ninit, ninit1, Epsii, UnitCell_Volume, Surface_ref, f0_forward, natomsym_f, abs_u_iso
    Energy   (100,001)      (010,001)      (001,110)   
  -25.0000  4.5097476E-09  1.4248784E-09  7.3795579E-10
  -24.0000  1.1738850E-08  3.6292900E-09  1.6953791E-09
  -23.0000  3.5961698E-08  1.1011878E-08  4.4395077E-09
  -22.0000  1.4767600E-07  4.6339884E-08  1.4709096E-08
  -21.0000  1.3457691E-06  5.0644812E-07  9.7925696E-08
  -20.0000  5.3040999E-04  3.7092197E-05  1.7997965E-05
  -19.0000  4.7476045E-06  8.7062185E-06  2.3799899E-05
  -18.0000  1.9220167E-06  5.9046000E-07  7.8259400E-07
  -17.0000  2.2135090E-06  5.5843341E-07  4.6279450E-07
  -16.0000  4.9890478E-06  1.0344473E-06  7.5015450E-07
  -15.0000  1.2533673E-04  1.7429613E-05  2.7816542E-05
  -14.0000  7.2374847E-06  1.1260347E-05  9.1150579E-06
  -13.0000  1.2971539E-06  1.9676564E-06  2.7578834E-06
  -12.0000  5.4918628E-06  8.1853034E-06  2.1788273E-05
  -11.0000  2.0593104E-05  1.5703370E-05  1.5689830E-05
  -10.0000  3.0944297E-04  9.2494316E-05  2.0421699E-05
  -9.00000  1.0894297E-03  9.9797675E-05  2.9044190E-04
  -8.00000  7.8559154E-05  3.6225496E-05  7.2017827E-06
  -7.00000  8.5554700E-03  3.0117711E-04  6.9416539E-04
  -6.00000  5.3847531E-04  2.2971139E-04  3.1979835E-04
  -5.00000  7.7980449E-03  2.1723872E-03  2.1382946E-02
  -4.00000  5.5577148E-03  1.4446597E-03  4.5176082E-03
  -3.00000  1.2089370E-02  1.1650111E-01  4.8280827E-03
  -2.00000  2.3967685E-03  2.0377071E-03  2.7457294E-03
  -1.00000  5.4715183E-04  7.7659886E-04  3.6637921E-04
   0.00000  9.9092916E-04  2.1201032E-03  8.0182029E-04
   1.00000  5.2964447E-04  5.8167506E-04  5.4756376E-04
   2.00000  4.7819925E-04  5.9845525E-04  4.3176432E-04
   3.00000  6.5394388E-04  8.3174105E-04  5.4160588E-04
   4.00000  1.0092710E-03  1.2982974E-03  8.1651891E-04
   5.00000  1.6127138E-03  2.2138881E-03  1.4589332E-03
   5.20000  1.7644972E-03  2.4942453E-03  1.6651893E-03
   5.40000  1.9247213E-03  2.8228678E-03  1.9095618E-03
   5.60000  2.0922338E-03  3.2108079E-03  2.2010546E-03
   5.80000  2.2664400E-03  3.6721689E-03  2.5520590E-03
   6.00000  2.4492561E-03  4.2254801E-03  2.9794228E-03
   6.20000  2.6467789E-03  4.8978977E-03  3.5071183E-03
   6.40000  2.8743197E-03  5.7276489E-03  4.1664060E-03
   6.60000  3.1655467E-03  6.7663708E-03  4.9919445E-03
   6.80000  3.5853881E-03  8.0868169E-03  6.0278433E-03
   7.00000  4.2145217E-03  9.7636506E-03  7.2961810E-03
   7.20000  5.0291005E-03  1.1763801E-02  8.7827264E-03
   7.40000  5.8519753E-03  1.3923110E-02  1.0404838E-02
   7.60000  6.5073796E-03  1.5983064E-02  1.2028330E-02
   7.80000  6.9751172E-03  1.7706189E-02  1.3536409E-02
   8.00000  7.3170165E-03  1.9044811E-02  1.4789621E-02
   8.20000  7.6247444E-03  2.0084958E-02  1.5530018E-02
   8.40000  7.9786343E-03  2.1204692E-02  1.5492480E-02
   8.60000  8.4521124E-03  2.2748295E-02  1.4723260E-02
   8.80000  9.0924360E-03  2.4844071E-02  1.3640718E-02
   9.00000  9.9268870E-03  2.7210532E-02  1.2718507E-02
   9.20000  1.0975751E-02  2.9073201E-02  1.2232585E-02
   9.40000  1.2247920E-02  2.9445933E-02  1.2263704E-02
   9.60000  1.3737863E-02  2.7957887E-02  1.2811265E-02
   9.80000  1.5451909E-02  2.5358926E-02  1.3875599E-02
   10.0000  1.7432501E-02  2.2806588E-02  1.5470124E-02
   10.2500  2.0640824E-02  2.2104651E-02  1.8439195E-02
   10.5000  2.4318823E-02  2.1104597E-02  2.2118999E-02
   10.7500  2.8748084E-02  2.1591038E-02  2.6725107E-02
   11.0000  3.3865138E-02  2.3425257E-02  3.2270085E-02
   11.2500  3.9288425E-02  2.6486750E-02  3.8632607E-02
   11.5000  4.4186921E-02  3.0712670E-02  4.5351380E-02
   11.7500  4.7458207E-02  3.6099225E-02  5.1492706E-02
   12.0000  4.8425204E-02  4.2802489E-02  5.5721642E-02
   12.2500  4.7447717E-02  5.0412864E-02  5.7209537E-02
   12.5000  4.5246271E-02  5.7867737E-02  5.7282640E-02
   12.7500  4.2853100E-02  6.3917206E-02  5.5817853E-02
   13.0000  4.0818906E-02  6.7220685E-02  5.3493755E-02
   13.2500  3.9297024E-02  6.7267397E-02  5.0778090E-02
   13.5000  3.8240939E-02  6.4582445E-02  4.7945085E-02
   13.7500  3.7550350E-02  6.0235138E-02  4.5168919E-02
   14.0000  3.7495717E-02  5.4674619E-02  4.2223584E-02
   14.2500  3.7244814E-02  5.0051999E-02  3.9815378E-02
   14.5000  3.7158829E-02  4.5825942E-02  3.7759184E-02
   14.7500  3.7217668E-02  4.2120257E-02  3.6056458E-02
   15.0000  3.7400045E-02  3.8952809E-02  3.4688031E-02
   15.2500  3.7683912E-02  3.6291596E-02  3.3627627E-02
   15.5000  3.8034545E-02  3.4081844E-02  3.2838388E-02
   15.7500  3.8421071E-02  3.2266787E-02  3.2291161E-02
   16.0000  3.8808355E-02  3.0792462E-02  3.1958532E-02
   16.2500  3.9159045E-02  2.9610470E-02  3.1813688E-02
   16.5000  3.9437078E-02  2.8679236E-02  3.1831368E-02
   16.7500  3.9611697E-02  2.7963524E-02  3.1987122E-02
   17.0000  3.9664416E-02  2.7432524E-02  3.2256334E-02
   17.2500  3.9591027E-02  2.7059676E-02  3.2615042E-02
   17.5000  3.9404108E-02  2.6821474E-02  3.3040445E-02
   17.7500  3.9130947E-02  2.6695987E-02  3.3512407E-02
   18.0000  3.8808266E-02  2.6663604E-02  3.4016305E-02
   18.2500  3.8476286E-02  2.6707880E-02  3.4544611E-02
   18.5000  3.8169307E-02  2.6813314E-02  3.5091204E-02
   18.7500  3.7915123E-02  2.6966577E-02  3.5654041E-02
   19.0000  3.7734296E-02  2.7157422E-02  3.6232789E-02
   19.2500  3.7637339E-02  2.7378524E-02  3.6822071E-02
   19.5000  3.7631278E-02  2.7626465E-02  3.7417027E-02
   19.7500  3.7716908E-02  2.7900335E-02  3.8008016E-02
   20.0000  3.7890915E-02  2.8202658E-02  3.8579600E-02
   21.0000  3.9205828E-02  2.9784315E-02  4.0224533E-02
   22.0000  4.0210551E-02  3.2109466E-02  3.9810418E-02
   23.0000  3.9651584E-02  3.4954395E-02  3.7627632E-02
   24.0000  3.8403386E-02  3.7555275E-02  3.5567561E-02
   25.0000  3.6870657E-02  3.8837498E-02  3.4188351E-02
   26.0000  3.6143065E-02  3.8876008E-02  3.3699646E-02
   27.0000  3.5722728E-02  3.7579190E-02  3.3353797E-02
   28.0000  3.5548356E-02  3.5549962E-02  3.2886318E-02
   29.0000  3.5356901E-02  3.3397288E-02  3.2247735E-02
   30.0000  3.4810526E-02  3.1509876E-02  3.1503240E-02
   31.0000  3.3723047E-02  3.0030069E-02  3.0704409E-02
   32.0000  3.2173954E-02  2.8944925E-02  2.9885803E-02
   33.0000  3.0363539E-02  2.8154799E-02  2.9058776E-02
   34.0000  2.8469639E-02  2.7560178E-02  2.8236719E-02
   35.0000  2.6606911E-02  2.7064850E-02  2.7431694E-02
   36.0000  2.4844130E-02  2.6577604E-02  2.6641265E-02
   37.0000  2.3221514E-02  2.6014861E-02  2.5846125E-02
   38.0000  2.1771875E-02  2.5312594E-02  2.5005353E-02
   39.0000  2.0539338E-02  2.4444707E-02  2.4065141E-02
   40.0000  1.9562362E-02  2.3431101E-02  2.2989904E-02
