  7709.000   27  1  1  1.9222038E-02 -4.6740130E+00 -3.1387799E-01  1  1  7.5662787E+03  8.0000000E+03  0.0000000E+00  1.1792254E+00  1.0000000E+00  0.0000000E+00  = E_edge, Z, n_edge, j_edge, Abs_before_edge, VO_interstitial, E_cut, ninit, ninit1, Epsii, UnitCell_Volume, Surface_ref, f0_forward, natomsym_f, abs_u_iso
    Energy   (100,001)      (010,001)      (001,110)   
  -25.0000  4.3106324E-09  1.1596318E-09  7.1712384E-10
  -24.0000  1.1053130E-08  2.8333250E-09  1.6330833E-09
  -23.0000  3.2955343E-08  8.0550323E-09  4.2023053E-09
  -22.0000  1.2743072E-07  2.9954292E-08  1.3292726E-08
  -21.0000  9.2156591E-07  2.2130003E-07  6.8809959E-08
  -20.0000  3.1106107E-05  7.5167732E-06  1.9864287E-06
  -19.0000  1.9642839E-05  9.7980268E-05  3.4953392E-04
  -18.0000  2.5290222E-06  1.0560004E-06  1.0630053E-06
  -17.0000  2.8106908E-06  6.6962998E-07  5.1510634E-07
  -16.0000  6.3248268E-06  9.7130994E-07  7.6121989E-07
  -15.0000  8.1624997E-05  3.8223952E-05  8.5784028E-06
  -14.0000  7.6096023E-06  1.4501352E-05  6.6218658E-06
  -13.0000  1.0649788E-06  2.2425662E-06  3.6887182E-06
  -12.0000  8.0189051E-06  2.3020816E-05  6.3418943E-05
  -11.0000  1.5600200E-05  1.1571666E-05  2.4753238E-05
  -10.0000  1.8431903E-04  4.2538525E-05  1.8219892E-05
  -9.00000  9.8541939E-03  4.4975127E-04  3.0088081E-04
  -8.00000  1.3960110E-04  3.3281898E-05  1.0737387E-05
  -7.00000  2.5243357E-01  2.7022592E-02  3.5969797E-03
  -6.00000  5.7678883E-04  2.9118303E-04  1.9139979E-04
  -5.00000  2.0752420E-02  1.3670844E-03  2.8556780E-03
  -4.00000  3.5781335E-03  1.3917885E-03  2.1838988E-03
  -3.00000  4.6684567E-03  2.9776709E-02  3.2914948E-03
  -2.00000  1.2075856E-03  1.6006184E-03  1.6392632E-03
  -1.00000  5.0309846E-04  7.3575762E-04  4.1037872E-04
   0.00000  9.6286210E-04  1.6079087E-03  1.1346014E-03
   1.00000  4.9506564E-04  5.0631511E-04  4.4603747E-04
   2.00000  4.0598030E-04  5.8277031E-04  3.9055562E-04
   3.00000  5.4374368E-04  8.3457056E-04  5.1101151E-04
   4.00000  8.2255719E-04  1.3050467E-03  7.9794024E-04
   5.00000  1.2941223E-03  2.2258737E-03  1.5521902E-03
   5.20000  1.4040971E-03  2.5227159E-03  1.8239323E-03
   5.40000  1.5146468E-03  2.8841763E-03  2.1653970E-03
   5.60000  1.6309683E-03  3.3364313E-03  2.5978397E-03
   5.80000  1.7716775E-03  3.9214385E-03  3.1455139E-03
   6.00000  1.9587342E-03  4.6870871E-03  3.8436124E-03
   6.20000  2.1975381E-03  5.6722280E-03  4.7675469E-03
   6.40000  2.4923053E-03  6.9184703E-03  6.0478453E-03
   6.60000  2.8451199E-03  8.4585750E-03  7.8547091E-03
   6.80000  3.2280153E-03  1.0289739E-02  1.0327328E-02
   7.00000  3.6155887E-03  1.2354943E-02  1.3204582E-02
   7.20000  4.0253359E-03  1.4569078E-02  1.5344479E-02
   7.40000  4.4704386E-03  1.6777781E-02  1.5467322E-02
   7.60000  4.9096969E-03  1.8867779E-02  1.3904202E-02
   7.80000  5.3276824E-03  2.0332198E-02  1.1784815E-02
   8.00000  5.7076575E-03  2.1027783E-02  9.8808411E-03
   8.20000  6.0708020E-03  2.1457157E-02  8.4999123E-03
   8.40000  6.4634127E-03  2.2337737E-02  7.6820204E-03
   8.60000  6.9234084E-03  2.4116750E-02  7.3553580E-03
   8.80000  7.4700177E-03  2.6758732E-02  7.4371086E-03
   9.00000  8.1169549E-03  2.9518086E-02  7.8705178E-03
   9.20000  8.8937914E-03  3.0845479E-02  8.6302748E-03
   9.40000  9.8587987E-03  2.9489581E-02  9.7203429E-03
   9.60000  1.1081142E-02  2.6105487E-02  1.1177713E-02
   9.80000  1.2617744E-02  2.2514701E-02  1.3070384E-02
   10.0000  1.4523983E-02  1.9923299E-02  1.5489410E-02
   10.2500  1.7536228E-02  1.8507052E-02  1.9425174E-02
   10.5000  2.1579303E-02  1.9664782E-02  2.4759996E-02
   10.7500  2.6461580E-02  2.1090691E-02  3.1476391E-02
   11.0000  3.2210836E-02  2.3889127E-02  3.9796331E-02
   11.2500  3.8230401E-02  2.7983544E-02  4.9271752E-02
   11.5000  4.3279065E-02  3.3401590E-02  5.8470074E-02
   11.7500  4.6116190E-02  4.0107091E-02  6.4763142E-02
   12.0000  4.6324560E-02  4.8436700E-02  6.7224517E-02
   12.2500  4.4623485E-02  5.7331547E-02  6.6350203E-02
   12.5000  4.2480390E-02  6.5584420E-02  6.3167897E-02
   12.7500  4.0699543E-02  7.1221044E-02  5.9042300E-02
   13.0000  3.9466928E-02  7.2815494E-02  5.4801681E-02
   13.2500  3.8679951E-02  7.0486436E-02  5.0822270E-02
   13.5000  3.8189114E-02  6.5572981E-02  4.7227379E-02
   13.7500  3.7919901E-02  5.9787049E-02  4.3928518E-02
   14.0000  3.8467156E-02  5.3071922E-02  4.0771776E-02
   14.2500  3.8194426E-02  4.7951806E-02  3.8219803E-02
   14.5000  3.8011603E-02  4.3505205E-02  3.6033406E-02
   14.7500  3.7928641E-02  3.9740590E-02  3.4187749E-02
   15.0000  3.7948306E-02  3.6599334E-02  3.2654496E-02
   15.2500  3.8065485E-02  3.4002955E-02  3.1406219E-02
   15.5000  3.8270412E-02  3.1874297E-02  3.0418419E-02
   15.7500  3.8542887E-02  3.0138912E-02  2.9666751E-02
   16.0000  3.8861955E-02  2.8738055E-02  2.9134260E-02
   16.2500  3.9198458E-02  2.7621593E-02  2.8802316E-02
   16.5000  3.9519100E-02  2.6748872E-02  2.8651510E-02
   16.7500  3.9792250E-02  2.6086029E-02  2.8661481E-02
   17.0000  3.9994220E-02  2.5605030E-02  2.8810155E-02
   17.2500  4.0115632E-02  2.5281640E-02  2.9074981E-02
   17.5000  4.0164604E-02  2.5095361E-02  2.9435375E-02
   17.7500  4.0164772E-02  2.5028039E-02  2.9873386E-02
   18.0000  4.0148937E-02  2.5062601E-02  3.0373993E-02
   18.2500  4.0151841E-02  2.5184449E-02  3.0926997E-02
   18.5000  4.0199799E-02  2.5379011E-02  3.1524157E-02
   18.7500  4.0310328E-02  2.5633425E-02  3.2159766E-02
   19.0000  4.0492213E-02  2.5935698E-02  3.2829744E-02
   19.2500  4.0741497E-02  2.6275576E-02  3.3524631E-02
   19.5000  4.1048751E-02  2.6644845E-02  3.4236911E-02
   19.7500  4.1396748E-02  2.7036536E-02  3.4953055E-02
   20.0000  4.1763586E-02  2.7446735E-02  3.5655499E-02
   21.0000  4.2842528E-02  2.9283074E-02  3.7832462E-02
   22.0000  4.2129485E-02  3.1636037E-02  3.7930439E-02
   23.0000  4.0131403E-02  3.4559635E-02  3.6414856E-02
   24.0000  3.8505964E-02  3.7379051E-02  3.5110718E-02
   25.0000  3.7588393E-02  3.9038251E-02  3.4633223E-02
   26.0000  3.6736390E-02  3.8781398E-02  3.4376663E-02
   27.0000  3.6366842E-02  3.7289801E-02  3.4310664E-02
   28.0000  3.5841935E-02  3.5248495E-02  3.3903457E-02
   29.0000  3.4988189E-02  3.3291697E-02  3.3216160E-02
   30.0000  3.3668008E-02  3.1663632E-02  3.2399894E-02
   31.0000  3.1912030E-02  3.0385040E-02  3.1547211E-02
   32.0000  2.9935384E-02  2.9395358E-02  3.0697239E-02
   33.0000  2.7951752E-02  2.8599074E-02  2.9841869E-02
   34.0000  2.6095476E-02  2.7914492E-02  2.8977570E-02
   35.0000  2.4416797E-02  2.7262092E-02  2.8096575E-02
   36.0000  2.2934384E-02  2.6561030E-02  2.7180828E-02
   37.0000  2.1660994E-02  2.5743170E-02  2.6199886E-02
   38.0000  2.0633032E-02  2.4769813E-02  2.5119315E-02
   39.0000  1.9882568E-02  2.3646466E-02  2.3919625E-02
   40.0000  1.9360804E-02  2.2424470E-02  2.2616322E-02
