  7709.000   27  1  1  1.9222038E-02 -4.7882980E+00 -3.3905728E-01  1  1  7.5661297E+03  8.0000000E+03  0.0000000E+00  1.1792254E+00  1.0000000E+00  0.0000000E+00  = E_edge, Z, n_edge, j_edge, Abs_before_edge, VO_interstitial, E_cut, ninit, ninit1, Epsii, UnitCell_Volume, Surface_ref, f0_forward, natomsym_f, abs_u_iso
    Energy   (100,001)      (010,001)      (001,110)   
  -25.0000  4.2920912E-09  1.3169996E-09  7.8215620E-10
  -24.0000  1.1157840E-08  3.3300454E-09  1.8076487E-09
  -23.0000  3.4102140E-08  9.9997638E-09  4.7670124E-09
  -22.0000  1.3895331E-07  4.1335796E-08  1.5835795E-08
  -21.0000  1.1874331E-06  4.2451882E-07  9.5053229E-08
  -20.0000  1.6688551E-02  4.6707788E-04  1.4427322E-03
  -19.0000  7.6661908E-06  5.2207502E-05  2.0619728E-04
  -18.0000  1.7723077E-06  5.2946749E-07  6.6804745E-07
  -17.0000  2.0839248E-06  4.7745620E-07  4.4924547E-07
  -16.0000  4.7690897E-06  7.8023554E-07  8.1023494E-07
  -15.0000  2.9473805E-04  8.7559293E-05  8.8743847E-05
  -14.0000  4.7003255E-06  7.5301653E-06  5.9024059E-06
  -13.0000  1.1766326E-06  1.6562219E-06  2.5512106E-06
  -12.0000  4.2424077E-06  5.6549576E-06  1.6414482E-05
  -11.0000  1.9218523E-05  1.9013397E-05  1.9642002E-05
  -10.0000  2.5485933E-04  6.7530059E-05  2.1133443E-05
  -9.00000  7.0807595E-04  6.0884299E-04  4.7361086E-05
  -8.00000  6.7500150E-05  3.0918088E-05  8.8207772E-06
  -7.00000  5.8063398E-03  3.1335690E-04  2.8014567E-04
  -6.00000  4.8823002E-04  2.4184845E-04  3.5948533E-04
  -5.00000  7.4050529E-03  1.3101055E-03  1.2007265E-02
  -4.00000  4.1409142E-03  1.8175018E-03  4.1809110E-03
  -3.00000  3.5402125E-03  1.8857395E-02  1.7060175E-03
  -2.00000  1.6264707E-03  1.4630964E-03  1.9932249E-03
  -1.00000  4.7404739E-04  6.5796611E-04  2.8552921E-04
   0.00000  5.5714561E-04  1.0637980E-03  4.9614782E-04
   1.00000  6.7526785E-04  6.9205236E-04  7.6209750E-04
   2.00000  5.0235144E-04  6.1837045E-04  4.7987308E-04
   3.00000  6.5637713E-04  8.4296511E-04  5.5932865E-04
   4.00000  9.9157506E-04  1.2973066E-03  7.9608039E-04
   5.00000  1.5807218E-03  2.1277032E-03  1.3575420E-03
   5.20000  1.7323446E-03  2.3735206E-03  1.5377164E-03
   5.40000  1.8935165E-03  2.6580618E-03  1.7502651E-03
   5.60000  2.0629194E-03  2.9892360E-03  2.0020111E-03
   5.80000  2.2390970E-03  3.3780640E-03  2.3032060E-03
   6.00000  2.4221843E-03  3.8374639E-03  2.6668230E-03
   6.20000  2.6156634E-03  4.3878786E-03  3.1132333E-03
   6.40000  2.8310500E-03  5.0597968E-03  3.6714258E-03
   6.60000  3.0977084E-03  5.8987051E-03  4.3828171E-03
   6.80000  3.4687798E-03  6.9589672E-03  5.2981139E-03
   7.00000  3.9943999E-03  8.2879647E-03  6.4659596E-03
   7.20000  4.6517271E-03  9.8860964E-03  7.9065934E-03
   7.40000  5.3441219E-03  1.1691790E-02  9.5654366E-03
   7.60000  5.9673908E-03  1.3565444E-02  1.1293481E-02
   7.80000  6.4788447E-03  1.5337751E-02  1.2906125E-02
   8.00000  6.8820022E-03  1.6749498E-02  1.4122526E-02
   8.20000  7.1944733E-03  1.7643630E-02  1.4743501E-02
   8.40000  7.4713103E-03  1.8145533E-02  1.4695439E-02
   8.60000  7.8016529E-03  1.8634418E-02  1.4023611E-02
   8.80000  8.2714533E-03  1.9544171E-02  1.2999959E-02
   9.00000  8.9258068E-03  2.1061127E-02  1.2030398E-02
   9.20000  9.7909106E-03  2.3054660E-02  1.1414485E-02
   9.40000  1.0895006E-02  2.5099965E-02  1.1270905E-02
   9.60000  1.2269758E-02  2.6564376E-02  1.1611087E-02
   9.80000  1.3937502E-02  2.6957109E-02  1.2416656E-02
   10.0000  1.5911643E-02  2.6413885E-02  1.3677356E-02
   10.2500  1.8849602E-02  2.5507305E-02  1.5896646E-02
   10.5000  2.2621281E-02  2.6611305E-02  1.8962368E-02
   10.7500  2.6891139E-02  2.7617433E-02  2.2657795E-02
   11.0000  3.1823520E-02  3.0056001E-02  2.7146594E-02
   11.2500  3.7199979E-02  3.3761739E-02  3.2481163E-02
   11.5000  4.2471858E-02  3.8489517E-02  3.8590543E-02
   11.7500  4.6750429E-02  4.3999370E-02  4.5049198E-02
   12.0000  4.9291103E-02  5.0244528E-02  5.0139839E-02
   12.2500  4.9301334E-02  5.6369484E-02  5.4281435E-02
   12.5000  4.7566402E-02  6.1745674E-02  5.6198425E-02
   12.7500  4.4920901E-02  6.5484146E-02  5.6020197E-02
   13.0000  4.2229494E-02  6.6894887E-02  5.4406263E-02
   13.2500  3.9946404E-02  6.5886365E-02  5.2008858E-02
   13.5000  3.8193940E-02  6.2947443E-02  4.9275603E-02
   13.7500  3.7212569E-02  5.8857239E-02  4.6757551E-02
   14.0000  3.6532525E-02  5.3815519E-02  4.3682037E-02
   14.2500  3.5937825E-02  4.9553846E-02  4.1109246E-02
   14.5000  3.5592117E-02  4.5588957E-02  3.8862192E-02
   14.7500  3.5457319E-02  4.2050482E-02  3.6963586E-02
   15.0000  3.5501475E-02  3.8978541E-02  3.5407272E-02
   15.2500  3.5694002E-02  3.6363800E-02  3.4172159E-02
   15.5000  3.5993559E-02  3.4169072E-02  3.3221938E-02
   15.7500  3.6365406E-02  3.2347963E-02  3.2526381E-02
   16.0000  3.6774488E-02  3.0852230E-02  3.2055400E-02
   16.2500  3.7185833E-02  2.9637649E-02  3.1780544E-02
   16.5000  3.7566860E-02  2.8663662E-02  3.1675679E-02
   16.7500  3.7888629E-02  2.7896055E-02  3.1715746E-02
   17.0000  3.8127533E-02  2.7304824E-02  3.1875074E-02
   17.2500  3.8270357E-02  2.6863637E-02  3.2129605E-02
   17.5000  3.8314886E-02  2.6548956E-02  3.2455916E-02
   17.7500  3.8271649E-02  2.6340118E-02  3.2833908E-02
   18.0000  3.8163054E-02  2.6219364E-02  3.3249398E-02
   18.2500  3.8018647E-02  2.6171291E-02  3.3694267E-02
   18.5000  3.7869997E-02  2.6183595E-02  3.4165596E-02
   18.7500  3.7746582E-02  2.6246016E-02  3.4664013E-02
   19.0000  3.7673417E-02  2.6350946E-02  3.5193724E-02
   19.2500  3.7666637E-02  2.6492096E-02  3.5753999E-02
   19.5000  3.7738970E-02  2.6665793E-02  3.6346458E-02
   19.7500  3.7897374E-02  2.6869860E-02  3.6967164E-02
   20.0000  3.8144295E-02  2.7103003E-02  3.7607359E-02
   21.0000  3.9816886E-02  2.8341786E-02  3.9965616E-02
   22.0000  4.1275225E-02  3.0191851E-02  4.0616321E-02
   23.0000  4.0954002E-02  3.2694269E-02  3.8848564E-02
   24.0000  3.9604384E-02  3.5393212E-02  3.6485285E-02
   25.0000  3.7727158E-02  3.7216070E-02  3.4692332E-02
   26.0000  3.6647951E-02  3.8038405E-02  3.4054727E-02
   27.0000  3.5775008E-02  3.7359445E-02  3.3681418E-02
   28.0000  3.5174520E-02  3.5585187E-02  3.3227371E-02
   29.0000  3.4740676E-02  3.3402559E-02  3.2602040E-02
   30.0000  3.4210806E-02  3.1383471E-02  3.1871170E-02
   31.0000  3.3319827E-02  2.9805461E-02  3.1089635E-02
   32.0000  3.2002525E-02  2.8695406E-02  3.0286126E-02
   33.0000  3.0365438E-02  2.7957396E-02  2.9468905E-02
   34.0000  2.8553332E-02  2.7475544E-02  2.8655427E-02
   35.0000  2.6694265E-02  2.7154802E-02  2.7866543E-02
   36.0000  2.4894125E-02  2.6909561E-02  2.7125439E-02
   37.0000  2.3246096E-02  2.6649176E-02  2.6429496E-02
   38.0000  2.1834880E-02  2.6270375E-02  2.5735540E-02
   39.0000  2.0735125E-02  2.5690663E-02  2.4973625E-02
   40.0000  1.9985521E-02  2.4879382E-02  2.4075572E-02
