  7709.000   27  1  1  1.9222038E-02 -4.7407155E+00 -3.0180080E-01  1  1  7.5662904E+03  8.0000000E+03  0.0000000E+00  1.1792254E+00  1.0000000E+00  0.0000000E+00  = E_edge, Z, n_edge, j_edge, Abs_before_edge, VO_interstitial, E_cut, ninit, ninit1, Epsii, UnitCell_Volume, Surface_ref, f0_forward, natomsym_f, abs_u_iso
    Energy   (100,001)      (010,001)      (001,110)   
  -25.0000  4.2038863E-09  1.2547952E-09  7.3215799E-10
  -24.0000  1.0781476E-08  3.1096180E-09  1.6644572E-09
  -23.0000  3.2192955E-08  9.0147782E-09  4.2727464E-09
  -22.0000  1.2464426E-07  3.4464419E-08  1.3462955E-08
  -21.0000  8.7036508E-07  2.6275389E-07  6.8287921E-08
  -20.0000  1.3471992E-03  1.4753297E-05  7.4897707E-05
  -19.0000  6.0263108E-06  3.1783114E-05  8.8608496E-05
  -18.0000  2.0399981E-06  7.6176475E-07  7.3005651E-07
  -17.0000  2.3898177E-06  6.8582069E-07  4.1012082E-07
  -16.0000  5.7003930E-06  1.2828877E-06  5.7752196E-07
  -15.0000  8.3421148E-03  3.8249839E-05  2.9516357E-05
  -14.0000  4.1957428E-06  8.9990024E-06  5.9710590E-06
  -13.0000  1.0750260E-06  2.4841688E-06  3.6824702E-06
  -12.0000  1.0598444E-05  4.7231719E-05  1.3059900E-04
  -11.0000  1.5234736E-05  9.5049349E-06  1.0562556E-05
  -10.0000  1.4103043E-04  3.1945579E-05  1.8597278E-05
  -9.00000  3.0623038E-03  4.5268176E-04  1.1877415E-05
  -8.00000  9.8275370E-05  2.4743162E-05  9.0379245E-06
  -7.00000  6.4015826E-04  1.8774093E-04  6.7880632E-05
  -6.00000  4.9914528E-04  2.4073193E-04  2.3956020E-04
  -5.00000  1.8342028E-02  6.9614174E-03  1.9676394E-02
  -4.00000  3.6839989E-03  1.2945164E-03  2.3076908E-03
  -3.00000  5.0331532E-03  1.3985897E-02  3.4393609E-03
  -2.00000  1.1602893E-03  1.5438512E-03  1.2521795E-03
  -1.00000  5.3494545E-04  7.3237287E-04  4.2054954E-04
   0.00000  2.3143125E-03  1.9966615E-03  1.4093046E-03
   1.00000  3.8230564E-04  5.0629362E-04  3.7646617E-04
   2.00000  3.9269644E-04  5.7507701E-04  3.6875930E-04
   3.00000  5.4332548E-04  8.1606532E-04  4.9090742E-04
   4.00000  8.4051574E-04  1.2674375E-03  7.6288623E-04
   5.00000  1.3183104E-03  2.2116468E-03  1.4199096E-03
   5.20000  1.4153619E-03  2.5469734E-03  1.6428339E-03
   5.40000  1.5032566E-03  2.9786060E-03  1.9145383E-03
   5.60000  1.5969076E-03  3.5428441E-03  2.2488481E-03
   5.80000  1.7552476E-03  4.2744192E-03  2.6646606E-03
   6.00000  2.0653128E-03  5.1846147E-03  3.1875466E-03
   6.20000  2.5340339E-03  6.2517101E-03  3.8523738E-03
   6.40000  3.0560231E-03  7.4537063E-03  4.7117790E-03
   6.60000  3.5467491E-03  8.8313198E-03  5.8549561E-03
   6.80000  4.0085382E-03  1.0491605E-02  7.4196492E-03
   7.00000  4.4844649E-03  1.2545058E-02  9.5649977E-03
   7.20000  5.0297373E-03  1.5084592E-02  1.2354211E-02
   7.40000  5.6585926E-03  1.8028451E-02  1.5512919E-02
   7.60000  6.3646923E-03  2.1144770E-02  1.7913685E-02
   7.80000  7.1227496E-03  2.4124972E-02  1.8269750E-02
   8.00000  7.9471537E-03  2.6907127E-02  1.6761508E-02
   8.20000  8.8794055E-03  2.9590058E-02  1.4660258E-02
   8.40000  9.8868951E-03  3.1788741E-02  1.2828397E-02
   8.60000  1.0784560E-02  3.2177134E-02  1.1564440E-02
   8.80000  1.1362359E-02  2.9522831E-02  1.0929918E-02
   9.00000  1.1719518E-02  2.4794805E-02  1.0911333E-02
   9.20000  1.2228364E-02  2.0366029E-02  1.1493377E-02
   9.40000  1.3174334E-02  1.7575923E-02  1.2684293E-02
   9.60000  1.4675752E-02  1.6515916E-02  1.4522247E-02
   9.80000  1.6968878E-02  1.7593658E-02  1.7202695E-02
   10.0000  1.9796486E-02  1.8614730E-02  2.0603513E-02
   10.2500  2.4443788E-02  2.1245849E-02  2.6231452E-02
   10.5000  3.0431157E-02  2.5115368E-02  3.3657656E-02
   10.7500  3.7624638E-02  3.0082411E-02  4.3060710E-02
   11.0000  4.5305950E-02  3.6108680E-02  5.4133414E-02
   11.2500  5.1921454E-02  4.3187300E-02  6.5426064E-02
   11.5000  5.5622186E-02  5.1232003E-02  7.4191851E-02
   11.7500  5.6003501E-02  6.0127420E-02  7.7419835E-02
   12.0000  5.3664818E-02  6.8109742E-02  7.5953175E-02
   12.2500  5.0469628E-02  7.3450964E-02  7.0934106E-02
   12.5000  4.7463670E-02  7.4390287E-02  6.4512137E-02
   12.7500  4.4949496E-02  7.0889542E-02  5.8111912E-02
   13.0000  4.2920317E-02  6.4628649E-02  5.2384991E-02
   13.2500  4.1314981E-02  5.7564803E-02  4.7504963E-02
   13.5000  4.0077825E-02  5.0938865E-02  4.3431522E-02
   13.7500  3.9285784E-02  4.5006642E-02  3.9147382E-02
   14.0000  3.8574133E-02  4.0966559E-02  3.6343340E-02
   14.2500  3.8085352E-02  3.7264784E-02  3.4075105E-02
   14.5000  3.7819586E-02  3.4258492E-02  3.2226199E-02
   14.7500  3.7738464E-02  3.1815506E-02  3.0735118E-02
   15.0000  3.7802466E-02  2.9828177E-02  2.9555010E-02
   15.2500  3.7976540E-02  2.8212568E-02  2.8654151E-02
   15.5000  3.8221524E-02  2.6901408E-02  2.8003791E-02
   15.7500  3.8503546E-02  2.5847583E-02  2.7585830E-02
   16.0000  3.8787485E-02  2.5015394E-02  2.7383492E-02
   16.2500  3.9037645E-02  2.4377981E-02  2.7378740E-02
   16.5000  3.9223371E-02  2.3913719E-02  2.7552454E-02
   16.7500  3.9325853E-02  2.3605237E-02  2.7882026E-02
   17.0000  3.9344119E-02  2.3437349E-02  2.8342188E-02
   17.2500  3.9296354E-02  2.3395957E-02  2.8905501E-02
   17.5000  3.9213695E-02  2.3467331E-02  2.9544635E-02
   17.7500  3.9133735E-02  2.3638461E-02  3.0233531E-02
   18.0000  3.9088488E-02  2.3896211E-02  3.0947903E-02
   18.2500  3.9098092E-02  2.4227643E-02  3.1666014E-02
   18.5000  3.9167462E-02  2.4620276E-02  3.2368862E-02
   18.7500  3.9287581E-02  2.5062896E-02  3.3039653E-02
   19.0000  3.9441714E-02  2.5546611E-02  3.3663542E-02
   19.2500  3.9606265E-02  2.6062749E-02  3.4224437E-02
   19.5000  3.9756532E-02  2.6606009E-02  3.4709196E-02
   19.7500  3.9867704E-02  2.7173336E-02  3.5103643E-02
   20.0000  3.9917721E-02  2.7765404E-02  3.5396547E-02
   21.0000  3.9269609E-02  3.0455483E-02  3.5444035E-02
   22.0000  3.7660159E-02  3.3793933E-02  3.4204302E-02
   23.0000  3.6358043E-02  3.7262587E-02  3.3144666E-02
   24.0000  3.5268648E-02  3.9303561E-02  3.2685886E-02
   25.0000  3.4959223E-02  3.9648883E-02  3.3181639E-02
   26.0000  3.4735311E-02  3.8265422E-02  3.3794983E-02
   27.0000  3.4482193E-02  3.6157722E-02  3.4037726E-02
   28.0000  3.4105426E-02  3.4071487E-02  3.3736365E-02
   29.0000  3.3438757E-02  3.2322094E-02  3.3015976E-02
   30.0000  3.2304268E-02  3.0965814E-02  3.2041172E-02
   31.0000  3.0730486E-02  2.9913969E-02  3.0930188E-02
   32.0000  2.8927458E-02  2.9049663E-02  2.9771737E-02
   33.0000  2.7087665E-02  2.8277762E-02  2.8605796E-02
   34.0000  2.5324083E-02  2.7534512E-02  2.7466087E-02
   35.0000  2.3698656E-02  2.6766688E-02  2.6368094E-02
   36.0000  2.2243494E-02  2.5925926E-02  2.5299828E-02
   37.0000  2.0984148E-02  2.4976745E-02  2.4222598E-02
   38.0000  1.9945245E-02  2.3911500E-02  2.3090040E-02
   39.0000  1.9135753E-02  2.2760320E-02  2.1889159E-02
   40.0000  1.8509852E-02  2.1581292E-02  2.0661487E-02
