  7709.000   27  1  1  1.9222038E-02 -4.7623615E+00 -3.4374663E-01  1  1  7.5661742E+03  8.0000000E+03  0.0000000E+00  1.1792254E+00  1.0000000E+00  0.0000000E+00  = E_edge, Z, n_edge, j_edge, Abs_before_edge, VO_interstitial, E_cut, ninit, ninit1, Epsii, UnitCell_Volume, Surface_ref, f0_forward, natomsym_f, abs_u_iso
    Energy   (100,001)      (010,001)      (001,110)   
  -25.0000  4.7025704E-09  1.3516120E-09  8.3309981E-10
  -24.0000  1.2517719E-08  3.4552935E-09  1.9849989E-09
  -23.0000  3.9873573E-08  1.0625229E-08  5.5226413E-09
  -22.0000  1.7771461E-07  4.6852284E-08  2.0617732E-08
  -21.0000  2.1879590E-06  6.9176837E-07  2.0151813E-07
  -20.0000  2.5980270E-05  1.7605541E-06  2.7223004E-06
  -19.0000  2.1414719E-06  3.6329430E-06  5.8725831E-06
  -18.0000  1.4169080E-06  4.2610505E-07  4.6658225E-07
  -17.0000  1.8186786E-06  4.1336114E-07  4.1375043E-07
  -16.0000  4.7463823E-06  7.3730941E-07  1.0786145E-06
  -15.0000  7.0736054E-05  2.6981178E-05  4.4721720E-05
  -14.0000  4.9441376E-06  6.3540007E-06  7.0873954E-06
  -13.0000  1.6066399E-06  1.6275604E-06  2.3669286E-06
  -12.0000  6.6553817E-06  5.1151849E-06  1.7900985E-05
  -11.0000  2.6210961E-05  1.0986261E-05  1.0850003E-05
  -10.0000  6.7596160E-04  2.0450008E-04  3.6583651E-05
  -9.00000  4.0015237E-04  8.2665605E-05  1.8115076E-05
  -8.00000  4.0572690E-05  2.8412630E-05  8.7070421E-06
  -7.00000  1.9245691E-03  1.7641577E-04  3.6694681E-04
  -6.00000  3.6078454E-04  2.1506529E-04  2.2427460E-04
  -5.00000  3.6750802E-03  3.1991572E-03  2.5974195E-03
  -4.00000  7.5614345E-03  1.6857053E-03  6.8196020E-03
  -3.00000  4.2717444E-03  2.2365648E-02  2.2451985E-03
  -2.00000  1.2205839E-03  1.2320474E-03  1.1932016E-03
  -1.00000  4.6102262E-04  6.5040246E-04  2.7163682E-04
   0.00000  8.6852625E-04  5.4991434E-03  2.4007629E-03
   1.00000  5.9084117E-04  6.5583029E-04  6.0784976E-04
   2.00000  5.2149039E-04  6.3336470E-04  4.7117399E-04
   3.00000  6.9845147E-04  8.7206276E-04  5.6570667E-04
   4.00000  1.0795935E-03  1.3464370E-03  8.2435546E-04
   5.00000  1.7652816E-03  2.2278183E-03  1.4352142E-03
   5.20000  1.9460445E-03  2.4903767E-03  1.6309030E-03
   5.40000  2.1408065E-03  2.7941047E-03  1.8613553E-03
   5.60000  2.3486166E-03  3.1464208E-03  2.1335004E-03
   5.80000  2.5680534E-03  3.5564980E-03  2.4569704E-03
   6.00000  2.7989834E-03  4.0340858E-03  2.8436822E-03
   6.20000  3.0424396E-03  4.5925760E-03  3.3104514E-03
   6.40000  3.3025524E-03  5.2500574E-03  3.8792652E-03
   6.60000  3.5903674E-03  6.0321892E-03  4.5766667E-03
   6.80000  3.9307580E-03  6.9768398E-03  5.4293141E-03
   7.00000  4.3797216E-03  8.1736857E-03  6.4829482E-03
   7.20000  4.9860317E-03  9.7121700E-03  7.7969677E-03
   7.40000  5.7569667E-03  1.1670304E-02  9.4620651E-03
   7.60000  6.6241372E-03  1.4042733E-02  1.1533327E-02
   7.80000  7.4722412E-03  1.6641085E-02  1.3858762E-02
   8.00000  8.2230911E-03  1.9086894E-02  1.5978642E-02
   8.20000  8.8695100E-03  2.0972896E-02  1.7354364E-02
   8.40000  9.4558514E-03  2.2125571E-02  1.7760704E-02
   8.60000  1.0043727E-02  2.2814801E-02  1.7339003E-02
   8.80000  1.0816611E-02  2.3368976E-02  1.6515258E-02
   9.00000  1.1851075E-02  2.4084492E-02  1.5693654E-02
   9.20000  1.3189595E-02  2.4794767E-02  1.5197138E-02
   9.40000  1.4791477E-02  2.5139031E-02  1.5170789E-02
   9.60000  1.6588034E-02  2.5138638E-02  1.5674887E-02
   9.80000  1.8594204E-02  2.5327650E-02  1.6768875E-02
   10.0000  2.1315376E-02  2.6728018E-02  1.8936308E-02
   10.2500  2.4904566E-02  2.8670624E-02  2.1983711E-02
   10.5000  2.9320257E-02  3.1967339E-02  2.5947162E-02
   10.7500  3.4612523E-02  3.6382272E-02  3.0731204E-02
   11.0000  4.0543040E-02  4.1592797E-02  3.6151873E-02
   11.2500  4.6401373E-02  4.7276747E-02  4.1867070E-02
   11.5000  5.0987288E-02  5.3161098E-02  4.7276502E-02
   11.7500  5.3109357E-02  5.8917368E-02  5.1595034E-02
   12.0000  5.2401886E-02  6.4180496E-02  5.4107331E-02
   12.2500  5.0111717E-02  6.7309475E-02  5.4437164E-02
   12.5000  4.6817175E-02  6.7817604E-02  5.4089066E-02
   12.7500  4.3662483E-02  6.5899569E-02  5.2753988E-02
   13.0000  4.1078713E-02  6.2260909E-02  5.0768136E-02
   13.2500  3.9131824E-02  5.7761257E-02  4.8386063E-02
   13.5000  3.7729001E-02  5.3076171E-02  4.5822661E-02
   13.7500  3.6746569E-02  4.8163813E-02  4.3045674E-02
   14.0000  3.6304149E-02  4.4724638E-02  4.0697579E-02
   14.2500  3.5850850E-02  4.1426981E-02  3.8462223E-02
   14.5000  3.5612311E-02  3.8573680E-02  3.6552966E-02
   14.7500  3.5554989E-02  3.6140726E-02  3.4978437E-02
   15.0000  3.5643423E-02  3.4092063E-02  3.3721834E-02
   15.2500  3.5845691E-02  3.2387472E-02  3.2760051E-02
   15.5000  3.6119936E-02  3.0982986E-02  3.2057561E-02
   15.7500  3.6433881E-02  2.9840535E-02  3.1587037E-02
   16.0000  3.6752491E-02  2.8924112E-02  3.1320217E-02
   16.2500  3.7043729E-02  2.8201244E-02  3.1232217E-02
   16.5000  3.7279866E-02  2.7642723E-02  3.1298518E-02
   16.7500  3.7438479E-02  2.7221594E-02  3.1494602E-02
   17.0000  3.7507003E-02  2.6913586E-02  3.1795111E-02
   17.2500  3.7485479E-02  2.6697248E-02  3.2177009E-02
   17.5000  3.7386403E-02  2.6553350E-02  3.2619863E-02
   17.7500  3.7232707E-02  2.6465658E-02  3.3108317E-02
   18.0000  3.7052951E-02  2.6420378E-02  3.3632022E-02
   18.2500  3.6876071E-02  2.6407017E-02  3.4185137E-02
   18.5000  3.6726975E-02  2.6418430E-02  3.4766118E-02
   18.7500  3.6625652E-02  2.6451537E-02  3.5373861E-02
   19.0000  3.6586776E-02  2.6506449E-02  3.6009609E-02
   19.2500  3.6618611E-02  2.6585182E-02  3.6666490E-02
   19.5000  3.6726674E-02  2.6692548E-02  3.7337228E-02
   19.7500  3.6911652E-02  2.6833907E-02  3.8008281E-02
   20.0000  3.7170067E-02  2.7015090E-02  3.8660411E-02
   21.0000  3.8663901E-02  2.8230291E-02  4.0519197E-02
   22.0000  3.9643277E-02  3.0289675E-02  4.0051745E-02
   23.0000  3.9066121E-02  3.2900958E-02  3.7671260E-02
   24.0000  3.7798377E-02  3.5379978E-02  3.5363564E-02
   25.0000  3.6115781E-02  3.6753139E-02  3.3727741E-02
   26.0000  3.4992987E-02  3.6959521E-02  3.2965511E-02
   27.0000  3.4093204E-02  3.5764832E-02  3.2372840E-02
   28.0000  3.3620877E-02  3.3751658E-02  3.1735787E-02
   29.0000  3.3452503E-02  3.1628343E-02  3.1029448E-02
   30.0000  3.3172591E-02  2.9843586E-02  3.0276941E-02
   31.0000  3.2453491E-02  2.8530738E-02  2.9483652E-02
   32.0000  3.1263296E-02  2.7639960E-02  2.8666487E-02
   33.0000  2.9737126E-02  2.7053091E-02  2.7850181E-02
   34.0000  2.8042691E-02  2.6675121E-02  2.7082995E-02
   35.0000  2.6318881E-02  2.6424269E-02  2.6402542E-02
   36.0000  2.4670258E-02  2.6211433E-02  2.5807204E-02
   37.0000  2.3163221E-02  2.5931322E-02  2.5241979E-02
   38.0000  2.1840806E-02  2.5483293E-02  2.4615901E-02
   39.0000  2.0748636E-02  2.4819439E-02  2.3850155E-02
   40.0000  1.9910349E-02  2.3962743E-02  2.2910229E-02
