  7709.000   27  1  1  1.9222038E-02 -4.8437226E+00 -2.7736159E-01  1  1  7.5662472E+03  8.0000000E+03  0.0000000E+00  1.1792254E+00  1.0000000E+00  0.0000000E+00  = E_edge, Z, n_edge, j_edge, Abs_before_edge, VO_interstitial, E_cut, ninit, ninit1, Epsii, UnitCell_Volume, Surface_ref, f0_forward, natomsym_f, abs_u_iso
    Energy   (100,001)      (010,001)      (001,110)   
  -25.0000  4.8152030E-09  1.2886125E-09  8.4424816E-10
  -24.0000  1.2606441E-08  3.2173435E-09  2.0009489E-09
  -23.0000  3.8864987E-08  9.4650983E-09  5.4961552E-09
  -22.0000  1.5989295E-07  3.7605039E-08  1.9728146E-08
  -21.0000  1.3443635E-06  3.4521600E-07  1.4348071E-07
  -20.0000  2.2432955E-04  3.5460607E-06  2.9236587E-05
  -19.0000  9.3182814E-06  2.6002708E-04  7.2246439E-04
  -18.0000  1.9747581E-06  8.1991122E-07  7.1701221E-07
  -17.0000  2.4966419E-06  6.9294714E-07  4.5278966E-07
  -16.0000  6.3745794E-06  1.2647730E-06  8.0652562E-07
  -15.0000  1.8365276E-03  2.9092067E-05  1.6419303E-04
  -14.0000  4.8422787E-06  8.5352985E-06  6.7145518E-06
  -13.0000  1.0939611E-06  2.2195164E-06  3.5825789E-06
  -12.0000  5.9472453E-06  1.7406210E-05  6.4636415E-05
  -11.0000  1.7712382E-05  1.2304616E-05  1.4875410E-05
  -10.0000  1.7402305E-04  5.4850202E-05  2.5836480E-05
  -9.00000  9.6635184E-04  1.9475155E-04  1.0508846E-05
  -8.00000  8.6618116E-05  2.4665997E-05  9.4970384E-06
  -7.00000  7.1093226E-04  2.3558929E-04  1.5218329E-04
  -6.00000  5.1570320E-04  2.5261964E-04  1.8986879E-04
  -5.00000  7.7574390E-02  1.7843412E-02  1.0076810E-02
  -4.00000  1.5170097E-02  1.7198184E-03  9.0733548E-03
  -3.00000  5.8116351E-03  1.1702989E-02  3.5293289E-03
  -2.00000  1.2644278E-03  1.5381191E-03  1.5380920E-03
  -1.00000  5.3821687E-04  7.1191986E-04  4.2307703E-04
   0.00000  1.4368461E-03  2.0532503E-03  1.1846712E-03
   1.00000  5.2669340E-04  4.6811277E-04  4.7220080E-04
   2.00000  3.9731398E-04  5.4888228E-04  3.5619868E-04
   3.00000  5.2901020E-04  7.8060884E-04  4.5638030E-04
   4.00000  8.0875019E-04  1.2163127E-03  6.9272083E-04
   5.00000  1.2876362E-03  2.0894668E-03  1.2505775E-03
   5.20000  1.4031005E-03  2.3786330E-03  1.4339940E-03
   5.40000  1.5192819E-03  2.7348884E-03  1.6534445E-03
   5.60000  1.6351943E-03  3.1825582E-03  1.9179221E-03
   5.80000  1.7609604E-03  3.7578571E-03  2.2402882E-03
   6.00000  1.9358835E-03  4.5098882E-03  2.6387469E-03
   6.20000  2.2354803E-03  5.4815027E-03  3.1368560E-03
   6.40000  2.7066019E-03  6.6908232E-03  3.7681355E-03
   6.60000  3.2716683E-03  8.1411706E-03  4.5894763E-03
   6.80000  3.7990032E-03  9.8529677E-03  5.6903609E-03
   7.00000  4.2465045E-03  1.1916811E-02  7.2383826E-03
   7.20000  4.6615747E-03  1.4431422E-02  9.3982532E-03
   7.40000  5.1029366E-03  1.7470204E-02  1.2266674E-02
   7.60000  5.6123713E-03  2.1063818E-02  1.5551682E-02
   7.80000  6.2218710E-03  2.5100329E-02  1.8173545E-02
   8.00000  6.9471757E-03  2.8925357E-02  1.8731685E-02
   8.20000  7.7971611E-03  3.1579841E-02  1.7193181E-02
   8.40000  8.7888952E-03  3.2932954E-02  1.4996212E-02
   8.60000  9.9320950E-03  3.3548882E-02  1.3232653E-02
   8.80000  1.1142332E-02  3.3457975E-02  1.2137951E-02
   9.00000  1.2184055E-02  3.1769592E-02  1.1632586E-02
   9.20000  1.2893563E-02  2.8027291E-02  1.1651788E-02
   9.40000  1.3500774E-02  2.3546519E-02  1.2215576E-02
   9.60000  1.4431896E-02  2.0030825E-02  1.3387472E-02
   9.80000  1.5965149E-02  1.8114913E-02  1.5238628E-02
   10.0000  1.8225622E-02  1.7674848E-02  1.7853957E-02
   10.2500  2.2179894E-02  1.8776072E-02  2.2366761E-02
   10.5000  2.7438423E-02  2.1350108E-02  2.8483103E-02
   10.7500  3.4112904E-02  2.5260807E-02  3.6463082E-02
   11.0000  4.0789726E-02  3.0162927E-02  4.5618163E-02
   11.2500  4.6205008E-02  3.6336957E-02  5.4838200E-02
   11.5000  4.8740135E-02  4.3794396E-02  6.2097522E-02
   11.7500  4.8193309E-02  5.2531104E-02  6.4510092E-02
   12.0000  4.5393379E-02  6.1574772E-02  6.4761981E-02
   12.2500  4.2088413E-02  6.9598154E-02  6.2524260E-02
   12.5000  3.9405917E-02  7.4489596E-02  5.9034184E-02
   12.7500  3.7663300E-02  7.4720841E-02  5.5143570E-02
   13.0000  3.6675276E-02  7.0626121E-02  5.1302792E-02
   13.2500  3.6134729E-02  6.4039764E-02  4.7714640E-02
   13.5000  3.5825247E-02  5.6853577E-02  4.4457234E-02
   13.7500  3.6144606E-02  5.0038325E-02  4.1211629E-02
   14.0000  3.6115375E-02  4.4747460E-02  3.8708438E-02
   14.2500  3.6005663E-02  4.0313271E-02  3.6336656E-02
   14.5000  3.6005461E-02  3.6717435E-02  3.4310564E-02
   14.7500  3.6121881E-02  3.3822907E-02  3.2602359E-02
   15.0000  3.6349072E-02  3.1499093E-02  3.1183093E-02
   15.2500  3.6671610E-02  2.9638180E-02  3.0028484E-02
   15.5000  3.7065024E-02  2.8150319E-02  2.9114594E-02
   15.7500  3.7505733E-02  2.6969827E-02  2.8427506E-02
   16.0000  3.7966192E-02  2.6047200E-02  2.7954694E-02
   16.2500  3.8415960E-02  2.5345727E-02  2.7683069E-02
   16.5000  3.8822850E-02  2.4837392E-02  2.7597445E-02
   16.7500  3.9158764E-02  2.4500500E-02  2.7679130E-02
   17.0000  3.9406858E-02  2.4315791E-02  2.7907229E-02
   17.2500  3.9566629E-02  2.4266233E-02  2.8259478E-02
   17.5000  3.9656776E-02  2.4335616E-02  2.8714147E-02
   17.7500  3.9708723E-02  2.4508092E-02  2.9252071E-02
   18.0000  3.9757091E-02  2.4766478E-02  2.9855081E-02
   18.2500  3.9831342E-02  2.5093359E-02  3.0507434E-02
   18.5000  3.9949148E-02  2.5471065E-02  3.1195123E-02
   18.7500  4.0115838E-02  2.5883972E-02  3.1907827E-02
   19.0000  4.0322187E-02  2.6316964E-02  3.2628111E-02
   19.2500  4.0551086E-02  2.6757663E-02  3.3340509E-02
   19.5000  4.0779431E-02  2.7197670E-02  3.4027146E-02
   19.7500  4.0982231E-02  2.7633563E-02  3.4666544E-02
   20.0000  4.1134460E-02  2.8066198E-02  3.5235457E-02
   21.0000  4.0849448E-02  2.9913914E-02  3.6376276E-02
   22.0000  3.9169896E-02  3.2361207E-02  3.5488920E-02
   23.0000  3.7509235E-02  3.5331391E-02  3.4036585E-02
   24.0000  3.6628239E-02  3.7796475E-02  3.3448687E-02
   25.0000  3.6196920E-02  3.8651573E-02  3.3711775E-02
   26.0000  3.5668694E-02  3.7661809E-02  3.4058243E-02
   27.0000  3.5531770E-02  3.5904862E-02  3.4407816E-02
   28.0000  3.5339217E-02  3.4025125E-02  3.4302755E-02
   29.0000  3.4886403E-02  3.2388909E-02  3.3793620E-02
   30.0000  3.3944900E-02  3.1073008E-02  3.3019352E-02
   31.0000  3.2489055E-02  3.0016138E-02  3.2089091E-02
   32.0000  3.0708057E-02  2.9121797E-02  3.1073511E-02
   33.0000  2.8847800E-02  2.8322960E-02  3.0030749E-02
   34.0000  2.7050494E-02  2.7555596E-02  2.8978816E-02
   35.0000  2.5383499E-02  2.6761427E-02  2.7926252E-02
   36.0000  2.3874859E-02  2.5885235E-02  2.6860879E-02
   37.0000  2.2535203E-02  2.4885888E-02  2.5754871E-02
   38.0000  2.1382041E-02  2.3757412E-02  2.4578498E-02
   39.0000  2.0428443E-02  2.2543927E-02  2.3327134E-02
   40.0000  1.9643266E-02  2.1324866E-02  2.2034819E-02
