  7709.000   27  1  1  1.9222038E-02 -4.9339359E+00 -3.4111556E-01  1  1  7.5660769E+03  8.0000000E+03  0.0000000E+00  1.1792254E+00  1.0000000E+00  0.0000000E+00  = E_edge, Z, n_edge, j_edge, Abs_before_edge, VO_interstitial, E_cut, ninit, ninit1, Epsii, UnitCell_Volume, Surface_ref, f0_forward, natomsym_f, abs_u_iso
    Energy   (100,001)      (010,001)      (001,110)   
  -25.0000  4.2651775E-09  1.3258826E-09  7.3629517E-10
  -24.0000  1.1049356E-08  3.3449144E-09  1.6919317E-09
  -23.0000  3.3591495E-08  1.0010970E-08  4.4301362E-09
  -22.0000  1.3542647E-07  4.1068714E-08  1.4583780E-08
  -21.0000  1.1035678E-06  4.0536125E-07  8.5497991E-08
  -20.0000  1.5710377E-03  2.2876473E-05  1.3457083E-04
  -19.0000  4.8108061E-05  1.8839491E-04  2.9800340E-04
  -18.0000  1.7386772E-06  6.3288851E-07  7.1054654E-07
  -17.0000  2.0266402E-06  5.6080590E-07  4.1434166E-07
  -16.0000  4.6105868E-06  1.0143015E-06  6.5598951E-07
  -15.0000  6.3753366E-04  4.4421416E-05  9.1021987E-05
  -14.0000  5.2188451E-06  8.4624508E-06  7.1448319E-06
  -13.0000  1.2850611E-06  1.8822534E-06  2.6491051E-06
  -12.0000  4.4943112E-06  8.1016771E-06  2.0636628E-05
  -11.0000  2.0099276E-05  1.4009014E-05  1.6050566E-05
  -10.0000  2.4674284E-04  5.4208706E-05  2.4526472E-05
  -9.00000  5.6885392E-04  3.4313927E-04  1.8208636E-05
  -8.00000  6.3780067E-05  2.4036988E-05  7.5738795E-06
  -7.00000  1.5850606E-03  1.9195106E-04  1.8535413E-04
  -6.00000  4.3845846E-04  1.9272477E-04  2.0966164E-04
  -5.00000  2.1110846E-02  2.1751229E-02  7.6405245E-03
  -4.00000  1.0823482E-02  1.7110391E-03  9.1072128E-03
  -3.00000  1.2585849E-02  6.8656916E-02  7.5241189E-03
  -2.00000  2.0441120E-03  1.6432020E-03  2.4634285E-03
  -1.00000  5.4364685E-04  7.2702788E-04  3.8248465E-04
   0.00000  8.1435075E-04  1.3452816E-03  8.7328799E-04
   1.00000  5.0897065E-04  5.3351002E-04  4.8768434E-04
   2.00000  4.4232644E-04  5.6490692E-04  3.9914824E-04
   3.00000  5.9375120E-04  7.8295219E-04  4.9543334E-04
   4.00000  9.0670018E-04  1.2121504E-03  7.2973221E-04
   5.00000  1.4466180E-03  2.0264496E-03  1.2662497E-03
   5.20000  1.5829516E-03  2.2727870E-03  1.4353052E-03
   5.40000  1.7261690E-03  2.5602752E-03  1.6329881E-03
   5.60000  1.8744231E-03  2.8980055E-03  1.8648242E-03
   5.80000  2.0258096E-03  3.2987117E-03  2.1389990E-03
   6.00000  2.1801905E-03  3.7775447E-03  2.4657939E-03
   6.20000  2.3413290E-03  4.3579205E-03  2.8608307E-03
   6.40000  2.5221303E-03  5.0730050E-03  3.3455311E-03
   6.60000  2.7550269E-03  5.9693128E-03  3.9495969E-03
   6.80000  3.1016606E-03  7.0994887E-03  4.7101051E-03
   7.00000  3.6327295E-03  8.5082290E-03  5.6669265E-03
   7.20000  4.3395655E-03  1.0167720E-02  6.8456272E-03
   7.40000  5.0840562E-03  1.2099963E-02  8.2866771E-03
   7.60000  5.7563558E-03  1.4268493E-02  9.9718720E-03
   7.80000  6.3552407E-03  1.6606289E-02  1.1827681E-02
   8.00000  6.9208732E-03  1.8915973E-02  1.3692660E-02
   8.20000  7.4750236E-03  2.0963938E-02  1.5366245E-02
   8.40000  8.0301929E-03  2.2690221E-02  1.6637069E-02
   8.60000  8.6117887E-03  2.4245696E-02  1.7225278E-02
   8.80000  9.2601716E-03  2.5790068E-02  1.6927605E-02
   9.00000  1.0019343E-02  2.7215216E-02  1.5952312E-02
   9.20000  1.0924218E-02  2.7980619E-02  1.4866540E-02
   9.40000  1.2008305E-02  2.7398664E-02  1.4176766E-02
   9.60000  1.3324883E-02  2.5427451E-02  1.4134082E-02
   9.80000  1.4952704E-02  2.2960580E-02  1.4816372E-02
   10.0000  1.7055499E-02  2.2862399E-02  1.6277557E-02
   10.2500  2.0310366E-02  2.1422074E-02  1.9140403E-02
   10.5000  2.4489029E-02  2.1697275E-02  2.3210088E-02
   10.7500  2.9707424E-02  2.3597111E-02  2.8565254E-02
   11.0000  3.5901148E-02  2.6934365E-02  3.5248032E-02
   11.2500  4.2583712E-02  3.1566665E-02  4.3087082E-02
   11.5000  4.8622013E-02  3.7410368E-02  5.1364503E-02
   11.7500  5.2483162E-02  4.4420740E-02  5.8624535E-02
   12.0000  5.3295687E-02  5.2749604E-02  6.2929318E-02
   12.2500  5.1697892E-02  6.1532300E-02  6.3518726E-02
   12.5000  4.8730865E-02  6.9052465E-02  6.2053705E-02
   12.7500  4.5622458E-02  7.3398351E-02  5.8827817E-02
   13.0000  4.2934295E-02  7.3340917E-02  5.4875632E-02
   13.2500  4.0803544E-02  6.9478792E-02  5.0855470E-02
   13.5000  3.9190302E-02  6.3519269E-02  4.7087174E-02
   13.7500  3.8071225E-02  5.5970794E-02  4.3465052E-02
   14.0000  3.7575809E-02  5.0844867E-02  4.0419599E-02
   14.2500  3.6948106E-02  4.5872216E-02  3.7789876E-02
   14.5000  3.6576777E-02  4.1662582E-02  3.5603068E-02
   14.7500  3.6430303E-02  3.8161766E-02  3.3819839E-02
   15.0000  3.6474892E-02  3.5279166E-02  3.2397536E-02
   15.2500  3.6677613E-02  3.2921030E-02  3.1296826E-02
   15.5000  3.6995651E-02  3.1001943E-02  3.0475092E-02
   15.7500  3.7392113E-02  2.9450612E-02  2.9901632E-02
   16.0000  3.7826721E-02  2.8208561E-02  2.9549495E-02
   16.2500  3.8259098E-02  2.7229502E-02  2.9394500E-02
   16.5000  3.8648638E-02  2.6475574E-02  2.9414756E-02
   16.7500  3.8956120E-02  2.5915696E-02  2.9587758E-02
   17.0000  3.9150705E-02  2.5524300E-02  2.9890328E-02
   17.2500  3.9217693E-02  2.5279073E-02  3.0297800E-02
   17.5000  3.9159937E-02  2.5160064E-02  3.0785633E-02
   17.7500  3.8997943E-02  2.5148902E-02  3.1332211E-02
   18.0000  3.8765873E-02  2.5228472E-02  3.1918913E-02
   18.2500  3.8501717E-02  2.5381699E-02  3.2532407E-02
   18.5000  3.8242793E-02  2.5593085E-02  3.3164519E-02
   18.7500  3.8020470E-02  2.5848743E-02  3.3812013E-02
   19.0000  3.7854693E-02  2.6135924E-02  3.4468974E-02
   19.2500  3.7758664E-02  2.6445140E-02  3.5133669E-02
   19.5000  3.7737987E-02  2.6769664E-02  3.5799919E-02
   19.7500  3.7792393E-02  2.7107035E-02  3.6458726E-02
   20.0000  3.7918032E-02  2.7458419E-02  3.7095975E-02
   21.0000  3.8841615E-02  2.9100072E-02  3.8989792E-02
   22.0000  3.9319902E-02  3.1423607E-02  3.8794502E-02
   23.0000  3.8602017E-02  3.4443831E-02  3.6914307E-02
   24.0000  3.7466381E-02  3.7415357E-02  3.5309679E-02
   25.0000  3.5973192E-02  3.9010459E-02  3.4382672E-02
   26.0000  3.5216521E-02  3.9112380E-02  3.4256879E-02
   27.0000  3.4821258E-02  3.7657503E-02  3.4112661E-02
   28.0000  3.4729572E-02  3.5466659E-02  3.3680901E-02
   29.0000  3.4678849E-02  3.3257440E-02  3.2947191E-02
   30.0000  3.4328749E-02  3.1411997E-02  3.2039475E-02
   31.0000  3.3453621E-02  3.0019586E-02  3.1072151E-02
   32.0000  3.2082759E-02  2.9008606E-02  3.0100603E-02
   33.0000  3.0402413E-02  2.8269440E-02  2.9155983E-02
   34.0000  2.8582805E-02  2.7698459E-02  2.8241770E-02
   35.0000  2.6741124E-02  2.7197073E-02  2.7350991E-02
   36.0000  2.4960731E-02  2.6678446E-02  2.6473550E-02
   37.0000  2.3298385E-02  2.6061458E-02  2.5578729E-02
   38.0000  2.1801421E-02  2.5278896E-02  2.4612608E-02
   39.0000  2.0518525E-02  2.4303160E-02  2.3526393E-02
   40.0000  1.9483168E-02  2.3159053E-02  2.2304365E-02
