  7709.000   27  1  1  1.9222038E-02 -4.7300739E+00 -3.5941573E-01  1  1  7.5660547E+03  8.0000000E+03  0.0000000E+00  1.1792254E+00  1.0000000E+00  0.0000000E+00  = E_edge, Z, n_edge, j_edge, Abs_before_edge, VO_interstitial, E_cut, ninit, ninit1, Epsii, UnitCell_Volume, Surface_ref, f0_forward, natomsym_f, abs_u_iso
    Energy   (100,001)      (010,001)      (001,110)   
  -25.0000  4.2150837E-09  1.2082282E-09  7.0670611E-10
  -24.0000  1.1027438E-08  3.0306149E-09  1.6455152E-09
  -23.0000  3.4071393E-08  9.0026761E-09  4.4171149E-09
  -22.0000  1.4175552E-07  3.6579934E-08  1.5372400E-08
  -21.0000  1.2750815E-06  3.6271232E-07  1.0948168E-07
  -20.0000  1.1818965E-04  4.1756033E-06  1.1648817E-05
  -19.0000  7.6108133E-06  1.9044348E-04  5.3661743E-04
  -18.0000  1.5902031E-06  5.9687105E-07  5.3158555E-07
  -17.0000  1.9824606E-06  5.2584671E-07  3.3715100E-07
  -16.0000  5.1649260E-06  9.4270999E-07  5.7744509E-07
  -15.0000  3.2503184E-04  3.9898843E-05  5.7891830E-05
  -14.0000  5.4079112E-06  8.2257166E-06  7.6133843E-06
  -13.0000  1.3086608E-06  1.6669514E-06  2.4450603E-06
  -12.0000  4.5740205E-06  5.8202628E-06  1.9849494E-05
  -11.0000  1.9981728E-05  1.1589783E-05  1.2685717E-05
  -10.0000  2.7412589E-04  7.0030694E-05  2.1933447E-05
  -9.00000  3.1286512E-04  1.0935916E-04  9.4567455E-06
  -8.00000  6.0786535E-05  1.7940061E-05  1.0771516E-05
  -7.00000  1.8273245E-03  1.6293996E-04  2.6959668E-04
  -6.00000  3.1374576E-04  1.8033362E-04  1.3522775E-04
  -5.00000  3.2165421E-03  3.7061804E-03  1.6805926E-03
  -4.00000  1.9193003E-02  1.4248464E-03  1.5228871E-02
  -3.00000  9.5122768E-03  1.0425866E-01  4.7404986E-03
  -2.00000  2.3793528E-03  1.5206673E-03  2.4265303E-03
  -1.00000  4.9112918E-04  7.1022720E-04  3.1716035E-04
   0.00000  2.1485074E-03  1.7010997E-03  8.8847180E-04
   1.00000  4.3736497E-04  6.1186824E-04  5.4767804E-04
   2.00000  4.4830131E-04  6.0067898E-04  4.3630361E-04
   3.00000  6.0764356E-04  8.1782826E-04  5.2903208E-04
   4.00000  9.3547011E-04  1.2397928E-03  7.6930798E-04
   5.00000  1.5250517E-03  2.0153919E-03  1.3333429E-03
   5.20000  1.6790399E-03  2.2454819E-03  1.5140378E-03
   5.40000  1.8439436E-03  2.5116774E-03  1.7266615E-03
   5.60000  2.0186567E-03  2.8210441E-03  1.9775971E-03
   5.80000  2.2016927E-03  3.1823740E-03  2.2756883E-03
   6.00000  2.3925422E-03  3.6053376E-03  2.6320511E-03
   6.20000  2.5924489E-03  4.1038273E-03  3.0621356E-03
   6.40000  2.8078467E-03  4.6975401E-03  3.5839070E-03
   6.60000  3.0568207E-03  5.4144371E-03  4.2119222E-03
   6.80000  3.3755281E-03  6.2964815E-03  4.9484012E-03
   7.00000  3.8147251E-03  7.4103512E-03  5.7873159E-03
   7.20000  4.3918596E-03  8.8400588E-03  6.7828183E-03
   7.40000  5.0916492E-03  1.0680590E-02  8.0440702E-03
   7.60000  5.8713447E-03  1.3022477E-02  9.7102981E-03
   7.80000  6.6697264E-03  1.5876047E-02  1.1894997E-02
   8.00000  7.4513407E-03  1.9132577E-02  1.4602836E-02
   8.20000  8.2160932E-03  2.2506858E-02  1.7593724E-02
   8.40000  8.9696686E-03  2.5443732E-02  2.0298319E-02
   8.60000  9.7083242E-03  2.7328285E-02  2.2001977E-02
   8.80000  1.0537722E-02  2.7502508E-02  2.2305365E-02
   9.00000  1.1530970E-02  2.6173015E-02  2.1365939E-02
   9.20000  1.2789891E-02  2.5192620E-02  1.9926098E-02
   9.40000  1.4333269E-02  2.3288695E-02  1.8755811E-02
   9.60000  1.6162209E-02  2.1846398E-02  1.8322041E-02
   9.80000  1.8342357E-02  2.1343694E-02  1.8811440E-02
   10.0000  2.0972518E-02  2.1891359E-02  2.0246213E-02
   10.2500  2.5041449E-02  2.3915191E-02  2.3313964E-02
   10.5000  3.0124412E-02  2.7202253E-02  2.7717995E-02
   10.7500  3.6267844E-02  3.1543413E-02  3.3372886E-02
   11.0000  4.3237283E-02  3.6756344E-02  4.0159981E-02
   11.2500  5.0293074E-02  4.2676018E-02  4.7806575E-02
   11.5000  5.6124094E-02  4.9130606E-02  5.5610520E-02
   11.7500  5.9309636E-02  5.5851555E-02  6.2249505E-02
   12.0000  5.9265742E-02  6.2250163E-02  6.6168452E-02
   12.2500  5.7000113E-02  6.7478539E-02  6.5611105E-02
   12.5000  5.3398508E-02  6.9568271E-02  6.3469877E-02
   12.7500  4.9518488E-02  6.8609883E-02  5.9819906E-02
   13.0000  4.6001464E-02  6.5183487E-02  5.5598391E-02
   13.2500  4.3094433E-02  6.0367303E-02  5.1397441E-02
   13.5000  4.0827150E-02  5.5127606E-02  4.7499326E-02
   13.7500  3.9142400E-02  5.0077208E-02  4.4028299E-02
   14.0000  3.7886304E-02  4.5097928E-02  4.0514431E-02
   14.2500  3.7195678E-02  4.1645290E-02  3.7807795E-02
   14.5000  3.6720515E-02  3.8464346E-02  3.5687179E-02
   14.7500  3.6526388E-02  3.5793217E-02  3.3983038E-02
   15.0000  3.6549012E-02  3.3573741E-02  3.2642746E-02
   15.2500  3.6731960E-02  3.1748745E-02  3.1620930E-02
   15.5000  3.7017006E-02  3.0261540E-02  3.0872992E-02
   15.7500  3.7357905E-02  2.9064729E-02  3.0367424E-02
   16.0000  3.7711347E-02  2.8115751E-02  3.0075353E-02
   16.2500  3.8038895E-02  2.7379204E-02  2.9971890E-02
   16.5000  3.8306943E-02  2.6824608E-02  3.0032281E-02
   16.7500  3.8490368E-02  2.6424322E-02  3.0232013E-02
   17.0000  3.8576862E-02  2.6154145E-02  3.0545783E-02
   17.2500  3.8567723E-02  2.5991495E-02  3.0947016E-02
   17.5000  3.8479458E-02  2.5916768E-02  3.1411261E-02
   17.7500  3.8337615E-02  2.5910976E-02  3.1917962E-02
   18.0000  3.8171905E-02  2.5958203E-02  3.2451101E-02
   18.2500  3.8010528E-02  2.6046112E-02  3.3001264E-02
   18.5000  3.7874896E-02  2.6165274E-02  3.3562084E-02
   18.7500  3.7778823E-02  2.6309302E-02  3.4129611E-02
   19.0000  3.7729327E-02  2.6476044E-02  3.4700132E-02
   19.2500  3.7725908E-02  2.6664832E-02  3.5264081E-02
   19.5000  3.7763321E-02  2.6878325E-02  3.5811276E-02
   19.7500  3.7831705E-02  2.7120507E-02  3.6325346E-02
   20.0000  3.7917440E-02  2.7396000E-02  3.6785834E-02
   21.0000  3.8043333E-02  2.8929001E-02  3.7621552E-02
   22.0000  3.7167048E-02  3.1279072E-02  3.6444984E-02
   23.0000  3.5376072E-02  3.3923515E-02  3.4270716E-02
   24.0000  3.4626332E-02  3.6637219E-02  3.3117705E-02
   25.0000  3.4139141E-02  3.8159986E-02  3.2724964E-02
   26.0000  3.3604339E-02  3.7947627E-02  3.2621676E-02
   27.0000  3.3042193E-02  3.6329527E-02  3.2401480E-02
   28.0000  3.2587789E-02  3.4126226E-02  3.1897379E-02
   29.0000  3.2264778E-02  3.2019047E-02  3.1182496E-02
   30.0000  3.1847735E-02  3.0332376E-02  3.0362280E-02
   31.0000  3.1077269E-02  2.9122180E-02  2.9474928E-02
   32.0000  2.9895459E-02  2.8298992E-02  2.8538930E-02
   33.0000  2.8391987E-02  2.7724352E-02  2.7571953E-02
   34.0000  2.6711158E-02  2.7289215E-02  2.6622582E-02
   35.0000  2.4993119E-02  2.6900285E-02  2.5739686E-02
   36.0000  2.3354081E-02  2.6476641E-02  2.4942075E-02
   37.0000  2.1882732E-02  2.5942601E-02  2.4204116E-02
   38.0000  2.0647770E-02  2.5255559E-02  2.3459730E-02
   39.0000  1.9691870E-02  2.4419473E-02  2.2655917E-02
   40.0000  1.9004909E-02  2.3472700E-02  2.1785803E-02
