  7709.000   27  1  1  1.9222038E-02 -2.9446868E+00 -2.8882581E-01  1  1  7.5668240E+03  8.0000000E+03  0.0000000E+00  1.1792254E+00  1.0000000E+00  0.0000000E+00  = E_edge, Z, n_edge, j_edge, Abs_before_edge, VO_interstitial, E_cut, ninit, ninit1, Epsii, UnitCell_Volume, Surface_ref, f0_forward, natomsym_f, abs_u_iso
    Energy   (100,001)      (010,001)      (001,110)   
  -25.0000  4.1491787E-09  1.1851570E-09  5.2981614E-10
  -24.0000  1.1642885E-08  3.2797739E-09  1.3541701E-09
  -23.0000  4.0367525E-08  1.1347910E-08  4.2095384E-09
  -22.0000  2.1452177E-07  6.3176261E-08  1.9705636E-08
  -21.0000  7.2628810E-06  4.2889120E-06  6.6696813E-07
  -20.0000  4.1359534E-06  6.8528329E-07  1.1967690E-06
  -19.0000  1.2053427E-06  7.9887936E-07  9.3533222E-07
  -18.0000  1.1007855E-06  3.4626902E-07  2.0862592E-07
  -17.0000  1.8054524E-06  4.6987276E-07  2.0723521E-07
  -16.0000  9.8253400E-06  2.1579885E-06  6.6984938E-07
  -15.0000  5.7329451E-06  9.6926623E-07  1.0600102E-06
  -14.0000  6.2694958E-06  5.2350152E-06  8.8544599E-06
  -13.0000  8.6333579E-07  1.2666091E-06  2.7058872E-06
  -12.0000  8.6089123E-05  1.0722365E-02  9.3235787E-03
  -11.0000  2.3497042E-05  6.7806295E-06  3.5783763E-06
  -10.0000  2.0719064E-02  1.0209942E-03  5.7940015E-03
  -9.00000  7.5183358E-05  3.5119874E-05  8.0150197E-06
  -8.00000  2.7315933E-04  9.1087009E-05  1.2522456E-05
  -7.00000  3.6499532E-04  9.2568271E-04  1.3652612E-04
  -6.00000  7.7364039E-03  2.0643945E-02  5.7965377E-03
  -5.00000  9.7613933E-04  1.0773876E-04  9.2867227E-04
  -4.00000  1.8002729E-04  1.0736445E-04  1.5894648E-04
  -3.00000  7.2489149E-04  4.8985567E-04  4.8189697E-04
  -2.00000  6.6513025E-05  7.7644310E-05  2.9757800E-05
  -1.00000  6.2910341E-05  7.7803427E-05  2.5849398E-05
   0.00000  1.1292782E-04  8.5170579E-05  7.2079649E-05
   1.00000  8.2929320E-05  1.0953315E-04  9.8758356E-05
   2.00000  7.5286197E-05  9.4357690E-05  7.4610150E-05
   3.00000  9.3902803E-05  1.2416923E-04  9.8985938E-05
   4.00000  1.4098440E-04  2.0026796E-04  1.6982060E-04
   5.00000  2.7978153E-04  4.9676474E-04  4.5242960E-04
   5.20000  3.4144397E-04  6.9562349E-04  6.2304888E-04
   5.40000  4.3177474E-04  9.3389935E-04  9.2583708E-04
   5.60000  5.6306103E-04  1.0008331E-03  1.5425888E-03
   5.80000  8.2393006E-04  1.3451867E-03  3.1146270E-03
   6.00000  1.4466192E-03  2.2500944E-03  6.6591170E-03
   6.20000  2.1129770E-03  4.2702838E-03  1.2964752E-02
   6.40000  2.0056993E-03  7.5834948E-03  1.2229128E-02
   6.60000  1.8937422E-03  8.7360454E-03  8.9732722E-03
   6.80000  2.3285985E-03  9.1367969E-03  8.3195853E-03
   7.00000  3.3978434E-03  1.0430627E-02  9.5978889E-03
   7.20000  5.0760446E-03  1.1551626E-02  1.2231817E-02
   7.40000  7.0570245E-03  1.1305731E-02  1.5671140E-02
   7.60000  9.1389163E-03  1.1668154E-02  1.4429408E-02
   7.80000  1.1953601E-02  1.3663860E-02  8.6816539E-03
   8.00000  1.4427692E-02  1.5007674E-02  6.6368734E-03
   8.20000  1.4323939E-02  1.5682399E-02  6.0235634E-03
   8.40000  1.4268769E-02  1.9890972E-02  5.8598947E-03
   8.60000  1.5355201E-02  3.1967506E-02  6.3519327E-03
   8.80000  1.5841068E-02  5.3877168E-02  7.2254576E-03
   9.00000  1.5213290E-02  6.4982729E-02  7.7028656E-03
   9.20000  1.4694624E-02  4.1701940E-02  7.5063570E-03
   9.40000  1.5826852E-02  2.1605834E-02  7.4160679E-03
   9.60000  1.7123925E-02  1.6673971E-02  8.0342497E-03
   9.80000  1.8097539E-02  1.8931539E-02  9.8468032E-03
   10.0000  1.9420736E-02  2.3627224E-02  1.3219250E-02
   10.2500  2.2160539E-02  3.0582465E-02  2.0887863E-02
   10.5000  2.6812453E-02  3.5711911E-02  3.5428480E-02
   10.7500  3.4395238E-02  3.6333163E-02  6.0104045E-02
   11.0000  4.5224588E-02  3.4583179E-02  8.4793744E-02
   11.2500  5.9815634E-02  3.2938552E-02  8.7566713E-02
   11.5000  7.3070668E-02  3.1440715E-02  7.5147064E-02
   11.7500  7.1597379E-02  3.0511486E-02  6.1728224E-02
   12.0000  5.8768397E-02  3.1055205E-02  5.2860507E-02
   12.2500  4.7712587E-02  3.4233526E-02  4.8421020E-02
   12.5000  4.0962711E-02  4.2777268E-02  4.7023689E-02
   12.7500  3.7349329E-02  6.1785433E-02  4.6665834E-02
   13.0000  3.5384785E-02  9.0677251E-02  4.6061316E-02
   13.2500  3.4086035E-02  1.0387363E-01  4.5843279E-02
   13.5000  3.3280199E-02  8.7055060E-02  4.5763855E-02
   13.7500  3.2956947E-02  6.5584019E-02  4.4584626E-02
   14.0000  3.3074393E-02  4.9945580E-02  4.2206737E-02
   14.2500  3.3355178E-02  3.9858960E-02  3.8857173E-02
   14.5000  3.3518109E-02  3.3458183E-02  3.5162391E-02
   14.7500  3.3432354E-02  2.9367445E-02  3.1915828E-02
   15.0000  3.3142450E-02  2.6711421E-02  2.9590931E-02
   15.2500  3.2821192E-02  2.4955892E-02  2.8228795E-02
   15.5000  3.2288213E-02  2.4725131E-02  2.7125126E-02
   15.7500  3.2502972E-02  2.4118914E-02  2.6787499E-02
   16.0000  3.3142096E-02  2.3794621E-02  2.6528503E-02
   16.2500  3.4091515E-02  2.3545166E-02  2.6135998E-02
   16.5000  3.5151220E-02  2.3189998E-02  2.5618247E-02
   16.7500  3.6123538E-02  2.2712366E-02  2.5192822E-02
   17.0000  3.6893597E-02  2.2243836E-02  2.5116854E-02
   17.2500  3.7458836E-02  2.1941167E-02  2.5523447E-02
   17.5000  3.7883751E-02  2.1906174E-02  2.6392558E-02
   17.7500  3.8272024E-02  2.2170494E-02  2.7635837E-02
   18.0000  3.8711779E-02  2.2707316E-02  2.9165633E-02
   18.2500  3.9263773E-02  2.3450131E-02  3.0922101E-02
   18.5000  3.9949872E-02  2.4319950E-02  3.2859117E-02
   18.7500  4.0733001E-02  2.5251600E-02  3.4913753E-02
   19.0000  4.1505098E-02  2.6210729E-02  3.6978885E-02
   19.2500  4.2109838E-02  2.7194144E-02  3.8919763E-02
   19.5000  4.2416676E-02  2.8215239E-02  4.0624032E-02
   19.7500  4.2384132E-02  2.9286165E-02  4.2030149E-02
   20.0000  4.2053620E-02  3.0404994E-02  4.3116409E-02
   21.0000  3.9446697E-02  3.4630277E-02  4.4264934E-02
   22.0000  3.8663699E-02  3.6708578E-02  4.0641190E-02
   23.0000  3.9334344E-02  3.8341671E-02  3.5282280E-02
   24.0000  3.8214000E-02  3.8915430E-02  3.2019266E-02
   25.0000  3.6200561E-02  3.7560242E-02  3.1140727E-02
   26.0000  3.4753959E-02  3.5550696E-02  3.1623810E-02
   27.0000  3.4489277E-02  3.3993865E-02  3.2372613E-02
   28.0000  3.4756094E-02  3.2704294E-02  3.2451776E-02
   29.0000  3.4897364E-02  3.1455995E-02  3.2008977E-02
   30.0000  3.4104470E-02  3.0453825E-02  3.1349662E-02
   31.0000  3.2274348E-02  2.9833796E-02  3.0531440E-02
   32.0000  2.9847241E-02  2.9331575E-02  2.9557273E-02
   33.0000  2.7304700E-02  2.8689198E-02  2.8509979E-02
   34.0000  2.4987208E-02  2.7881868E-02  2.7474384E-02
   35.0000  2.3025871E-02  2.7003243E-02  2.6492925E-02
   36.0000  2.1435859E-02  2.6155487E-02  2.5600864E-02
   37.0000  2.0215080E-02  2.5376233E-02  2.4793507E-02
   38.0000  1.9365083E-02  2.4634081E-02  2.3996445E-02
   39.0000  1.8880128E-02  2.3864851E-02  2.3086237E-02
   40.0000  1.8689864E-02  2.3002149E-02  2.1970640E-02
