  7709.000   27  1  1  1.9222038E-02 -2.9992195E+00 -2.5786114E-01  1  1  7.5669548E+03  8.0000000E+03  0.0000000E+00  1.1792254E+00  1.0000000E+00  0.0000000E+00  = E_edge, Z, n_edge, j_edge, Abs_before_edge, VO_interstitial, E_cut, ninit, ninit1, Epsii, UnitCell_Volume, Surface_ref, f0_forward, natomsym_f, abs_u_iso
    Energy   (100,001)      (010,001)      (001,110)   
  -25.0000  4.7078905E-09  1.2950053E-09  5.7308821E-10
  -24.0000  1.3532779E-08  3.6581361E-09  1.4900822E-09
  -23.0000  4.9113335E-08  1.3215311E-08  4.7858993E-09
  -22.0000  2.9307574E-07  8.3632072E-08  2.4515624E-08
  -21.0000  8.2079038E-05  1.0125842E-04  7.8543211E-06
  -20.0000  2.8120222E-06  8.2781827E-07  2.3206229E-06
  -19.0000  1.0245786E-06  5.2824102E-07  4.8587930E-07
  -18.0000  1.0549309E-06  3.1412706E-07  1.8759525E-07
  -17.0000  1.9921244E-06  4.8193658E-07  2.3195722E-07
  -16.0000  2.5926081E-05  7.3134287E-06  4.2965841E-06
  -15.0000  1.4351111E-06  1.3833500E-06  9.7530168E-07
  -14.0000  3.7527978E-06  3.8962050E-06  5.3598094E-06
  -13.0000  1.1314633E-06  1.6607991E-06  4.0390795E-06
  -12.0000  5.4212582E-06  1.3634038E-05  2.5947968E-05
  -11.0000  2.5023522E-05  6.0924170E-06  2.8883794E-06
  -10.0000  1.2352917E-02  8.9923585E-02  3.9886991E-03
  -9.00000  6.0735567E-05  1.8184521E-05  8.2566214E-06
  -8.00000  2.0642684E-03  2.0898453E-04  1.6803303E-04
  -7.00000  3.8972563E-03  2.9210423E-04  4.4186349E-02
  -6.00000  5.4050764E-04  4.0903564E-03  8.0776146E-04
  -5.00000  1.2721316E-03  3.4521211E-04  4.1764513E-03
  -4.00000  2.1383633E-04  1.5350837E-04  1.8929337E-04
  -3.00000  8.3923571E-04  5.0194120E-04  5.5398586E-04
  -2.00000  6.2440013E-05  7.8670212E-05  2.8315318E-05
  -1.00000  6.1995618E-05  7.8689331E-05  2.7336615E-05
   0.00000  2.5385429E-04  3.8375704E-04  4.2197169E-04
   1.00000  7.6604670E-05  1.0075616E-04  8.4025866E-05
   2.00000  7.5733172E-05  9.5648619E-05  7.7525786E-05
   3.00000  9.8909268E-05  1.3089801E-04  1.0556165E-04
   4.00000  1.6327079E-04  2.2483726E-04  1.8345053E-04
   5.00000  5.9486682E-04  8.2164551E-04  5.5005315E-04
   5.20000  8.3780640E-04  1.0369401E-03  7.8605822E-04
   5.40000  7.7119983E-04  9.6772137E-04  1.1979355E-03
   5.60000  8.0688760E-04  1.3017575E-03  2.3315784E-03
   5.80000  1.0569000E-03  1.7773657E-03  4.0120333E-03
   6.00000  1.5895771E-03  2.6659115E-03  7.9129622E-03
   6.20000  1.9626984E-03  5.0532623E-03  1.3459029E-02
   6.40000  1.9254131E-03  8.3199084E-03  1.0846045E-02
   6.60000  2.5737404E-03  9.7781166E-03  8.4435883E-03
   6.80000  4.0040460E-03  1.1165497E-02  8.3223226E-03
   7.00000  5.7958507E-03  1.2468610E-02  1.0098647E-02
   7.20000  8.0749051E-03  1.2311232E-02  1.6422565E-02
   7.40000  1.1126635E-02  1.2613441E-02  3.1002589E-02
   7.60000  1.3251843E-02  1.8410346E-02  2.6917920E-02
   7.80000  1.5440621E-02  2.3481756E-02  1.4635915E-02
   8.00000  1.7121990E-02  2.5665177E-02  1.1365670E-02
   8.20000  1.7734590E-02  2.5421057E-02  1.0538227E-02
   8.40000  2.0066359E-02  3.3105255E-02  1.0531151E-02
   8.60000  2.1615545E-02  4.3390866E-02  1.1158487E-02
   8.80000  2.0910352E-02  2.6077670E-02  1.2212861E-02
   9.00000  2.2146263E-02  2.1223338E-02  1.2546459E-02
   9.20000  2.3950018E-02  2.6604974E-02  1.2162483E-02
   9.40000  2.5266506E-02  3.4380423E-02  1.2125584E-02
   9.60000  2.6229220E-02  4.2640710E-02  1.3543468E-02
   9.80000  2.7326172E-02  5.1240635E-02  1.7508396E-02
   10.0000  2.8652709E-02  5.8340008E-02  2.5527405E-02
   10.2500  3.1403163E-02  6.0208131E-02  4.4953161E-02
   10.5000  3.8193877E-02  5.3671778E-02  7.5379918E-02
   10.7500  5.2334828E-02  4.6422196E-02  9.8527918E-02
   11.0000  7.2921921E-02  4.2835387E-02  9.3522297E-02
   11.2500  8.6279106E-02  4.1463820E-02  7.6003321E-02
   11.5000  7.6245984E-02  4.1016659E-02  6.0412404E-02
   11.7500  5.8166194E-02  4.2772788E-02  5.0879125E-02
   12.0000  4.5313737E-02  4.8447312E-02  4.6196777E-02
   12.2500  3.7716397E-02  6.1123718E-02  4.5007261E-02
   12.5000  3.3774010E-02  8.1555591E-02  4.5670222E-02
   12.7500  3.2693304E-02  9.0498880E-02  4.6431207E-02
   13.0000  3.2682314E-02  7.4853174E-02  4.6682185E-02
   13.2500  3.2630566E-02  5.6498114E-02  4.5906343E-02
   13.5000  3.2079682E-02  4.3047258E-02  4.3670530E-02
   13.7500  3.1732224E-02  3.4931264E-02  4.0095155E-02
   14.0000  3.1266402E-02  2.9502892E-02  3.5923108E-02
   14.2500  3.0798739E-02  2.5864476E-02  3.1965154E-02
   14.5000  3.0418366E-02  2.3441575E-02  2.8850067E-02
   14.7500  3.0152949E-02  2.1853208E-02  2.6805093E-02
   15.0000  3.0032824E-02  2.0843107E-02  2.5709296E-02
   15.2500  3.0032674E-02  2.0299750E-02  2.5078732E-02
   15.5000  3.0084099E-02  2.0722213E-02  2.4638435E-02
   15.7500  3.0797858E-02  2.0640474E-02  2.4580861E-02
   16.0000  3.1771461E-02  2.0595393E-02  2.4405302E-02
   16.2500  3.2853258E-02  2.0480219E-02  2.4089036E-02
   16.5000  3.3893741E-02  2.0294765E-02  2.3815060E-02
   16.7500  3.4816699E-02  2.0140744E-02  2.3829972E-02
   17.0000  3.5642942E-02  2.0144699E-02  2.4271933E-02
   17.2500  3.6429630E-02  2.0392550E-02  2.5128140E-02
   17.5000  3.7239668E-02  2.0918419E-02  2.6311656E-02
   17.7500  3.8096920E-02  2.1702170E-02  2.7734254E-02
   18.0000  3.8990136E-02  2.2680978E-02  2.9337817E-02
   18.2500  3.9878775E-02  2.3772032E-02  3.1088550E-02
   18.5000  4.0691458E-02  2.4901130E-02  3.2951906E-02
   18.7500  4.1322282E-02  2.6025561E-02  3.4861059E-02
   19.0000  4.1653466E-02  2.7131576E-02  3.6704526E-02
   19.2500  4.1620966E-02  2.8216533E-02  3.8362079E-02
   19.5000  4.1258604E-02  2.9279576E-02  3.9751326E-02
   19.7500  4.0664482E-02  3.0318167E-02  4.0841852E-02
   20.0000  3.9928637E-02  3.1327491E-02  4.1649543E-02
   21.0000  3.7156349E-02  3.4436320E-02  4.2640528E-02
   22.0000  3.7316507E-02  3.6314782E-02  3.9277285E-02
   23.0000  3.7058787E-02  3.8240313E-02  3.3890277E-02
   24.0000  3.5340865E-02  3.8374341E-02  3.0764731E-02
   25.0000  3.3705798E-02  3.6816836E-02  3.0166966E-02
   26.0000  3.2763441E-02  3.4821992E-02  3.0833172E-02
   27.0000  3.2774941E-02  3.3131755E-02  3.1485230E-02
   28.0000  3.3286663E-02  3.1585082E-02  3.1434989E-02
   29.0000  3.3694530E-02  3.0254871E-02  3.0893239E-02
   30.0000  3.3106028E-02  2.9460214E-02  3.0092746E-02
   31.0000  3.1313878E-02  2.9094660E-02  2.9118080E-02
   32.0000  2.8789438E-02  2.8714235E-02  2.8057102E-02
   33.0000  2.6190309E-02  2.8082304E-02  2.7026473E-02
   34.0000  2.3958214E-02  2.7253667E-02  2.6102027E-02
   35.0000  2.2195012E-02  2.6360102E-02  2.5317579E-02
   36.0000  2.0848543E-02  2.5492655E-02  2.4667004E-02
   37.0000  1.9877123E-02  2.4673786E-02  2.4051231E-02
   38.0000  1.9252886E-02  2.3895383E-02  2.3316798E-02
   39.0000  1.8921107E-02  2.3129154E-02  2.2361574E-02
   40.0000  1.8740422E-02  2.2306745E-02  2.1198447E-02
