  7709.000   27  1  1  1.9222038E-02 -2.7395436E+00 -2.4593607E-01  1  1  7.5667087E+03  8.0000000E+03  0.0000000E+00  1.1792254E+00  1.0000000E+00  0.0000000E+00  = E_edge, Z, n_edge, j_edge, Abs_before_edge, VO_interstitial, E_cut, ninit, ninit1, Epsii, UnitCell_Volume, Surface_ref, f0_forward, natomsym_f, abs_u_iso
    Energy   (100,001)      (010,001)      (001,110)   
  -25.0000  4.5868607E-09  1.3092481E-09  6.0679558E-10
  -24.0000  1.3087400E-08  3.6903446E-09  1.5899091E-09
  -23.0000  4.6718508E-08  1.3225072E-08  5.1291595E-09
  -22.0000  2.6486349E-07  8.0890387E-08  2.5641615E-08
  -21.0000  1.0608681E-05  2.0341146E-05  9.5645251E-07
  -20.0000  3.4863230E-06  8.0028949E-07  2.6410553E-06
  -19.0000  1.0994235E-06  5.7304865E-07  6.1640684E-07
  -18.0000  1.0867624E-06  3.0625520E-07  2.2849130E-07
  -17.0000  1.8851271E-06  4.2618725E-07  3.0788109E-07
  -16.0000  1.1563672E-05  1.9242873E-06  2.5339231E-06
  -15.0000  4.1596191E-06  1.1233357E-06  1.7845654E-06
  -14.0000  2.6897378E-05  1.9631513E-05  3.3911676E-05
  -13.0000  1.0045930E-06  1.3045691E-06  2.8851276E-06
  -12.0000  9.2661736E-05  4.1420197E-04  1.6324149E-04
  -11.0000  2.6588040E-05  7.6221292E-06  4.0576116E-06
  -10.0000  2.5378248E-02  3.0654543E-04  1.2319573E-03
  -9.00000  8.5580064E-05  2.9799271E-05  7.2716663E-06
  -8.00000  7.6408292E-04  1.3809805E-04  4.3692736E-05
  -7.00000  5.6786781E-04  1.5994688E-03  8.6065018E-04
  -6.00000  1.6655906E-03  1.6093901E-02  3.2807262E-03
  -5.00000  6.0751344E-04  1.0795193E-04  8.6527158E-04
  -4.00000  1.8669292E-04  9.8548085E-05  1.6335678E-04
  -3.00000  1.4942696E-03  9.2371576E-04  1.1608036E-03
  -2.00000  6.9609074E-05  8.4609585E-05  2.8977720E-05
  -1.00000  5.8208711E-05  8.2660819E-05  2.1962336E-05
   0.00000  9.2609991E-05  2.3640142E-04  1.1040672E-04
   1.00000  9.5076169E-05  1.0985581E-04  1.0379907E-04
   2.00000  8.1372215E-05  9.9372464E-05  8.0132967E-05
   3.00000  1.0210090E-04  1.2833459E-04  1.0513462E-04
   4.00000  1.5948684E-04  2.1661704E-04  1.7999864E-04
   5.00000  4.0100881E-04  6.7775639E-04  4.8409219E-04
   5.20000  5.8400933E-04  1.0585967E-03  6.7207325E-04
   5.40000  7.5347479E-04  1.3102330E-03  1.0186620E-03
   5.60000  7.5665010E-04  1.2150795E-03  1.7890410E-03
   5.80000  8.7884957E-04  1.5620469E-03  3.6611547E-03
   6.00000  1.2185478E-03  2.4557258E-03  6.5210500E-03
   6.20000  1.6143751E-03  4.6449581E-03  1.3061108E-02
   6.40000  1.7470203E-03  8.2992914E-03  1.3396863E-02
   6.60000  2.1438137E-03  9.9552956E-03  1.0166977E-02
   6.80000  3.1753468E-03  1.1004333E-02  9.6972047E-03
   7.00000  5.1172278E-03  1.3189686E-02  1.1468222E-02
   7.20000  8.0285877E-03  1.4542251E-02  1.5420293E-02
   7.40000  1.1055990E-02  1.4077829E-02  1.8548370E-02
   7.60000  1.3306193E-02  1.4561336E-02  1.2909480E-02
   7.80000  1.3671252E-02  1.3782489E-02  8.2900987E-03
   8.00000  1.3096001E-02  1.1903246E-02  7.1479226E-03
   8.20000  1.3270486E-02  1.1848468E-02  7.1701403E-03
   8.40000  1.5162009E-02  1.5265040E-02  7.5825606E-03
   8.60000  1.6813961E-02  2.2687232E-02  8.3673651E-03
   8.80000  1.7511803E-02  3.6098575E-02  9.0931079E-03
   9.00000  1.8999080E-02  5.5423224E-02  9.3294557E-03
   9.20000  2.1573270E-02  5.2779736E-02  8.9045935E-03
   9.40000  2.1794178E-02  3.1860316E-02  8.0997579E-03
   9.60000  2.0876675E-02  2.7859404E-02  8.1376138E-03
   9.80000  2.0292865E-02  3.1232738E-02  9.4005937E-03
   10.0000  2.0408861E-02  3.6643229E-02  1.2182836E-02
   10.2500  2.1584816E-02  4.3105240E-02  1.8790018E-02
   10.5000  2.4524349E-02  4.5328739E-02  3.1204565E-02
   10.7500  3.0730142E-02  4.3039190E-02  5.2893051E-02
   11.0000  4.1402150E-02  3.9483136E-02  7.8666458E-02
   11.2500  5.5333044E-02  3.6983216E-02  8.5251182E-02
   11.5000  6.6844599E-02  3.5724378E-02  7.1358804E-02
   11.7500  6.5369773E-02  3.5748907E-02  5.7052104E-02
   12.0000  5.4622680E-02  3.7548100E-02  4.8597991E-02
   12.2500  4.4971548E-02  4.2320342E-02  4.4950305E-02
   12.5000  3.8723350E-02  5.3477037E-02  4.4072909E-02
   12.7500  3.4787885E-02  7.3733255E-02  4.4140226E-02
   13.0000  3.2858990E-02  9.5553297E-02  4.4073184E-02
   13.2500  3.1654725E-02  9.3489741E-02  4.3750341E-02
   13.5000  3.0948145E-02  7.3741441E-02  4.3293398E-02
   13.7500  3.0315572E-02  5.5443782E-02  4.2348486E-02
   14.0000  3.0337214E-02  4.3719009E-02  4.0519496E-02
   14.2500  3.0656489E-02  3.6151832E-02  3.7860636E-02
   14.5000  3.1051030E-02  3.1250551E-02  3.4864084E-02
   14.7500  3.1358271E-02  2.7981025E-02  3.2158824E-02
   15.0000  3.1517070E-02  2.5702984E-02  3.0125323E-02
   15.2500  3.1589022E-02  2.4062482E-02  2.8832462E-02
   15.5000  3.1721306E-02  2.2895157E-02  2.8153321E-02
   15.7500  3.1810529E-02  2.2912587E-02  2.7419623E-02
   16.0000  3.2373120E-02  2.2562325E-02  2.7125240E-02
   16.2500  3.3137466E-02  2.2346316E-02  2.6725012E-02
   16.5000  3.3977034E-02  2.2117896E-02  2.6186522E-02
   16.7500  3.4776832E-02  2.1858056E-02  2.5678050E-02
   17.0000  3.5483630E-02  2.1667999E-02  2.5430902E-02
   17.2500  3.6110826E-02  2.1673230E-02  2.5584403E-02
   17.5000  3.6699319E-02  2.1953486E-02  2.6146477E-02
   17.7500  3.7310583E-02  2.2526425E-02  2.7059436E-02
   18.0000  3.7989185E-02  2.3352246E-02  2.8261232E-02
   18.2500  3.8753827E-02  2.4348073E-02  2.9713969E-02
   18.5000  3.9591518E-02  2.5416599E-02  3.1400232E-02
   18.7500  4.0446217E-02  2.6478283E-02  3.3300638E-02
   19.0000  4.1221255E-02  2.7494510E-02  3.5374156E-02
   19.2500  4.1813172E-02  2.8469499E-02  3.7547855E-02
   19.5000  4.2165225E-02  2.9422906E-02  3.9713392E-02
   19.7500  4.2294845E-02  3.0364738E-02  4.1734558E-02
   20.0000  4.2260504E-02  3.1283611E-02  4.3471597E-02
   21.0000  4.1340819E-02  3.3966240E-02  4.6302360E-02
   22.0000  4.0304140E-02  3.4955142E-02  4.2599669E-02
   23.0000  3.9498616E-02  3.6604228E-02  3.6294877E-02
   24.0000  3.8184374E-02  3.7693376E-02  3.2570836E-02
   25.0000  3.6690153E-02  3.6820375E-02  3.1459853E-02
   26.0000  3.5984964E-02  3.5100563E-02  3.1787916E-02
   27.0000  3.5826339E-02  3.3477232E-02  3.2231792E-02
   28.0000  3.5845320E-02  3.1981309E-02  3.2022355E-02
   29.0000  3.5843662E-02  3.0645244E-02  3.1587673E-02
   30.0000  3.4883300E-02  2.9637873E-02  3.1034875E-02
   31.0000  3.2869927E-02  2.9030760E-02  3.0379715E-02
   32.0000  3.0252448E-02  2.8531051E-02  2.9587672E-02
   33.0000  2.7552160E-02  2.7897725E-02  2.8722074E-02
   34.0000  2.5146987E-02  2.7134327E-02  2.7870800E-02
   35.0000  2.3181325E-02  2.6341577E-02  2.7089915E-02
   36.0000  2.1660653E-02  2.5610930E-02  2.6417729E-02
   37.0000  2.0566223E-02  2.4960876E-02  2.5826717E-02
   38.0000  1.9888280E-02  2.4356965E-02  2.5200881E-02
   39.0000  1.9596000E-02  2.3746477E-02  2.4385245E-02
   40.0000  1.9574893E-02  2.3072546E-02  2.3297517E-02
