  7709.000   27  1  1  1.9222038E-02 -3.0259221E+00 -2.7229518E-01  1  1  7.5668802E+03  8.0000000E+03  0.0000000E+00  1.1792254E+00  1.0000000E+00  0.0000000E+00  = E_edge, Z, n_edge, j_edge, Abs_before_edge, VO_interstitial, E_cut, ninit, ninit1, Epsii, UnitCell_Volume, Surface_ref, f0_forward, natomsym_f, abs_u_iso
    Energy   (100,001)      (010,001)      (001,110)   
  -25.0000  4.6297409E-09  1.2113158E-09  5.9814262E-10
  -24.0000  1.3262266E-08  3.3898721E-09  1.5701357E-09
  -23.0000  4.7901789E-08  1.2083161E-08  5.1570762E-09
  -22.0000  2.8563347E-07  7.5250500E-08  2.8430784E-08
  -21.0000  5.8918439E-02  3.0260829E-02  8.9108195E-03
  -20.0000  2.8627764E-06  5.5493956E-07  1.4299920E-06
  -19.0000  1.0534116E-06  6.1775258E-07  6.2823411E-07
  -18.0000  1.0364813E-06  3.1459341E-07  1.9223805E-07
  -17.0000  1.8129698E-06  4.2095611E-07  2.0431571E-07
  -16.0000  1.2325186E-05  2.1764641E-06  9.0015161E-07
  -15.0000  2.3376942E-06  2.3941647E-06  1.3401628E-06
  -14.0000  2.5970480E-06  3.3087052E-06  3.8239774E-06
  -13.0000  8.5265379E-07  1.4880004E-06  3.5186582E-06
  -12.0000  1.2156113E-05  7.2529131E-05  5.0550779E-05
  -11.0000  2.3631647E-05  5.8677216E-06  3.7938285E-06
  -10.0000  7.4386393E-04  3.9577896E-03  1.1592135E-03
  -9.00000  6.5678081E-05  1.7948991E-05  1.0226282E-05
  -8.00000  1.8877841E-01  2.6845913E-02  9.3206617E-03
  -7.00000  2.4934312E-04  2.3759996E-04  1.1442462E-03
  -6.00000  3.9064877E-04  2.4713885E-03  1.0927575E-03
  -5.00000  9.0372671E-04  3.7768102E-04  2.6533875E-03
  -4.00000  1.8055028E-04  1.7003756E-04  2.3398605E-04
  -3.00000  6.8466469E-04  5.4420902E-04  3.5273440E-04
  -2.00000  6.1170375E-05  7.7433212E-05  2.3888533E-05
  -1.00000  6.4551793E-05  8.5027970E-05  2.7642966E-05
   0.00000  9.9230984E-05  9.4162616E-05  7.5357521E-05
   1.00000  8.3472577E-05  1.1569174E-04  1.0196162E-04
   2.00000  7.1614725E-05  9.3056851E-05  7.2975829E-05
   3.00000  8.8245491E-05  1.1624156E-04  9.3222889E-05
   4.00000  1.3491398E-04  1.8925579E-04  1.5180953E-04
   5.00000  3.2670704E-04  6.0342059E-04  3.7946812E-04
   5.20000  4.8198289E-04  1.0126946E-03  5.3836306E-04
   5.40000  5.6190298E-04  1.0743236E-03  8.3391158E-04
   5.60000  5.7547521E-04  9.5035840E-04  1.6524276E-03
   5.80000  7.7327032E-04  1.1471072E-03  2.9350827E-03
   6.00000  1.1027262E-03  1.4274804E-03  3.1353948E-03
   6.20000  1.6739187E-03  2.3168715E-03  5.7804378E-03
   6.40000  2.1870286E-03  4.2100036E-03  1.0052198E-02
   6.60000  2.1572697E-03  6.4470217E-03  9.5871899E-03
   6.80000  2.5989857E-03  8.0622710E-03  8.9124610E-03
   7.00000  3.4160852E-03  9.7335095E-03  9.5788690E-03
   7.20000  4.4329272E-03  1.1104205E-02  1.2211254E-02
   7.40000  5.9976098E-03  1.1133692E-02  1.9735857E-02
   7.60000  7.8933882E-03  1.1843329E-02  2.5910827E-02
   7.80000  1.0311787E-02  1.5729443E-02  1.6243632E-02
   8.00000  1.4516062E-02  2.0785064E-02  1.0349721E-02
   8.20000  1.7093068E-02  2.3504293E-02  9.0671821E-03
   8.40000  1.5428183E-02  2.0640994E-02  7.9491117E-03
   8.60000  1.5005108E-02  2.3829364E-02  7.6085290E-03
   8.80000  1.5554773E-02  3.6884594E-02  8.2379046E-03
   9.00000  1.7455868E-02  5.3594854E-02  8.7391372E-03
   9.20000  2.0130019E-02  4.0932325E-02  8.3606395E-03
   9.40000  2.1580083E-02  2.3643720E-02  7.9537088E-03
   9.60000  2.2497056E-02  2.1233209E-02  8.0984816E-03
   9.80000  2.3262913E-02  2.5642753E-02  9.4189859E-03
   10.0000  2.4063709E-02  3.2876497E-02  1.2476723E-02
   10.2500  2.5235652E-02  4.2698092E-02  2.0246869E-02
   10.5000  2.7561642E-02  4.7271256E-02  3.5481769E-02
   10.7500  3.3911954E-02  4.3995824E-02  6.0262514E-02
   11.0000  4.5793753E-02  3.8199262E-02  8.2697680E-02
   11.2500  6.3584108E-02  3.4365305E-02  8.5946225E-02
   11.5000  7.8807769E-02  3.2529379E-02  7.6487897E-02
   11.7500  7.5190081E-02  3.2051078E-02  6.4229521E-02
   12.0000  6.0281699E-02  3.3319545E-02  5.4866991E-02
   12.2500  4.7024362E-02  3.7818680E-02  4.9853605E-02
   12.5000  3.9792313E-02  4.8282830E-02  4.8916244E-02
   12.7500  3.5613878E-02  7.0034375E-02  4.9928708E-02
   13.0000  3.3402263E-02  9.8739415E-02  5.0838370E-02
   13.2500  3.2573057E-02  1.0048235E-01  5.0947974E-02
   13.5000  3.2535770E-02  7.6205212E-02  4.9843860E-02
   13.7500  3.2462109E-02  5.6847146E-02  4.7255322E-02
   14.0000  3.2337857E-02  4.4143388E-02  4.3346594E-02
   14.2500  3.2099743E-02  3.6028109E-02  3.8725863E-02
   14.5000  3.1793184E-02  3.0763868E-02  3.4237785E-02
   14.7500  3.1464470E-02  2.7279706E-02  3.0630770E-02
   15.0000  3.1135011E-02  2.4936523E-02  2.8238909E-02
   15.2500  3.0855879E-02  2.3357037E-02  2.6968828E-02
   15.5000  3.0268284E-02  2.3000032E-02  2.6095972E-02
   15.7500  3.0404037E-02  2.2450941E-02  2.5918636E-02
   16.0000  3.0883242E-02  2.2153977E-02  2.5766708E-02
   16.2500  3.1640522E-02  2.1946379E-02  2.5396293E-02
   16.5000  3.2525649E-02  2.1673401E-02  2.4785792E-02
   16.7500  3.3376629E-02  2.1298139E-02  2.4143360E-02
   17.0000  3.4104055E-02  2.0919578E-02  2.3749633E-02
   17.2500  3.4710722E-02  2.0675029E-02  2.3778889E-02
   17.5000  3.5269172E-02  2.0666991E-02  2.4261509E-02
   17.7500  3.5860269E-02  2.0940376E-02  2.5141942E-02
   18.0000  3.6541390E-02  2.1487663E-02  2.6347851E-02
   18.2500  3.7337162E-02  2.2257662E-02  2.7822730E-02
   18.5000  3.8241666E-02  2.3170489E-02  2.9524413E-02
   18.7500  3.9220659E-02  2.4140151E-02  3.1406262E-02
   19.0000  4.0198848E-02  2.5100752E-02  3.3390934E-02
   19.2500  4.1055014E-02  2.6024376E-02  3.5362156E-02
   19.5000  4.1643625E-02  2.6924283E-02  3.7192822E-02
   19.7500  4.1848119E-02  2.7838880E-02  3.8787827E-02
   20.0000  4.1620569E-02  2.8807220E-02  4.0106040E-02
   21.0000  3.8140433E-02  3.2849138E-02  4.2970890E-02
   22.0000  3.6856325E-02  3.4822391E-02  4.1981260E-02
   23.0000  3.7665926E-02  3.6828213E-02  3.7091344E-02
   24.0000  3.7144118E-02  3.8848517E-02  3.2890927E-02
   25.0000  3.5688279E-02  3.8869908E-02  3.1179417E-02
   26.0000  3.4839883E-02  3.7623086E-02  3.1448856E-02
   27.0000  3.4417541E-02  3.6000348E-02  3.2189911E-02
   28.0000  3.4628353E-02  3.4403936E-02  3.2517686E-02
   29.0000  3.5044904E-02  3.2742987E-02  3.2210294E-02
   30.0000  3.5060959E-02  3.1353055E-02  3.1579482E-02
   31.0000  3.4010102E-02  3.0462328E-02  3.0751100E-02
   32.0000  3.1897819E-02  2.9833621E-02  2.9766982E-02
   33.0000  2.9245689E-02  2.9159249E-02  2.8711647E-02
   34.0000  2.6642365E-02  2.8365961E-02  2.7695200E-02
   35.0000  2.4394229E-02  2.7531510E-02  2.6792802E-02
   36.0000  2.2557134E-02  2.6753766E-02  2.6064791E-02
   37.0000  2.1114839E-02  2.6069110E-02  2.5493980E-02
   38.0000  2.0058761E-02  2.5449468E-02  2.4945328E-02
   39.0000  1.9383289E-02  2.4837116E-02  2.4230652E-02
   40.0000  1.9042382E-02  2.4160660E-02  2.3233606E-02
