  7709.000   27  1  1  1.9222038E-02 -3.0598158E+00 -2.4073903E-01  1  1  7.5669462E+03  8.0000000E+03  0.0000000E+00  1.1792254E+00  1.0000000E+00  0.0000000E+00  = E_edge, Z, n_edge, j_edge, Abs_before_edge, VO_interstitial, E_cut, ninit, ninit1, Epsii, UnitCell_Volume, Surface_ref, f0_forward, natomsym_f, abs_u_iso
    Energy   (100,001)      (010,001)      (001,110)   
  -25.0000  3.8621564E-09  1.1015295E-09  5.1800261E-10
  -24.0000  1.0809595E-08  3.0225546E-09  1.3184544E-09
  -23.0000  3.7422128E-08  1.0381281E-08  4.0685987E-09
  -22.0000  1.9874929E-07  5.7755941E-08  1.8648311E-08
  -21.0000  5.2013767E-06  3.9362783E-06  4.1970627E-07
  -20.0000  3.5226999E-06  5.2990921E-07  1.2261900E-06
  -19.0000  9.9428237E-07  5.1317155E-07  6.2836885E-07
  -18.0000  9.3282629E-07  2.5642805E-07  2.0178167E-07
  -17.0000  1.5607862E-06  3.2539932E-07  2.3843762E-07
  -16.0000  1.0001311E-05  1.1935403E-06  1.4098682E-06
  -15.0000  1.9125536E-06  2.1236291E-06  1.4385598E-06
  -14.0000  2.4238237E-06  2.4334544E-06  3.4129345E-06
  -13.0000  8.7862431E-07  1.1965296E-06  2.8454499E-06
  -12.0000  8.4816541E-06  4.0158055E-05  4.0398758E-05
  -11.0000  1.8584544E-05  4.7461484E-06  2.8174313E-06
  -10.0000  1.3971589E-03  1.9893588E-04  2.1405381E-03
  -9.00000  7.3134512E-05  2.5286948E-05  5.6031483E-06
  -8.00000  1.0473128E-02  1.7189803E-03  7.1837379E-04
  -7.00000  1.7978595E-04  3.5864563E-04  3.1487495E-04
  -6.00000  5.7468506E-04  1.2612463E-03  6.1201985E-04
  -5.00000  7.6501974E-04  1.3747320E-04  2.0288533E-03
  -4.00000  1.8862475E-04  1.6406705E-04  2.1574856E-04
  -3.00000  1.1544102E-02  7.0327043E-02  6.7012724E-03
  -2.00000  5.5105196E-05  5.6255995E-05  2.1733123E-05
  -1.00000  5.4739806E-05  6.3193514E-05  1.9200476E-05
   0.00000  1.2808516E-04  1.0186296E-04  1.2112063E-04
   1.00000  8.8572063E-05  1.0767644E-04  1.1074974E-04
   2.00000  7.3014100E-05  9.0604475E-05  7.8867886E-05
   3.00000  8.9519704E-05  1.1908408E-04  9.7414336E-05
   4.00000  1.3544073E-04  2.0221974E-04  1.5387411E-04
   5.00000  2.6605411E-04  7.3201019E-04  3.5896024E-04
   5.20000  3.1835558E-04  1.2383431E-03  4.8825377E-04
   5.40000  3.8793456E-04  1.4728739E-03  6.9918475E-04
   5.60000  4.8934953E-04  1.1627394E-03  1.0432524E-03
   5.80000  7.1407309E-04  1.4384506E-03  1.8744230E-03
   6.00000  1.1739723E-03  1.9794876E-03  3.5157194E-03
   6.20000  1.7076718E-03  3.3902296E-03  7.3051091E-03
   6.40000  1.7864476E-03  5.9450764E-03  8.9769568E-03
   6.60000  1.7895700E-03  7.2645482E-03  7.2307987E-03
   6.80000  2.3550822E-03  7.5829383E-03  6.6960600E-03
   7.00000  3.4252846E-03  8.4454599E-03  7.3123360E-03
   7.20000  4.7656888E-03  9.2031817E-03  9.0430559E-03
   7.40000  6.2552884E-03  8.9546139E-03  1.4339224E-02
   7.60000  7.7462327E-03  9.7584074E-03  2.4796655E-02
   7.80000  9.5625051E-03  1.4337718E-02  2.0231068E-02
   8.00000  1.2976086E-02  1.8686622E-02  1.1719167E-02
   8.20000  1.6350737E-02  2.1974897E-02  9.0035804E-03
   8.40000  1.7222312E-02  2.1564950E-02  8.2090713E-03
   8.60000  1.8208631E-02  2.4416145E-02  8.6106900E-03
   8.80000  1.8890558E-02  3.1923702E-02  9.8000563E-03
   9.00000  1.9391079E-02  2.4692026E-02  1.0262468E-02
   9.20000  2.0875336E-02  2.5627994E-02  9.8572188E-03
   9.40000  2.1601618E-02  3.4367565E-02  9.9773469E-03
   9.60000  2.1999483E-02  4.2909250E-02  1.1204594E-02
   9.80000  2.3059779E-02  5.2033723E-02  1.4212442E-02
   10.0000  2.5239208E-02  6.1850247E-02  1.9923600E-02
   10.2500  2.9651354E-02  7.0348107E-02  3.3876388E-02
   10.5000  3.7030885E-02  6.6482137E-02  6.2186138E-02
   10.7500  4.8542473E-02  5.5220728E-02  9.7759996E-02
   11.0000  6.5332130E-02  4.6989724E-02  1.0391211E-01
   11.2500  8.4845245E-02  4.2313923E-02  8.4622772E-02
   11.5000  8.5873545E-02  3.9990350E-02  6.6616521E-02
   11.7500  6.8358305E-02  4.0052043E-02  5.4340941E-02
   12.0000  5.2382550E-02  4.3545786E-02  4.7380850E-02
   12.2500  4.2779345E-02  5.3026744E-02  4.4381628E-02
   12.5000  3.7510595E-02  7.2035080E-02  4.3732219E-02
   12.7500  3.4842058E-02  9.2107671E-02  4.4093371E-02
   13.0000  3.3533333E-02  8.7041245E-02  4.5186975E-02
   13.2500  3.3083453E-02  6.5896781E-02  4.5745936E-02
   13.5000  3.2427419E-02  4.8501891E-02  4.4732551E-02
   13.7500  3.2256803E-02  3.7797629E-02  4.2094246E-02
   14.0000  3.2069276E-02  3.1010755E-02  3.8394747E-02
   14.2500  3.1741684E-02  2.6671718E-02  3.4281066E-02
   14.5000  3.1289557E-02  2.3891673E-02  3.0513696E-02
   14.7500  3.0800235E-02  2.2132631E-02  2.7643093E-02
   15.0000  3.0392671E-02  2.1052488E-02  2.5817450E-02
   15.2500  2.9934043E-02  2.0918178E-02  2.4563680E-02
   15.5000  2.9940305E-02  2.0998833E-02  2.4146412E-02
   15.7500  3.0464835E-02  2.0965321E-02  2.3931129E-02
   16.0000  3.1302324E-02  2.1026697E-02  2.3688324E-02
   16.2500  3.2277580E-02  2.1039491E-02  2.3262764E-02
   16.5000  3.3192816E-02  2.0901710E-02  2.2721620E-02
   16.7500  3.3924244E-02  2.0647204E-02  2.2313338E-02
   17.0000  3.4463477E-02  2.0416331E-02  2.2286924E-02
   17.2500  3.4868719E-02  2.0350307E-02  2.2752932E-02
   17.5000  3.5226032E-02  2.0532303E-02  2.3691777E-02
   17.7500  3.5599384E-02  2.0981958E-02  2.5023616E-02
   18.0000  3.6028999E-02  2.1665568E-02  2.6665570E-02
   18.2500  3.6540047E-02  2.2515634E-02  2.8554471E-02
   18.5000  3.7144891E-02  2.3459787E-02  3.0639000E-02
   18.7500  3.7825177E-02  2.4446628E-02  3.2854652E-02
   19.0000  3.8508956E-02  2.5460361E-02  3.5101436E-02
   19.2500  3.9076510E-02  2.6509464E-02  3.7254308E-02
   19.5000  3.9417054E-02  2.7599916E-02  3.9200707E-02
   19.7500  3.9490504E-02  2.8715396E-02  4.0868422E-02
   20.0000  3.9325615E-02  2.9819462E-02  4.2220568E-02
   21.0000  3.7434252E-02  3.3120555E-02  4.4358509E-02
   22.0000  3.7110370E-02  3.4436198E-02  4.1324749E-02
   23.0000  3.7852142E-02  3.6216426E-02  3.5681482E-02
   24.0000  3.6882840E-02  3.7364691E-02  3.1923155E-02
   25.0000  3.4618084E-02  3.6356534E-02  3.0702964E-02
   26.0000  3.2692797E-02  3.4401203E-02  3.1055964E-02
   27.0000  3.2131878E-02  3.2741003E-02  3.1784821E-02
   28.0000  3.2477043E-02  3.1267052E-02  3.1764925E-02
   29.0000  3.3259468E-02  2.9847264E-02  3.1100553E-02
   30.0000  3.3431690E-02  2.8811101E-02  3.0176835E-02
   31.0000  3.2246773E-02  2.8338708E-02  2.9165152E-02
   32.0000  2.9961236E-02  2.8099723E-02  2.8107028E-02
   33.0000  2.7274942E-02  2.7746128E-02  2.7052560E-02
   34.0000  2.4763461E-02  2.7228146E-02  2.6071651E-02
   35.0000  2.2688909E-02  2.6653441E-02  2.5232411E-02
   36.0000  2.1117075E-02  2.6103982E-02  2.4596617E-02
   37.0000  2.0039420E-02  2.5566189E-02  2.4134776E-02
   38.0000  1.9413891E-02  2.4976070E-02  2.3700164E-02
   39.0000  1.9168235E-02  2.4280573E-02  2.3119132E-02
   40.0000  1.9173642E-02  2.3451823E-02  2.2301259E-02
