  7709.000   27  1  1  1.9222038E-02 -2.7956598E+00 -2.7128623E-01  1  1  7.5665931E+03  8.0000000E+03  0.0000000E+00  1.1792254E+00  1.0000000E+00  0.0000000E+00  = E_edge, Z, n_edge, j_edge, Abs_before_edge, VO_interstitial, E_cut, ninit, ninit1, Epsii, UnitCell_Volume, Surface_ref, f0_forward, natomsym_f, abs_u_iso
    Energy   (100,001)      (010,001)      (001,110)   
  -25.0000  4.7522814E-09  1.1099061E-09  5.0721235E-10
  -24.0000  1.3475666E-08  3.0683309E-09  1.2946710E-09
  -23.0000  4.7401913E-08  1.0621880E-08  4.0148845E-09
  -22.0000  2.5786401E-07  5.9537367E-08  1.8729109E-08
  -21.0000  8.7749310E-06  4.2917469E-06  6.0235673E-07
  -20.0000  4.6333149E-06  4.9185225E-07  8.3746413E-07
  -19.0000  1.3780807E-06  8.3024820E-07  1.2701263E-06
  -18.0000  1.3471125E-06  3.1874501E-07  2.5148816E-07
  -17.0000  2.3966510E-06  4.1011063E-07  2.5605968E-07
  -16.0000  1.6770288E-05  1.7386194E-06  1.2175100E-06
  -15.0000  6.6668915E-06  1.1162278E-06  1.0442896E-06
  -14.0000  2.3072446E-05  1.3312259E-05  3.4862586E-05
  -13.0000  7.7750476E-07  1.4817606E-06  3.3862200E-06
  -12.0000  3.9374816E-04  3.2677808E-02  5.4754661E-02
  -11.0000  1.8995734E-05  6.0001014E-06  4.5022910E-06
  -10.0000  1.4001938E-02  1.9036118E-03  4.1388941E-03
  -9.00000  1.3041735E-04  2.6728101E-05  4.6791324E-06
  -8.00000  2.6148560E-04  1.6400829E-04  3.1216716E-05
  -7.00000  8.4811579E-04  9.7557524E-03  1.4555856E-03
  -6.00000  3.6502044E-03  8.9502194E-03  4.1536301E-03
  -5.00000  8.7971669E-04  5.7631998E-05  2.3706268E-03
  -4.00000  2.6985857E-04  9.9525201E-05  1.5413223E-04
  -3.00000  8.3020203E-04  7.1250110E-04  6.8284292E-04
  -2.00000  7.9790710E-05  1.1543347E-04  4.8625077E-05
  -1.00000  6.5381104E-05  8.5287993E-05  3.3420807E-05
   0.00000  1.0713016E-04  1.3227018E-04  1.0025294E-04
   1.00000  8.7098366E-05  1.1036368E-04  8.6355276E-05
   2.00000  7.5657373E-05  9.9301820E-05  7.0007524E-05
   3.00000  9.1304757E-05  1.2689176E-04  9.5353258E-05
   4.00000  1.2992281E-04  2.0593856E-04  1.5980411E-04
   5.00000  2.5134249E-04  5.5132400E-04  3.9010686E-04
   5.20000  3.2147468E-04  8.1697458E-04  5.1960082E-04
   5.40000  3.7958257E-04  9.5027264E-04  7.4699962E-04
   5.60000  4.1133675E-04  9.5260771E-04  1.2449436E-03
   5.80000  5.4151303E-04  1.2721234E-03  2.4188494E-03
   6.00000  8.6332812E-04  1.8085364E-03  3.8524638E-03
   6.20000  1.3424687E-03  3.1284665E-03  8.1448849E-03
   6.40000  1.7358667E-03  6.2703579E-03  1.4586677E-02
   6.60000  1.6106551E-03  1.0293524E-02  1.2596947E-02
   6.80000  1.9084579E-03  1.1756099E-02  1.0101323E-02
   7.00000  2.7332793E-03  1.2944764E-02  9.8358560E-03
   7.20000  3.8175333E-03  1.4422943E-02  1.1161353E-02
   7.40000  4.8108471E-03  1.4052560E-02  1.4596489E-02
   7.60000  5.5654238E-03  1.3176203E-02  1.8735415E-02
   7.80000  6.6321558E-03  1.6987101E-02  1.9198455E-02
   8.00000  9.0179314E-03  2.3920016E-02  1.5021001E-02
   8.20000  1.2517622E-02  2.6694153E-02  1.0669510E-02
   8.40000  1.3904050E-02  2.6836573E-02  8.1409593E-03
   8.60000  1.4299000E-02  3.3436773E-02  7.5598933E-03
   8.80000  1.5851876E-02  5.4260025E-02  8.3146112E-03
   9.00000  1.5572892E-02  6.5688052E-02  9.3468353E-03
   9.20000  1.1824362E-02  3.9162976E-02  9.1536087E-03
   9.40000  1.0266260E-02  2.0455118E-02  9.0440506E-03
   9.60000  1.0764736E-02  1.4903248E-02  9.5729084E-03
   9.80000  1.2141661E-02  1.6710928E-02  1.0990265E-02
   10.0000  1.3833255E-02  2.1987256E-02  1.4035356E-02
   10.2500  1.6560370E-02  3.0272054E-02  2.1805309E-02
   10.5000  2.0727313E-02  3.7190978E-02  3.7183285E-02
   10.7500  2.7498121E-02  3.9209071E-02  6.1781320E-02
   11.0000  3.8241082E-02  3.8096371E-02  8.3977266E-02
   11.2500  5.3556691E-02  3.8309165E-02  8.8175473E-02
   11.5000  6.9597428E-02  3.9478862E-02  7.8301155E-02
   11.7500  7.4517399E-02  4.0928434E-02  6.5261577E-02
   12.0000  6.5480228E-02  4.3825526E-02  5.4826264E-02
   12.2500  5.2622281E-02  5.0205790E-02  4.8297429E-02
   12.5000  4.3792151E-02  6.3647396E-02  4.5751291E-02
   12.7500  3.8157462E-02  8.5740795E-02  4.5359966E-02
   13.0000  3.4871702E-02  1.0203686E-01  4.5671334E-02
   13.2500  3.3118736E-02  9.1154056E-02  4.5722384E-02
   13.5000  3.2188748E-02  6.9465423E-02  4.4985435E-02
   13.7500  3.2404567E-02  5.1233056E-02  4.3492814E-02
   14.0000  3.2884411E-02  4.0724935E-02  4.1360721E-02
   14.2500  3.3346466E-02  3.3859424E-02  3.8536408E-02
   14.5000  3.3527407E-02  2.9293048E-02  3.5284971E-02
   14.7500  3.3395777E-02  2.6261751E-02  3.2355392E-02
   15.0000  3.3069504E-02  2.4292507E-02  3.0311658E-02
   15.2500  3.2730893E-02  2.3050371E-02  2.9155269E-02
   15.5000  3.2580834E-02  2.2313967E-02  2.8548522E-02
   15.7500  3.2376052E-02  2.2588373E-02  2.7279357E-02
   16.0000  3.3077499E-02  2.2488015E-02  2.6636434E-02
   16.2500  3.4148424E-02  2.2432622E-02  2.5770152E-02
   16.5000  3.5377391E-02  2.2258993E-02  2.4795378E-02
   16.7500  3.6555952E-02  2.1918837E-02  2.3981153E-02
   17.0000  3.7579367E-02  2.1504935E-02  2.3580300E-02
   17.2500  3.8481448E-02  2.1166774E-02  2.3702097E-02
   17.5000  3.9369754E-02  2.1027409E-02  2.4319903E-02
   17.7500  4.0356189E-02  2.1156058E-02  2.5351050E-02
   18.0000  4.1493967E-02  2.1570704E-02  2.6706733E-02
   18.2500  4.2764763E-02  2.2248466E-02  2.8305835E-02
   18.5000  4.4079079E-02  2.3139708E-02  3.0067085E-02
   18.7500  4.5288969E-02  2.4182808E-02  3.1895174E-02
   19.0000  4.6208271E-02  2.5321575E-02  3.3682245E-02
   19.2500  4.6657531E-02  2.6513725E-02  3.5325393E-02
   19.5000  4.6535735E-02  2.7735626E-02  3.6767920E-02
   19.7500  4.5863270E-02  2.8979685E-02  3.8010689E-02
   20.0000  4.4749164E-02  3.0241866E-02  3.9077619E-02
   21.0000  3.9042138E-02  3.4469671E-02  4.1722794E-02
   22.0000  3.8227384E-02  3.5877918E-02  4.0923357E-02
   23.0000  4.0379479E-02  3.7686428E-02  3.6676758E-02
   24.0000  4.0059382E-02  3.8865434E-02  3.3005412E-02
   25.0000  3.7811477E-02  3.7754009E-02  3.1658390E-02
   26.0000  3.5796523E-02  3.5721487E-02  3.2233887E-02
   27.0000  3.4619557E-02  3.3887761E-02  3.3107405E-02
   28.0000  3.4454513E-02  3.2492733E-02  3.3369614E-02
   29.0000  3.4394989E-02  3.1371683E-02  3.2949814E-02
   30.0000  3.3725975E-02  3.0617365E-02  3.2274913E-02
   31.0000  3.2112141E-02  3.0196921E-02  3.1435765E-02
   32.0000  2.9763734E-02  2.9779356E-02  3.0431066E-02
   33.0000  2.7160086E-02  2.9116354E-02  2.9336862E-02
   34.0000  2.4750815E-02  2.8220462E-02  2.8243165E-02
   35.0000  2.2744706E-02  2.7215127E-02  2.7200641E-02
   36.0000  2.1194113E-02  2.6234583E-02  2.6253191E-02
   37.0000  2.0092462E-02  2.5351471E-02  2.5390988E-02
   38.0000  1.9410357E-02  2.4554267E-02  2.4543612E-02
   39.0000  1.9087645E-02  2.3781337E-02  2.3607224E-02
   40.0000  1.8987300E-02  2.2957984E-02  2.2496579E-02
