  7709.000   27  1  1  1.9222038E-02 -2.8720425E+00 -2.5326997E-01  1  1  7.5662696E+03  8.0000000E+03  0.0000000E+00  1.1792254E+00  1.0000000E+00  0.0000000E+00  = E_edge, Z, n_edge, j_edge, Abs_before_edge, VO_interstitial, E_cut, ninit, ninit1, Epsii, UnitCell_Volume, Surface_ref, f0_forward, natomsym_f, abs_u_iso
    Energy   (100,001)      (010,001)      (001,110)   
  -25.0000  5.5805826E-09  1.3130302E-09  5.3288182E-10
  -24.0000  1.6402713E-08  3.7997294E-09  1.3752624E-09
  -23.0000  6.1823521E-08  1.4344008E-08  4.3401860E-09
  -22.0000  4.1278177E-07  1.0281680E-07  2.1338567E-08
  -21.0000  5.6679055E-05  2.0482552E-05  1.1608839E-06
  -20.0000  3.4904582E-06  6.4124360E-07  9.9951597E-07
  -19.0000  1.3102049E-06  6.3568047E-07  8.2410466E-07
  -18.0000  1.3923405E-06  3.2155599E-07  2.4260653E-07
  -17.0000  2.7777224E-06  4.9275884E-07  2.8406784E-07
  -16.0000  6.7870405E-05  8.5525260E-06  4.1586695E-06
  -15.0000  3.9422285E-06  8.4495806E-07  8.6951915E-07
  -14.0000  4.1833899E-02  1.5106780E-02  6.4002492E-02
  -13.0000  1.2220161E-06  2.2855909E-06  4.9925172E-06
  -12.0000  4.2835349E-04  7.0361231E-03  2.0835569E-02
  -11.0000  2.7761989E-05  9.1376362E-06  4.3063603E-06
  -10.0000  1.8485904E-02  8.9146290E-03  1.7378254E-02
  -9.00000  1.0456747E-04  2.5510718E-05  4.1177716E-06
  -8.00000  3.2917053E-01  7.6300315E-02  1.7183713E-02
  -7.00000  2.4021231E-04  6.7330192E-04  1.6627414E-03
  -6.00000  1.4642527E-03  2.0199214E-04  3.5510093E-04
  -5.00000  2.8936763E-03  1.2913640E-04  3.4835615E-03
  -4.00000  2.0344591E-04  1.0073684E-04  1.2386358E-04
  -3.00000  8.2369658E-03  4.6260990E-03  1.0295239E-02
  -2.00000  9.6038562E-05  1.4789221E-04  7.9316382E-05
  -1.00000  7.7863291E-05  1.0108922E-04  5.6136694E-05
   0.00000  1.6916891E-04  2.7053794E-04  1.5789674E-04
   1.00000  8.3447261E-05  1.1158504E-04  7.1172379E-05
   2.00000  7.6513772E-05  1.0838571E-04  6.7317628E-05
   3.00000  9.5744443E-05  1.4550982E-04  1.0069050E-04
   4.00000  1.4667103E-04  2.4387063E-04  1.8206310E-04
   5.00000  4.5734785E-04  5.6388585E-04  5.0291798E-04
   5.20000  6.9541554E-04  7.0982043E-04  6.9937278E-04
   5.40000  6.2406967E-04  9.1844102E-04  1.0776017E-03
   5.60000  6.0679607E-04  1.3378045E-03  1.9571653E-03
   5.80000  9.3456137E-04  2.0846449E-03  3.5382467E-03
   6.00000  1.3784064E-03  3.5997467E-03  7.1165674E-03
   6.20000  2.0476746E-03  7.3996813E-03  1.6313711E-02
   6.40000  1.9932155E-03  1.2031457E-02  1.6924092E-02
   6.60000  2.0565414E-03  1.3132471E-02  1.1763157E-02
   6.80000  2.8068436E-03  1.4712834E-02  1.0168558E-02
   7.00000  4.0355292E-03  1.7721213E-02  1.0266072E-02
   7.20000  5.3377266E-03  1.9135372E-02  1.2063049E-02
   7.40000  6.6253027E-03  1.7788480E-02  1.5999109E-02
   7.60000  8.4441237E-03  1.7937014E-02  1.9141657E-02
   7.80000  1.2125451E-02  2.4907934E-02  1.8153039E-02
   8.00000  1.7753272E-02  3.7001749E-02  1.3516193E-02
   8.20000  2.5651369E-02  5.4183980E-02  9.5030932E-03
   8.40000  3.3538762E-02  7.9504071E-02  8.3131436E-03
   8.60000  2.4818626E-02  6.5133852E-02  8.5807049E-03
   8.80000  1.4599951E-02  3.3775414E-02  8.6304981E-03
   9.00000  1.0634782E-02  1.8680521E-02  8.6304175E-03
   9.20000  9.2827895E-03  1.2393079E-02  8.6954046E-03
   9.40000  9.2049178E-03  1.0663841E-02  9.2983581E-03
   9.60000  9.9577472E-03  1.2133677E-02  1.0933008E-02
   9.80000  1.1407862E-02  1.5971662E-02  1.4382064E-02
   10.0000  1.3619040E-02  2.1477158E-02  2.0704358E-02
   10.2500  1.7707310E-02  2.9132405E-02  3.4881146E-02
   10.5000  2.3624964E-02  3.4723092E-02  5.9425500E-02
   10.7500  3.2043972E-02  3.6742088E-02  8.8483311E-02
   11.0000  4.3795891E-02  3.8295621E-02  9.9889466E-02
   11.2500  5.8565452E-02  4.0200093E-02  9.0959236E-02
   11.5000  6.9681908E-02  4.1699146E-02  7.4574058E-02
   11.7500  6.6928688E-02  4.3499889E-02  5.9428597E-02
   12.0000  5.5696550E-02  4.7432124E-02  4.8971083E-02
   12.2500  4.5378807E-02  5.6412100E-02  4.3227377E-02
   12.5000  3.8024423E-02  7.2219246E-02  4.0944318E-02
   12.7500  3.3915142E-02  8.9126524E-02  4.1089566E-02
   13.0000  3.1825772E-02  8.5809987E-02  4.2299349E-02
   13.2500  3.1298489E-02  6.7327723E-02  4.2536771E-02
   13.5000  3.1845243E-02  5.0698052E-02  4.1358537E-02
   13.7500  3.2819027E-02  3.9408941E-02  3.9661511E-02
   14.0000  3.3894810E-02  3.2679419E-02  3.7565819E-02
   14.2500  3.4635295E-02  2.8248069E-02  3.5221693E-02
   14.5000  3.4842082E-02  2.5284484E-02  3.2884986E-02
   14.7500  3.4601580E-02  2.3343404E-02  3.0969341E-02
   15.0000  3.4184498E-02  2.2138199E-02  2.9598491E-02
   15.2500  3.3898992E-02  2.1451875E-02  2.8584004E-02
   15.5000  3.3752450E-02  2.2122364E-02  2.7209881E-02
   15.7500  3.4202417E-02  2.1946796E-02  2.5907080E-02
   16.0000  3.5204586E-02  2.1938849E-02  2.4909756E-02
   16.2500  3.6425690E-02  2.1840686E-02  2.4004640E-02
   16.5000  3.7651830E-02  2.1576576E-02  2.3411984E-02
   16.7500  3.8735086E-02  2.1207558E-02  2.3315019E-02
   17.0000  3.9635789E-02  2.0873299E-02  2.3766797E-02
   17.2500  4.0409824E-02  2.0707915E-02  2.4704662E-02
   17.5000  4.1151949E-02  2.0797467E-02  2.6015099E-02
   17.7500  4.1952399E-02  2.1182596E-02  2.7592559E-02
   18.0000  4.2859289E-02  2.1868513E-02  2.9347439E-02
   18.2500  4.3867727E-02  2.2834347E-02  3.1194174E-02
   18.5000  4.4907187E-02  2.4045354E-02  3.3029132E-02
   18.7500  4.5825125E-02  2.5458306E-02  3.4726375E-02
   19.0000  4.6396449E-02  2.7022191E-02  3.6171608E-02
   19.2500  4.6414492E-02  2.8678123E-02  3.7321364E-02
   19.5000  4.5804007E-02  3.0365626E-02  3.8218771E-02
   19.7500  4.4643568E-02  3.2033019E-02  3.8934375E-02
   20.0000  4.3094715E-02  3.3625663E-02  3.9503608E-02
   21.0000  3.7350854E-02  3.7634937E-02  4.0254178E-02
   22.0000  3.7806160E-02  3.8628682E-02  3.7852798E-02
   23.0000  3.9405929E-02  3.9441893E-02  3.3625398E-02
   24.0000  3.8591032E-02  3.8505249E-02  3.1108624E-02
   25.0000  3.6411058E-02  3.6102546E-02  3.0997644E-02
   26.0000  3.5012769E-02  3.3786960E-02  3.2267578E-02
   27.0000  3.4833179E-02  3.2145349E-02  3.3306666E-02
   28.0000  3.4925901E-02  3.0967612E-02  3.3173252E-02
   29.0000  3.4711929E-02  3.0256707E-02  3.2543614E-02
   30.0000  3.3533956E-02  2.9951925E-02  3.1725812E-02
   31.0000  3.1513987E-02  2.9801591E-02  3.0782731E-02
   32.0000  2.9020158E-02  2.9430697E-02  2.9696602E-02
   33.0000  2.6471481E-02  2.8711048E-02  2.8524803E-02
   34.0000  2.4182374E-02  2.7731482E-02  2.7355278E-02
   35.0000  2.2280342E-02  2.6630367E-02  2.6263140E-02
   36.0000  2.0801798E-02  2.5551016E-02  2.5299318E-02
   37.0000  1.9739003E-02  2.4586585E-02  2.4459281E-02
   38.0000  1.9032465E-02  2.3741599E-02  2.3685854E-02
   39.0000  1.8581199E-02  2.2961051E-02  2.2881543E-02
   40.0000  1.8222354E-02  2.2174438E-02  2.1944603E-02
