  7709.000   27  1  1  1.9222038E-02 -4.8317830E+00 -3.7024005E-01  1  1  7.5663454E+03  8.0000000E+03  0.0000000E+00  1.1792254E+00  1.0000000E+00  0.0000000E+00  = E_edge, Z, n_edge, j_edge, Abs_before_edge, VO_interstitial, E_cut, ninit, ninit1, Epsii, UnitCell_Volume, Surface_ref, f0_forward, natomsym_f, abs_u_iso
    Energy   (100,001)      (010,001)      (001,110)   
  -25.0000  5.6243232E-09  3.2308376E-10  7.9719141E-10
  -24.0000  1.4477433E-08  5.9189809E-10  1.7962499E-09
  -23.0000  4.3295228E-08  1.1307114E-09  4.4796250E-09
  -22.0000  1.6745110E-07  2.2876753E-09  1.3019895E-08
  -21.0000  1.1681794E-06  5.1332708E-09  4.9616167E-08
  -20.0000  7.1291787E-04  2.8934027E-08  5.2374243E-07
  -19.0000  5.1771921E-06  3.7675997E-07  2.9115161E-05
  -18.0000  2.5795883E-06  6.4528973E-08  1.1563045E-06
  -17.0000  2.7340560E-06  1.7977931E-07  5.5108561E-07
  -16.0000  4.8876306E-06  8.2851308E-07  5.3344440E-07
  -15.0000  3.7916917E-05  2.1450739E-05  9.2540651E-07
  -14.0000  4.3647563E-06  2.6483791E-05  1.2990073E-06
  -13.0000  6.5692466E-07  4.7789806E-06  3.4491704E-06
  -12.0000  4.7324243E-06  3.1894010E-06  4.6610562E-05
  -11.0000  2.3700683E-05  3.0917851E-06  2.7386049E-05
  -10.0000  2.3173978E-04  4.2062178E-06  8.5556959E-06
  -9.00000  4.8849048E-03  1.3927540E-04  1.9552537E-04
  -8.00000  2.9999692E-04  2.3943793E-05  7.0149798E-06
  -7.00000  1.6705329E-04  7.1664682E-04  6.2207908E-04
  -6.00000  8.7464352E-04  3.2631271E-05  2.1526928E-04
  -5.00000  9.6649276E-03  1.8130948E-04  6.2587352E-04
  -4.00000  2.2557044E-02  8.5685535E-04  1.7338660E-04
  -3.00000  8.5864367E-04  2.3572392E-01  5.0399481E-03
  -2.00000  5.8733791E-04  3.4707684E-03  4.4534705E-04
  -1.00000  2.7368350E-04  1.5719372E-03  1.7682766E-04
   0.00000  3.9837740E-04  1.3997233E-03  2.3431386E-04
   1.00000  4.3554890E-04  9.6502992E-04  2.5668982E-04
   2.00000  3.6561033E-04  1.0032335E-03  2.3811917E-04
   3.00000  5.3326938E-04  1.2941781E-03  3.5694905E-04
   4.00000  8.6424102E-04  2.0560870E-03  5.9751767E-04
   5.00000  1.3440186E-03  3.4803048E-03  1.1722810E-03
   5.20000  1.4439830E-03  3.8411230E-03  1.3917543E-03
   5.40000  1.5399785E-03  4.2300842E-03  1.6810584E-03
   5.60000  1.6292291E-03  4.6524186E-03  2.0697083E-03
   5.80000  1.7087641E-03  5.1173380E-03  2.6003838E-03
   6.00000  1.7782657E-03  5.6397752E-03  3.3285493E-03
   6.20000  1.8423476E-03  6.2433262E-03  4.3190738E-03
   6.40000  1.9210718E-03  6.9600419E-03  5.6216959E-03
   6.60000  2.0729940E-03  7.8228249E-03  7.2138720E-03
   6.80000  2.4196417E-03  8.8569046E-03  8.9111898E-03
   7.00000  3.0619783E-03  1.0013063E-02  1.0371162E-02
   7.20000  3.8159845E-03  1.1225077E-02  1.1222299E-02
   7.40000  4.3887866E-03  1.2406366E-02  1.1336776E-02
   7.60000  4.7638102E-03  1.3524135E-02  1.0881094E-02
   7.80000  5.0570158E-03  1.4619163E-02  1.0142237E-02
   8.00000  5.3423267E-03  1.5703974E-02  9.3496071E-03
   8.20000  5.6606900E-03  1.6856050E-02  8.6392084E-03
   8.40000  6.0312617E-03  1.8142425E-02  8.0726514E-03
   8.60000  6.4649332E-03  1.9635830E-02  7.6983921E-03
   8.80000  6.9654661E-03  2.1420565E-02  7.5543001E-03
   9.00000  7.5311736E-03  2.3594530E-02  7.6651403E-03
   9.20000  8.1631797E-03  2.6260521E-02  8.0511582E-03
   9.40000  8.8715352E-03  2.9545227E-02  8.7300603E-03
   9.60000  9.6682574E-03  3.3586510E-02  9.7115214E-03
   9.80000  1.0562936E-02  3.8529852E-02  1.0984337E-02
   10.0000  1.1563977E-02  4.4508990E-02  1.2504030E-02
   10.2500  1.2967803E-02  5.3565807E-02  1.4637924E-02
   10.5000  1.4581695E-02  6.4541772E-02  1.6884387E-02
   10.7500  1.6432717E-02  7.7146702E-02  1.9140786E-02
   11.0000  1.8564052E-02  8.9555429E-02  2.1436560E-02
   11.2500  2.0993099E-02  9.7984365E-02  2.3894102E-02
   11.5000  2.3689112E-02  9.8611094E-02  2.6615377E-02
   11.7500  2.6552325E-02  9.1094374E-02  2.9600829E-02
   12.0000  2.9171540E-02  7.8811597E-02  3.2308528E-02
   12.2500  3.1754904E-02  6.6195963E-02  3.5757624E-02
   12.5000  3.3936201E-02  5.5126564E-02  3.9160295E-02
   12.7500  3.5619663E-02  4.6237297E-02  4.2321296E-02
   13.0000  3.6825351E-02  3.9363641E-02  4.5003277E-02
   13.2500  3.7659842E-02  3.4106713E-02  4.6979196E-02
   13.5000  3.7998349E-02  3.0124938E-02  4.8232053E-02
   13.7500  3.8267712E-02  2.7072658E-02  4.8280024E-02
   14.0000  3.8798718E-02  2.4604718E-02  4.7706997E-02
   14.2500  3.9401311E-02  2.2631647E-02  4.6582358E-02
   14.5000  4.0105378E-02  2.1034957E-02  4.5158956E-02
   14.7500  4.0923290E-02  1.9731404E-02  4.3664926E-02
   15.0000  4.1857258E-02  1.8661526E-02  4.2279070E-02
   15.2500  4.2912299E-02  1.7783866E-02  4.1128459E-02
   15.5000  4.4065735E-02  1.7063609E-02  4.0292677E-02
   15.7500  4.5312817E-02  1.6481423E-02  3.9821519E-02
   16.0000  4.6633653E-02  1.6021876E-02  3.9742002E-02
   16.2500  4.8001197E-02  1.5673279E-02  4.0065106E-02
   16.5000  4.9375753E-02  1.5427397E-02  4.0789995E-02
   16.7500  5.0703268E-02  1.5276829E-02  4.1898514E-02
   17.0000  5.1915299E-02  1.5215290E-02  4.3351321E-02
   17.2500  5.2930624E-02  1.5238076E-02  4.5079876E-02
   17.5000  5.3662826E-02  1.5339601E-02  4.6976994E-02
   17.7500  5.4030240E-02  1.5514936E-02  4.8899620E-02
   18.0000  5.3970588E-02  1.5759528E-02  5.0676420E-02
   18.2500  5.3454580E-02  1.6069526E-02  5.2131271E-02
   18.5000  5.2496635E-02  1.6441417E-02  5.3118690E-02
   18.7500  5.1156282E-02  1.6871429E-02  5.3555440E-02
   19.0000  4.9531516E-02  1.7355498E-02  5.3437911E-02
   19.2500  4.7740656E-02  1.7889982E-02  5.2831179E-02
   19.5000  4.5901923E-02  1.8472052E-02  5.1844305E-02
   19.7500  4.4120800E-02  1.9098427E-02  5.0605201E-02
   20.0000  4.2481285E-02  1.9766540E-02  4.9230399E-02
   21.0000  3.8163128E-02  2.2808050E-02  4.3903019E-02
   22.0000  3.7545224E-02  2.6336647E-02  4.0113890E-02
   23.0000  3.9321696E-02  3.0165464E-02  3.7632755E-02
   24.0000  4.1584588E-02  3.3951533E-02  3.5793905E-02
   25.0000  4.2827327E-02  3.7706555E-02  3.4042449E-02
   26.0000  4.2186884E-02  3.9690261E-02  3.2563992E-02
   27.0000  3.9438341E-02  4.0351845E-02  3.1092908E-02
   28.0000  3.5398789E-02  3.9803978E-02  2.9551874E-02
   29.0000  3.1484746E-02  3.8428280E-02  2.8060011E-02
   30.0000  2.8531492E-02  3.6672097E-02  2.6872010E-02
   31.0000  2.6607401E-02  3.4895023E-02  2.6124965E-02
   32.0000  2.5477061E-02  3.3325622E-02  2.5752893E-02
   33.0000  2.4862997E-02  3.2045977E-02  2.5593490E-02
   34.0000  2.4547718E-02  3.1028183E-02  2.5518614E-02
   35.0000  2.4367248E-02  3.0186329E-02  2.5441055E-02
   36.0000  2.4187038E-02  2.9412419E-02  2.5295430E-02
   37.0000  2.3878122E-02  2.8602219E-02  2.5018452E-02
   38.0000  2.3329424E-02  2.7676294E-02  2.4545801E-02
   39.0000  2.2483884E-02  2.6591910E-02  2.3826570E-02
   40.0000  2.1382546E-02  2.5332458E-02  2.2834765E-02
