  7709.000   27  1  1  1.9222038E-02 -4.5495637E+00 -3.6087121E-01  1  1  7.5664408E+03  8.0000000E+03  0.0000000E+00  1.1792254E+00  1.0000000E+00  0.0000000E+00  = E_edge, Z, n_edge, j_edge, Abs_before_edge, VO_interstitial, E_cut, ninit, ninit1, Epsii, UnitCell_Volume, Surface_ref, f0_forward, natomsym_f, abs_u_iso
    Energy   (100,001)      (010,001)      (001,110)   
  -25.0000  5.8485064E-09  3.4958667E-10  8.6288693E-10
  -24.0000  1.5065118E-08  6.3808742E-10  1.9506122E-09
  -23.0000  4.5044471E-08  1.2146051E-09  4.8877901E-09
  -22.0000  1.7379863E-07  2.4457097E-09  1.4320863E-08
  -21.0000  1.2089862E-06  5.4086094E-09  5.5672924E-08
  -20.0000  1.4025956E-04  1.8898134E-08  5.9156543E-07
  -19.0000  7.2674050E-06  2.7962794E-07  2.4812814E-05
  -18.0000  3.2163595E-06  6.8184747E-08  1.2864202E-06
  -17.0000  3.5430860E-06  1.9741783E-07  6.2340155E-07
  -16.0000  7.4495632E-06  9.4366104E-07  6.4027194E-07
  -15.0000  2.0072770E-04  1.6966029E-05  3.5819550E-06
  -14.0000  1.8658630E-06  1.9969652E-05  1.6773120E-06
  -13.0000  5.6133852E-07  4.5822874E-06  5.2453802E-06
  -12.0000  4.8086568E-06  3.1181326E-06  3.2317286E-04
  -11.0000  2.1665958E-05  3.4043563E-06  1.4903430E-05
  -10.0000  2.1198618E-04  4.9325976E-06  6.6942733E-06
  -9.00000  3.7741833E-03  2.0894692E-04  1.3647047E-04
  -8.00000  3.1496172E-04  2.7629113E-05  1.4200776E-05
  -7.00000  1.0989503E-04  1.5341941E-04  4.8914916E-04
  -6.00000  1.2656780E-03  3.8646125E-05  2.1065283E-04
  -5.00000  2.9758483E-03  2.0985443E-04  9.3360546E-04
  -4.00000  5.3001109E-03  9.7494921E-04  2.3451193E-04
  -3.00000  1.8204946E-03  2.2997902E-01  6.8358537E-03
  -2.00000  3.7076466E-04  3.0805635E-03  4.6626105E-04
  -1.00000  2.6323456E-04  1.4107643E-03  1.6762127E-04
   0.00000  1.1776053E-03  1.2153781E-03  8.1900833E-04
   1.00000  4.8508153E-04  9.0831547E-04  3.3997768E-04
   2.00000  4.0101286E-04  1.0145730E-03  3.1490753E-04
   3.00000  5.6719707E-04  1.3488776E-03  5.0342140E-04
   4.00000  8.8858903E-04  2.1623916E-03  9.5382664E-04
   5.00000  1.3735234E-03  3.6419766E-03  2.4514764E-03
   5.20000  1.4784140E-03  4.0176991E-03  3.1693818E-03
   5.40000  1.5783530E-03  4.4282470E-03  4.1968954E-03
   5.60000  1.6658849E-03  4.8894128E-03  5.6255490E-03
   5.80000  1.7320777E-03  5.4300960E-03  7.4301160E-03
   6.00000  1.7850252E-03  6.0830343E-03  9.2728415E-03
   6.20000  1.8973597E-03  6.8559881E-03  1.0532521E-02
   6.40000  2.2215821E-03  7.7161994E-03  1.0848211E-02
   6.60000  2.7487845E-03  8.6292762E-03  1.0472916E-02
   6.80000  3.2355139E-03  9.5907051E-03  9.8755950E-03
   7.00000  3.6075764E-03  1.0630626E-02  9.3383441E-03
   7.20000  3.9260416E-03  1.1778955E-02  8.9227939E-03
   7.40000  4.2362607E-03  1.3081930E-02  8.5569432E-03
   7.60000  4.5706019E-03  1.4438466E-02  8.2071252E-03
   7.80000  4.9519469E-03  1.5876492E-02  7.8764895E-03
   8.00000  5.3978161E-03  1.7391716E-02  7.5515371E-03
   8.20000  5.9238749E-03  1.9015798E-02  7.2420139E-03
   8.40000  6.5455781E-03  2.0826129E-02  6.9958854E-03
   8.60000  7.2814395E-03  2.2934192E-02  6.8775774E-03
   8.80000  8.1565842E-03  2.5479531E-02  6.9464563E-03
   9.00000  9.1963516E-03  2.8636408E-02  7.2506724E-03
   9.20000  1.0408236E-02  3.2618508E-02  7.8243924E-03
   9.40000  1.1753970E-02  3.7667876E-02  8.6815922E-03
   9.60000  1.3114743E-02  4.4088904E-02  9.8182515E-03
   9.80000  1.4310979E-02  5.2225994E-02  1.1214394E-02
   10.0000  1.5238202E-02  6.2398288E-02  1.2837923E-02
   10.2500  1.6172198E-02  7.8046032E-02  1.5141528E-02
   10.5000  1.7219692E-02  9.5451206E-02  1.7736044E-02
   10.7500  1.8630149E-02  1.0969108E-01  2.0654980E-02
   11.0000  2.0468198E-02  1.1364645E-01  2.3907276E-02
   11.2500  2.2700822E-02  1.0477855E-01  2.7404288E-02
   11.5000  2.4913860E-02  8.8423404E-02  3.1042035E-02
   11.7500  2.7614698E-02  7.1552627E-02  3.4404321E-02
   12.0000  3.0243822E-02  5.7472378E-02  3.8023617E-02
   12.2500  3.2793137E-02  4.6806579E-02  4.1933250E-02
   12.5000  3.5062130E-02  3.8966468E-02  4.5600225E-02
   12.7500  3.6984453E-02  3.3232426E-02  4.8718843E-02
   13.0000  3.8553002E-02  2.8999734E-02  5.0954299E-02
   13.2500  3.9802268E-02  2.5822615E-02  5.2052903E-02
   13.5000  4.0784285E-02  2.3386639E-02  5.1945172E-02
   13.7500  4.1255003E-02  2.1582075E-02  5.0816519E-02
   14.0000  4.1511692E-02  2.0103206E-02  4.8677867E-02
   14.2500  4.2029426E-02  1.8840042E-02  4.6335002E-02
   14.5000  4.2459442E-02  1.7808675E-02  4.3964192E-02
   14.7500  4.2843513E-02  1.6962443E-02  4.1807230E-02
   15.0000  4.3224072E-02  1.6267398E-02  4.0010915E-02
   15.2500  4.3642519E-02  1.5700058E-02  3.8648878E-02
   15.5000  4.4143544E-02  1.5243618E-02  3.7750470E-02
   15.7500  4.4737006E-02  1.4885340E-02  3.7317902E-02
   16.0000  4.5449678E-02  1.4617653E-02  3.7341361E-02
   16.2500  4.6281100E-02  1.4433878E-02  3.7803087E-02
   16.5000  4.7209093E-02  1.4329674E-02  3.8674210E-02
   16.7500  4.8189307E-02  1.4301414E-02  3.9911651E-02
   17.0000  4.9149614E-02  1.4346524E-02  4.1446821E-02
   17.2500  4.9996411E-02  1.4462489E-02  4.3179663E-02
   17.5000  5.0619504E-02  1.4647713E-02  4.4977655E-02
   17.7500  5.0913610E-02  1.4900249E-02  4.6678618E-02
   18.0000  5.0799988E-02  1.5217468E-02  4.8115825E-02
   18.2500  5.0247434E-02  1.5596896E-02  4.9151729E-02
   18.5000  4.9283806E-02  1.6036744E-02  4.9703803E-02
   18.7500  4.7991743E-02  1.6534152E-02  4.9760217E-02
   19.0000  4.6487854E-02  1.7086624E-02  4.9373975E-02
   19.2500  4.4899911E-02  1.7692617E-02  4.8640653E-02
   19.5000  4.3345322E-02  1.8348427E-02  4.7669714E-02
   19.7500  4.1917238E-02  1.9052048E-02  4.6565077E-02
   20.0000  4.0680606E-02  1.9800663E-02  4.5413656E-02
   21.0000  3.8153473E-02  2.3190970E-02  4.1305597E-02
   22.0000  3.9233198E-02  2.7067809E-02  3.8581830E-02
   23.0000  4.2276271E-02  3.1216843E-02  3.6823044E-02
   24.0000  4.4962328E-02  3.5322818E-02  3.5417788E-02
   25.0000  4.5559538E-02  3.8839199E-02  3.4073907E-02
   26.0000  4.3207989E-02  4.1109570E-02  3.2693198E-02
   27.0000  3.8402009E-02  4.1672192E-02  3.1182070E-02
   28.0000  3.2481752E-02  4.0460174E-02  2.9361213E-02
   29.0000  2.8649114E-02  3.8480867E-02  2.7964786E-02
   30.0000  2.6285305E-02  3.6265197E-02  2.7067001E-02
   31.0000  2.4975771E-02  3.4206139E-02  2.6691725E-02
   32.0000  2.4310059E-02  3.2469817E-02  2.6646229E-02
   33.0000  2.4015354E-02  3.1071613E-02  2.6708755E-02
   34.0000  2.3924487E-02  2.9946913E-02  2.6742200E-02
   35.0000  2.3913338E-02  2.8989976E-02  2.6669941E-02
   36.0000  2.3863341E-02  2.8087894E-02  2.6440372E-02
   37.0000  2.3661414E-02  2.7140996E-02  2.5999869E-02
   38.0000  2.3222207E-02  2.6077665E-02  2.5296901E-02
   39.0000  2.2513522E-02  2.4863429E-02  2.4298688E-02
   40.0000  2.1561398E-02  2.3506523E-02  2.3012669E-02
