  7709.000   27  1  1  1.9222038E-02 -4.8095302E+00 -3.6234407E-01  1  1  7.5661976E+03  8.0000000E+03  0.0000000E+00  1.1792254E+00  1.0000000E+00  0.0000000E+00  = E_edge, Z, n_edge, j_edge, Abs_before_edge, VO_interstitial, E_cut, ninit, ninit1, Epsii, UnitCell_Volume, Surface_ref, f0_forward, natomsym_f, abs_u_iso
    Energy   (100,001)      (010,001)      (001,110)   
  -25.0000  7.6962657E-09  3.0876036E-10  7.8966819E-10
  -24.0000  2.1032456E-08  5.6500663E-10  1.8076198E-09
  -23.0000  6.9404286E-08  1.0788403E-09  4.6246985E-09
  -22.0000  3.2763398E-07  2.1927291E-09  1.4086270E-08
  -21.0000  4.5505093E-06  5.4436639E-09  6.1643220E-08
  -20.0000  1.5312396E-05  1.6287658E-08  6.0349493E-07
  -19.0000  2.8978455E-06  8.6731353E-08  7.7456451E-06
  -18.0000  2.2244921E-06  5.6022766E-08  6.2254590E-07
  -17.0000  3.0284658E-06  1.6963476E-07  3.8753769E-07
  -16.0000  8.1670311E-06  7.7231897E-07  4.1631711E-07
  -15.0000  5.3208303E-04  1.1725040E-05  1.1874697E-06
  -14.0000  6.0301014E-07  2.7949422E-05  1.1793600E-06
  -13.0000  7.8295129E-07  4.6753225E-06  3.4504252E-06
  -12.0000  5.3520226E-06  2.7634534E-06  1.3624655E-04
  -11.0000  2.7788884E-05  3.2618584E-06  1.2646936E-05
  -10.0000  5.3011349E-04  5.8972834E-06  1.4307888E-05
  -9.00000  1.1119018E-03  1.7823477E-05  9.5316230E-06
  -8.00000  1.3563272E-04  4.1076148E-05  1.1452885E-05
  -7.00000  7.3280594E-03  7.1477946E-05  2.3720166E-04
  -6.00000  7.8776300E-04  3.5013420E-05  1.3508845E-04
  -5.00000  5.6751932E-04  1.4660321E-04  5.8443781E-04
  -4.00000  5.4675896E-01  1.0036584E-03  9.8321979E-04
  -3.00000  1.0903542E-03  1.8382399E-01  4.5333300E-03
  -2.00000  5.4679514E-04  3.3288260E-03  4.2328200E-04
  -1.00000  3.2293608E-04  1.5491465E-03  1.7474512E-04
   0.00000  8.4026220E-04  1.6544438E-03  3.6751150E-04
   1.00000  3.9954708E-04  9.1295273E-04  2.4742269E-04
   2.00000  3.5714337E-04  9.7985459E-04  2.4420944E-04
   3.00000  4.8612012E-04  1.2738982E-03  3.7141330E-04
   4.00000  7.4594307E-04  2.0012861E-03  6.3876444E-04
   5.00000  1.1418889E-03  3.3048015E-03  1.2646253E-03
   5.20000  1.2320939E-03  3.6380015E-03  1.4937761E-03
   5.40000  1.3242244E-03  4.0015440E-03  1.7870060E-03
   5.60000  1.4176489E-03  4.4020675E-03  2.1664205E-03
   5.80000  1.5118554E-03  4.8489256E-03  2.6613642E-03
   6.00000  1.6074243E-03  5.3545856E-03  3.3083113E-03
   6.20000  1.7055127E-03  5.9365723E-03  4.1511958E-03
   6.40000  1.8086805E-03  6.6196237E-03  5.2329627E-03
   6.60000  1.9225287E-03  7.4288310E-03  6.5990136E-03
   6.80000  2.0614424E-03  8.3965029E-03  8.2559725E-03
   7.00000  2.2641465E-03  9.5649491E-03  1.0149070E-02
   7.20000  2.6158453E-03  1.0959596E-02  1.2139742E-02
   7.40000  3.2374233E-03  1.2609810E-02  1.3996559E-02
   7.60000  4.1143157E-03  1.4452518E-02  1.5442640E-02
   7.80000  4.9993984E-03  1.6456604E-02  1.6249047E-02
   8.00000  5.7204947E-03  1.8572812E-02  1.6337266E-02
   8.20000  6.3526635E-03  2.0786448E-02  1.5810600E-02
   8.40000  7.0335658E-03  2.3136421E-02  1.4900366E-02
   8.60000  7.8662718E-03  2.5718970E-02  1.3887933E-02
   8.80000  8.9169666E-03  2.8676259E-02  1.3038550E-02
   9.00000  1.0187311E-02  3.2177112E-02  1.2553048E-02
   9.20000  1.1506650E-02  3.6368035E-02  1.2568261E-02
   9.40000  1.2480800E-02  4.1373538E-02  1.3166441E-02
   9.60000  1.2873990E-02  4.7414488E-02  1.4401787E-02
   9.80000  1.3004028E-02  5.4898518E-02  1.6298957E-02
   10.0000  1.2929532E-02  6.3954052E-02  1.8816458E-02
   10.2500  1.3857339E-02  7.8020432E-02  2.2656151E-02
   10.5000  1.5366929E-02  9.3464981E-02  2.6837004E-02
   10.7500  1.7403645E-02  1.0667405E-01  3.0909543E-02
   11.0000  1.9952954E-02  1.1237959E-01  3.4636427E-02
   11.2500  2.3008257E-02  1.0728490E-01  3.8032193E-02
   11.5000  2.6527023E-02  9.3625789E-02  4.1235680E-02
   11.7500  3.0385266E-02  7.7004065E-02  4.4353978E-02
   12.0000  3.4340695E-02  6.1748023E-02  4.7363417E-02
   12.2500  3.7717846E-02  4.8986420E-02  4.9769463E-02
   12.5000  4.0674063E-02  3.9946206E-02  5.2148520E-02
   12.7500  4.2787078E-02  3.3318230E-02  5.3555157E-02
   13.0000  4.4041627E-02  2.8482771E-02  5.3814557E-02
   13.2500  4.4597215E-02  2.4931362E-02  5.2954692E-02
   13.5000  4.4693773E-02  2.2285252E-02  5.1196489E-02
   13.7500  4.4565815E-02  2.0276837E-02  4.8868239E-02
   14.0000  4.3664278E-02  1.8686356E-02  4.5250314E-02
   14.2500  4.3578590E-02  1.7457279E-02  4.2733927E-02
   14.5000  4.3626382E-02  1.6479137E-02  4.0486301E-02
   14.7500  4.3842825E-02  1.5695233E-02  3.8610209E-02
   15.0000  4.4242158E-02  1.5066614E-02  3.7155128E-02
   15.2500  4.4831315E-02  1.4567394E-02  3.6138240E-02
   15.5000  4.5587918E-02  1.4177004E-02  3.5555754E-02
   15.7500  4.6505021E-02  1.3884001E-02  3.5396586E-02
   16.0000  4.7563716E-02  1.3679655E-02  3.5643744E-02
   16.2500  4.8736910E-02  1.3558093E-02  3.6272974E-02
   16.5000  4.9984419E-02  1.3515114E-02  3.7246612E-02
   16.7500  5.1252417E-02  1.3548017E-02  3.8506524E-02
   17.0000  5.2466869E-02  1.3654380E-02  3.9964726E-02
   17.2500  5.3534978E-02  1.3831986E-02  4.1501936E-02
   17.5000  5.4350406E-02  1.4079340E-02  4.2973336E-02
   17.7500  5.4805120E-02  1.4394609E-02  4.4229778E-02
   18.0000  5.4808081E-02  1.4775346E-02  4.5145019E-02
   18.2500  5.4306032E-02  1.5219963E-02  4.5640781E-02
   18.5000  5.3300151E-02  1.5725749E-02  4.5702673E-02
   18.7500  5.1855391E-02  1.6290094E-02  4.5374000E-02
   19.0000  5.0086906E-02  1.6910812E-02  4.4735774E-02
   19.2500  4.8137183E-02  1.7586054E-02  4.3885501E-02
   19.5000  4.6150058E-02  1.8313968E-02  4.2916592E-02
   19.7500  4.4248567E-02  1.9092918E-02  4.1908184E-02
   20.0000  4.2523342E-02  1.9920352E-02  4.0917565E-02
   21.0000  3.8153549E-02  2.3663118E-02  3.7683464E-02
   22.0000  3.7569855E-02  2.7932718E-02  3.5776483E-02
   23.0000  3.8986298E-02  3.2434428E-02  3.4662791E-02
   24.0000  4.0277667E-02  3.6673283E-02  3.3739279E-02
   25.0000  3.9551075E-02  4.0290812E-02  3.2606489E-02
   26.0000  3.6860468E-02  4.1665840E-02  3.1445455E-02
   27.0000  3.3090621E-02  4.1329116E-02  3.0158281E-02
   28.0000  2.9764905E-02  3.9773152E-02  2.8841786E-02
   29.0000  2.7514168E-02  3.7635594E-02  2.7736267E-02
   30.0000  2.6176095E-02  3.5402328E-02  2.7054410E-02
   31.0000  2.5420440E-02  3.3357685E-02  2.6784378E-02
   32.0000  2.5012045E-02  3.1645875E-02  2.6744814E-02
   33.0000  2.4770133E-02  3.0268164E-02  2.6738395E-02
   34.0000  2.4564210E-02  2.9147363E-02  2.6657739E-02
   35.0000  2.4280352E-02  2.8168336E-02  2.6453092E-02
   36.0000  2.3814848E-02  2.7217904E-02  2.6085916E-02
   37.0000  2.3102769E-02  2.6208503E-02  2.5504142E-02
   38.0000  2.2167013E-02  2.5091960E-02  2.4653179E-02
   39.0000  2.1106603E-02  2.3851757E-02  2.3493639E-02
   40.0000  2.0045710E-02  2.2504664E-02  2.2046504E-02
