  7709.000   27  1  1  1.9222038E-02 -4.8155397E+00 -3.1214441E-01  1  1  7.5663969E+03  8.0000000E+03  0.0000000E+00  1.1792254E+00  1.0000000E+00  0.0000000E+00  = E_edge, Z, n_edge, j_edge, Abs_before_edge, VO_interstitial, E_cut, ninit, ninit1, Epsii, UnitCell_Volume, Surface_ref, f0_forward, natomsym_f, abs_u_iso
    Energy   (100,001)      (010,001)      (001,110)   
  -25.0000  4.8300880E-09  3.3553145E-10  9.0132885E-10
  -24.0000  1.2140322E-08  6.1572917E-10  2.0294010E-09
  -23.0000  3.4993355E-08  1.1796936E-09  5.0471190E-09
  -22.0000  1.2659405E-07  2.3991683E-09  1.4560629E-08
  -21.0000  7.4511664E-07  5.4481273E-09  5.4214660E-08
  -20.0000  1.7686270E-03  1.4706587E-06  5.2214714E-07
  -19.0000  3.2734608E-03  8.6898752E-04  7.3118455E-02
  -18.0000  3.0096834E-06  6.9813423E-08  1.4789295E-06
  -17.0000  2.8155039E-06  1.9228284E-07  6.9906091E-07
  -16.0000  4.5777821E-06  9.1804772E-07  6.9892563E-07
  -15.0000  2.5225744E-05  2.2223982E-05  2.9598676E-06
  -14.0000  4.9559839E-06  1.9946152E-05  2.1366332E-06
  -13.0000  5.5684820E-07  4.4213439E-06  4.8086215E-06
  -12.0000  4.3940583E-06  2.9792059E-06  7.7017595E-05
  -11.0000  2.1033300E-05  3.2832460E-06  2.7980351E-05
  -10.0000  1.7217556E-04  4.5067163E-06  7.3873800E-06
  -9.00000  1.6052173E-01  3.0423652E-02  1.9333217E-02
  -8.00000  4.4687982E-04  2.6962971E-05  1.1670836E-05
  -7.00000  2.8927693E-04  1.1941369E-03  3.7916860E-03
  -6.00000  1.0370150E-03  4.3465764E-05  2.6422385E-04
  -5.00000  8.9157324E-02  4.3003283E-04  2.6913345E-03
  -4.00000  8.7541149E-03  7.9803463E-04  2.4554881E-04
  -3.00000  1.7884913E-03  1.2335553E-01  5.2897292E-03
  -2.00000  3.9085889E-04  3.2920589E-03  5.1281972E-04
  -1.00000  2.4590953E-04  1.5038523E-03  1.8778886E-04
   0.00000  5.6152734E-04  1.5918287E-03  4.6264027E-04
   1.00000  6.5198405E-04  9.4216879E-04  3.9809311E-04
   2.00000  4.0304067E-04  9.8784925E-04  2.8403502E-04
   3.00000  5.9329052E-04  1.2960108E-03  4.1937313E-04
   4.00000  9.8590446E-04  2.0872671E-03  7.0640922E-04
   5.00000  1.5755250E-03  3.5858984E-03  1.4418219E-03
   5.20000  1.6947404E-03  3.9665003E-03  1.7474429E-03
   5.40000  1.8017435E-03  4.3762202E-03  2.1735635E-03
   5.60000  1.8874795E-03  4.8222591E-03  2.7851950E-03
   5.80000  1.9550906E-03  5.3208205E-03  3.6770381E-03
   6.00000  2.0742312E-03  5.9026784E-03  4.9471161E-03
   6.20000  2.4341591E-03  6.6127223E-03  6.5851194E-03
   6.40000  3.1001136E-03  7.4810592E-03  8.2718678E-03
   6.60000  3.7454227E-03  8.4810700E-03  9.4298241E-03
   6.80000  4.1943325E-03  9.5249285E-03  9.8072774E-03
   7.00000  4.5282103E-03  1.0588528E-02  9.6759962E-03
   7.20000  4.8367501E-03  1.1706183E-02  9.4254008E-03
   7.40000  5.1545859E-03  1.2895656E-02  9.2188725E-03
   7.60000  5.5033885E-03  1.4157189E-02  9.0440107E-03
   7.80000  5.8973592E-03  1.5497508E-02  8.9055051E-03
   8.00000  6.3517819E-03  1.6910087E-02  8.8152812E-03
   8.20000  6.8817970E-03  1.8393643E-02  8.7038915E-03
   8.40000  7.4998773E-03  1.9989191E-02  8.5298233E-03
   8.60000  8.2134378E-03  2.1794346E-02  8.3129267E-03
   8.80000  9.0273110E-03  2.3958607E-02  8.1175434E-03
   9.00000  9.9472713E-03  2.6662159E-02  8.0328312E-03
   9.20000  1.0975383E-02  3.0080903E-02  8.1340556E-03
   9.40000  1.2094904E-02  3.4411349E-02  8.4594467E-03
   9.60000  1.3266871E-02  3.9863961E-02  9.0097992E-03
   9.80000  1.4433887E-02  4.6660723E-02  9.7567114E-03
   10.0000  1.5539512E-02  5.4998934E-02  1.0656174E-02
   10.2500  1.6818888E-02  6.7676819E-02  1.1938314E-02
   10.5000  1.8088421E-02  8.2186417E-02  1.3399065E-02
   10.7500  1.9514084E-02  9.5996431E-02  1.5111365E-02
   11.0000  2.1192672E-02  1.0439983E-01  1.7118159E-02
   11.2500  2.3113544E-02  1.0330274E-01  1.9368085E-02
   11.5000  2.5182104E-02  9.3407800E-02  2.1789146E-02
   11.7500  2.7064000E-02  7.9612043E-02  2.4066895E-02
   12.0000  2.8788248E-02  6.6031711E-02  2.6885002E-02
   12.2500  3.0474783E-02  5.4561647E-02  3.0170402E-02
   12.5000  3.1876296E-02  4.5578049E-02  3.3759127E-02
   12.7500  3.3005272E-02  3.8742295E-02  3.7519765E-02
   13.0000  3.3918496E-02  3.3573807E-02  4.1207752E-02
   13.2500  3.4691967E-02  2.9646026E-02  4.4489348E-02
   13.5000  3.5180571E-02  2.6722458E-02  4.6730186E-02
   13.7500  3.5845106E-02  2.4342434E-02  4.8249020E-02
   14.0000  3.6526152E-02  2.2449758E-02  4.8715703E-02
   14.2500  3.7223678E-02  2.0918897E-02  4.8185784E-02
   14.5000  3.7938679E-02  1.9666899E-02  4.6955202E-02
   14.7500  3.8670151E-02  1.8636010E-02  4.5367087E-02
   15.0000  3.9422239E-02  1.7785507E-02  4.3727827E-02
   15.2500  4.0211849E-02  1.7087753E-02  4.2265725E-02
   15.5000  4.1037643E-02  1.6518334E-02  4.1124110E-02
   15.7500  4.1923667E-02  1.6064997E-02  4.0391262E-02
   16.0000  4.2881069E-02  1.5717012E-02  4.0112503E-02
   16.2500  4.3910509E-02  1.5466856E-02  4.0307353E-02
   16.5000  4.4996133E-02  1.5309531E-02  4.0976996E-02
   16.7500  4.6104208E-02  1.5241209E-02  4.2107063E-02
   17.0000  4.7180063E-02  1.5257682E-02  4.3661485E-02
   17.2500  4.8149383E-02  1.5354623E-02  4.5571258E-02
   17.5000  4.8924787E-02  1.5529108E-02  4.7724221E-02
   17.7500  4.9417554E-02  1.5777181E-02  4.9959269E-02
   18.0000  4.9551912E-02  1.6095181E-02  5.2075646E-02
   18.2500  4.9283248E-02  1.6480052E-02  5.3860626E-02
   18.5000  4.8611483E-02  1.6929132E-02  5.5132314E-02
   18.7500  4.7581548E-02  1.7438039E-02  5.5783446E-02
   19.0000  4.6278831E-02  1.8002679E-02  5.5801520E-02
   19.2500  4.4810018E-02  1.8619280E-02  5.5256981E-02
   19.5000  4.3286548E-02  1.9282600E-02  5.4273680E-02
   19.7500  4.1808782E-02  1.9987905E-02  5.2995900E-02
   20.0000  4.0455327E-02  2.0731277E-02  5.1553561E-02
   21.0000  3.7082043E-02  2.3996188E-02  4.5822354E-02
   22.0000  3.7129933E-02  2.7532341E-02  4.1521116E-02
   23.0000  3.9309806E-02  3.1107252E-02  3.8510795E-02
   24.0000  4.1814413E-02  3.4483833E-02  3.6258365E-02
   25.0000  4.3564132E-02  3.7358979E-02  3.4480009E-02
   26.0000  4.3858249E-02  3.9322974E-02  3.2948547E-02
   27.0000  4.1997721E-02  4.0036184E-02  3.1400261E-02
   28.0000  3.8175012E-02  3.9474667E-02  2.9728549E-02
   29.0000  3.3248291E-02  3.7790327E-02  2.8033759E-02
   30.0000  2.9951549E-02  3.5974838E-02  2.7079899E-02
   31.0000  2.7799354E-02  3.4199505E-02  2.6675225E-02
   32.0000  2.6542787E-02  3.2664885E-02  2.6627028E-02
   33.0000  2.5873615E-02  3.1417380E-02  2.6702044E-02
   34.0000  2.5556990E-02  3.0410047E-02  2.6763661E-02
   35.0000  2.5423505E-02  2.9551250E-02  2.6737919E-02
   36.0000  2.5331445E-02  2.8732895E-02  2.6581829E-02
   37.0000  2.5149732E-02  2.7860236E-02  2.6245558E-02
   38.0000  2.4758164E-02  2.6858879E-02  2.5668806E-02
   39.0000  2.4076935E-02  2.5689459E-02  2.4814082E-02
   40.0000  2.3093440E-02  2.4345535E-02  2.3688037E-02
