  7709.000   27  1  1  1.9222038E-02 -4.7405579E+00 -3.3095669E-01  1  1  7.5663247E+03  8.0000000E+03  0.0000000E+00  1.1792254E+00  1.0000000E+00  0.0000000E+00  = E_edge, Z, n_edge, j_edge, Abs_before_edge, VO_interstitial, E_cut, ninit, ninit1, Epsii, UnitCell_Volume, Surface_ref, f0_forward, natomsym_f, abs_u_iso
    Energy   (100,001)      (010,001)      (001,110)   
  -25.0000  5.1529387E-09  3.2344384E-10  8.4995417E-10
  -24.0000  1.3065335E-08  5.9384662E-10  1.9145038E-09
  -23.0000  3.8151268E-08  1.1375835E-09  4.7715012E-09
  -22.0000  1.4099376E-07  2.3091939E-09  1.3849125E-08
  -21.0000  8.7110387E-07  5.1781823E-09  5.2789528E-08
  -20.0000  2.9147699E-04  2.9769414E-08  2.7808744E-06
  -19.0000  8.4259763E-06  1.1133865E-06  9.0592633E-05
  -18.0000  3.1304386E-06  6.8077365E-08  1.3868995E-06
  -17.0000  3.1878068E-06  1.8371547E-07  6.4413958E-07
  -16.0000  5.9238293E-06  8.6388259E-07  6.2889341E-07
  -15.0000  2.2139794E-04  3.3870786E-04  1.9670820E-06
  -14.0000  3.5422789E-06  2.1157751E-05  1.6172591E-06
  -13.0000  3.7108449E-07  4.4360748E-06  5.4002704E-06
  -12.0000  3.5381430E-06  3.2629241E-06  3.3517988E-04
  -11.0000  1.6467132E-05  3.0011631E-06  1.8197288E-05
  -10.0000  1.3558570E-04  4.5374326E-06  7.9463347E-06
  -9.00000  2.9062525E-02  7.4018221E-05  5.4092698E-05
  -8.00000  2.8986802E-04  3.1945677E-05  1.2426240E-05
  -7.00000  5.5806406E-05  1.0564468E-04  2.0489540E-04
  -6.00000  7.5560078E-04  3.4440919E-05  1.4692877E-04
  -5.00000  2.4154003E-03  1.7162273E-04  6.1193305E-04
  -4.00000  3.9206543E-02  8.7445538E-04  4.3706439E-04
  -3.00000  7.8403139E-04  8.6939520E-02  2.1063051E-03
  -2.00000  5.0585004E-04  3.0555016E-03  4.3986799E-04
  -1.00000  2.6558175E-04  1.4159539E-03  1.7245540E-04
   0.00000  5.3311389E-04  1.4344419E-03  2.5685441E-04
   1.00000  5.0759718E-04  9.0432374E-04  3.8248058E-04
   2.00000  3.4029258E-04  9.7508784E-04  2.6464776E-04
   3.00000  4.6422705E-04  1.2878473E-03  3.8256867E-04
   4.00000  7.1513758E-04  2.0715397E-03  6.4830830E-04
   5.00000  1.0870511E-03  3.5232897E-03  1.3811146E-03
   5.20000  1.1592851E-03  3.8880933E-03  1.6929396E-03
   5.40000  1.2193397E-03  4.2793300E-03  2.1279960E-03
   5.60000  1.2590457E-03  4.7030544E-03  2.7499258E-03
   5.80000  1.2769065E-03  5.1726404E-03  3.6535554E-03
   6.00000  1.3040733E-03  5.7143141E-03  4.9604461E-03
   6.20000  1.4431518E-03  6.3746048E-03  6.7644006E-03
   6.40000  1.8194384E-03  7.2139984E-03  8.9656908E-03
   6.60000  2.3500706E-03  8.2670581E-03  1.1052450E-02
   6.80000  2.8196487E-03  9.4681944E-03  1.2292282E-02
   7.00000  3.1797429E-03  1.0710810E-02  1.2410284E-02
   7.20000  3.4909515E-03  1.1967858E-02  1.1826706E-02
   7.40000  3.7938311E-03  1.3235111E-02  1.1056244E-02
   7.60000  4.1220473E-03  1.4562708E-02  1.0339490E-02
   7.80000  4.4879055E-03  1.5905170E-02  9.5056408E-03
   8.00000  4.9125847E-03  1.7320134E-02  8.5133731E-03
   8.20000  5.4175158E-03  1.8876108E-02  7.6572517E-03
   8.40000  6.0228232E-03  2.0667119E-02  7.0296172E-03
   8.60000  6.7514025E-03  2.2817022E-02  6.6384503E-03
   8.80000  7.6373997E-03  2.5485985E-02  6.4967776E-03
   9.00000  8.7224526E-03  2.8883776E-02  6.6195193E-03
   9.20000  1.0033045E-02  3.3246097E-02  7.0169109E-03
   9.40000  1.1534263E-02  3.8847340E-02  7.6919123E-03
   9.60000  1.3058065E-02  4.5959142E-02  8.6350920E-03
   9.80000  1.4315314E-02  5.4841462E-02  9.8284443E-03
   10.0000  1.5155044E-02  6.5822915E-02  1.1248973E-02
   10.2500  1.5934342E-02  8.2948361E-02  1.3314544E-02
   10.5000  1.6966831E-02  1.0271222E-01  1.5694996E-02
   10.7500  1.8125695E-02  1.1924148E-01  1.8432030E-02
   11.0000  2.0282449E-02  1.2348858E-01  2.1550263E-02
   11.2500  2.2955363E-02  1.1179956E-01  2.5054447E-02
   11.5000  2.6049434E-02  9.1738781E-02  2.8936396E-02
   11.7500  2.9175224E-02  7.2269616E-02  3.2662868E-02
   12.0000  3.2463835E-02  5.6706697E-02  3.7447093E-02
   12.2500  3.5445917E-02  4.5313425E-02  4.2532022E-02
   12.5000  3.7862181E-02  3.7188375E-02  4.7646522E-02
   12.7500  3.9583998E-02  3.1403384E-02  5.2313047E-02
   13.0000  4.0640431E-02  2.7241253E-02  5.5910790E-02
   13.2500  4.1178265E-02  2.4191655E-02  5.7885353E-02
   13.5000  4.1389251E-02  2.1899380E-02  5.8002395E-02
   13.7500  4.1114175E-02  2.0144226E-02  5.6164461E-02
   14.0000  4.0974521E-02  1.8720858E-02  5.3316065E-02
   14.2500  4.1119361E-02  1.7544598E-02  5.0070739E-02
   14.5000  4.1378417E-02  1.6577264E-02  4.6778850E-02
   14.7500  4.1781507E-02  1.5775629E-02  4.3776537E-02
   15.0000  4.2342359E-02  1.5110210E-02  4.1243726E-02
   15.2500  4.3069670E-02  1.4560755E-02  3.9255931E-02
   15.5000  4.3940475E-02  1.4111755E-02  3.7821282E-02
   15.7500  4.4943222E-02  1.3753816E-02  3.6926267E-02
   16.0000  4.6046459E-02  1.3480934E-02  3.6543325E-02
   16.2500  4.7204037E-02  1.3288367E-02  3.6639081E-02
   16.5000  4.8354904E-02  1.3172965E-02  3.7176505E-02
   16.7500  4.9420379E-02  1.3132886E-02  3.8108175E-02
   17.0000  5.0309317E-02  1.3166080E-02  3.9367006E-02
   17.2500  5.0925359E-02  1.3271304E-02  4.0859814E-02
   17.5000  5.1178517E-02  1.3447170E-02  4.2461862E-02
   17.7500  5.1003952E-02  1.3692435E-02  4.4020819E-02
   18.0000  5.0377677E-02  1.4006002E-02  4.5375637E-02
   18.2500  4.9326824E-02  1.4386055E-02  4.6385538E-02
   18.5000  4.7929447E-02  1.4830835E-02  4.6959073E-02
   18.7500  4.6300095E-02  1.5338533E-02  4.7073104E-02
   19.0000  4.4568287E-02  1.5907272E-02  4.6768213E-02
   19.2500  4.2857132E-02  1.6535962E-02  4.6131413E-02
   19.5000  4.1266805E-02  1.7223684E-02  4.5269519E-02
   19.7500  3.9869564E-02  1.7969628E-02  4.4286133E-02
   20.0000  3.8708344E-02  1.8772989E-02  4.3268413E-02
   21.0000  3.6588627E-02  2.2536084E-02  3.9816245E-02
   22.0000  3.7763739E-02  2.7074300E-02  3.7895311E-02
   23.0000  4.0387421E-02  3.2062812E-02  3.6962895E-02
   24.0000  4.2524962E-02  3.6790562E-02  3.6216491E-02
   25.0000  4.3136757E-02  4.0298966E-02  3.5222920E-02
   26.0000  4.1177989E-02  4.2054872E-02  3.3666043E-02
   27.0000  3.7487860E-02  4.1707842E-02  3.1999964E-02
   28.0000  3.3304583E-02  4.0183264E-02  3.0220696E-02
   29.0000  2.9969576E-02  3.8059169E-02  2.8716193E-02
   30.0000  2.7828379E-02  3.5809971E-02  2.7804509E-02
   31.0000  2.6603945E-02  3.3736953E-02  2.7465838E-02
   32.0000  2.5958532E-02  3.1994589E-02  2.7455159E-02
   33.0000  2.5634119E-02  3.0584063E-02  2.7509243E-02
   34.0000  2.5465719E-02  2.9433156E-02  2.7489531E-02
   35.0000  2.5330504E-02  2.8428467E-02  2.7328512E-02
   36.0000  2.5122890E-02  2.7458191E-02  2.6977194E-02
   37.0000  2.4732404E-02  2.6435950E-02  2.6380726E-02
   38.0000  2.4060347E-02  2.5311750E-02  2.5472708E-02
   39.0000  2.3069934E-02  2.4068662E-02  2.4207822E-02
   40.0000  2.1827610E-02  2.2715546E-02  2.2603773E-02
