  7709.000   27  1  1  1.9222038E-02 -4.8362064E+00 -3.5933035E-01  1  1  7.5663125E+03  8.0000000E+03  0.0000000E+00  1.1792254E+00  1.0000000E+00  0.0000000E+00  = E_edge, Z, n_edge, j_edge, Abs_before_edge, VO_interstitial, E_cut, ninit, ninit1, Epsii, UnitCell_Volume, Surface_ref, f0_forward, natomsym_f, abs_u_iso
    Energy   (100,001)      (010,001)      (001,110)   
  -25.0000  6.2805885E-09  3.1861600E-10  9.2173978E-10
  -24.0000  1.6609229E-08  5.8446639E-10  2.1399065E-09
  -23.0000  5.1984646E-08  1.1216465E-09  5.5841407E-09
  -22.0000  2.2080392E-07  2.3016083E-09  1.7586627E-08
  -21.0000  2.0971477E-06  5.4944924E-09  8.3427055E-08
  -20.0000  4.9499172E-05  3.3920057E-08  1.6922896E-06
  -19.0000  3.1289313E-06  1.4278934E-07  1.0266949E-05
  -18.0000  1.9346530E-06  5.6699576E-08  7.1254385E-07
  -17.0000  2.1392454E-06  1.6494645E-07  4.5878529E-07
  -16.0000  3.5651663E-06  7.3358561E-07  5.0509775E-07
  -15.0000  1.2875618E-05  9.4262540E-06  9.5671373E-07
  -14.0000  2.6868819E-05  3.0786631E-05  2.2474090E-06
  -13.0000  4.8431317E-07  4.9275253E-06  4.6723814E-06
  -12.0000  5.0208489E-06  3.1400153E-06  1.4011102E-04
  -11.0000  2.8643606E-05  3.1083681E-06  1.8998142E-05
  -10.0000  3.9331948E-04  4.4351608E-06  8.3680003E-06
  -9.00000  1.4265323E-03  4.1258436E-05  3.0787339E-05
  -8.00000  2.4422698E-04  2.5331170E-05  9.1664972E-06
  -7.00000  1.0577831E-04  1.0754917E-04  1.5670035E-04
  -6.00000  6.1404073E-04  3.4088045E-05  2.0566930E-04
  -5.00000  3.6458329E-01  2.6809562E-04  1.1591701E-03
  -4.00000  1.8042950E-01  6.5258289E-04  1.1855696E-03
  -3.00000  9.5529702E-04  3.3967744E-01  1.4723779E-02
  -2.00000  5.8978528E-04  3.5815416E-03  5.0131304E-04
  -1.00000  2.8055072E-04  1.5168004E-03  1.7863811E-04
   0.00000  7.2548928E-04  1.2478626E-03  6.4752245E-04
   1.00000  4.0589165E-04  8.9724255E-04  2.3158413E-04
   2.00000  3.6149309E-04  9.8475545E-04  2.3381185E-04
   3.00000  5.3761705E-04  1.2920362E-03  3.5080122E-04
   4.00000  8.9105465E-04  2.0632262E-03  5.8604748E-04
   5.00000  1.4269186E-03  3.4840829E-03  1.1367359E-03
   5.20000  1.5465728E-03  3.8532674E-03  1.3416618E-03
   5.40000  1.6674255E-03  4.2590075E-03  1.6080530E-03
   5.60000  1.7881860E-03  4.7097438E-03  1.9612462E-03
   5.80000  1.9076121E-03  5.2179398E-03  2.4387985E-03
   6.00000  2.0258792E-03  5.8021256E-03  3.0952128E-03
   6.20000  2.1434714E-03  6.4897277E-03  4.0114992E-03
   6.40000  2.2623337E-03  7.3197380E-03  5.3039965E-03
   6.60000  2.3873380E-03  8.3442991E-03  7.1280801E-03
   6.80000  2.5257568E-03  9.6633729E-03  9.6467166E-03
   7.00000  2.7093064E-03  1.1259224E-02  1.2939073E-02
   7.20000  2.9753883E-03  1.3079025E-02  1.6627336E-02
   7.40000  3.3940182E-03  1.4808399E-02  1.9531922E-02
   7.60000  4.0194385E-03  1.6035251E-02  2.0196036E-02
   7.80000  4.7760453E-03  1.6701954E-02  1.8455166E-02
   8.00000  5.4835542E-03  1.7185892E-02  1.5592840E-02
   8.20000  6.0672159E-03  1.7891924E-02  1.2837744E-02
   8.40000  6.5748881E-03  1.9053838E-02  1.0670967E-02
   8.60000  7.0807586E-03  2.0787943E-02  9.1531760E-03
   8.80000  7.6404292E-03  2.3164686E-02  8.2167122E-03
   9.00000  8.2817819E-03  2.6276778E-02  7.7575495E-03
   9.20000  9.0161003E-03  3.0254458E-02  7.6947264E-03
   9.40000  9.8485204E-03  3.5297591E-02  7.9803163E-03
   9.60000  1.0777548E-02  4.1661881E-02  8.5873631E-03
   9.80000  1.1796190E-02  4.9647734E-02  9.4958283E-03
   10.0000  1.2897785E-02  5.9517310E-02  1.0686570E-02
   10.2500  1.4398905E-02  7.4498249E-02  1.2551713E-02
   10.5000  1.6064746E-02  9.0937868E-02  1.4828048E-02
   10.7500  1.7972566E-02  1.0440401E-01  1.7507624E-02
   11.0000  2.0145990E-02  1.0878757E-01  2.0501638E-02
   11.2500  2.2587635E-02  1.0186704E-01  2.3628894E-02
   11.5000  2.5248668E-02  8.7887792E-02  2.6750504E-02
   11.7500  2.8013935E-02  7.2687301E-02  2.9843502E-02
   12.0000  3.0494720E-02  5.9549527E-02  3.2606228E-02
   12.2500  3.2887077E-02  4.9194368E-02  3.5805714E-02
   12.5000  3.4871425E-02  4.1342479E-02  3.8916677E-02
   12.7500  3.6391597E-02  3.5440386E-02  4.1818018E-02
   13.0000  3.7490013E-02  3.0981417E-02  4.4353488E-02
   13.2500  3.8274722E-02  2.7576588E-02  4.6361292E-02
   13.5000  3.8871910E-02  2.4939700E-02  4.7712211E-02
   13.7500  3.8726577E-02  2.2948620E-02  4.8648250E-02
   14.0000  3.9242718E-02  2.1276205E-02  4.8483461E-02
   14.2500  3.9802514E-02  1.9917846E-02  4.7756553E-02
   14.5000  4.0426196E-02  1.8802886E-02  4.6669471E-02
   14.7500  4.1123497E-02  1.7882371E-02  4.5432035E-02
   15.0000  4.1899465E-02  1.7121622E-02  4.4229151E-02
   15.2500  4.2766391E-02  1.6498901E-02  4.3208304E-02
   15.5000  4.3712575E-02  1.5994786E-02  4.2470267E-02
   15.7500  4.4746315E-02  1.5600339E-02  4.2085462E-02
   16.0000  4.5862493E-02  1.5308828E-02  4.2095625E-02
   16.2500  4.7047816E-02  1.5114508E-02  4.2516862E-02
   16.5000  4.8275747E-02  1.5014226E-02  4.3343470E-02
   16.7500  4.9502544E-02  1.5003695E-02  4.4537922E-02
   17.0000  5.0667286E-02  1.5079586E-02  4.6028818E-02
   17.2500  5.1692454E-02  1.5238630E-02  4.7702814E-02
   17.5000  5.2489805E-02  1.5476886E-02  4.9403883E-02
   17.7500  5.2972379E-02  1.5790530E-02  5.0949016E-02
   18.0000  5.3067078E-02  1.6175196E-02  5.2155463E-02
   18.2500  5.2728187E-02  1.6627465E-02  5.2879578E-02
   18.5000  5.1950201E-02  1.7143810E-02  5.3053887E-02
   18.7500  5.0774116E-02  1.7719388E-02  5.2694964E-02
   19.0000  4.9283719E-02  1.8349075E-02  5.1888055E-02
   19.2500  4.7587446E-02  1.9027648E-02  5.0753512E-02
   19.5000  4.5803072E-02  1.9750890E-02  4.9418387E-02
   19.7500  4.4042138E-02  2.0513402E-02  4.7995712E-02
   20.0000  4.2395510E-02  2.1311151E-02  4.6569118E-02
   21.0000  3.7933070E-02  2.4764459E-02  4.1647913E-02
   22.0000  3.7176491E-02  2.8457000E-02  3.8293174E-02
   23.0000  3.8784085E-02  3.2159766E-02  3.5997374E-02
   24.0000  4.0847706E-02  3.5591400E-02  3.4250081E-02
   25.0000  4.2075202E-02  3.8382178E-02  3.2815266E-02
   26.0000  4.1261710E-02  4.0121709E-02  3.1394206E-02
   27.0000  3.8617012E-02  4.0181489E-02  3.0115952E-02
   28.0000  3.4912215E-02  3.9060236E-02  2.8808425E-02
   29.0000  3.1452457E-02  3.7248919E-02  2.7662837E-02
   30.0000  2.8899146E-02  3.5234043E-02  2.6904312E-02
   31.0000  2.7250638E-02  3.3334820E-02  2.6547097E-02
   32.0000  2.6285348E-02  3.1722410E-02  2.6439152E-02
   33.0000  2.5751765E-02  3.0415141E-02  2.6407336E-02
   34.0000  2.5448461E-02  2.9351120E-02  2.6357210E-02
   35.0000  2.5203680E-02  2.8424971E-02  2.6243562E-02
   36.0000  2.4863068E-02  2.7523972E-02  2.6025272E-02
   37.0000  2.4290705E-02  2.6548366E-02  2.5648674E-02
   38.0000  2.3410386E-02  2.5431555E-02  2.5052757E-02
   39.0000  2.2250029E-02  2.4151137E-02  2.4180467E-02
   40.0000  2.0948957E-02  2.2738851E-02  2.3010055E-02
