  7709.000   27  1  1  1.9222038E-02 -2.9796881E+00 -2.3215694E-01  1  1  7.5666493E+03  8.0000000E+03  0.0000000E+00  1.1792254E+00  1.0000000E+00  0.0000000E+00  = E_edge, Z, n_edge, j_edge, Abs_before_edge, VO_interstitial, E_cut, ninit, ninit1, Epsii, UnitCell_Volume, Surface_ref, f0_forward, natomsym_f, abs_u_iso
    Energy   (100,001)      (010,001)      (001,110)   
  -25.0000  5.1182743E-09  1.2196766E-09  5.7179958E-10
  -24.0000  1.4859764E-08  3.4661063E-09  1.4976914E-09
  -23.0000  5.4893081E-08  1.2689741E-08  4.8680067E-09
  -22.0000  3.4733687E-07  8.4375817E-08  2.5783304E-08
  -21.0000  1.6597509E-04  6.3082697E-05  8.4265642E-06
  -20.0000  3.2576134E-06  5.0581294E-07  1.1646250E-06
  -19.0000  1.1597857E-06  7.2464763E-07  8.7148036E-07
  -18.0000  1.2237311E-06  3.3486615E-07  2.2424598E-07
  -17.0000  2.3994603E-06  5.1143035E-07  2.5051992E-07
  -16.0000  8.2689425E-05  1.5421929E-05  5.1779004E-06
  -15.0000  2.6874118E-06  8.3656808E-07  7.4164496E-07
  -14.0000  1.3653030E-03  5.9738486E-04  2.1841853E-03
  -13.0000  1.0612260E-06  1.9992920E-06  4.6157170E-06
  -12.0000  5.7818168E-06  5.3036835E-05  7.8821758E-05
  -11.0000  1.9950110E-05  6.5894003E-06  3.5595758E-06
  -10.0000  1.3497108E-03  3.9987520E-03  2.2024591E-04
  -9.00000  1.0219195E-04  1.9671998E-05  3.5023213E-06
  -8.00000  3.3254722E-02  1.3661587E-02  1.3743118E-03
  -7.00000  1.7523347E-04  3.9663183E-04  4.3528930E-04
  -6.00000  6.8032423E-02  6.5128320E-02  2.1529170E-02
  -5.00000  1.1785802E-03  7.8303336E-05  9.2249906E-03
  -4.00000  3.0560739E-04  1.0379529E-04  2.0189896E-04
  -3.00000  1.4139208E-02  5.3862045E-03  1.6394054E-02
  -2.00000  9.9799994E-05  1.5570752E-04  7.4503911E-05
  -1.00000  8.2518264E-05  1.0447078E-04  5.7125734E-05
   0.00000  1.4255568E-04  2.0170834E-04  1.1388160E-04
   1.00000  8.2258573E-05  1.1685887E-04  7.6362129E-05
   2.00000  7.0073145E-05  1.0595916E-04  6.5073294E-05
   3.00000  8.6274433E-05  1.3901094E-04  9.2436974E-05
   4.00000  1.3235922E-04  2.2600151E-04  1.5552875E-04
   5.00000  4.6627790E-04  4.9516502E-04  3.6940594E-04
   5.20000  6.4896713E-04  6.0857974E-04  4.9334298E-04
   5.40000  5.1425447E-04  7.6153652E-04  7.0845151E-04
   5.60000  6.1343162E-04  1.0723824E-03  1.1902848E-03
   5.80000  9.6225853E-04  1.4784420E-03  1.8735236E-03
   6.00000  1.3533551E-03  2.2642011E-03  3.4543757E-03
   6.20000  2.1974393E-03  4.1236554E-03  7.9301077E-03
   6.40000  2.4773306E-03  7.3000253E-03  1.2211741E-02
   6.60000  2.0598193E-03  9.6237456E-03  1.1405356E-02
   6.80000  2.2581648E-03  1.0873667E-02  1.0631400E-02
   7.00000  3.0424094E-03  1.3300143E-02  9.9201868E-03
   7.20000  4.2922401E-03  1.6684985E-02  9.9144945E-03
   7.40000  5.7398195E-03  1.8613341E-02  1.1839133E-02
   7.60000  7.1424726E-03  1.9548356E-02  1.5166418E-02
   7.80000  9.2263873E-03  2.5093932E-02  1.8141774E-02
   8.00000  1.3994479E-02  3.9138255E-02  2.0159253E-02
   8.20000  2.3481588E-02  5.7047515E-02  1.8163252E-02
   8.40000  3.9024133E-02  7.5235740E-02  1.2632637E-02
   8.60000  3.9999923E-02  6.3311860E-02  9.8101354E-03
   8.80000  2.2179517E-02  3.2971318E-02  8.9161859E-03
   9.00000  1.3671048E-02  1.8447716E-02  8.6551295E-03
   9.20000  1.0945458E-02  1.2423879E-02  8.4666435E-03
   9.40000  1.0322764E-02  1.0509155E-02  8.7033832E-03
   9.60000  1.0682552E-02  1.1709497E-02  9.9412193E-03
   9.80000  1.1882110E-02  1.6058237E-02  1.2873662E-02
   10.0000  1.3912648E-02  2.3512898E-02  1.8649100E-02
   10.2500  1.7863816E-02  3.5311473E-02  3.2397160E-02
   10.5000  2.3976929E-02  4.3735990E-02  5.6950461E-02
   10.7500  3.2652224E-02  4.4560682E-02  9.0416280E-02
   11.0000  4.5057538E-02  4.2721450E-02  1.0649979E-01
   11.2500  6.2323640E-02  4.1801965E-02  9.6697541E-02
   11.5000  7.7086893E-02  4.1880170E-02  7.9447554E-02
   11.7500  7.3123310E-02  4.3617561E-02  6.3450102E-02
   12.0000  5.7913568E-02  4.8199140E-02  5.2032300E-02
   12.2500  4.4854502E-02  5.7513226E-02  4.5484552E-02
   12.5000  3.7514426E-02  7.4790837E-02  4.2739257E-02
   12.7500  3.3368729E-02  9.3746378E-02  4.2462843E-02
   13.0000  3.1384722E-02  8.9713272E-02  4.3258537E-02
   13.2500  3.0972005E-02  6.7127224E-02  4.2820292E-02
   13.5000  3.1692565E-02  4.7671118E-02  4.0875544E-02
   13.7500  3.2670531E-02  3.7388052E-02  3.8243572E-02
   14.0000  3.3597021E-02  3.1106110E-02  3.5676922E-02
   14.2500  3.4092829E-02  2.7040421E-02  3.3284097E-02
   14.5000  3.4038379E-02  2.4280334E-02  3.1171461E-02
   14.7500  3.3596990E-02  2.2386130E-02  2.9556766E-02
   15.0000  3.3067491E-02  2.1135245E-02  2.8455968E-02
   15.2500  3.2729803E-02  2.0374222E-02  2.7636887E-02
   15.5000  3.2410532E-02  2.0905167E-02  2.5991573E-02
   15.7500  3.2976051E-02  2.0815184E-02  2.5053671E-02
   16.0000  3.3922480E-02  2.0880950E-02  2.4057575E-02
   16.2500  3.5063929E-02  2.0966231E-02  2.3127781E-02
   16.5000  3.6199039E-02  2.0946517E-02  2.2459839E-02
   16.7500  3.7198551E-02  2.0792047E-02  2.2219461E-02
   17.0000  3.8047797E-02  2.0583770E-02  2.2470391E-02
   17.2500  3.8816422E-02  2.0448018E-02  2.3182755E-02
   17.5000  3.9606130E-02  2.0495660E-02  2.4294676E-02
   17.7500  4.0501850E-02  2.0798251E-02  2.5742078E-02
   18.0000  4.1547277E-02  2.1390124E-02  2.7459708E-02
   18.2500  4.2736106E-02  2.2273183E-02  2.9366697E-02
   18.5000  4.3999868E-02  2.3421532E-02  3.1351305E-02
   18.7500  4.5177077E-02  2.4787441E-02  3.3260712E-02
   19.0000  4.6002041E-02  2.6309940E-02  3.4921457E-02
   19.2500  4.6171300E-02  2.7927534E-02  3.6207001E-02
   19.5000  4.5498340E-02  2.9589297E-02  3.7104199E-02
   19.7500  4.4029960E-02  3.1253439E-02  3.7703385E-02
   20.0000  4.2009908E-02  3.2859618E-02  3.8121085E-02
   21.0000  3.4803605E-02  3.6663805E-02  3.9068122E-02
   22.0000  3.5065058E-02  3.7412372E-02  3.7609784E-02
   23.0000  3.7644019E-02  3.8747243E-02  3.3670093E-02
   24.0000  3.8067399E-02  3.8697527E-02  3.0959964E-02
   25.0000  3.6197650E-02  3.6754904E-02  3.0676167E-02
   26.0000  3.4561292E-02  3.4533519E-02  3.2015899E-02
   27.0000  3.4316564E-02  3.2848279E-02  3.3369042E-02
   28.0000  3.4633551E-02  3.1559167E-02  3.3539387E-02
   29.0000  3.5060558E-02  3.0728852E-02  3.3128759E-02
   30.0000  3.4622337E-02  3.0340095E-02  3.2420859E-02
   31.0000  3.3014760E-02  3.0181166E-02  3.1468548E-02
   32.0000  3.0555179E-02  2.9832320E-02  3.0276954E-02
   33.0000  2.7822099E-02  2.9120359E-02  2.8953827E-02
   34.0000  2.5292641E-02  2.8136433E-02  2.7642807E-02
   35.0000  2.3173332E-02  2.7034931E-02  2.6440960E-02
   36.0000  2.1518453E-02  2.5960416E-02  2.5404940E-02
   37.0000  2.0312762E-02  2.4994213E-02  2.4516878E-02
   38.0000  1.9475041E-02  2.4133288E-02  2.3695701E-02
   39.0000  1.8890729E-02  2.3321623E-02  2.2839003E-02
   40.0000  1.8421928E-02  2.2497471E-02  2.1859019E-02
