  7709.000   27  1  1  1.9222038E-02 -2.7746330E+00 -2.6407267E-01  1  1  7.5665696E+03  8.0000000E+03  0.0000000E+00  1.1792254E+00  1.0000000E+00  0.0000000E+00  = E_edge, Z, n_edge, j_edge, Abs_before_edge, VO_interstitial, E_cut, ninit, ninit1, Epsii, UnitCell_Volume, Surface_ref, f0_forward, natomsym_f, abs_u_iso
    Energy   (100,001)      (010,001)      (001,110)   
  -25.0000  4.4249690E-09  1.1087444E-09  5.4142843E-10
  -24.0000  1.2454407E-08  3.0483421E-09  1.4049411E-09
  -23.0000  4.3274982E-08  1.0432284E-08  4.4723334E-09
  -22.0000  2.2948644E-07  5.6702208E-08  2.1868739E-08
  -21.0000  7.4078012E-06  3.1970349E-06  8.2354085E-07
  -20.0000  5.2058986E-06  5.4778426E-07  1.1625202E-06
  -19.0000  1.3756313E-06  1.2762443E-06  1.8168815E-06
  -18.0000  1.2985911E-06  3.7600622E-07  2.5823157E-07
  -17.0000  2.2427852E-06  4.9081501E-07  2.6007248E-07
  -16.0000  1.6963935E-05  2.7325511E-06  1.3212251E-06
  -15.0000  8.9854165E-06  7.6907972E-07  1.6307439E-06
  -14.0000  8.3367793E-05  2.8450335E-05  1.2769923E-04
  -13.0000  7.3828377E-07  1.3830935E-06  3.1917473E-06
  -12.0000  2.1414834E-05  2.5896837E-04  4.3017593E-04
  -11.0000  1.7565905E-05  5.4728648E-06  4.7968343E-06
  -10.0000  5.0501441E-03  5.7804186E-04  8.5329988E-04
  -9.00000  1.2025066E-04  2.8808844E-05  4.4175432E-06
  -8.00000  1.0454621E-04  1.2088316E-04  3.3371788E-05
  -7.00000  1.2236613E-03  8.8057887E-03  8.9097118E-04
  -6.00000  9.3923577E-04  1.1881156E-02  1.6733190E-03
  -5.00000  1.3303220E-03  1.4906018E-04  5.9177481E-03
  -4.00000  2.7515302E-04  8.6678164E-05  1.6041670E-04
  -3.00000  1.4376288E-03  1.5312500E-03  1.3659982E-03
  -2.00000  8.9091445E-05  1.1685100E-04  5.1048811E-05
  -1.00000  6.9034425E-05  9.2855777E-05  3.4573743E-05
   0.00000  1.0314590E-04  1.2354587E-04  8.7680918E-05
   1.00000  8.8415401E-05  1.1150658E-04  8.7029078E-05
   2.00000  7.6133692E-05  9.9463513E-05  7.0155160E-05
   3.00000  9.2052899E-05  1.2671588E-04  9.5618815E-05
   4.00000  1.3143476E-04  2.0130468E-04  1.6010541E-04
   5.00000  2.4860284E-04  4.6720977E-04  3.8873010E-04
   5.20000  3.1013100E-04  6.2514019E-04  5.1902830E-04
   5.40000  3.6849682E-04  7.1524719E-04  7.0443391E-04
   5.60000  4.1842951E-04  8.2947773E-04  1.0500804E-03
   5.80000  5.3049745E-04  1.1603829E-03  1.8820128E-03
   6.00000  8.5330642E-04  1.6670728E-03  3.4456687E-03
   6.20000  1.3801197E-03  2.8524766E-03  7.6770625E-03
   6.40000  1.8182298E-03  5.5253373E-03  1.3906065E-02
   6.60000  1.6290719E-03  9.0721067E-03  1.2315423E-02
   6.80000  1.7787322E-03  1.0804398E-02  1.0124472E-02
   7.00000  2.4428417E-03  1.2426214E-02  1.0353140E-02
   7.20000  3.5738094E-03  1.4509458E-02  1.2442870E-02
   7.40000  5.0144991E-03  1.4979761E-02  1.6737024E-02
   7.60000  6.3037122E-03  1.4551209E-02  2.0861380E-02
   7.80000  7.5396536E-03  1.7714811E-02  1.9164199E-02
   8.00000  1.0183685E-02  2.3571210E-02  1.3961570E-02
   8.20000  1.3881763E-02  2.7573499E-02  9.7200628E-03
   8.40000  1.4638245E-02  2.8634336E-02  7.4021096E-03
   8.60000  1.4372696E-02  3.4908048E-02  6.8802717E-03
   8.80000  1.6784195E-02  5.8454237E-02  7.6460376E-03
   9.00000  1.7010889E-02  6.9568465E-02  8.7029378E-03
   9.20000  1.2903928E-02  3.9278199E-02  8.5563285E-03
   9.40000  1.1201800E-02  2.0025249E-02  8.5618866E-03
   9.60000  1.1515424E-02  1.2937100E-02  9.1245714E-03
   9.80000  1.2831544E-02  1.2701358E-02  1.0402897E-02
   10.0000  1.4579510E-02  1.6724550E-02  1.2963212E-02
   10.2500  1.7300336E-02  2.4720399E-02  1.9365472E-02
   10.5000  2.1416347E-02  3.2378054E-02  3.2005421E-02
   10.7500  2.8380417E-02  3.5609919E-02  5.4133396E-02
   11.0000  3.9464515E-02  3.4768934E-02  8.0892035E-02
   11.2500  5.4977665E-02  3.4445229E-02  9.2336336E-02
   11.5000  7.0874904E-02  3.5424372E-02  8.3043415E-02
   11.7500  7.5564114E-02  3.6624174E-02  6.7371624E-02
   12.0000  6.5480668E-02  3.8510168E-02  5.5070090E-02
   12.2500  5.1514905E-02  4.2763581E-02  4.7820874E-02
   12.5000  4.2352861E-02  5.2379514E-02  4.5133189E-02
   12.7500  3.6810508E-02  7.2300923E-02  4.4768389E-02
   13.0000  3.3773901E-02  1.0130818E-01  4.4840725E-02
   13.2500  3.2221242E-02  1.0630822E-01  4.4310285E-02
   13.5000  3.1632685E-02  8.1343996E-02  4.3272964E-02
   13.7500  3.1690802E-02  5.7252878E-02  4.1731030E-02
   14.0000  3.2306819E-02  4.3646063E-02  3.9756673E-02
   14.2500  3.2978640E-02  3.5337972E-02  3.7279058E-02
   14.5000  3.3418574E-02  3.0128251E-02  3.4438600E-02
   14.7500  3.3521725E-02  2.6808413E-02  3.1829268E-02
   15.0000  3.3351497E-02  2.4689595E-02  2.9991619E-02
   15.2500  3.3075202E-02  2.3345172E-02  2.9000832E-02
   15.5000  3.2901257E-02  2.2527942E-02  2.8578003E-02
   15.7500  3.2707185E-02  2.2758946E-02  2.7617023E-02
   16.0000  3.3233169E-02  2.2659673E-02  2.7122105E-02
   16.2500  3.4080424E-02  2.2661888E-02  2.6347896E-02
   16.5000  3.5086256E-02  2.2563267E-02  2.5413239E-02
   16.7500  3.6084299E-02  2.2275254E-02  2.4618668E-02
   17.0000  3.6987895E-02  2.1878429E-02  2.4245408E-02
   17.2500  3.7822098E-02  2.1536277E-02  2.4416005E-02
   17.5000  3.8677951E-02  2.1389383E-02  2.5101782E-02
   17.7500  3.9656872E-02  2.1518627E-02  2.6214478E-02
   18.0000  4.0821359E-02  2.1945508E-02  2.7663624E-02
   18.2500  4.2178364E-02  2.2646905E-02  2.9370111E-02
   18.5000  4.3666993E-02  2.3570082E-02  3.1250180E-02
   18.7500  4.5152408E-02  2.4648501E-02  3.3196525E-02
   19.0000  4.6415067E-02  2.5819448E-02  3.5072661E-02
   19.2500  4.7191934E-02  2.7034556E-02  3.6742567E-02
   19.5000  4.7286892E-02  2.8268325E-02  3.8128567E-02
   19.7500  4.6664042E-02  2.9517391E-02  3.9233269E-02
   20.0000  4.5442380E-02  3.0784532E-02  4.0103080E-02
   21.0000  3.8953422E-02  3.4991797E-02  4.1909947E-02
   22.0000  3.7782904E-02  3.6351009E-02  4.0447307E-02
   23.0000  3.9660288E-02  3.8139377E-02  3.5922556E-02
   24.0000  3.9211998E-02  3.8957029E-02  3.2509143E-02
   25.0000  3.7128409E-02  3.7559721E-02  3.1578073E-02
   26.0000  3.5526520E-02  3.5431780E-02  3.2460293E-02
   27.0000  3.4902268E-02  3.3617367E-02  3.3434870E-02
   28.0000  3.5158145E-02  3.2298892E-02  3.3664663E-02
   29.0000  3.5202495E-02  3.1258250E-02  3.3214278E-02
   30.0000  3.4360747E-02  3.0551532E-02  3.2544846E-02
   31.0000  3.2546213E-02  3.0146016E-02  3.1712745E-02
   32.0000  3.0101108E-02  2.9722978E-02  3.0692355E-02
   33.0000  2.7472352E-02  2.9049917E-02  2.9568011E-02
   34.0000  2.5045737E-02  2.8144045E-02  2.8443559E-02
   35.0000  2.3007007E-02  2.7121635E-02  2.7369610E-02
   36.0000  2.1407996E-02  2.6116541E-02  2.6378412E-02
   37.0000  2.0255723E-02  2.5202578E-02  2.5451479E-02
   38.0000  1.9525827E-02  2.4372142E-02  2.4520186E-02
   39.0000  1.9155711E-02  2.3562932E-02  2.3488624E-02
   40.0000  1.9002384E-02  2.2705050E-02  2.2283038E-02
