  7709.000   27  1  1  1.9222038E-02 -2.9250932E+00 -2.6021081E-01  1  1  7.5667435E+03  8.0000000E+03  0.0000000E+00  1.1792254E+00  1.0000000E+00  0.0000000E+00  = E_edge, Z, n_edge, j_edge, Abs_before_edge, VO_interstitial, E_cut, ninit, ninit1, Epsii, UnitCell_Volume, Surface_ref, f0_forward, natomsym_f, abs_u_iso
    Energy   (100,001)      (010,001)      (001,110)   
  -25.0000  4.4651765E-09  1.2547357E-09  5.6654814E-10
  -24.0000  1.2693391E-08  3.5139985E-09  1.4696204E-09
  -23.0000  4.5061188E-08  1.2462170E-08  4.6917671E-09
  -22.0000  2.5325840E-07  7.4577952E-08  2.3469311E-08
  -21.0000  1.4687242E-05  1.4924577E-05  1.8367706E-06
  -20.0000  3.2613746E-06  6.4040524E-07  1.2730682E-06
  -19.0000  1.0979248E-06  6.0296059E-07  6.1361518E-07
  -18.0000  1.0700536E-06  3.2757093E-07  1.9530684E-07
  -17.0000  1.8351648E-06  4.5473153E-07  2.1277830E-07
  -16.0000  1.0811816E-05  2.2172177E-06  8.8034155E-07
  -15.0000  3.5488892E-06  1.2784286E-06  1.1401102E-06
  -14.0000  8.9544661E-06  7.1297738E-06  1.1929829E-05
  -13.0000  8.8042570E-07  1.4478330E-06  3.0143589E-06
  -12.0000  1.2242544E-05  3.3557476E-04  4.0797181E-04
  -11.0000  2.3940295E-05  6.3499050E-06  3.9324045E-06
  -10.0000  7.6831039E-02  1.0051337E-02  2.5564026E-03
  -9.00000  7.0438128E-05  2.8445404E-05  1.6073226E-05
  -8.00000  1.1446919E-03  1.3606596E-04  3.1464150E-05
  -7.00000  5.4788654E-04  1.2702740E-03  1.2772111E-04
  -6.00000  5.4166021E-04  1.4325129E-03  8.5473363E-04
  -5.00000  1.7300932E-03  8.2861424E-05  1.7715762E-03
  -4.00000  1.6388298E-04  1.1115360E-04  1.6943481E-04
  -3.00000  1.2434155E-03  4.3059302E-04  8.5522917E-04
  -2.00000  6.6299584E-05  8.3608040E-05  2.8057547E-05
  -1.00000  6.7181899E-05  9.8004570E-05  2.9832739E-05
   0.00000  9.4774508E-05  1.1177936E-04  6.5119541E-05
   1.00000  8.6209049E-05  1.1915907E-04  1.1364899E-04
   2.00000  7.4486658E-05  9.4694037E-05  7.5279835E-05
   3.00000  9.1134938E-05  1.1687084E-04  9.6239632E-05
   4.00000  1.3668353E-04  1.8849129E-04  1.6260285E-04
   5.00000  2.9232856E-04  5.0900681E-04  4.3526126E-04
   5.20000  3.9471839E-04  7.6651352E-04  6.0828159E-04
   5.40000  5.2404488E-04  9.7720853E-04  9.4440866E-04
   5.60000  5.8768714E-04  9.3663233E-04  1.7597622E-03
   5.80000  8.1527991E-04  1.2306574E-03  3.8844484E-03
   6.00000  1.2334314E-03  1.7656418E-03  5.7846807E-03
   6.20000  1.7180688E-03  3.1171800E-03  1.0850467E-02
   6.40000  1.8120382E-03  5.8342518E-03  1.3609197E-02
   6.60000  1.8228455E-03  7.8858927E-03  1.0388156E-02
   6.80000  2.3837450E-03  9.0874772E-03  9.6563074E-03
   7.00000  3.5892106E-03  1.1259458E-02  1.1854654E-02
   7.20000  5.4695572E-03  1.3456891E-02  1.8363163E-02
   7.40000  7.5014949E-03  1.2556926E-02  2.3842919E-02
   7.60000  9.7102437E-03  1.1844081E-02  1.2528118E-02
   7.80000  1.2238184E-02  1.4074521E-02  7.0732748E-03
   8.00000  1.3858708E-02  1.5065836E-02  6.3417871E-03
   8.20000  1.3540980E-02  1.3748984E-02  6.5580319E-03
   8.40000  1.4051412E-02  1.4399282E-02  6.7298709E-03
   8.60000  1.5175560E-02  1.9380699E-02  7.1554542E-03
   8.80000  1.5743054E-02  2.9708744E-02  7.7228875E-03
   9.00000  1.6934495E-02  4.6490159E-02  7.7931674E-03
   9.20000  2.0288735E-02  5.8291958E-02  7.2768431E-03
   9.40000  2.1976416E-02  3.9617409E-02  6.8526508E-03
   9.60000  2.0787889E-02  2.4959283E-02  7.0944811E-03
   9.80000  2.0209973E-02  2.2838475E-02  8.2888458E-03
   10.0000  2.0682591E-02  2.5849481E-02  1.0716278E-02
   10.2500  2.2256500E-02  3.2334374E-02  1.6359360E-02
   10.5000  2.4689078E-02  3.7188102E-02  2.6968692E-02
   10.7500  2.9017283E-02  3.7139046E-02  4.5600618E-02
   11.0000  3.7174912E-02  3.4568879E-02  7.0227422E-02
   11.2500  4.9420728E-02  3.2118239E-02  8.3791126E-02
   11.5000  6.2682168E-02  3.0349944E-02  7.7509151E-02
   11.7500  6.7254243E-02  2.9443862E-02  6.4601017E-02
   12.0000  6.0129200E-02  2.9780732E-02  5.4623695E-02
   12.2500  5.0511247E-02  3.1987013E-02  4.9385033E-02
   12.5000  4.2801671E-02  3.7851667E-02  4.7645072E-02
   12.7500  3.8642531E-02  5.0806689E-02  4.7777900E-02
   13.0000  3.6163605E-02  7.4355516E-02  4.7772413E-02
   13.2500  3.4446368E-02  9.7131181E-02  4.7515539E-02
   13.5000  3.3147149E-02  9.4140170E-02  4.7715934E-02
   13.7500  3.2292257E-02  7.5411812E-02  4.7299036E-02
   14.0000  3.1971375E-02  5.7918309E-02  4.5458808E-02
   14.2500  3.2012278E-02  4.5607879E-02  4.2236681E-02
   14.5000  3.2162387E-02  3.7489483E-02  3.8284127E-02
   14.7500  3.2236765E-02  3.2180627E-02  3.4497677E-02
   15.0000  3.2156524E-02  2.8683910E-02  3.1515468E-02
   15.2500  3.1963186E-02  2.6344890E-02  2.9554849E-02
   15.5000  3.1367987E-02  2.5391446E-02  2.7786483E-02
   15.7500  3.1310246E-02  2.4509940E-02  2.7428598E-02
   16.0000  3.1577680E-02  2.3825860E-02  2.7190128E-02
   16.2500  3.2136732E-02  2.3280412E-02  2.6879414E-02
   16.5000  3.2880978E-02  2.2744759E-02  2.6349784E-02
   16.7500  3.3666820E-02  2.2205839E-02  2.5724232E-02
   17.0000  3.4379811E-02  2.1761918E-02  2.5278246E-02
   17.2500  3.4981731E-02  2.1532383E-02  2.5229974E-02
   17.5000  3.5494725E-02  2.1594261E-02  2.5633536E-02
   17.7500  3.5981929E-02  2.1968177E-02  2.6427052E-02
   18.0000  3.6497387E-02  2.2622736E-02  2.7520516E-02
   18.2500  3.7071583E-02  2.3482787E-02  2.8850468E-02
   18.5000  3.7710418E-02  2.4451153E-02  3.0386021E-02
   18.7500  3.8394095E-02  2.5437994E-02  3.2107414E-02
   19.0000  3.9081034E-02  2.6387787E-02  3.3979083E-02
   19.2500  3.9713706E-02  2.7291663E-02  3.5934886E-02
   19.5000  4.0235275E-02  2.8176631E-02  3.7886431E-02
   19.7500  4.0609880E-02  2.9081711E-02  3.9741735E-02
   20.0000  4.0827571E-02  3.0033482E-02  4.1407987E-02
   21.0000  4.0408573E-02  3.3853300E-02  4.4928263E-02
   22.0000  3.9716274E-02  3.5709281E-02  4.2846365E-02
   23.0000  3.9025158E-02  3.7271550E-02  3.7049347E-02
   24.0000  3.7600073E-02  3.8824373E-02  3.2807175E-02
   25.0000  3.6023374E-02  3.8553852E-02  3.1191415E-02
   26.0000  3.5423573E-02  3.7202916E-02  3.1374109E-02
   27.0000  3.5400123E-02  3.5712994E-02  3.2085576E-02
   28.0000  3.5406656E-02  3.4121629E-02  3.2205191E-02
   29.0000  3.5716429E-02  3.2527019E-02  3.1958107E-02
   30.0000  3.5390397E-02  3.1139513E-02  3.1410102E-02
   31.0000  3.3969195E-02  3.0206950E-02  3.0680053E-02
   32.0000  3.1679778E-02  2.9542104E-02  2.9799173E-02
   33.0000  2.9046218E-02  2.8869048E-02  2.8846531E-02
   34.0000  2.6545984E-02  2.8095393E-02  2.7920471E-02
   35.0000  2.4408070E-02  2.7272374E-02  2.7078113E-02
   36.0000  2.2649048E-02  2.6491675E-02  2.6364451E-02
   37.0000  2.1228578E-02  2.5792402E-02  2.5777985E-02
   38.0000  2.0137363E-02  2.5154131E-02  2.5233545E-02
   39.0000  1.9397913E-02  2.4531698E-02  2.4577144E-02
   40.0000  1.9004681E-02  2.3868204E-02  2.3680364E-02
