  7709.000   27  1  1  1.9222038E-02 -2.9287479E+00 -2.6656148E-01  1  1  7.5667495E+03  8.0000000E+03  0.0000000E+00  1.1792254E+00  1.0000000E+00  0.0000000E+00  = E_edge, Z, n_edge, j_edge, Abs_before_edge, VO_interstitial, E_cut, ninit, ninit1, Epsii, UnitCell_Volume, Surface_ref, f0_forward, natomsym_f, abs_u_iso
    Energy   (100,001)      (010,001)      (001,110)   
  -25.0000  3.9372759E-09  1.0617213E-09  4.7216340E-10
  -24.0000  1.0960532E-08  2.8940794E-09  1.1810755E-09
  -23.0000  3.7574752E-08  9.8090126E-09  3.5387193E-09
  -22.0000  1.9499896E-07  5.2557432E-08  1.5237869E-08
  -21.0000  4.6378240E-06  2.3631623E-06  2.6288137E-07
  -20.0000  4.1832535E-06  5.6592542E-07  1.0533148E-06
  -19.0000  1.1102294E-06  6.6295096E-07  7.4550258E-07
  -18.0000  1.0250238E-06  2.9191459E-07  1.9467766E-07
  -17.0000  1.7325553E-06  3.8935510E-07  2.0091679E-07
  -16.0000  1.2483961E-05  2.2810113E-06  1.0311357E-06
  -15.0000  1.7129097E-06  8.6270872E-07  7.7665926E-07
  -14.0000  1.2634170E-05  7.6243145E-06  1.7538463E-05
  -13.0000  9.8533640E-07  1.2834871E-06  2.8737160E-06
  -12.0000  9.4451201E-06  5.3505161E-05  5.7842165E-05
  -11.0000  1.9005325E-05  4.8754920E-06  2.5828467E-06
  -10.0000  8.5068817E-03  3.3565516E-04  9.0062622E-03
  -9.00000  8.2007148E-05  2.5701527E-05  1.1115283E-05
  -8.00000  4.4516586E-03  1.1808804E-03  2.0817507E-04
  -7.00000  2.5569057E-04  3.3023876E-04  1.0265612E-03
  -6.00000  3.3067414E-04  5.4327496E-04  1.8374905E-04
  -5.00000  5.0584682E-04  1.0782185E-04  3.7117933E-03
  -4.00000  2.8287523E-04  9.5031915E-05  1.8583084E-04
  -3.00000  3.3195570E-03  2.1140796E-03  2.3658497E-03
  -2.00000  6.9997063E-05  9.2409188E-05  3.3745181E-05
  -1.00000  6.1072187E-05  7.8450824E-05  2.6921972E-05
   0.00000  1.5542358E-04  1.8274587E-04  1.6754685E-04
   1.00000  7.4408070E-05  9.7134132E-05  8.3798410E-05
   2.00000  7.1160223E-05  9.2901915E-05  7.3319932E-05
   3.00000  8.9813242E-05  1.2516055E-04  9.6774712E-05
   4.00000  1.3867181E-04  2.0879606E-04  1.6080066E-04
   5.00000  2.9854366E-04  6.4002269E-04  4.0578029E-04
   5.20000  3.9043989E-04  1.0131602E-03  5.6349560E-04
   5.40000  4.8514531E-04  1.1512114E-03  8.1743833E-04
   5.60000  5.5698356E-04  1.0894749E-03  1.3332424E-03
   5.80000  7.0168524E-04  1.5099883E-03  2.6678723E-03
   6.00000  1.0687133E-03  1.9855611E-03  4.2438959E-03
   6.20000  1.6267553E-03  3.1876529E-03  8.3573736E-03
   6.40000  1.9117559E-03  5.8493258E-03  1.2194499E-02
   6.60000  1.8973371E-03  8.3054375E-03  1.0169003E-02
   6.80000  2.4430802E-03  9.4231496E-03  8.9132945E-03
   7.00000  3.6566901E-03  1.1110635E-02  9.2496748E-03
   7.20000  5.2506469E-03  1.2837635E-02  1.0643825E-02
   7.40000  6.9872677E-03  1.3019522E-02  1.6038039E-02
   7.60000  8.8877510E-03  1.2960104E-02  2.8569748E-02
   7.80000  1.0895071E-02  1.7203884E-02  2.2349029E-02
   8.00000  1.3884542E-02  2.4425008E-02  1.2410891E-02
   8.20000  1.6288634E-02  3.0670160E-02  9.3052737E-03
   8.40000  1.6254574E-02  3.4253381E-02  8.1020791E-03
   8.60000  1.6738545E-02  4.6588824E-02  8.1333819E-03
   8.80000  1.7382884E-02  3.7314402E-02  9.1881380E-03
   9.00000  1.8064542E-02  1.7477505E-02  9.7605046E-03
   9.20000  1.9201371E-02  1.6926071E-02  9.7296037E-03
   9.40000  2.0237608E-02  2.3076968E-02  9.8064552E-03
   9.60000  2.1026312E-02  3.0867342E-02  1.0841633E-02
   9.80000  2.2216187E-02  4.0020785E-02  1.3679533E-02
   10.0000  2.4397809E-02  5.0899005E-02  1.9517228E-02
   10.2500  2.9005967E-02  6.2968747E-02  3.4125183E-02
   10.5000  3.6949382E-02  6.3611247E-02  6.2439182E-02
   10.7500  5.0071213E-02  5.4336041E-02  9.7469444E-02
   11.0000  6.8838323E-02  4.6783987E-02  1.0631805E-01
   11.2500  8.8437072E-02  4.3283560E-02  8.8854204E-02
   11.5000  8.9080054E-02  4.2067208E-02  7.0026251E-02
   11.7500  7.1942824E-02  4.2933588E-02  5.6556269E-02
   12.0000  5.5241493E-02  4.7512423E-02  4.8829106E-02
   12.2500  4.4654677E-02  5.8953868E-02  4.5394791E-02
   12.5000  3.8575716E-02  7.9987942E-02  4.4718204E-02
   12.7500  3.5407526E-02  9.5344370E-02  4.5549222E-02
   13.0000  3.3984556E-02  8.2660291E-02  4.6860945E-02
   13.2500  3.3414698E-02  6.2435584E-02  4.7146435E-02
   13.5000  3.3565513E-02  4.7302401E-02  4.5665005E-02
   13.7500  3.2933156E-02  3.7709771E-02  4.2686051E-02
   14.0000  3.2626131E-02  3.1320127E-02  3.8628184E-02
   14.2500  3.2162165E-02  2.7032954E-02  3.4313812E-02
   14.5000  3.1633497E-02  2.4217938E-02  3.0545271E-02
   14.7500  3.1122651E-02  2.2439385E-02  2.7809545E-02
   15.0000  3.0701883E-02  2.1376897E-02  2.6147992E-02
   15.2500  3.0471483E-02  2.0792670E-02  2.5307012E-02
   15.5000  3.0279189E-02  2.1423845E-02  2.4564642E-02
   15.7500  3.0782778E-02  2.1346797E-02  2.4307324E-02
   16.0000  3.1642506E-02  2.1295983E-02  2.3995360E-02
   16.2500  3.2711215E-02  2.1153302E-02  2.3549441E-02
   16.5000  3.3795236E-02  2.0887922E-02  2.3101332E-02
   16.7500  3.4749974E-02  2.0590323E-02  2.2901752E-02
   17.0000  3.5532324E-02  2.0402451E-02  2.3137922E-02
   17.2500  3.6186364E-02  2.0439582E-02  2.3844179E-02
   17.5000  3.6776278E-02  2.0758403E-02  2.4943750E-02
   17.7500  3.7364812E-02  2.1362699E-02  2.6338339E-02
   18.0000  3.7984311E-02  2.2212781E-02  2.7955746E-02
   18.2500  3.8646271E-02  2.3241422E-02  2.9758184E-02
   18.5000  3.9341883E-02  2.4375131E-02  3.1715459E-02
   18.7500  4.0025259E-02  2.5553599E-02  3.3769423E-02
   19.0000  4.0597449E-02  2.6737786E-02  3.5805524E-02
   19.2500  4.0929437E-02  2.7902636E-02  3.7679522E-02
   19.5000  4.0930192E-02  2.9031586E-02  3.9281096E-02
   19.7500  4.0596342E-02  3.0118918E-02  4.0570376E-02
   20.0000  3.9990194E-02  3.1171667E-02  4.1563477E-02
   21.0000  3.6858222E-02  3.4610684E-02  4.3020211E-02
   22.0000  3.6758903E-02  3.6521066E-02  3.9811879E-02
   23.0000  3.7071189E-02  3.8370204E-02  3.4358876E-02
   24.0000  3.5724743E-02  3.8523144E-02  3.1076494E-02
   25.0000  3.3651940E-02  3.6661013E-02  3.0246744E-02
   26.0000  3.2570093E-02  3.4552567E-02  3.1097793E-02
   27.0000  3.2335492E-02  3.2825654E-02  3.1917946E-02
   28.0000  3.2781429E-02  3.1373960E-02  3.1937554E-02
   29.0000  3.3408142E-02  3.0112983E-02  3.1334368E-02
   30.0000  3.3216011E-02  2.9308629E-02  3.0418526E-02
   31.0000  3.1733848E-02  2.8919699E-02  2.9313204E-02
   32.0000  2.9326551E-02  2.8529442E-02  2.8101137E-02
   33.0000  2.6669694E-02  2.7876478E-02  2.6887932E-02
   34.0000  2.4283529E-02  2.6995762E-02  2.5760610E-02
   35.0000  2.2341787E-02  2.6028067E-02  2.4777744E-02
   36.0000  2.0853629E-02  2.5091212E-02  2.3986265E-02
   37.0000  1.9794520E-02  2.4220404E-02  2.3328032E-02
   38.0000  1.9122501E-02  2.3392211E-02  2.2643934E-02
   39.0000  1.8764526E-02  2.2562126E-02  2.1785778E-02
   40.0000  1.8570832E-02  2.1679285E-02  2.0721125E-02
