  7709.000   27  1  1  1.9222038E-02 -2.9902106E+00 -2.5550160E-01  1  1  7.5666852E+03  8.0000000E+03  0.0000000E+00  1.1792254E+00  1.0000000E+00  0.0000000E+00  = E_edge, Z, n_edge, j_edge, Abs_before_edge, VO_interstitial, E_cut, ninit, ninit1, Epsii, UnitCell_Volume, Surface_ref, f0_forward, natomsym_f, abs_u_iso
    Energy   (100,001)      (010,001)      (001,110)   
  -25.0000  4.8789114E-09  1.3321631E-09  5.6296061E-10
  -24.0000  1.4262019E-08  3.8771082E-09  1.4702449E-09
  -23.0000  5.3697928E-08  1.4860026E-08  4.7955956E-09
  -22.0000  3.6666624E-07  1.1301309E-07  2.6812820E-08
  -21.0000  1.9513115E-05  6.9851073E-06  1.2695860E-06
  -20.0000  2.5003737E-06  7.6681385E-07  1.4365323E-06
  -19.0000  9.5860166E-07  3.9130595E-07  4.9133176E-07
  -18.0000  9.7777026E-07  2.5768795E-07  1.8146130E-07
  -17.0000  1.7846437E-06  3.9639213E-07  2.1272442E-07
  -16.0000  1.6856220E-05  3.7864872E-06  1.3151614E-06
  -15.0000  1.5369229E-06  9.7939886E-07  8.1406698E-07
  -14.0000  8.1257277E-06  5.1896446E-06  1.1590546E-05
  -13.0000  9.3572814E-07  1.1371627E-06  2.2526721E-06
  -12.0000  2.3101358E-05  1.7728036E-04  4.2951468E-04
  -11.0000  2.8042786E-05  7.6312896E-06  3.8498087E-06
  -10.0000  5.3000145E-03  5.0342956E-03  7.0574230E-04
  -9.00000  5.8671229E-05  2.2047425E-05  7.8497871E-06
  -8.00000  1.4513659E-04  3.9969551E-05  7.0302039E-06
  -7.00000  1.1489267E-03  2.5825391E-03  1.5963804E-04
  -6.00000  3.2613766E-04  4.4333293E-04  2.7818221E-04
  -5.00000  3.7584365E-04  3.2019917E-05  7.5529801E-04
  -4.00000  2.2036166E-04  1.0039225E-04  1.9443494E-04
  -3.00000  1.5176817E-03  9.1803311E-04  9.6498259E-04
  -2.00000  7.6209944E-05  8.7959711E-05  3.2867258E-05
  -1.00000  7.0271927E-05  8.6980401E-05  2.7981343E-05
   0.00000  9.0318943E-05  9.7394671E-05  6.4698047E-05
   1.00000  9.9449779E-05  1.0895229E-04  9.9326732E-05
   2.00000  7.6507262E-05  9.4899188E-05  7.0311733E-05
   3.00000  9.2274991E-05  1.1812290E-04  9.1417759E-05
   4.00000  1.3714992E-04  1.8829740E-04  1.4895950E-04
   5.00000  2.7077544E-04  4.4496685E-04  3.3395307E-04
   5.20000  3.2947010E-04  6.0800251E-04  4.2360590E-04
   5.40000  4.1356413E-04  9.0936149E-04  5.6488223E-04
   5.60000  5.1843944E-04  1.2409704E-03  8.1275245E-04
   5.80000  6.3842517E-04  1.2375039E-03  1.2891271E-03
   6.00000  8.5747604E-04  1.4756466E-03  2.3638488E-03
   6.20000  1.2930475E-03  2.4286063E-03  5.0092317E-03
   6.40000  1.8236317E-03  4.5381487E-03  9.0634614E-03
   6.60000  1.8849497E-03  6.7401343E-03  9.3329612E-03
   6.80000  2.3317084E-03  8.3090092E-03  7.8251619E-03
   7.00000  3.4791118E-03  1.0386729E-02  7.7180413E-03
   7.20000  5.3420327E-03  1.3227881E-02  8.4592090E-03
   7.40000  7.2842927E-03  1.6383643E-02  9.1614300E-03
   7.60000  8.4614018E-03  1.9329512E-02  1.1913104E-02
   7.80000  9.6902738E-03  2.0991073E-02  2.4274050E-02
   8.00000  1.2116025E-02  2.1550860E-02  3.1409010E-02
   8.20000  1.4739000E-02  2.0958300E-02  2.0666541E-02
   8.40000  1.4572528E-02  1.8686939E-02  1.3528122E-02
   8.60000  1.2896292E-02  2.1762067E-02  1.1191621E-02
   8.80000  1.2656295E-02  3.2593048E-02  1.1051222E-02
   9.00000  1.2822662E-02  5.2512455E-02  1.1811676E-02
   9.20000  1.3654115E-02  6.3151428E-02  1.2068357E-02
   9.40000  1.5940081E-02  4.1331436E-02  1.0556442E-02
   9.60000  1.8396332E-02  2.4951237E-02  9.2091519E-03
   9.80000  1.9565436E-02  2.2461555E-02  9.0107128E-03
   10.0000  2.0235246E-02  2.5414402E-02  1.0027459E-02
   10.2500  2.1737011E-02  3.1109274E-02  1.3414358E-02
   10.5000  2.4511211E-02  3.5494008E-02  2.0515162E-02
   10.7500  2.9504472E-02  3.5974910E-02  3.4262694E-02
   11.0000  3.8375033E-02  3.4071264E-02  5.7146127E-02
   11.2500  5.1534397E-02  3.2742033E-02  7.9094424E-02
   11.5000  6.4913344E-02  3.2448272E-02  7.8846013E-02
   11.7500  6.9581557E-02  3.2313267E-02  6.4535280E-02
   12.0000  6.2313594E-02  3.2843322E-02  5.2532076E-02
   12.2500  5.1731305E-02  3.5350413E-02  4.6156594E-02
   12.5000  4.3093501E-02  4.1940472E-02  4.3893064E-02
   12.7500  3.8272124E-02  5.6703490E-02  4.4134417E-02
   13.0000  3.5438691E-02  8.1568687E-02  4.4531906E-02
   13.2500  3.3592642E-02  9.9431576E-02  4.4416829E-02
   13.5000  3.2511430E-02  8.7513982E-02  4.4812330E-02
   13.7500  3.1244166E-02  6.8390886E-02  4.4869351E-02
   14.0000  3.0820310E-02  5.2243369E-02  4.3852074E-02
   14.2500  3.0769507E-02  4.1382811E-02  4.1449457E-02
   14.5000  3.0829868E-02  3.4309413E-02  3.7974226E-02
   14.7500  3.0852113E-02  2.9711183E-02  3.4373614E-02
   15.0000  3.0818093E-02  2.6732704E-02  3.1537419E-02
   15.2500  3.0779849E-02  2.4822323E-02  2.9824901E-02
   15.5000  3.0565663E-02  2.3947250E-02  2.8599138E-02
   15.7500  3.0758352E-02  2.3407984E-02  2.8509236E-02
   16.0000  3.1238516E-02  2.3119083E-02  2.8513413E-02
   16.2500  3.2005219E-02  2.2979760E-02  2.8345846E-02
   16.5000  3.2961132E-02  2.2814694E-02  2.7830739E-02
   16.7500  3.3971318E-02  2.2520179E-02  2.7097265E-02
   17.0000  3.4933713E-02  2.2142068E-02  2.6475797E-02
   17.2500  3.5797340E-02  2.1822954E-02  2.6251203E-02
   17.5000  3.6573843E-02  2.1700336E-02  2.6522492E-02
   17.7500  3.7294602E-02  2.1853877E-02  2.7236963E-02
   18.0000  3.7987395E-02  2.2300127E-02  2.8296788E-02
   18.2500  3.8658402E-02  2.3002512E-02  2.9622643E-02
   18.5000  3.9288926E-02  2.3889209E-02  3.1162613E-02
   18.7500  3.9846720E-02  2.4881447E-02  3.2879403E-02
   19.0000  4.0294966E-02  2.5918140E-02  3.4726369E-02
   19.2500  4.0602840E-02  2.6968687E-02  3.6633284E-02
   19.5000  4.0754155E-02  2.8028027E-02  3.8515355E-02
   19.7500  4.0770746E-02  2.9098872E-02  4.0294968E-02
   20.0000  4.0703068E-02  3.0179755E-02  4.1907486E-02
   21.0000  4.0131192E-02  3.4171109E-02  4.5594853E-02
   22.0000  3.9773026E-02  3.6139324E-02  4.3388757E-02
   23.0000  3.9597484E-02  3.7883588E-02  3.7451972E-02
   24.0000  3.8372301E-02  3.9183004E-02  3.3220827E-02
   25.0000  3.6521280E-02  3.8498339E-02  3.1672948E-02
   26.0000  3.5367113E-02  3.6842428E-02  3.1958993E-02
   27.0000  3.5068449E-02  3.5118989E-02  3.2762960E-02
   28.0000  3.5186531E-02  3.3516958E-02  3.2839966E-02
   29.0000  3.5830258E-02  3.2128628E-02  3.2401929E-02
   30.0000  3.5934880E-02  3.1040634E-02  3.1673855E-02
   31.0000  3.4875258E-02  3.0338967E-02  3.0831430E-02
   32.0000  3.2779534E-02  2.9731775E-02  2.9893181E-02
   33.0000  3.0170955E-02  2.8978046E-02  2.8907859E-02
   34.0000  2.7584579E-02  2.8089382E-02  2.7949192E-02
   35.0000  2.5310521E-02  2.7171958E-02  2.7053884E-02
   36.0000  2.3399345E-02  2.6324659E-02  2.6259801E-02
   37.0000  2.1817859E-02  2.5576906E-02  2.5565231E-02
   38.0000  2.0544131E-02  2.4884376E-02  2.4885358E-02
   39.0000  1.9588146E-02  2.4164735E-02  2.4078403E-02
   40.0000  1.8948797E-02  2.3341772E-02  2.3030730E-02
