  7709.000   27  1  1  1.9222038E-02 -3.0542122E+00 -2.6468394E-01  1  1  7.5669934E+03  8.0000000E+03  0.0000000E+00  1.1792254E+00  1.0000000E+00  0.0000000E+00  = E_edge, Z, n_edge, j_edge, Abs_before_edge, VO_interstitial, E_cut, ninit, ninit1, Epsii, UnitCell_Volume, Surface_ref, f0_forward, natomsym_f, abs_u_iso
    Energy   (100,001)      (010,001)      (001,110)   
  -25.0000  4.4962957E-09  1.0341499E-09  5.9660192E-10
  -24.0000  1.2921939E-08  2.8421594E-09  1.6011483E-09
  -23.0000  4.6884867E-08  9.8736725E-09  5.4116052E-09
  -22.0000  2.7955794E-07  5.8492604E-08  3.0220353E-08
  -21.0000  9.7925884E-05  6.8457347E-05  8.4217910E-06
  -20.0000  2.6844739E-06  4.5170320E-07  1.9366098E-06
  -19.0000  9.5660940E-07  6.2798532E-07  5.9990735E-07
  -18.0000  9.9941939E-07  2.5435512E-07  1.8716905E-07
  -17.0000  1.8627321E-06  3.0792819E-07  2.6299124E-07
  -16.0000  3.2238310E-05  2.0533768E-06  6.0138201E-06
  -15.0000  2.0666562E-06  1.6933810E-06  1.3441562E-06
  -14.0000  3.0826702E-06  2.7556341E-06  4.4156115E-06
  -13.0000  9.6673018E-07  1.0008961E-06  2.6116057E-06
  -12.0000  2.6504748E-05  2.5875553E-04  4.6293483E-04
  -11.0000  2.1067353E-05  5.3748837E-06  3.0661074E-06
  -10.0000  1.7056774E-03  7.4864833E-04  5.1604521E-04
  -9.00000  7.7556310E-05  2.0733475E-05  6.5148594E-06
  -8.00000  8.6437848E-03  1.9329919E-03  1.0489953E-03
  -7.00000  3.1259975E-04  6.9702008E-04  2.7009601E-04
  -6.00000  3.7220116E-04  4.5327246E-04  2.7236368E-04
  -5.00000  2.8287102E-04  2.9629877E-04  1.2722628E-02
  -4.00000  3.4568974E-04  1.4318284E-04  2.3433145E-04
  -3.00000  5.7956167E-04  3.6452839E-04  3.3501766E-04
  -2.00000  6.2181027E-05  6.7572550E-05  2.5554463E-05
  -1.00000  5.9836505E-05  6.1689169E-05  2.2326936E-05
   0.00000  2.0584450E-04  2.9500394E-04  3.7656834E-04
   1.00000  8.3930853E-05  1.0204356E-04  9.2906394E-05
   2.00000  7.6754612E-05  9.5206380E-05  7.9730988E-05
   3.00000  9.5250484E-05  1.2832903E-04  1.0259090E-04
   4.00000  1.4445955E-04  2.2202664E-04  1.6448617E-04
   5.00000  2.9182979E-04  8.2910337E-04  3.8322805E-04
   5.20000  3.5987561E-04  1.4335914E-03  5.1799597E-04
   5.40000  4.4688265E-04  1.7994700E-03  7.5533809E-04
   5.60000  5.4484064E-04  1.3752635E-03  1.2614140E-03
   5.80000  7.3318991E-04  1.4789525E-03  2.7019577E-03
   6.00000  1.0934060E-03  1.7583484E-03  3.2532089E-03
   6.20000  1.5477721E-03  2.2373091E-03  3.8837483E-03
   6.40000  2.1608547E-03  3.6571093E-03  6.8017938E-03
   6.60000  2.4479614E-03  6.3212562E-03  9.5020135E-03
   6.80000  2.7537967E-03  9.0756668E-03  9.2408214E-03
   7.00000  3.7288339E-03  1.1404988E-02  8.9427028E-03
   7.20000  5.4076416E-03  1.4407829E-02  9.3642626E-03
   7.40000  7.6996856E-03  1.7381026E-02  1.1035446E-02
   7.60000  9.6328348E-03  1.8480987E-02  1.5571591E-02
   7.80000  1.0984364E-02  1.9847640E-02  2.5466097E-02
   8.00000  1.3493297E-02  2.7282206E-02  3.0532560E-02
   8.20000  1.7196419E-02  3.4965486E-02  2.1479258E-02
   8.40000  1.8312968E-02  3.7491152E-02  1.3633830E-02
   8.60000  1.7158571E-02  3.7840872E-02  1.1374512E-02
   8.80000  1.7504280E-02  2.7117267E-02  1.3326484E-02
   9.00000  1.6884968E-02  1.9209978E-02  1.2717177E-02
   9.20000  1.8541629E-02  2.6267029E-02  1.1669529E-02
   9.40000  2.0550963E-02  3.7644025E-02  1.1612436E-02
   9.60000  2.1759685E-02  4.9617305E-02  1.2682005E-02
   9.80000  2.2967651E-02  6.1331988E-02  1.5807968E-02
   10.0000  2.5363396E-02  7.0868277E-02  2.1916482E-02
   10.2500  3.1052934E-02  7.4054217E-02  3.7183385E-02
   10.5000  4.0567794E-02  6.6220759E-02  6.8549207E-02
   10.7500  5.4905771E-02  5.4541138E-02  1.0475181E-01
   11.0000  7.2909562E-02  4.7190926E-02  1.0291957E-01
   11.2500  8.7764234E-02  4.4634790E-02  7.8467702E-02
   11.5000  8.3039434E-02  4.4662543E-02  5.9582033E-02
   11.7500  6.5373422E-02  4.6834066E-02  4.8413523E-02
   12.0000  5.0333691E-02  5.2689553E-02  4.2844559E-02
   12.2500  4.1183490E-02  6.4749710E-02  4.0865519E-02
   12.5000  3.6218174E-02  8.1356610E-02  4.0951996E-02
   12.7500  3.3772467E-02  8.5768837E-02  4.2269430E-02
   13.0000  3.2684207E-02  7.2080005E-02  4.4216981E-02
   13.2500  3.2516244E-02  5.5307228E-02  4.5310867E-02
   13.5000  3.2553993E-02  4.2823329E-02  4.4809097E-02
   13.7500  3.2607185E-02  3.3780885E-02  4.2560297E-02
   14.0000  3.2450182E-02  2.8213644E-02  3.8865327E-02
   14.2500  3.1941964E-02  2.4572355E-02  3.4623329E-02
   14.5000  3.1250559E-02  2.2252672E-02  3.0808010E-02
   14.7500  3.0562937E-02  2.0857934E-02  2.8013140E-02
   15.0000  3.0033355E-02  2.0115018E-02  2.6311370E-02
   15.2500  2.9788327E-02  2.0092308E-02  2.5547718E-02
   15.5000  2.9578782E-02  2.0685494E-02  2.4734515E-02
   15.7500  3.0219895E-02  2.0940798E-02  2.4546317E-02
   16.0000  3.1242376E-02  2.1255056E-02  2.4329450E-02
   16.2500  3.2466335E-02  2.1488546E-02  2.3974520E-02
   16.5000  3.3687431E-02  2.1549668E-02  2.3582098E-02
   16.7500  3.4764819E-02  2.1471898E-02  2.3385646E-02
   17.0000  3.5672779E-02  2.1389777E-02  2.3571582E-02
   17.2500  3.6462039E-02  2.1445769E-02  2.4181380E-02
   17.5000  3.7217021E-02  2.1734063E-02  2.5161009E-02
   17.7500  3.8000213E-02  2.2281425E-02  2.6440651E-02
   18.0000  3.8838694E-02  2.3058152E-02  2.7971763E-02
   18.2500  3.9721103E-02  2.3997420E-02  2.9721679E-02
   18.5000  4.0596397E-02  2.5021748E-02  3.1650759E-02
   18.7500  4.1358856E-02  2.6062634E-02  3.3682901E-02
   19.0000  4.1856925E-02  2.7073281E-02  3.5699416E-02
   19.2500  4.1963818E-02  2.8027503E-02  3.7571166E-02
   19.5000  4.1664478E-02  2.8917996E-02  3.9213504E-02
   19.7500  4.1056093E-02  2.9751330E-02  4.0602161E-02
   20.0000  4.0260546E-02  3.0539609E-02  4.1743121E-02
   21.0000  3.7005510E-02  3.2945428E-02  4.3884006E-02
   22.0000  3.7236164E-02  3.4425695E-02  4.0713835E-02
   23.0000  3.7996930E-02  3.6338653E-02  3.4765430E-02
   24.0000  3.6675237E-02  3.6839502E-02  3.1273634E-02
   25.0000  3.4061834E-02  3.5124438E-02  3.0307977E-02
   26.0000  3.2383753E-02  3.3068972E-02  3.1048880E-02
   27.0000  3.1875480E-02  3.1468803E-02  3.1797413E-02
   28.0000  3.2340000E-02  3.0249558E-02  3.1760059E-02
   29.0000  3.3149586E-02  2.9236813E-02  3.1128300E-02
   30.0000  3.3084955E-02  2.8643890E-02  3.0242935E-02
   31.0000  3.1592937E-02  2.8442418E-02  2.9230567E-02
   32.0000  2.9150587E-02  2.8227285E-02  2.8147074E-02
   33.0000  2.6496543E-02  2.7737498E-02  2.7075994E-02
   34.0000  2.4141071E-02  2.7002054E-02  2.6097889E-02
   35.0000  2.2261726E-02  2.6162840E-02  2.5261966E-02
   36.0000  2.0879097E-02  2.5335967E-02  2.4595604E-02
   37.0000  1.9955904E-02  2.4548019E-02  2.4022601E-02
   38.0000  1.9424871E-02  2.3766726E-02  2.3380190E-02
   39.0000  1.9192584E-02  2.2955760E-02  2.2528236E-02
   40.0000  1.9098751E-02  2.2092605E-02  2.1435842E-02
