  7709.000   27  1  1  1.9222038E-02 -4.7952369E+00 -3.2310741E-01  1  1  7.5664290E+03  8.0000000E+03  0.0000000E+00  1.1792254E+00  1.0000000E+00  0.0000000E+00  = E_edge, Z, n_edge, j_edge, Abs_before_edge, VO_interstitial, E_cut, ninit, ninit1, Epsii, UnitCell_Volume, Surface_ref, f0_forward, natomsym_f, abs_u_iso
    Energy   (100,001)      (010,001)      (001,110)   
  -25.0000  7.7093326E-09  3.4686440E-10  9.7698665E-10
  -24.0000  2.0735732E-08  6.4175728E-10  2.2480263E-09
  -23.0000  6.6411509E-08  1.2465775E-09  5.7868829E-09
  -22.0000  2.9409410E-07  2.6147937E-09  1.7890804E-08
  -21.0000  3.4812960E-06  7.1889229E-09  9.4292600E-08
  -20.0000  4.0187079E-04  3.1052815E-08  8.3635039E-07
  -19.0000  1.0777586E-05  1.1273917E-06  5.5361732E-05
  -18.0000  3.0858101E-06  7.0963658E-08  1.0287971E-06
  -17.0000  3.7874143E-06  1.9398754E-07  6.2477906E-07
  -16.0000  8.4864448E-06  9.0620190E-07  8.1163529E-07
  -15.0000  1.9461471E-04  1.5425954E-05  2.0448851E-05
  -14.0000  4.6147484E-06  2.0777982E-05  2.7843244E-06
  -13.0000  4.3673059E-07  4.6043503E-06  6.2838333E-06
  -12.0000  5.0004756E-06  3.2708713E-06  1.1495599E-04
  -11.0000  3.6283598E-05  3.1563768E-06  4.2906962E-05
  -10.0000  1.2159446E-03  9.0494501E-06  1.7472291E-05
  -9.00000  1.8620029E-03  5.8818511E-05  5.5261666E-05
  -8.00000  2.8871566E-04  3.0016268E-05  3.1649655E-05
  -7.00000  9.4349375E-04  1.7800108E-04  3.5353039E-04
  -6.00000  2.3616235E-03  1.5821641E-04  3.4252929E-03
  -5.00000  7.0367706E-01  8.5916790E-03  2.8535326E-01
  -4.00000  5.4935060E-03  7.5644393E-04  1.9209147E-04
  -3.00000  1.0536981E-03  2.8187572E-02  1.1418223E-03
  -2.00000  5.5518218E-04  4.3173076E-03  1.0842273E-03
  -1.00000  3.2635825E-04  1.4278560E-03  1.9313644E-04
   0.00000  1.5086222E-03  1.2390833E-03  1.4855626E-03
   1.00000  9.1223539E-03  1.0533109E-03  6.5868644E-03
   2.00000  5.3349460E-04  1.0231874E-03  4.2336696E-04
   3.00000  6.3321714E-04  1.4924658E-03  5.4492613E-04
   4.00000  9.4132885E-04  2.7009349E-03  9.0552773E-04
   5.00000  1.3723228E-03  4.8244420E-03  1.9833266E-03
   5.20000  1.4600752E-03  5.3593584E-03  2.4719967E-03
   5.40000  1.5471223E-03  5.9507738E-03  3.1767248E-03
   5.60000  1.6341459E-03  6.6230629E-03  4.2252940E-03
   5.80000  1.7201393E-03  7.4157652E-03  5.8295258E-03
   6.00000  1.7991034E-03  8.3911323E-03  8.3104544E-03
   6.20000  1.8594755E-03  9.6159908E-03  1.2004710E-02
   6.40000  1.9164904E-03  1.1077639E-02  1.6590986E-02
   6.60000  2.0580381E-03  1.2356602E-02  1.9910184E-02
   6.80000  2.3954085E-03  1.3060347E-02  1.9485739E-02
   7.00000  2.8357627E-03  1.3412623E-02  1.6363418E-02
   7.20000  3.1714835E-03  1.3859244E-02  1.2966797E-02
   7.40000  3.3960309E-03  1.4587590E-02  1.0320821E-02
   7.60000  3.5838907E-03  1.5635758E-02  8.4562215E-03
   7.80000  3.7724028E-03  1.7003778E-02  7.1593378E-03
   8.00000  3.9763982E-03  1.8701807E-02  6.2791543E-03
   8.20000  4.2163112E-03  2.0767972E-02  5.7407739E-03
   8.40000  4.5094288E-03  2.3271228E-02  5.4709389E-03
   8.60000  4.8655551E-03  2.6310003E-02  5.4086419E-03
   8.80000  5.2942394E-03  3.0013419E-02  5.5256946E-03
   9.00000  5.8087315E-03  3.4546523E-02  5.8262797E-03
   9.20000  6.4244638E-03  4.0085958E-02  6.3288036E-03
   9.40000  7.1576964E-03  4.6842461E-02  7.0512830E-03
   9.60000  8.0215043E-03  5.5003151E-02  8.0004969E-03
   9.80000  9.0168261E-03  6.4641933E-02  9.1642242E-03
   10.0000  1.0116678E-02  7.5556249E-02  1.0502737E-02
   10.2500  1.1522462E-02  8.9832571E-02  1.2293309E-02
   10.5000  1.2733039E-02  1.0196644E-01  1.3967548E-02
   10.7500  1.3528119E-02  1.0787573E-01  1.5253132E-02
   11.0000  1.3912230E-02  1.0491883E-01  1.6061967E-02
   11.2500  1.4111239E-02  9.4384537E-02  1.6547530E-02
   11.5000  1.4379319E-02  8.0364832E-02  1.6949791E-02
   11.7500  1.4899037E-02  6.6099056E-02  1.7128031E-02
   12.0000  1.5634030E-02  5.4229664E-02  1.7731396E-02
   12.2500  1.6648150E-02  4.4946459E-02  1.8682704E-02
   12.5000  1.7861157E-02  3.7802632E-02  1.9850266E-02
   12.7500  1.9212966E-02  3.2361669E-02  2.1220360E-02
   13.0000  2.0642986E-02  2.8217847E-02  2.2766553E-02
   13.2500  2.2093400E-02  2.5050669E-02  2.4446429E-02
   13.5000  2.3436069E-02  2.2731813E-02  2.6129733E-02
   13.7500  2.4379593E-02  2.1048355E-02  2.8047157E-02
   14.0000  2.5612682E-02  1.9548471E-02  2.9846545E-02
   14.2500  2.6492836E-02  1.8373787E-02  3.1327589E-02
   14.5000  2.7686462E-02  1.7451698E-02  3.2782540E-02
   14.7500  2.8870488E-02  1.6719510E-02  3.3979792E-02
   15.0000  3.0074685E-02  1.6132555E-02  3.4940256E-02
   15.2500  3.1330481E-02  1.5660047E-02  3.5725642E-02
   15.5000  3.2655149E-02  1.5277392E-02  3.6422964E-02
   15.7500  3.4069371E-02  1.4973372E-02  3.7134740E-02
   16.0000  3.5582764E-02  1.4742086E-02  3.7962724E-02
   16.2500  3.7195743E-02  1.4580932E-02  3.8999889E-02
   16.5000  3.8896838E-02  1.4490059E-02  4.0322193E-02
   16.7500  4.0664515E-02  1.4469531E-02  4.1985811E-02
   17.0000  4.2462956E-02  1.4519957E-02  4.4018060E-02
   17.2500  4.4242752E-02  1.4641587E-02  4.6406920E-02
   17.5000  4.5941972E-02  1.4834306E-02  4.9085539E-02
   17.7500  4.7488356E-02  1.5097514E-02  5.1916197E-02
   18.0000  4.8804962E-02  1.5431145E-02  5.4685177E-02
   18.2500  4.9816232E-02  1.5834265E-02  5.7120517E-02
   18.5000  5.0464288E-02  1.6305075E-02  5.8935259E-02
   18.7500  5.0718080E-02  1.6842054E-02  5.9903767E-02
   19.0000  5.0580553E-02  1.7442257E-02  5.9927700E-02
   19.2500  5.0092098E-02  1.8103018E-02  5.9063039E-02
   19.5000  4.9324002E-02  1.8821735E-02  5.7489142E-02
   19.7500  4.8365958E-02  1.9595266E-02  5.5446278E-02
   20.0000  4.7312125E-02  2.0422022E-02  5.3171972E-02
   21.0000  4.3660257E-02  2.4224508E-02  4.4771544E-02
   22.0000  4.2558575E-02  2.8725745E-02  3.9594717E-02
   23.0000  4.3738926E-02  3.3648247E-02  3.6933795E-02
   24.0000  4.5625135E-02  3.8207679E-02  3.5536699E-02
   25.0000  4.6915326E-02  4.1183184E-02  3.4677243E-02
   26.0000  4.6668096E-02  4.1866744E-02  3.4001128E-02
   27.0000  4.4149170E-02  4.0708057E-02  3.3245285E-02
   28.0000  3.9778371E-02  3.8647379E-02  3.2234737E-02
   29.0000  3.5212228E-02  3.6382052E-02  3.1082316E-02
   30.0000  3.1724670E-02  3.4265722E-02  3.0098809E-02
   31.0000  2.9523153E-02  3.2453280E-02  2.9476389E-02
   32.0000  2.8291327E-02  3.0977653E-02  2.9173451E-02
   33.0000  2.7673135E-02  2.9792183E-02  2.9044590E-02
   34.0000  2.7508161E-02  2.8732394E-02  2.8982017E-02
   35.0000  2.7423082E-02  2.7855366E-02  2.8925165E-02
   36.0000  2.7416345E-02  2.6960738E-02  2.8855540E-02
   37.0000  2.7422231E-02  2.5963100E-02  2.8759354E-02
   38.0000  2.7381595E-02  2.4815055E-02  2.8617466E-02
   39.0000  2.7234704E-02  2.3518695E-02  2.8400533E-02
   40.0000  2.6912779E-02  2.2122941E-02  2.8057330E-02
