  7709.000   27  1  1  1.9222038E-02 -4.7740912E+00 -3.7217545E-01  1  1  7.5664829E+03  8.0000000E+03  0.0000000E+00  1.1792254E+00  1.0000000E+00  0.0000000E+00  = E_edge, Z, n_edge, j_edge, Abs_before_edge, VO_interstitial, E_cut, ninit, ninit1, Epsii, UnitCell_Volume, Surface_ref, f0_forward, natomsym_f, abs_u_iso
    Energy   (100,001)      (010,001)      (001,110)   
  -25.0000  9.5190682E-09  3.2670598E-10  7.6709869E-10
  -24.0000  2.6784397E-08  6.0388449E-10  1.7343090E-09
  -23.0000  9.2948423E-08  1.1638433E-09  4.3677079E-09
  -22.0000  4.9009119E-07  2.3771574E-09  1.3000100E-08
  -21.0000  1.3267935E-05  5.4494073E-09  5.2693875E-08
  -20.0000  1.2494289E-05  1.7794370E-08  4.8939727E-07
  -19.0000  3.4502556E-06  1.9330505E-07  1.1800265E-05
  -18.0000  3.4982513E-06  6.8881708E-08  5.6126008E-07
  -17.0000  8.7880198E-06  2.1613258E-07  3.2845659E-07
  -16.0000  3.5721762E-04  1.1141299E-06  3.3469736E-07
  -15.0000  1.1568420E-06  3.2206174E-05  7.4522712E-07
  -14.0000  2.3432627E-07  1.2709647E-05  7.5825078E-07
  -13.0000  1.1758159E-06  3.7168908E-06  2.0449283E-06
  -12.0000  5.0936038E-06  2.6001973E-06  3.0795002E-05
  -11.0000  2.8227123E-05  2.6513489E-06  1.6751732E-05
  -10.0000  6.3049952E-03  4.0514148E-05  1.2904244E-04
  -9.00000  1.1078682E-04  2.4923081E-05  7.2147460E-06
  -8.00000  3.5956830E-05  7.1832759E-05  1.2312624E-05
  -7.00000  8.8768331E-04  4.2453423E-05  3.1734270E-05
  -6.00000  6.6190484E-04  4.5575939E-05  2.1799596E-04
  -5.00000  8.1342147E-04  1.7774308E-04  2.2067810E-03
  -4.00000  5.5152968E-03  1.7767868E-03  1.9039188E-04
  -3.00000  2.1960262E-03  3.3432677E-02  2.6477805E-03
  -2.00000  1.7503782E-03  2.4111709E-03  3.4483874E-04
  -1.00000  3.9663853E-04  1.2234770E-03  1.4437482E-04
   0.00000  6.2280681E-02  1.1316461E-03  3.7336599E-02
   1.00000  3.6973361E-04  8.5988998E-04  1.7906591E-04
   2.00000  4.2339847E-04  9.9847222E-04  2.3980117E-04
   3.00000  5.9427935E-04  1.3696714E-03  3.9530335E-04
   4.00000  9.1214604E-04  2.1981018E-03  7.3236365E-04
   5.00000  1.4147376E-03  3.6775227E-03  1.5871504E-03
   5.20000  1.5309525E-03  4.0777383E-03  1.9080856E-03
   5.40000  1.6457935E-03  4.5256759E-03  2.3218182E-03
   5.60000  1.7527656E-03  5.0312852E-03  2.8609218E-03
   5.80000  1.8414673E-03  5.6083317E-03  3.5692290E-03
   6.00000  1.8974014E-03  6.2749160E-03  4.5009243E-03
   6.20000  1.9060080E-03  7.0566787E-03  5.7169347E-03
   6.40000  1.8813997E-03  7.9852211E-03  7.2659026E-03
   6.60000  1.9655948E-03  9.0903171E-03  9.1389099E-03
   6.80000  2.5001195E-03  1.0382231E-02  1.1192314E-02
   7.00000  3.4739106E-03  1.1884538E-02  1.3066983E-02
   7.20000  4.3667254E-03  1.3461923E-02  1.4359178E-02
   7.40000  5.0506586E-03  1.5079010E-02  1.4759086E-02
   7.60000  5.6526627E-03  1.6747074E-02  1.4352423E-02
   7.80000  6.2806717E-03  1.8563100E-02  1.3514712E-02
   8.00000  7.0079572E-03  2.0687849E-02  1.2643031E-02
   8.20000  7.8896464E-03  2.3316813E-02  1.2060802E-02
   8.40000  8.9254417E-03  2.6620570E-02  1.2027964E-02
   8.60000  1.0031917E-02  3.0776715E-02  1.2728620E-02
   8.80000  1.1160752E-02  3.6026946E-02  1.4334427E-02
   9.00000  1.2540700E-02  4.2695030E-02  1.7076096E-02
   9.20000  1.4216767E-02  5.1127060E-02  2.1203305E-02
   9.40000  1.6259030E-02  6.1625196E-02  2.6899366E-02
   9.60000  1.8741028E-02  7.4153963E-02  3.4017009E-02
   9.80000  2.1747092E-02  8.7924093E-02  4.1761719E-02
   10.0000  2.5364025E-02  1.0111392E-01  4.8743866E-02
   10.2500  3.0847533E-02  1.1294903E-01  5.4583588E-02
   10.5000  3.7392136E-02  1.1574742E-01  5.6843117E-02
   10.7500  4.4660286E-02  1.0850924E-01  5.6535782E-02
   11.0000  5.1779410E-02  9.4268303E-02  5.4916001E-02
   11.2500  5.7432925E-02  7.7776570E-02  5.3017851E-02
   11.5000  5.9438610E-02  6.1743479E-02  5.1927059E-02
   11.7500  5.9689746E-02  4.9305140E-02  5.1440427E-02
   12.0000  5.7902918E-02  3.9688995E-02  5.1450171E-02
   12.2500  5.5188006E-02  3.2489287E-02  5.1623089E-02
   12.5000  5.2425514E-02  2.7192000E-02  5.1528903E-02
   12.7500  5.0095691E-02  2.3330072E-02  5.0817366E-02
   13.0000  4.8372942E-02  2.0518284E-02  4.9378975E-02
   13.2500  4.7253511E-02  1.8457345E-02  4.7361159E-02
   13.5000  4.6224363E-02  1.6863657E-02  4.3507076E-02
   13.7500  4.5992242E-02  1.5687203E-02  4.1423810E-02
   14.0000  4.6067370E-02  1.4793634E-02  3.9524747E-02
   14.2500  4.6342319E-02  1.4113024E-02  3.7932906E-02
   14.5000  4.6717600E-02  1.3597206E-02  3.6707434E-02
   14.7500  4.7106965E-02  1.3212786E-02  3.5867761E-02
   15.0000  4.7440731E-02  1.2936436E-02  3.5409640E-02
   15.2500  4.7667310E-02  1.2751776E-02  3.5313848E-02
   15.5000  4.7732683E-02  1.2645454E-02  3.5545751E-02
   15.7500  4.7606593E-02  1.2610088E-02  3.6058954E-02
   16.0000  4.7259839E-02  1.2640128E-02  3.6788706E-02
   16.2500  4.6668354E-02  1.2731971E-02  3.7651313E-02
   16.5000  4.5816370E-02  1.2882753E-02  3.8547906E-02
   16.7500  4.4703105E-02  1.3091065E-02  3.9371721E-02
   17.0000  4.3346286E-02  1.3355600E-02  4.0025534E-02
   17.2500  4.1786840E-02  1.3675868E-02  4.0436666E-02
   17.5000  4.0088362E-02  1.4051736E-02  4.0569466E-02
   17.7500  3.8329853E-02  1.4483310E-02  4.0425111E-02
   18.0000  3.6597613E-02  1.4970726E-02  4.0037893E-02
   18.2500  3.4974259E-02  1.5514551E-02  3.9462325E-02
   18.5000  3.3530719E-02  1.6115723E-02  3.8759142E-02
   18.7500  3.2319333E-02  1.6774464E-02  3.7984380E-02
   19.0000  3.1372679E-02  1.7490972E-02  3.7186619E-02
   19.2500  3.0705405E-02  1.8265633E-02  3.6402298E-02
   19.5000  3.0318880E-02  1.9098478E-02  3.5659137E-02
   19.7500  3.0204114E-02  1.9988409E-02  3.4976863E-02
   20.0000  3.0346384E-02  2.0934468E-02  3.4369126E-02
   21.0000  3.3066299E-02  2.5229086E-02  3.2765955E-02
   22.0000  3.7821940E-02  3.0638271E-02  3.2363997E-02
   23.0000  4.1491066E-02  3.5585602E-02  3.2577219E-02
   24.0000  4.0694177E-02  3.9626839E-02  3.2611838E-02
   25.0000  3.5785753E-02  4.1844891E-02  3.1855297E-02
   26.0000  3.0408491E-02  4.1963179E-02  3.0335688E-02
   27.0000  2.6742175E-02  4.0518396E-02  2.8534023E-02
   28.0000  2.4783650E-02  3.8328870E-02  2.7000134E-02
   29.0000  2.3885816E-02  3.5997739E-02  2.6046154E-02
   30.0000  2.3537782E-02  3.3855189E-02  2.5628161E-02
   31.0000  2.3451725E-02  3.2046797E-02  2.5497728E-02
   32.0000  2.3445987E-02  3.0571571E-02  2.5393553E-02
   33.0000  2.3394093E-02  2.9339829E-02  2.5151275E-02
   34.0000  2.3218562E-02  2.8223729E-02  2.4674262E-02
   35.0000  2.2888079E-02  2.7087986E-02  2.3892081E-02
   36.0000  2.2431412E-02  2.5841902E-02  2.2762937E-02
   37.0000  2.1923074E-02  2.4451579E-02  2.1328525E-02
   38.0000  2.1435499E-02  2.2949355E-02  1.9769196E-02
   39.0000  2.0998916E-02  2.1421405E-02  1.8425273E-02
   40.0000  2.0608439E-02  1.9980731E-02  1.7680884E-02
