  7709.000   27  1  1  1.9222038E-02 -4.7837243E+00 -4.6246276E-01  1  1  7.5666661E+03  8.0000000E+03  0.0000000E+00  1.1792254E+00  1.0000000E+00  0.0000000E+00  = E_edge, Z, n_edge, j_edge, Abs_before_edge, VO_interstitial, E_cut, ninit, ninit1, Epsii, UnitCell_Volume, Surface_ref, f0_forward, natomsym_f, abs_u_iso
    Energy   (100,001)      (010,001)      (001,110)   
  -25.0000  9.3939423E-09  4.0978556E-10  8.8485672E-10
  -24.0000  2.5531311E-08  7.6363863E-10  1.9856492E-09
  -23.0000  8.2601128E-08  1.4877190E-09  4.9288347E-09
  -22.0000  3.6473789E-07  3.0925898E-09  1.4269047E-08
  -21.0000  3.5508343E-06  7.6192657E-09  5.6165888E-08
  -20.0000  1.2136822E-04  2.3766035E-08  4.0672071E-07
  -19.0000  1.2330767E-05  1.0615531E-04  7.4123635E-03
  -18.0000  5.9426222E-06  1.0280151E-07  1.3408516E-06
  -17.0000  1.1613143E-05  3.2908948E-07  6.4285034E-07
  -16.0000  2.8795120E-04  2.2863537E-05  1.4851096E-06
  -15.0000  9.9879803E-06  9.2560365E-03  7.3885141E-05
  -14.0000  6.9736597E-07  1.0650372E-05  1.5718883E-06
  -13.0000  5.5744203E-07  4.0832035E-06  5.5566880E-06
  -12.0000  4.6328186E-06  4.9051759E-06  3.8580873E-04
  -11.0000  2.3406031E-05  3.0066458E-06  2.3514903E-05
  -10.0000  8.4711287E-04  1.4576164E-04  5.5589664E-04
  -9.00000  2.7256846E-04  2.3704064E-05  1.2498626E-05
  -8.00000  3.7495819E-05  2.1773259E-04  1.0625104E-05
  -7.00000  1.0181590E-03  8.8296301E-05  1.3920332E-05
  -6.00000  1.6619929E-03  2.0450122E-04  5.6572960E-04
  -5.00000  1.6465644E-03  2.9467941E-02  2.5131856E-02
  -4.00000  5.9734520E-03  2.8911204E-03  1.7424381E-04
  -3.00000  6.1484535E-04  1.0831371E-02  1.5236606E-04
  -2.00000  4.5354941E-04  2.5677611E-03  3.9872708E-04
  -1.00000  3.1787385E-04  1.3734053E-03  1.5591022E-04
   0.00000  5.2778124E-03  3.7278336E-03  3.3263735E-03
   1.00000  3.8974032E-04  1.0896109E-03  2.4348235E-04
   2.00000  4.3090942E-04  1.1417017E-03  3.3209874E-04
   3.00000  6.0794184E-04  1.5454867E-03  6.0600236E-04
   4.00000  9.2228039E-04  2.4786046E-03  1.3652699E-03
   5.00000  1.2763939E-03  3.8765029E-03  4.6318540E-03
   5.20000  1.2786066E-03  4.2172347E-03  6.2986147E-03
   5.40000  1.2383060E-03  4.6262702E-03  8.4726037E-03
   5.60000  1.2734127E-03  5.1664731E-03  1.0721478E-02
   5.80000  1.6713344E-03  5.8745378E-03  1.2023403E-02
   6.00000  2.3453125E-03  6.6891778E-03  1.1733185E-02
   6.20000  2.8950097E-03  7.5194787E-03  1.0419249E-02
   6.40000  3.2758030E-03  8.3422641E-03  8.9444311E-03
   6.60000  3.5783764E-03  9.1784790E-03  7.7111029E-03
   6.80000  3.8697388E-03  1.0069298E-02  6.7636633E-03
   7.00000  4.1726614E-03  1.1015435E-02  6.0511111E-03
   7.20000  4.4884929E-03  1.2082054E-02  5.5715153E-03
   7.40000  4.8315588E-03  1.3293874E-02  5.3178214E-03
   7.60000  5.2203806E-03  1.4681845E-02  5.2804241E-03
   7.80000  5.6709311E-03  1.6288174E-02  5.4596262E-03
   8.00000  6.1995550E-03  1.8168559E-02  5.8623509E-03
   8.20000  6.8249142E-03  2.0392825E-02  6.5022237E-03
   8.40000  7.5697045E-03  2.3030534E-02  7.4070020E-03
   8.60000  8.4543141E-03  2.6105854E-02  8.6290286E-03
   8.80000  9.4778984E-03  2.9522241E-02  1.0255313E-02
   9.00000  1.0623546E-02  3.3143861E-02  1.2367480E-02
   9.20000  1.1828068E-02  3.6790411E-02  1.5191871E-02
   9.40000  1.3144868E-02  4.0819722E-02  1.8823241E-02
   9.60000  1.4673563E-02  4.5692589E-02  2.3303281E-02
   9.80000  1.6522932E-02  5.1752446E-02  2.8488702E-02
   10.0000  1.8715461E-02  5.8206336E-02  3.3978714E-02
   10.2500  2.2280947E-02  6.9187119E-02  4.0370408E-02
   10.5000  2.6795025E-02  8.1361211E-02  4.5393651E-02
   10.7500  3.2285050E-02  9.2778590E-02  4.8882065E-02
   11.0000  3.8437514E-02  1.0019723E-01  5.1284013E-02
   11.2500  4.4344921E-02  1.0019364E-01  5.3154381E-02
   11.5000  4.8110459E-02  9.1579819E-02  5.4525178E-02
   11.7500  4.9673332E-02  7.8141386E-02  5.6477974E-02
   12.0000  4.8771498E-02  6.3915428E-02  5.8027390E-02
   12.2500  4.6514240E-02  5.1805199E-02  5.8867239E-02
   12.5000  4.4033556E-02  4.2580081E-02  5.8751070E-02
   12.7500  4.1803916E-02  3.5888556E-02  5.7162252E-02
   13.0000  4.0369611E-02  3.1049635E-02  5.4926589E-02
   13.2500  3.9390105E-02  2.7581018E-02  5.1688672E-02
   13.5000  3.9330158E-02  2.4698254E-02  4.8733100E-02
   13.7500  3.9772257E-02  2.2446846E-02  4.5816581E-02
   14.0000  4.0598296E-02  2.0659089E-02  4.3153208E-02
   14.2500  4.1692194E-02  1.9224822E-02  4.0862112E-02
   14.5000  4.2941275E-02  1.8068207E-02  3.8992460E-02
   14.7500  4.4240215E-02  1.7133943E-02  3.7550605E-02
   15.0000  4.5495065E-02  1.6380218E-02  3.6520399E-02
   15.2500  4.6631886E-02  1.5775513E-02  3.5875372E-02
   15.5000  4.7583099E-02  1.5296063E-02  3.5581499E-02
   15.7500  4.8313527E-02  1.4924209E-02  3.5602634E-02
   16.0000  4.8799306E-02  1.4646809E-02  3.5897417E-02
   16.2500  4.9030849E-02  1.4453432E-02  3.6417018E-02
   16.5000  4.9006359E-02  1.4336308E-02  3.7104305E-02
   16.7500  4.8731641E-02  1.4288206E-02  3.7890732E-02
   17.0000  4.8221833E-02  1.4303032E-02  3.8699814E-02
   17.2500  4.7502945E-02  1.4376082E-02  3.9453372E-02
   17.5000  4.6610468E-02  1.4501868E-02  4.0076307E-02
   17.7500  4.5594104E-02  1.4676113E-02  4.0507768E-02
   18.0000  4.4512227E-02  1.4895369E-02  4.0709185E-02
   18.2500  4.3427131E-02  1.5156508E-02  4.0667250E-02
   18.5000  4.2399281E-02  1.5457349E-02  4.0394128E-02
   18.7500  4.1482786E-02  1.5796865E-02  3.9923567E-02
   19.0000  4.0719305E-02  1.6174271E-02  3.9300943E-02
   19.2500  4.0136907E-02  1.6590167E-02  3.8573917E-02
   19.5000  3.9751128E-02  1.7044954E-02  3.7789200E-02
   19.7500  3.9566357E-02  1.7539134E-02  3.6986397E-02
   20.0000  3.9580129E-02  1.8073765E-02  3.6197247E-02
   21.0000  4.1378673E-02  2.0635911E-02  3.3517616E-02
   22.0000  4.4907682E-02  2.3888723E-02  3.1818914E-02
   23.0000  4.7429924E-02  2.7745813E-02  3.1044432E-02
   24.0000  4.5900546E-02  3.1968721E-02  3.1053958E-02
   25.0000  3.9733105E-02  3.6560020E-02  3.1373087E-02
   26.0000  3.3563741E-02  3.9296938E-02  3.1425631E-02
   27.0000  2.8617141E-02  4.0320565E-02  3.0732196E-02
   28.0000  2.5313831E-02  3.9845297E-02  2.9458643E-02
   29.0000  2.3357955E-02  3.8527567E-02  2.8087245E-02
   30.0000  2.2329504E-02  3.6961598E-02  2.7020068E-02
   31.0000  2.1885381E-02  3.5511325E-02  2.6375891E-02
   32.0000  2.1775766E-02  3.4311312E-02  2.6080808E-02
   33.0000  2.1823674E-02  3.3349659E-02  2.5992543E-02
   34.0000  2.1909427E-02  3.2533546E-02  2.5972919E-02
   35.0000  2.1946587E-02  3.1744153E-02  2.5889316E-02
   36.0000  2.1873268E-02  3.0888329E-02  2.5614563E-02
   37.0000  2.1654623E-02  2.9926136E-02  2.5037322E-02
   38.0000  2.1280388E-02  2.8852154E-02  2.4085379E-02
   39.0000  2.0772391E-02  2.7640454E-02  2.2763922E-02
   40.0000  2.0178404E-02  2.6236745E-02  2.1199919E-02
