  7709.000   27  1  1  1.9222038E-02 -4.9630082E+00 -3.4808212E-01  1  1  7.5664920E+03  8.0000000E+03  0.0000000E+00  1.1792254E+00  1.0000000E+00  0.0000000E+00  = E_edge, Z, n_edge, j_edge, Abs_before_edge, VO_interstitial, E_cut, ninit, ninit1, Epsii, UnitCell_Volume, Surface_ref, f0_forward, natomsym_f, abs_u_iso
    Energy   (100,001)      (010,001)      (001,110)   
  -25.0000  7.4781594E-09  3.6921174E-10  9.2930657E-10
  -24.0000  2.0166199E-08  6.7711424E-10  2.1429585E-09
  -23.0000  6.5106009E-08  1.2975449E-09  5.5613315E-09
  -22.0000  2.9328496E-07  2.6493393E-09  1.7669202E-08
  -21.0000  3.3355733E-06  6.5921924E-09  1.1138773E-07
  -20.0000  2.7540991E-05  2.5058524E-08  1.0974497E-06
  -19.0000  3.2230028E-06  1.1750535E-07  9.9535941E-06
  -18.0000  2.3548589E-06  7.3073044E-08  7.8545343E-07
  -17.0000  3.1851915E-06  2.3567811E-07  5.0132569E-07
  -16.0000  8.9276713E-06  1.2458604E-06  6.8469910E-07
  -15.0000  1.7102399E-04  4.2389609E-05  2.0538828E-06
  -14.0000  4.8123583E-07  1.2680863E-05  1.9326508E-06
  -13.0000  8.2496090E-07  3.9582443E-06  7.5526797E-06
  -12.0000  9.4019445E-06  3.0331113E-06  2.8690937E-03
  -11.0000  2.6214910E-05  3.0318722E-06  1.0926982E-05
  -10.0000  3.5155613E-04  1.4553034E-05  2.5844495E-05
  -9.00000  8.6490865E-04  1.8605504E-05  4.6354017E-06
  -8.00000  5.8639217E-05  3.7687117E-04  2.1633138E-04
  -7.00000  6.2069313E-03  6.4020932E-05  1.2462619E-03
  -6.00000  6.9528424E-04  4.6149198E-05  1.0447527E-04
  -5.00000  1.6283493E-02  1.9202686E-04  7.6706759E-03
  -4.00000  2.9812494E-02  1.3426098E-03  1.1670167E-03
  -3.00000  1.2240367E-03  2.6988886E-02  4.3470293E-03
  -2.00000  4.7268344E-04  2.5016522E-03  4.1612857E-04
  -1.00000  2.8109384E-04  1.2830965E-03  1.9131136E-04
   0.00000  6.1040095E-04  1.0777388E-03  8.7220850E-04
   1.00000  3.9365567E-04  8.4895059E-04  2.8742600E-04
   2.00000  3.1964252E-04  9.5790441E-04  2.6445882E-04
   3.00000  4.3087376E-04  1.2795450E-03  3.9147257E-04
   4.00000  6.5826887E-04  2.0601875E-03  6.9172180E-04
   5.00000  9.6845635E-04  3.4004216E-03  1.5093625E-03
   5.20000  1.0176065E-03  3.7198022E-03  1.8365911E-03
   5.40000  1.0517996E-03  4.0554654E-03  2.2710269E-03
   5.60000  1.0712881E-03  4.4094820E-03  2.8509270E-03
   5.80000  1.0987487E-03  4.7882376E-03  3.6199234E-03
   6.00000  1.2077531E-03  5.2074030E-03  4.6157296E-03
   6.20000  1.5040921E-03  5.6946824E-03  5.8471903E-03
   6.40000  1.9898317E-03  6.2934463E-03  7.2665971E-03
   6.60000  2.5255676E-03  7.0543493E-03  8.7586724E-03
   6.80000  3.0080461E-03  8.0189780E-03  1.0174210E-02
   7.00000  3.4313702E-03  9.2070643E-03  1.1397480E-02
   7.20000  3.8305882E-03  1.0632681E-02  1.2378949E-02
   7.40000  4.2407609E-03  1.2319739E-02  1.3187635E-02
   7.60000  4.6822381E-03  1.4237154E-02  1.3902859E-02
   7.80000  5.1698089E-03  1.6411330E-02  1.4570934E-02
   8.00000  5.7185358E-03  1.8841632E-02  1.5236869E-02
   8.20000  6.3524657E-03  2.1520415E-02  1.5969534E-02
   8.40000  7.0885228E-03  2.4447895E-02  1.6903386E-02
   8.60000  7.9374027E-03  2.7654382E-02  1.8213052E-02
   8.80000  8.9078069E-03  3.1198749E-02  1.9869660E-02
   9.00000  1.0006635E-02  3.5128816E-02  2.1249854E-02
   9.20000  1.1242433E-02  3.9584608E-02  2.1564310E-02
   9.40000  1.2633448E-02  4.4995538E-02  2.1182007E-02
   9.60000  1.4204601E-02  5.1957027E-02  2.1163603E-02
   9.80000  1.5986206E-02  6.0995702E-02  2.2066025E-02
   10.0000  1.8016646E-02  7.2411334E-02  2.2774646E-02
   10.2500  2.0956719E-02  9.0318009E-02  2.6371147E-02
   10.5000  2.4421547E-02  1.1018632E-01  3.0879418E-02
   10.7500  2.8469442E-02  1.2560144E-01  3.6041621E-02
   11.0000  3.3090538E-02  1.2739465E-01  4.1608907E-02
   11.2500  3.8121314E-02  1.1336183E-01  4.7318475E-02
   11.5000  4.2689996E-02  9.0744358E-02  5.3375316E-02
   11.7500  4.6903615E-02  7.0594531E-02  5.8806820E-02
   12.0000  4.9855463E-02  5.4753457E-02  6.3043080E-02
   12.2500  5.1180030E-02  4.3211780E-02  6.5411481E-02
   12.5000  5.0938397E-02  3.5001463E-02  6.5517586E-02
   12.7500  4.9548861E-02  2.9169833E-02  6.3461363E-02
   13.0000  4.7555067E-02  2.4984963E-02  5.9792572E-02
   13.2500  4.5425672E-02  2.1931207E-02  5.5256284E-02
   13.5000  4.3021585E-02  1.9977343E-02  4.9419002E-02
   13.7500  4.1445057E-02  1.8177476E-02  4.5017423E-02
   14.0000  4.0261626E-02  1.6780992E-02  4.1146685E-02
   14.2500  3.9485348E-02  1.5678752E-02  3.7888633E-02
   14.5000  3.9103482E-02  1.4795961E-02  3.5241561E-02
   14.7500  3.9093101E-02  1.4083679E-02  3.3167821E-02
   15.0000  3.9423484E-02  1.3507634E-02  3.1614692E-02
   15.2500  4.0063620E-02  1.3044075E-02  3.0535917E-02
   15.5000  4.0968503E-02  1.2676858E-02  2.9886743E-02
   15.7500  4.2096616E-02  1.2395343E-02  2.9635177E-02
   16.0000  4.3388850E-02  1.2191462E-02  2.9753887E-02
   16.2500  4.4769792E-02  1.2061023E-02  3.0215788E-02
   16.5000  4.6147913E-02  1.2000503E-02  3.0987739E-02
   16.7500  4.7414291E-02  1.2007294E-02  3.2021571E-02
   17.0000  4.8449264E-02  1.2080753E-02  3.3247909E-02
   17.2500  4.9138105E-02  1.2220039E-02  3.4573735E-02
   17.5000  4.9388794E-02  1.2424779E-02  3.5887134E-02
   17.7500  4.9152818E-02  1.2693750E-02  3.7070170E-02
   18.0000  4.8439191E-02  1.3026588E-02  3.8020228E-02
   18.2500  4.7318722E-02  1.3421916E-02  3.8672120E-02
   18.5000  4.5911284E-02  1.3878044E-02  3.9006536E-02
   18.7500  4.4359852E-02  1.4393336E-02  3.9048108E-02
   19.0000  4.2802398E-02  1.4966397E-02  3.8850468E-02
   19.2500  4.1355240E-02  1.5596595E-02  3.8481411E-02
   19.5000  4.0100836E-02  1.6282644E-02  3.8009528E-02
   19.7500  3.9085418E-02  1.7023744E-02  3.7491962E-02
   20.0000  3.8327224E-02  1.7818733E-02  3.6974405E-02
   21.0000  3.7585391E-02  2.1516789E-02  3.5374526E-02
   22.0000  3.9022239E-02  2.5955225E-02  3.4729370E-02
   23.0000  4.0465263E-02  3.0904101E-02  3.4613088E-02
   24.0000  4.0261644E-02  3.5818914E-02  3.4380917E-02
   25.0000  3.7421948E-02  4.0338593E-02  3.3467945E-02
   26.0000  3.3573015E-02  4.2444178E-02  3.2104220E-02
   27.0000  3.0029104E-02  4.2702221E-02  3.0382164E-02
   28.0000  2.7536967E-02  4.1528124E-02  2.8644060E-02
   29.0000  2.6022436E-02  3.9534831E-02  2.7326936E-02
   30.0000  2.5316704E-02  3.7283107E-02  2.6719639E-02
   31.0000  2.5113428E-02  3.5147026E-02  2.6737185E-02
   32.0000  2.5130605E-02  3.3311306E-02  2.7042582E-02
   33.0000  2.5208528E-02  3.1820464E-02  2.7324877E-02
   34.0000  2.5236030E-02  3.0561646E-02  2.7385580E-02
   35.0000  2.5141015E-02  2.9407229E-02  2.7145757E-02
   36.0000  2.4850254E-02  2.8233645E-02  2.6555646E-02
   37.0000  2.4294783E-02  2.6959061E-02  2.5580547E-02
   38.0000  2.3446355E-02  2.5554768E-02  2.4225724E-02
   39.0000  2.2362660E-02  2.4039307E-02  2.2558590E-02
   40.0000  2.1185606E-02  2.2477494E-02  2.0752201E-02
