  7709.000   27  1  1  1.9222038E-02 -4.7375666E+00 -3.5043504E-01  1  1  7.5663722E+03  8.0000000E+03  0.0000000E+00  1.1792254E+00  1.0000000E+00  0.0000000E+00  = E_edge, Z, n_edge, j_edge, Abs_before_edge, VO_interstitial, E_cut, ninit, ninit1, Epsii, UnitCell_Volume, Surface_ref, f0_forward, natomsym_f, abs_u_iso
    Energy   (100,001)      (010,001)      (001,110)   
  -25.0000  6.6006134E-09  3.3556896E-10  8.6187314E-10
  -24.0000  1.7284696E-08  6.1909002E-10  1.9376492E-09
  -23.0000  5.2810830E-08  1.1995415E-09  4.8169966E-09
  -22.0000  2.1035514E-07  2.5276589E-09  1.3987668E-08
  -21.0000  1.5445071E-06  7.2224816E-09  5.6581646E-08
  -20.0000  4.1640590E+00  1.4575960E-06  8.4339552E-04
  -19.0000  9.1134735E-06  9.4340453E-07  9.3383060E-05
  -18.0000  3.3136814E-06  6.6672631E-08  1.5355860E-06
  -17.0000  3.7771852E-06  1.9214654E-07  7.0116145E-07
  -16.0000  7.4988997E-06  9.2546442E-07  7.2121954E-07
  -15.0000  7.1742878E-05  8.7909278E-04  1.9213947E-04
  -14.0000  8.3860598E-06  2.7180324E-05  2.4398145E-06
  -13.0000  3.4977674E-07  4.6837737E-06  4.4526696E-06
  -12.0000  3.8415863E-06  2.9053816E-06  4.6109516E-05
  -11.0000  2.6361662E-05  4.5881214E-06  5.1791025E-05
  -10.0000  3.3434060E-04  5.7181692E-06  1.3113851E-05
  -9.00000  2.7373385E-03  1.1537659E-04  2.8482372E-04
  -8.00000  3.5357453E-04  3.1532797E-05  2.9065145E-05
  -7.00000  2.5004270E-04  9.7319640E-04  4.1449482E-03
  -6.00000  3.1263943E-03  5.6216807E-05  3.1466084E-04
  -5.00000  9.3753717E-02  5.6004356E-04  1.5407286E-03
  -4.00000  7.0439874E-02  4.1461956E-04  7.2277788E-04
  -3.00000  7.3087673E-04  1.6107544E-01  2.1573237E-02
  -2.00000  5.6407007E-04  4.1850446E-03  1.1875632E-03
  -1.00000  3.4448003E-04  1.5957745E-03  2.6952151E-04
   0.00000  4.2765051E-04  3.6569023E-03  7.4653894E-04
   1.00000  6.1415962E-03  1.1576952E-03  1.9945885E-03
   2.00000  5.9866186E-04  1.0244017E-03  4.1501309E-04
   3.00000  8.1334846E-04  1.3829161E-03  6.1866373E-04
   4.00000  1.3181657E-03  2.3050584E-03  1.0512423E-03
   5.00000  2.0238808E-03  3.9115229E-03  2.2009178E-03
   5.20000  2.1638574E-03  4.3151066E-03  2.6978108E-03
   5.40000  2.2969521E-03  4.7596018E-03  3.3931080E-03
   5.60000  2.4206785E-03  5.2649686E-03  4.3770322E-03
   5.80000  2.5316709E-03  5.8549066E-03  5.7476988E-03
   6.00000  2.6301308E-03  6.5669998E-03  7.5425252E-03
   6.20000  2.7179310E-03  7.4279739E-03  9.5808555E-03
   6.40000  2.8076177E-03  8.4181929E-03  1.1360158E-02
   6.60000  2.9477188E-03  9.4621581E-03  1.2368926E-02
   6.80000  3.2599986E-03  1.0495983E-02  1.2554013E-02
   7.00000  3.7994681E-03  1.1543871E-02  1.2237728E-02
   7.20000  4.2718894E-03  1.2645243E-02  1.1747618E-02
   7.40000  4.5464716E-03  1.3867212E-02  1.1255302E-02
   7.60000  4.7383027E-03  1.5184627E-02  1.0781133E-02
   7.80000  4.9279452E-03  1.6650025E-02  1.0327606E-02
   8.00000  5.1460379E-03  1.8293637E-02  9.8776150E-03
   8.20000  5.4066146E-03  2.0157199E-02  9.4287366E-03
   8.40000  5.7157769E-03  2.2307350E-02  9.0015031E-03
   8.60000  6.0722022E-03  2.4841386E-02  8.6359720E-03
   8.80000  6.4669811E-03  2.7894131E-02  8.3833086E-03
   9.00000  6.8904473E-03  3.1645566E-02  8.2951577E-03
   9.20000  7.3404988E-03  3.6292118E-02  8.4150321E-03
   9.40000  7.8204333E-03  4.2081258E-02  8.7711533E-03
   9.60000  8.3288195E-03  4.9264911E-02  9.3703373E-03
   9.80000  8.8601557E-03  5.8061825E-02  1.0190535E-02
   10.0000  9.4093932E-03  6.8559254E-02  1.1179408E-02
   10.2500  1.0119393E-02  8.3612146E-02  1.2513794E-02
   10.5000  1.0863629E-02  9.8729142E-02  1.3745572E-02
   10.7500  1.1662743E-02  1.0945509E-01  1.4707107E-02
   11.0000  1.2548192E-02  1.1093971E-01  1.5426289E-02
   11.2500  1.3556252E-02  1.0225215E-01  1.6096317E-02
   11.5000  1.4719296E-02  8.7547670E-02  1.6900807E-02
   11.7500  1.6099247E-02  7.1027349E-02  1.7860156E-02
   12.0000  1.7626463E-02  5.7835171E-02  1.9134810E-02
   12.2500  1.9318857E-02  4.7428731E-02  2.0642998E-02
   12.5000  2.1147780E-02  3.9501866E-02  2.2419877E-02
   12.7500  2.3078670E-02  3.3515348E-02  2.4036201E-02
   13.0000  2.4368517E-02  2.9264097E-02  2.6390466E-02
   13.2500  2.6252591E-02  2.5836284E-02  2.9016232E-02
   13.5000  2.8069710E-02  2.3235532E-02  3.1696802E-02
   13.7500  2.9394142E-02  2.1251755E-02  3.4328175E-02
   14.0000  3.0913847E-02  1.9725538E-02  3.6623762E-02
   14.2500  3.2233373E-02  1.8549844E-02  3.8403947E-02
   14.5000  3.3333604E-02  1.7642508E-02  3.9572759E-02
   14.7500  3.4216001E-02  1.6943080E-02  4.0144390E-02
   15.0000  3.4902920E-02  1.6407500E-02  4.0231422E-02
   15.2500  3.5441712E-02  1.6005756E-02  4.0010702E-02
   15.5000  3.5865005E-02  1.5712317E-02  3.9671571E-02
   15.7500  3.6239731E-02  1.5513528E-02  3.9391018E-02
   16.0000  3.6623543E-02  1.5399606E-02  3.9309778E-02
   16.2500  3.7071020E-02  1.5363774E-02  3.9534509E-02
   16.5000  3.7629595E-02  1.5402664E-02  4.0143541E-02
   16.7500  3.8336105E-02  1.5513327E-02  4.1189243E-02
   17.0000  3.9216201E-02  1.5692900E-02  4.2696834E-02
   17.2500  4.0282174E-02  1.5939165E-02  4.4660369E-02
   17.5000  4.1529233E-02  1.6249506E-02  4.7028277E-02
   17.7500  4.2932068E-02  1.6621769E-02  4.9684331E-02
   18.0000  4.4443561E-02  1.7051782E-02  5.2440193E-02
   18.2500  4.5991641E-02  1.7535706E-02  5.5039343E-02
   18.5000  4.7479842E-02  1.8068545E-02  5.7198816E-02
   18.7500  4.8795718E-02  1.8645029E-02  5.8670388E-02
   19.0000  4.9827651E-02  1.9259362E-02  5.9307981E-02
   19.2500  5.0482216E-02  1.9905434E-02  5.9101180E-02
   19.5000  5.0704370E-02  2.0578198E-02  5.8162558E-02
   19.7500  5.0491505E-02  2.1273902E-02  5.6675815E-02
   20.0000  4.9895336E-02  2.1989033E-02  5.4840361E-02
   21.0000  4.5677283E-02  2.4989975E-02  4.6938418E-02
   22.0000  4.2699031E-02  2.8140904E-02  4.0897662E-02
   23.0000  4.2813027E-02  3.1351030E-02  3.6921971E-02
   24.0000  4.4920815E-02  3.4492528E-02  3.4387743E-02
   25.0000  4.7273535E-02  3.7196896E-02  3.2873173E-02
   26.0000  4.8158368E-02  3.8847060E-02  3.1986379E-02
   27.0000  4.6121350E-02  3.9039484E-02  3.1283970E-02
   28.0000  4.1275209E-02  3.7985466E-02  3.0484383E-02
   29.0000  3.5792125E-02  3.6275643E-02  2.9668934E-02
   30.0000  3.1652502E-02  3.4421067E-02  2.9132400E-02
   31.0000  2.9083925E-02  3.2544803E-02  2.8985982E-02
   32.0000  2.7965535E-02  3.1130261E-02  2.9256364E-02
   33.0000  2.7446151E-02  2.9970049E-02  2.9618375E-02
   34.0000  2.7239370E-02  2.9015533E-02  2.9941048E-02
   35.0000  2.7160284E-02  2.8190227E-02  3.0177080E-02
   36.0000  2.7081672E-02  2.7419893E-02  3.0324022E-02
   37.0000  2.6919176E-02  2.6644725E-02  3.0374572E-02
   38.0000  2.6633274E-02  2.5824823E-02  3.0298909E-02
   39.0000  2.6228002E-02  2.4917246E-02  3.0047349E-02
   40.0000  2.5717238E-02  2.3862108E-02  2.9546117E-02
