  7709.000   27  1  1  1.9222038E-02 -4.9418965E+00 -3.2124542E-01  1  1  7.5664734E+03  8.0000000E+03  0.0000000E+00  1.1792254E+00  1.0000000E+00  0.0000000E+00  = E_edge, Z, n_edge, j_edge, Abs_before_edge, VO_interstitial, E_cut, ninit, ninit1, Epsii, UnitCell_Volume, Surface_ref, f0_forward, natomsym_f, abs_u_iso
    Energy   (100,001)      (010,001)      (001,110)   
  -25.0000  7.3249444E-09  3.6062568E-10  9.4153505E-10
  -24.0000  1.9215095E-08  6.7329125E-10  2.1379718E-09
  -23.0000  5.8983203E-08  1.3254653E-09  5.3904667E-09
  -22.0000  2.3864646E-07  2.8712269E-09  1.6105043E-08
  -21.0000  1.9375211E-06  9.0687056E-09  7.5325273E-08
  -20.0000  9.9304321E-05  1.0691767E-07  1.8243351E-06
  -19.0000  5.8508152E-05  6.8605416E-06  4.9122572E-04
  -18.0000  3.8323241E-06  8.2582090E-08  2.0001736E-06
  -17.0000  4.2947004E-06  2.1947329E-07  8.8497146E-07
  -16.0000  8.5129526E-06  1.1154378E-06  9.1152820E-07
  -15.0000  1.3062137E-03  5.7878162E-03  4.6348517E-04
  -14.0000  1.1547625E-05  2.2925659E-05  3.5839396E-06
  -13.0000  4.4261821E-07  4.8393370E-06  7.2902385E-06
  -12.0000  4.2083261E-06  3.2511905E-06  1.0087522E-04
  -11.0000  2.8731870E-05  4.2448479E-06  5.6955223E-05
  -10.0000  4.4772099E-04  6.8375436E-06  1.8706650E-05
  -9.00000  2.4182644E-02  6.8402329E-04  4.4272140E-04
  -8.00000  6.6860304E-04  4.7120648E-05  4.9129342E-05
  -7.00000  2.3270137E-03  8.1429396E-04  5.6861828E-03
  -6.00000  1.8630049E-03  1.2214035E-04  4.2405842E-04
  -5.00000  3.2408408E-02  7.6314824E-02  5.0466976E-01
  -4.00000  2.1859293E-03  6.4960823E-04  3.6516896E-04
  -3.00000  5.8784689E-04  6.6229046E-02  9.6626657E-03
  -2.00000  6.6801233E-04  5.2213154E-03  1.9075740E-03
  -1.00000  3.1285743E-04  1.6981368E-03  2.6069632E-04
   0.00000  2.5773048E-03  7.1102396E-03  2.3377741E-03
   1.00000  2.4036745E-03  1.4554637E-03  1.6128257E-03
   2.00000  6.9835613E-04  1.1033835E-03  4.9687117E-04
   3.00000  1.0190582E-03  1.4930341E-03  6.9435067E-04
   4.00000  1.6855017E-03  2.5138607E-03  1.1464084E-03
   5.00000  2.5233195E-03  4.2195834E-03  2.2203445E-03
   5.20000  2.7161042E-03  4.6304819E-03  2.6469362E-03
   5.40000  2.9362133E-03  5.0689397E-03  3.2396664E-03
   5.60000  3.1924944E-03  5.5471060E-03  4.0887977E-03
   5.80000  3.5619416E-03  6.0945672E-03  5.3043686E-03
   6.00000  4.2151447E-03  6.7337800E-03  6.9893102E-03
   6.20000  5.0286978E-03  7.4885102E-03  9.0667408E-03
   6.40000  5.4823008E-03  8.3648458E-03  1.1307206E-02
   6.60000  5.5862554E-03  9.3219524E-03  1.3395040E-02
   6.80000  5.6097609E-03  1.0280568E-02  1.4777352E-02
   7.00000  5.6589517E-03  1.1183700E-02  1.5198402E-02
   7.20000  5.7639982E-03  1.2045699E-02  1.4915890E-02
   7.40000  5.9338892E-03  1.2920503E-02  1.4292502E-02
   7.60000  6.1657275E-03  1.3857422E-02  1.3509298E-02
   7.80000  6.4497714E-03  1.4913862E-02  1.2646409E-02
   8.00000  6.7663334E-03  1.6106659E-02  1.1811738E-02
   8.20000  7.1246225E-03  1.7471811E-02  1.1135387E-02
   8.40000  7.5368019E-03  1.9051280E-02  1.0633478E-02
   8.60000  8.0071476E-03  2.0916484E-02  1.0288176E-02
   8.80000  8.5326060E-03  2.3166246E-02  1.0102557E-02
   9.00000  9.1042478E-03  2.5903278E-02  1.0089758E-02
   9.20000  9.7112573E-03  2.9258615E-02  1.0254436E-02
   9.40000  1.0342881E-02  3.3380313E-02  1.0584143E-02
   9.60000  1.0990672E-02  3.8429624E-02  1.1056488E-02
   9.80000  1.1648313E-02  4.4548938E-02  1.1645491E-02
   10.0000  1.2311201E-02  5.1811614E-02  1.2338187E-02
   10.2500  1.3142567E-02  6.2336100E-02  1.3356082E-02
   10.5000  1.3979063E-02  7.3614930E-02  1.4542832E-02
   10.7500  1.4840387E-02  8.3713428E-02  1.5825241E-02
   11.0000  1.5765682E-02  9.0015698E-02  1.7053397E-02
   11.2500  1.6791818E-02  9.0704415E-02  1.8110371E-02
   11.5000  1.7866703E-02  8.5985807E-02  1.8953117E-02
   11.7500  1.9124198E-02  7.7940019E-02  1.9810759E-02
   12.0000  2.0280117E-02  6.8857137E-02  2.0907967E-02
   12.2500  2.1376773E-02  6.0125691E-02  2.2194883E-02
   12.5000  2.2395917E-02  5.2345219E-02  2.3704998E-02
   12.7500  2.3349346E-02  4.5726465E-02  2.5412927E-02
   13.0000  2.4231939E-02  4.0260141E-02  2.7413594E-02
   13.2500  2.4734167E-02  3.5996793E-02  2.9186363E-02
   13.5000  2.5524182E-02  3.2364805E-02  3.1148033E-02
   13.7500  2.6328249E-02  2.9450054E-02  3.3108344E-02
   14.0000  2.7046114E-02  2.7050703E-02  3.4739716E-02
   14.2500  2.7732298E-02  2.5099704E-02  3.6062796E-02
   14.5000  2.8392213E-02  2.3507898E-02  3.7048519E-02
   14.7500  2.9036965E-02  2.2204020E-02  3.7718802E-02
   15.0000  2.9451212E-02  2.1096063E-02  3.7970336E-02
   15.2500  3.0175544E-02  2.0223950E-02  3.8273719E-02
   15.5000  3.0932135E-02  1.9509516E-02  3.8541354E-02
   15.7500  3.1746942E-02  1.8935177E-02  3.8888811E-02
   16.0000  3.2639666E-02  1.8485505E-02  3.9417706E-02
   16.2500  3.3627550E-02  1.8148953E-02  4.0212543E-02
   16.5000  3.4721723E-02  1.7916080E-02  4.1335686E-02
   16.7500  3.5926628E-02  1.7778257E-02  4.2825280E-02
   17.0000  3.7237124E-02  1.7727274E-02  4.4688367E-02
   17.2500  3.8635534E-02  1.7754283E-02  4.6887091E-02
   17.5000  4.0092086E-02  1.7852142E-02  4.9326983E-02
   17.7500  4.1565578E-02  1.8014208E-02  5.1845376E-02
   18.0000  4.3005500E-02  1.8233515E-02  5.4215269E-02
   18.2500  4.4357205E-02  1.8504684E-02  5.6176767E-02
   18.5000  4.5570415E-02  1.8824081E-02  5.7491976E-02
   18.7500  4.6605039E-02  1.9189341E-02  5.8008730E-02
   19.0000  4.7430141E-02  1.9598579E-02  5.7701706E-02
   19.2500  4.8027314E-02  2.0050293E-02  5.6670565E-02
   19.5000  4.8391274E-02  2.0542705E-02  5.5095355E-02
   19.7500  4.8530613E-02  2.1073358E-02  5.3180816E-02
   20.0000  4.8469637E-02  2.1639490E-02  5.1110091E-02
   21.0000  4.7108949E-02  2.4189175E-02  4.3440993E-02
   22.0000  4.6039125E-02  2.7024318E-02  3.8242652E-02
   23.0000  4.6180277E-02  2.9963119E-02  3.5102200E-02
   24.0000  4.6829341E-02  3.2815015E-02  3.3280976E-02
   25.0000  4.7212137E-02  3.5240353E-02  3.2325930E-02
   26.0000  4.6606989E-02  3.6854981E-02  3.1859199E-02
   27.0000  4.4206206E-02  3.7499326E-02  3.1433478E-02
   28.0000  3.9956113E-02  3.7302635E-02  3.0720949E-02
   29.0000  3.5114305E-02  3.6542193E-02  2.9759472E-02
   30.0000  3.1129876E-02  3.5498457E-02  2.8878203E-02
   31.0000  2.8509536E-02  3.4382297E-02  2.8327466E-02
   32.0000  2.7026964E-02  3.3330320E-02  2.8114927E-02
   33.0000  2.6294581E-02  3.2397461E-02  2.8113967E-02
   34.0000  2.6007362E-02  3.1568701E-02  2.8209795E-02
   35.0000  2.5952164E-02  3.0784097E-02  2.8335024E-02
   36.0000  2.6071937E-02  2.9861001E-02  2.8384894E-02
   37.0000  2.6037968E-02  2.8952058E-02  2.8397230E-02
   38.0000  2.5909622E-02  2.7923860E-02  2.8282611E-02
   39.0000  2.5631948E-02  2.6774124E-02  2.7988774E-02
   40.0000  2.5177338E-02  2.5500270E-02  2.7506307E-02
