  7709.000   27  1  1  1.9222038E-02 -4.9350746E+00 -2.9884908E-01  1  1  7.5663258E+03  8.0000000E+03  0.0000000E+00  1.1792254E+00  1.0000000E+00  0.0000000E+00  = E_edge, Z, n_edge, j_edge, Abs_before_edge, VO_interstitial, E_cut, ninit, ninit1, Epsii, UnitCell_Volume, Surface_ref, f0_forward, natomsym_f, abs_u_iso
    Energy   (100,001)      (010,001)      (001,110)   
  -25.0000  5.2719128E-09  3.5646106E-10  9.5352645E-10
  -24.0000  1.3512152E-08  6.6442789E-10  2.1627542E-09
  -23.0000  4.0185980E-08  1.3039102E-09  5.4659779E-09
  -22.0000  1.5441353E-07  2.7976714E-09  1.6470033E-08
  -21.0000  1.0908938E-06  8.1660437E-09  7.5350949E-08
  -20.0000  6.0456309E-05  2.0369334E-07  3.3035326E-06
  -19.0000  1.4229512E-04  5.5570658E-05  4.5775690E-03
  -18.0000  3.0260002E-06  7.6751290E-08  1.4988118E-06
  -17.0000  3.2425602E-06  2.2609335E-07  7.7358626E-07
  -16.0000  7.4069473E-06  1.1975515E-06  1.3318118E-06
  -15.0000  1.7886062E-03  8.4055293E-05  1.0219308E-04
  -14.0000  6.6110976E-07  1.6412162E-05  3.1673880E-06
  -13.0000  8.6732521E-07  4.2659490E-06  7.2106049E-06
  -12.0000  4.8010541E-06  2.8626326E-06  3.5455169E-04
  -11.0000  2.3244245E-05  3.5966470E-06  1.9302897E-05
  -10.0000  2.5887404E-04  6.0614350E-06  7.8151191E-06
  -9.00000  3.1026253E-03  1.2917030E-04  7.3039267E-05
  -8.00000  2.2588111E-04  3.2604408E-05  3.5404416E-05
  -7.00000  2.0025350E-03  3.2097512E-05  2.6319394E-02
  -6.00000  7.4732475E-04  6.7644856E-05  1.4208996E-04
  -5.00000  1.2908450E-01  7.1366679E-04  4.5894982E-03
  -4.00000  1.5965946E-02  5.9024475E-04  7.4568787E-04
  -3.00000  1.1785057E-03  1.4338852E-01  1.8443510E-02
  -2.00000  5.5128385E-04  3.3730436E-03  8.7156774E-04
  -1.00000  3.0017213E-04  1.5215041E-03  2.4338688E-04
   0.00000  1.2223153E-03  3.6805767E-03  1.0512424E-03
   1.00000  1.8527341E-03  1.3866349E-03  1.2533557E-03
   2.00000  5.0858774E-04  1.0135688E-03  3.5999435E-04
   3.00000  6.7399524E-04  1.3052716E-03  4.4883008E-04
   4.00000  1.0843926E-03  2.0838915E-03  6.8062316E-04
   5.00000  1.8030041E-03  3.4943410E-03  1.2094843E-03
   5.20000  1.9905597E-03  3.8392061E-03  1.3959192E-03
   5.40000  2.1956429E-03  4.2041591E-03  1.6317388E-03
   5.60000  2.4155739E-03  4.5916345E-03  1.9344930E-03
   5.80000  2.6311530E-03  5.0061938E-03  2.3298781E-03
   6.00000  2.8067422E-03  5.4592615E-03  2.8571940E-03
   6.20000  2.9531539E-03  5.9704543E-03  3.5766797E-03
   6.40000  3.2600381E-03  6.5727727E-03  4.5645720E-03
   6.60000  4.0122933E-03  7.2887967E-03  5.8570749E-03
   6.80000  5.0478844E-03  8.1257923E-03  7.3690625E-03
   7.00000  5.8947683E-03  9.0780085E-03  8.9471260E-03
   7.20000  6.5328035E-03  1.0129461E-02  1.0480816E-02
   7.40000  7.1182962E-03  1.1263228E-02  1.1918598E-02
   7.60000  7.7645885E-03  1.2495469E-02  1.3287338E-02
   7.80000  8.5336366E-03  1.3864602E-02  1.4604828E-02
   8.00000  9.4633324E-03  1.5424827E-02  1.5657040E-02
   8.20000  1.0558527E-02  1.7223900E-02  1.6112708E-02
   8.40000  1.1876742E-02  1.9405133E-02  1.6338264E-02
   8.60000  1.3471317E-02  2.2052239E-02  1.6699007E-02
   8.80000  1.5352760E-02  2.5187296E-02  1.7086983E-02
   9.00000  1.7468059E-02  2.8796477E-02  1.7302899E-02
   9.20000  1.9651989E-02  3.2901539E-02  1.7254773E-02
   9.40000  2.1615085E-02  3.7607648E-02  1.6992543E-02
   9.60000  2.3046703E-02  4.3102395E-02  1.6636693E-02
   9.80000  2.3804219E-02  4.9634802E-02  1.6306718E-02
   10.0000  2.4046725E-02  5.7490919E-02  1.6110739E-02
   10.2500  2.4181255E-02  6.9495939E-02  1.6195941E-02
   10.5000  2.4696213E-02  8.3710803E-02  1.6757684E-02
   10.7500  2.5844457E-02  9.8330227E-02  1.7836217E-02
   11.0000  2.7606940E-02  1.0903882E-01  1.9423090E-02
   11.2500  2.9829220E-02  1.1051005E-01  2.1485703E-02
   11.5000  3.2266921E-02  1.0132045E-01  2.3965154E-02
   11.7500  3.4517929E-02  8.5661786E-02  2.6876939E-02
   12.0000  3.6091850E-02  6.9356992E-02  2.9818958E-02
   12.2500  3.7252615E-02  5.5927531E-02  3.2949009E-02
   12.5000  3.7679858E-02  4.5538883E-02  3.6136841E-02
   12.7500  3.7469917E-02  3.7780116E-02  3.9418329E-02
   13.0000  3.6467163E-02  3.1993433E-02  4.2823877E-02
   13.2500  3.5555843E-02  2.7855894E-02  4.5569129E-02
   13.5000  3.4394242E-02  2.4626143E-02  4.7897809E-02
   13.7500  3.3626900E-02  2.2245756E-02  4.9903683E-02
   14.0000  3.2963007E-02  2.0418450E-02  5.0415328E-02
   14.2500  3.2497821E-02  1.9028064E-02  4.9709565E-02
   14.5000  3.2235721E-02  1.7965094E-02  4.8094546E-02
   14.7500  3.2168638E-02  1.7149710E-02  4.5990070E-02
   15.0000  3.2287288E-02  1.6523939E-02  4.3783544E-02
   15.2500  3.2590161E-02  1.6046028E-02  4.1762324E-02
   15.5000  3.3065262E-02  1.5684826E-02  4.0095133E-02
   15.7500  3.3715082E-02  1.5420924E-02  3.8872715E-02
   16.0000  3.4536010E-02  1.5241183E-02  3.8129851E-02
   16.2500  3.5518626E-02  1.5137306E-02  3.7869792E-02
   16.5000  3.6643343E-02  1.5104468E-02  3.8076729E-02
   16.7500  3.7877720E-02  1.5140198E-02  3.8719228E-02
   17.0000  3.9170892E-02  1.5242216E-02  3.9747312E-02
   17.2500  4.0453643E-02  1.5408805E-02  4.1085301E-02
   17.5000  4.1640083E-02  1.5637296E-02  4.2626353E-02
   17.7500  4.2635473E-02  1.5925243E-02  4.4232719E-02
   18.0000  4.3349426E-02  1.6270685E-02  4.5745627E-02
   18.2500  4.3713901E-02  1.6670177E-02  4.7011123E-02
   18.5000  4.3697212E-02  1.7121105E-02  4.7910021E-02
   18.7500  4.3309696E-02  1.7622350E-02  4.8378473E-02
   19.0000  4.2601570E-02  1.8171372E-02  4.8417073E-02
   19.2500  4.1650222E-02  1.8766199E-02  4.8077649E-02
   19.5000  4.0547914E-02  1.9405551E-02  4.7442736E-02
   19.7500  3.9384883E-02  2.0086140E-02  4.6604549E-02
   20.0000  3.8239240E-02  2.0805363E-02  4.5645573E-02
   21.0000  3.4813661E-02  2.3983348E-02  4.1725127E-02
   22.0000  3.3943241E-02  2.7406836E-02  3.8724844E-02
   23.0000  3.5115958E-02  3.0805534E-02  3.6607718E-02
   24.0000  3.7216730E-02  3.4004967E-02  3.4919242E-02
   25.0000  3.9364947E-02  3.6743580E-02  3.3420481E-02
   26.0000  4.0866507E-02  3.8587240E-02  3.1934165E-02
   27.0000  4.0768593E-02  3.9187012E-02  3.0257509E-02
   28.0000  3.8479876E-02  3.8591402E-02  2.8497209E-02
   29.0000  3.4897237E-02  3.7235588E-02  2.7110561E-02
   30.0000  3.1604045E-02  3.5636515E-02  2.6383689E-02
   31.0000  2.9310957E-02  3.4133945E-02  2.6283640E-02
   32.0000  2.7966852E-02  3.2694002E-02  2.6700545E-02
   33.0000  2.7337945E-02  3.1715948E-02  2.7225031E-02
   34.0000  2.7042263E-02  3.0903920E-02  2.7656057E-02
   35.0000  2.6887406E-02  3.0159944E-02  2.7872416E-02
   36.0000  2.6720119E-02  2.9391620E-02  2.7821216E-02
   37.0000  2.6425936E-02  2.8532123E-02  2.7474318E-02
   38.0000  2.5946606E-02  2.7548485E-02  2.6821418E-02
   39.0000  2.5296791E-02  2.6441636E-02  2.5904097E-02
   40.0000  2.4556319E-02  2.5216430E-02  2.4852477E-02
