  7709.000   27  1  1  1.9222038E-02 -4.6885606E+00 -3.5243583E-01  1  1  7.5664843E+03  8.0000000E+03  0.0000000E+00  1.1792254E+00  1.0000000E+00  0.0000000E+00  = E_edge, Z, n_edge, j_edge, Abs_before_edge, VO_interstitial, E_cut, ninit, ninit1, Epsii, UnitCell_Volume, Surface_ref, f0_forward, natomsym_f, abs_u_iso
    Energy   (100,001)      (010,001)      (001,110)   
  -25.0000  5.2913759E-09  3.5632605E-10  8.7509872E-10
  -24.0000  1.3060545E-08  6.5229875E-10  1.9400137E-09
  -23.0000  3.6423795E-08  1.2455245E-09  4.7030271E-09
  -22.0000  1.2299521E-07  2.5142032E-09  1.2960067E-08
  -21.0000  5.9679353E-07  5.5343824E-09  4.3965724E-08
  -20.0000  8.8116444E-06  1.6375407E-08  2.4558074E-07
  -19.0000  2.9934508E-05  1.0248538E-07  4.6541418E-06
  -18.0000  6.2667231E-06  1.1543998E-07  5.0715703E-06
  -17.0000  4.9878792E-06  2.0111298E-07  1.3433116E-06
  -16.0000  7.7178775E-06  9.2741129E-07  1.1969422E-06
  -15.0000  3.2737024E-05  1.5843826E-05  4.7625576E-06
  -14.0000  3.6483821E-05  2.1660572E-05  4.6747903E-06
  -13.0000  5.2171892E-07  4.8217059E-06  8.0764434E-06
  -12.0000  3.2199140E-06  3.3868449E-06  1.0255869E-04
  -11.0000  1.8916398E-05  3.5214996E-06  6.1988246E-05
  -10.0000  1.3349991E-04  5.0657842E-06  1.3519493E-05
  -9.00000  1.0994945E-02  2.9881040E-05  1.0529725E-04
  -8.00000  1.4496122E-03  6.2569424E-05  6.7881910E-05
  -7.00000  9.5471803E-04  9.1974015E-05  3.8890987E-04
  -6.00000  2.5883050E-03  2.3909429E-04  7.3967930E-04
  -5.00000  8.8337788E-01  5.0139028E-02  8.3936255E-01
  -4.00000  1.4140123E-03  6.9320092E-04  1.9495401E-04
  -3.00000  1.7852613E-03  1.4861605E-01  8.7923618E-03
  -2.00000  4.2690113E-04  4.1665740E-03  9.5577569E-04
  -1.00000  2.5203742E-04  1.4954423E-03  2.2499993E-04
   0.00000  3.4466704E-04  1.2180732E-03  7.9235370E-04
   1.00000  9.4210767E-03  1.0790347E-03  2.7141288E-03
   2.00000  5.5767731E-04  1.0565491E-03  4.2330079E-04
   3.00000  7.0596805E-04  1.4925211E-03  6.3926249E-04
   4.00000  1.0862981E-03  2.6141299E-03  1.2009171E-03
   5.00000  1.4200787E-03  4.5610482E-03  3.4006737E-03
   5.20000  1.4990254E-03  5.0309145E-03  4.5855674E-03
   5.40000  1.7532245E-03  5.5459794E-03  6.2128278E-03
   5.60000  2.2057191E-03  6.1356320E-03  7.9706611E-03
   5.80000  2.5827176E-03  6.8183466E-03  9.0011958E-03
   6.00000  2.7965565E-03  7.5679389E-03  8.8393580E-03
   6.20000  2.9245601E-03  8.3513086E-03  8.0756905E-03
   6.40000  3.0203763E-03  9.1701900E-03  7.3631344E-03
   6.60000  3.1046932E-03  1.0041910E-02  6.9184762E-03
   6.80000  3.1818645E-03  1.0983803E-02  6.7282024E-03
   7.00000  3.2624872E-03  1.2025513E-02  6.7315058E-03
   7.20000  3.3507626E-03  1.3110912E-02  6.8268892E-03
   7.40000  3.4528082E-03  1.4225161E-02  6.9300304E-03
   7.60000  3.5695095E-03  1.5343430E-02  6.9588926E-03
   7.80000  3.7017689E-03  1.6464888E-02  6.8497831E-03
   8.00000  3.8509782E-03  1.7635733E-02  6.5868628E-03
   8.20000  4.0181088E-03  1.8953120E-02  6.2147866E-03
   8.40000  4.2038362E-03  2.0541568E-02  5.8195132E-03
   8.60000  4.4102565E-03  2.2516930E-02  5.4915637E-03
   8.80000  4.6412443E-03  2.4968420E-02  5.2977251E-03
   9.00000  4.8994316E-03  2.7968838E-02  5.2753516E-03
   9.20000  5.1848307E-03  3.1576426E-02  5.4395442E-03
   9.40000  5.4961318E-03  3.5866283E-02  5.7972413E-03
   9.60000  5.8312283E-03  4.0921468E-02  6.3518262E-03
   9.80000  6.1891041E-03  4.6823242E-02  7.1057948E-03
   10.0000  6.5707340E-03  5.3614839E-02  8.0597332E-03
   10.2500  7.0876331E-03  6.3234056E-02  9.5162828E-03
   10.5000  7.6612434E-03  7.3461086E-02  1.1202589E-02
   10.7500  8.3081096E-03  8.2745248E-02  1.2989861E-02
   11.0000  9.0453238E-03  8.8777312E-02  1.4709155E-02
   11.2500  9.8862039E-03  8.9641022E-02  1.6121796E-02
   11.5000  1.0837208E-02  8.5273036E-02  1.7217062E-02
   11.7500  1.1900875E-02  7.7283004E-02  1.8193043E-02
   12.0000  1.3084935E-02  6.7842674E-02  1.9111589E-02
   12.2500  1.4382809E-02  5.8714382E-02  2.0025144E-02
   12.5000  1.5791633E-02  5.0709660E-02  2.1036048E-02
   12.7500  1.7310901E-02  4.4040852E-02  2.2213755E-02
   13.0000  1.8939927E-02  3.8630186E-02  2.3588341E-02
   13.2500  2.0575889E-02  3.4342379E-02  2.5153863E-02
   13.5000  2.2214886E-02  3.1019596E-02  2.5882526E-02
   13.7500  2.4069639E-02  2.8287974E-02  2.7778265E-02
   14.0000  2.5965132E-02  2.6096603E-02  2.9641409E-02
   14.2500  2.7855719E-02  2.4324994E-02  3.1357868E-02
   14.5000  2.9694818E-02  2.2873854E-02  3.2837962E-02
   14.7500  3.1444864E-02  2.1666130E-02  3.4037704E-02
   15.0000  3.3086380E-02  2.0643536E-02  3.4966485E-02
   15.2500  3.4624030E-02  1.9768385E-02  3.5683718E-02
   15.5000  3.6090050E-02  1.9021607E-02  3.6283792E-02
   15.7500  3.7511165E-02  1.8384960E-02  3.6869499E-02
   16.0000  3.8941254E-02  1.7856261E-02  3.7547761E-02
   16.2500  4.0416926E-02  1.7431877E-02  3.8410336E-02
   16.5000  4.1961869E-02  1.7108914E-02  3.9535309E-02
   16.7500  4.3576252E-02  1.6883643E-02  4.0980631E-02
   17.0000  4.5235278E-02  1.6751436E-02  4.2783012E-02
   17.2500  4.6893255E-02  1.6708250E-02  4.4955002E-02
   17.5000  4.8480126E-02  1.6748941E-02  4.7469477E-02
   17.7500  4.9903158E-02  1.6868640E-02  5.0248798E-02
   18.0000  5.1067127E-02  1.7062140E-02  5.3153267E-02
   18.2500  5.1887847E-02  1.7324299E-02  5.5978227E-02
   18.5000  5.2308883E-02  1.7651676E-02  5.8470652E-02
   18.7500  5.2315407E-02  1.8040913E-02  6.0379061E-02
   19.0000  5.1942384E-02  1.8489536E-02  6.1510088E-02
   19.2500  5.1265292E-02  1.8994375E-02  6.1783397E-02
   19.5000  5.0386241E-02  1.9553285E-02  6.1246051E-02
   19.7500  4.9413968E-02  2.0164151E-02  6.0045819E-02
   20.0000  4.8447304E-02  2.0824068E-02  5.8381440E-02
   21.0000  4.5922314E-02  2.3887051E-02  5.0491923E-02
   22.0000  4.6380741E-02  2.7460788E-02  4.4350313E-02
   23.0000  4.8646752E-02  3.1284145E-02  4.0363428E-02
   24.0000  5.0563516E-02  3.4919667E-02  3.7713698E-02
   25.0000  5.0705839E-02  3.7743040E-02  3.5908833E-02
   26.0000  4.8486406E-02  3.9305757E-02  3.4677356E-02
   27.0000  4.3945855E-02  3.9549013E-02  3.3681905E-02
   28.0000  3.8203656E-02  3.8703853E-02  3.2551013E-02
   29.0000  3.2923661E-02  3.7177168E-02  3.1211801E-02
   30.0000  2.9066212E-02  3.5412711E-02  2.9948039E-02
   31.0000  2.6653141E-02  3.3747401E-02  2.9046213E-02
   32.0000  2.5285570E-02  3.2197923E-02  2.8541426E-02
   33.0000  2.4724678E-02  3.1106702E-02  2.8359531E-02
   34.0000  2.4579110E-02  3.0253709E-02  2.8334685E-02
   35.0000  2.4736714E-02  2.9542882E-02  2.8396459E-02
   36.0000  2.5128343E-02  2.8863604E-02  2.8499103E-02
   37.0000  2.5688531E-02  2.8114298E-02  2.8598138E-02
   38.0000  2.6321319E-02  2.7205519E-02  2.8642382E-02
   39.0000  2.6881058E-02  2.6077806E-02  2.8583052E-02
   40.0000  2.7182909E-02  2.4722729E-02  2.8360111E-02
