  7709.000   27  1  1  1.9222038E-02 -5.0288744E+00 -3.7594505E-01  1  1  7.5662376E+03  8.0000000E+03  0.0000000E+00  1.1792254E+00  1.0000000E+00  0.0000000E+00  = E_edge, Z, n_edge, j_edge, Abs_before_edge, VO_interstitial, E_cut, ninit, ninit1, Epsii, UnitCell_Volume, Surface_ref, f0_forward, natomsym_f, abs_u_iso
    Energy   (100,001)      (010,001)      (001,110)   
  -25.0000  8.5823863E-09  3.4646057E-10  1.2260451E-09
  -24.0000  2.3991134E-08  6.4879867E-10  2.9613664E-09
  -23.0000  8.3028421E-08  1.2871734E-09  8.2140079E-09
  -22.0000  4.5017994E-07  2.8759725E-09  2.9110559E-08
  -21.0000  5.1196077E-05  6.6513229E-08  5.4845057E-07
  -20.0000  6.8034485E-06  1.7516729E-07  1.0676267E-05
  -19.0000  1.8708213E-06  4.7125582E-08  2.4498072E-06
  -18.0000  1.4588863E-06  6.4167507E-08  5.7069109E-07
  -17.0000  1.7127395E-06  2.0119677E-07  4.5080393E-07
  -16.0000  2.7464028E-06  9.9365475E-07  5.6080936E-07
  -15.0000  7.3011653E-06  3.2125052E-05  1.5497121E-06
  -14.0000  5.9921711E-03  7.2949445E-05  3.1679311E-04
  -13.0000  9.2430845E-07  4.8657988E-06  7.2513410E-06
  -12.0000  1.3945697E-05  4.4166300E-06  3.2527289E-03
  -11.0000  4.3035746E-05  3.6179370E-06  1.5540527E-05
  -10.0000  7.1986118E-04  1.1037963E-05  1.4628509E-05
  -9.00000  8.0783693E-04  5.0231060E-05  2.8173007E-05
  -8.00000  5.5474777E-04  2.0866291E-04  1.8275160E-05
  -7.00000  2.3179050E-03  9.6316295E-05  1.0660177E-03
  -6.00000  5.0517560E-04  3.7487681E-05  3.5700672E-04
  -5.00000  7.8340344E-02  8.3383434E-04  9.9269344E-04
  -4.00000  3.5634809E-02  8.6756429E-04  1.4027530E-03
  -3.00000  1.6310078E-03  3.4619854E-01  1.1841721E-02
  -2.00000  1.2715149E-03  3.7034929E-03  8.4141329E-04
  -1.00000  3.6175878E-04  1.6758687E-03  2.2159900E-04
   0.00000  5.2768078E-04  2.1817070E-03  4.6021955E-04
   1.00000  3.3909650E-03  1.7254021E-03  1.8907330E-03
   2.00000  3.3761149E-04  1.0638125E-03  2.2911098E-04
   3.00000  4.5525237E-04  1.4159447E-03  2.9832138E-04
   4.00000  7.3254687E-04  2.3786817E-03  4.5852547E-04
   5.00000  1.1336718E-03  4.0105820E-03  8.3585716E-04
   5.20000  1.2188105E-03  4.4038649E-03  9.7176561E-04
   5.40000  1.3037089E-03  4.8245092E-03  1.1448320E-03
   5.60000  1.3881017E-03  5.2790260E-03  1.3691799E-03
   5.80000  1.4725494E-03  5.7793963E-03  1.6645199E-03
   6.00000  1.5590420E-03  6.3369052E-03  2.0604760E-03
   6.20000  1.6504732E-03  6.9755801E-03  2.6003789E-03
   6.40000  1.7517358E-03  7.7288015E-03  3.3497791E-03
   6.60000  1.8704722E-03  8.6449207E-03  4.4070126E-03
   6.80000  2.0186532E-03  9.7913712E-03  5.9133792E-03
   7.00000  2.2159458E-03  1.1260917E-02  8.0530310E-03
   7.20000  2.4866924E-03  1.3086975E-02  1.0895890E-02
   7.40000  2.8645385E-03  1.5092758E-02  1.4009682E-02
   7.60000  3.3771553E-03  1.6729183E-02  1.6058529E-02
   7.80000  4.0173430E-03  1.7559047E-02  1.5810071E-02
   8.00000  4.6963712E-03  1.7870775E-02  1.3859832E-02
   8.20000  5.2963503E-03  1.8311546E-02  1.1628909E-02
   8.40000  5.7705913E-03  1.9181759E-02  9.8489589E-03
   8.60000  6.1626944E-03  2.0563331E-02  8.6180995E-03
   8.80000  6.5340062E-03  2.2477475E-02  7.8433607E-03
   9.00000  6.9207741E-03  2.4947373E-02  7.4169628E-03
   9.20000  7.3445727E-03  2.8042385E-02  7.2615720E-03
   9.40000  7.8228624E-03  3.1886523E-02  7.3301402E-03
   9.60000  8.3753644E-03  3.6654145E-02  7.5990558E-03
   9.80000  9.0210944E-03  4.2552038E-02  8.0608663E-03
   10.0000  9.7747983E-03  4.9762103E-02  8.7172766E-03
   10.2500  1.0873702E-02  6.0620149E-02  9.8191410E-03
   10.5000  1.2112498E-02  7.2808744E-02  1.1244495E-02
   10.7500  1.3432182E-02  8.4748249E-02  1.3002432E-02
   11.0000  1.4827408E-02  9.4414594E-02  1.5095382E-02
   11.2500  1.6347069E-02  9.9221348E-02  1.7497461E-02
   11.5000  1.8017535E-02  9.7010734E-02  2.0115890E-02
   11.7500  1.9620682E-02  8.7802133E-02  2.2473362E-02
   12.0000  2.1441565E-02  7.5992089E-02  2.5154052E-02
   12.2500  2.3203052E-02  6.4216887E-02  2.7785398E-02
   12.5000  2.4908141E-02  5.3723963E-02  3.0372680E-02
   12.7500  2.6432754E-02  4.5220363E-02  3.2903751E-02
   13.0000  2.7733653E-02  3.8561178E-02  3.5324672E-02
   13.2500  2.8813806E-02  3.3411254E-02  3.7551396E-02
   13.5000  2.9716630E-02  2.9436742E-02  3.9486472E-02
   13.7500  3.0203579E-02  2.6446677E-02  4.1352314E-02
   14.0000  3.1013540E-02  2.4056962E-02  4.2443316E-02
   14.2500  3.1772081E-02  2.2138795E-02  4.3047268E-02
   14.5000  3.2606105E-02  2.0594131E-02  4.3160200E-02
   14.7500  3.3538845E-02  1.9329138E-02  4.2871231E-02
   15.0000  3.4586262E-02  1.8281154E-02  4.2307152E-02
   15.2500  3.5747955E-02  1.7400565E-02  4.1599451E-02
   15.5000  3.7029658E-02  1.6663121E-02  4.0883875E-02
   15.7500  3.8431032E-02  1.6051588E-02  4.0277137E-02
   16.0000  3.9949016E-02  1.5555351E-02  3.9872819E-02
   16.2500  4.1575297E-02  1.5166414E-02  3.9741951E-02
   16.5000  4.3293905E-02  1.4878767E-02  3.9932516E-02
   16.7500  4.5076501E-02  1.4687051E-02  4.0470145E-02
   17.0000  4.6880265E-02  1.4585873E-02  4.1358829E-02
   17.2500  4.8645573E-02  1.4571164E-02  4.2576904E-02
   17.5000  5.0293802E-02  1.4638789E-02  4.4071679E-02
   17.7500  5.1731004E-02  1.4785604E-02  4.5753460E-02
   18.0000  5.2855822E-02  1.5007799E-02  4.7494651E-02
   18.2500  5.3573960E-02  1.5302145E-02  4.9136902E-02
   18.5000  5.3813283E-02  1.5665681E-02  5.0513310E-02
   18.7500  5.3542590E-02  1.6094644E-02  5.1476698E-02
   19.0000  5.2777397E-02  1.6585822E-02  5.1934013E-02
   19.2500  5.1578680E-02  1.7134748E-02  5.1860846E-02
   19.5000  5.0047794E-02  1.7736957E-02  5.1302776E-02
   19.7500  4.8306877E-02  1.8388925E-02  5.0357022E-02
   20.0000  4.6485534E-02  1.9087889E-02  4.9145222E-02
   21.0000  4.0395121E-02  2.2308955E-02  4.3750576E-02
   22.0000  3.8126546E-02  2.6103401E-02  3.9946648E-02
   23.0000  3.8994960E-02  3.0270188E-02  3.7999700E-02
   24.0000  4.1080225E-02  3.4423834E-02  3.6998139E-02
   25.0000  4.2884236E-02  3.7904329E-02  3.6184265E-02
   26.0000  4.3570275E-02  4.0063009E-02  3.5203118E-02
   27.0000  4.2545872E-02  4.0715716E-02  3.4000573E-02
   28.0000  3.9792421E-02  4.0088722E-02  3.2645679E-02
   29.0000  3.6230787E-02  3.8585808E-02  3.1276714E-02
   30.0000  3.2702257E-02  3.6435154E-02  2.9962164E-02
   31.0000  3.0498206E-02  3.4526252E-02  2.9229457E-02
   32.0000  2.9050724E-02  3.2823366E-02  2.8841005E-02
   33.0000  2.8167670E-02  3.1424247E-02  2.8669216E-02
   34.0000  2.7636342E-02  3.0295058E-02  2.8573464E-02
   35.0000  2.7299524E-02  2.9361076E-02  2.8471922E-02
   36.0000  2.7047781E-02  2.8534219E-02  2.8317212E-02
   37.0000  2.6795711E-02  2.7739220E-02  2.8071203E-02
   38.0000  2.6452850E-02  2.6926528E-02  2.7692120E-02
   39.0000  2.5912607E-02  2.6076295E-02  2.7148633E-02
   40.0000  2.5076722E-02  2.5176446E-02  2.6431600E-02
