  7709.000   27  1  1  1.9222038E-02 -4.6523236E+00 -3.5249483E-01  1  1  7.5661659E+03  8.0000000E+03  0.0000000E+00  1.1792254E+00  1.0000000E+00  0.0000000E+00  = E_edge, Z, n_edge, j_edge, Abs_before_edge, VO_interstitial, E_cut, ninit, ninit1, Epsii, UnitCell_Volume, Surface_ref, f0_forward, natomsym_f, abs_u_iso
    Energy   (100,001)      (010,001)      (001,110)   
  -25.0000  6.8601634E-09  3.1738040E-10  7.3725714E-10
  -24.0000  1.8762685E-08  5.8705605E-10  1.6899527E-09
  -23.0000  6.2447314E-08  1.1443196E-09  4.3517042E-09
  -22.0000  3.0700230E-07  2.4616087E-09  1.3564164E-08
  -21.0000  6.8292458E-06  9.7873172E-09  6.7728499E-08
  -20.0000  2.0577710E-05  4.9118611E-08  1.0471916E-06
  -19.0000  2.6655932E-06  1.2068099E-07  6.0824628E-06
  -18.0000  1.7811821E-06  6.0009996E-08  5.1876825E-07
  -17.0000  2.4210489E-06  1.7682058E-07  3.4630920E-07
  -16.0000  7.3360604E-06  8.2244058E-07  5.8107487E-07
  -15.0000  2.1900345E-05  1.6268153E-05  3.2257385E-06
  -14.0000  2.2238732E-07  3.0005802E-05  1.2272142E-06
  -13.0000  1.4667644E-06  4.6199336E-06  2.4360157E-06
  -12.0000  6.5756235E-06  2.9009248E-06  5.1409030E-05
  -11.0000  3.4652643E-05  3.0242732E-06  1.0400249E-05
  -10.0000  1.7840888E-03  1.3585832E-05  2.3267006E-05
  -9.00000  5.9591811E-04  1.5132835E-05  4.9676680E-06
  -8.00000  8.6476563E-05  9.1791698E-05  4.7856399E-05
  -7.00000  1.0494949E-03  7.8612537E-05  5.3630809E-04
  -6.00000  4.8092077E-04  4.0261164E-05  1.3298620E-04
  -5.00000  3.7167032E-03  3.1731264E-04  5.8244540E-03
  -4.00000  6.7281389E-03  1.0234770E-03  1.8127898E-03
  -3.00000  1.3897790E-03  8.3466447E-02  2.2815905E-03
  -2.00000  6.3268986E-04  3.2122852E-03  3.2460408E-04
  -1.00000  3.2177000E-04  1.5703848E-03  1.7298052E-04
   0.00000  3.6241719E-02  6.2642047E-03  2.2316531E-02
   1.00000  3.6095347E-04  1.0130318E-03  2.0905994E-04
   2.00000  3.6331096E-04  1.0139152E-03  2.1625577E-04
   3.00000  5.1758370E-04  1.2856835E-03  3.2274831E-04
   4.00000  8.3186059E-04  1.9759594E-03  5.5002427E-04
   5.00000  1.3792045E-03  3.2435704E-03  1.0658003E-03
   5.20000  1.5241940E-03  3.5702546E-03  1.2425646E-03
   5.40000  1.6837814E-03  3.9259329E-03  1.4611612E-03
   5.60000  1.8601719E-03  4.3154891E-03  1.7341527E-03
   5.80000  2.0560902E-03  4.7455941E-03  2.0788287E-03
   6.00000  2.2762793E-03  5.2243446E-03  2.5168467E-03
   6.20000  2.5267307E-03  5.7627203E-03  3.0776034E-03
   6.40000  2.8152742E-03  6.3792064E-03  3.8014267E-03
   6.60000  3.1461612E-03  7.0812089E-03  4.7358970E-03
   6.80000  3.5203369E-03  7.8896829E-03  5.9459400E-03
   7.00000  3.9359632E-03  8.8339790E-03  7.5114636E-03
   7.20000  4.4174553E-03  9.9433837E-03  9.5450738E-03
   7.40000  5.1098775E-03  1.1253780E-02  1.2188929E-02
   7.60000  6.3695851E-03  1.2803879E-02  1.5572559E-02
   7.80000  8.5628986E-03  1.4606100E-02  1.9648108E-02
   8.00000  1.1361895E-02  1.6612616E-02  2.3889544E-02
   8.20000  1.3971009E-02  1.8708704E-02  2.7309544E-02
   8.40000  1.6200656E-02  2.0841244E-02  2.9009680E-02
   8.60000  1.7995022E-02  2.2950404E-02  2.8573985E-02
   8.80000  1.9136787E-02  2.5267746E-02  2.6674110E-02
   9.00000  1.9299141E-02  2.8052074E-02  2.4530775E-02
   9.20000  1.8701875E-02  3.1566745E-02  2.3145493E-02
   9.40000  1.8118789E-02  3.6063370E-02  2.2937612E-02
   9.60000  1.8132876E-02  4.1800446E-02  2.3912937E-02
   9.80000  1.7947392E-02  4.8851891E-02  2.5491639E-02
   10.0000  1.9542650E-02  5.7692388E-02  2.8211276E-02
   10.2500  2.2359836E-02  7.0896476E-02  3.1783995E-02
   10.5000  2.5923086E-02  8.5255340E-02  3.4673932E-02
   10.7500  3.0072308E-02  9.7600282E-02  3.6501686E-02
   11.0000  3.4616941E-02  1.0359579E-01  3.7551808E-02
   11.2500  3.9282610E-02  1.0078627E-01  3.8364830E-02
   11.5000  4.3648575E-02  9.0766441E-02  3.9362522E-02
   11.7500  4.7164890E-02  7.7489920E-02  4.0739756E-02
   12.0000  4.9344911E-02  6.4317535E-02  4.2507029E-02
   12.2500  4.9824360E-02  5.2833342E-02  4.4923899E-02
   12.5000  4.8712807E-02  4.3434584E-02  4.7584953E-02
   12.7500  4.7288612E-02  3.6425172E-02  4.8857070E-02
   13.0000  4.5537945E-02  3.1123716E-02  4.9119062E-02
   13.2500  4.3805777E-02  2.7144050E-02  4.8335473E-02
   13.5000  4.2306079E-02  2.4150742E-02  4.6724707E-02
   13.7500  4.1146681E-02  2.1879534E-02  4.4634777E-02
   14.0000  4.0410603E-02  2.0171190E-02  4.2037579E-02
   14.2500  3.9723596E-02  1.8832544E-02  3.9535616E-02
   14.5000  3.9659187E-02  1.7752865E-02  3.7757904E-02
   14.7500  3.9898128E-02  1.6899649E-02  3.6346334E-02
   15.0000  4.0402168E-02  1.6223895E-02  3.5337306E-02
   15.2500  4.1130062E-02  1.5691535E-02  3.4740745E-02
   15.5000  4.2040304E-02  1.5279316E-02  3.4555123E-02
   15.7500  4.3070696E-02  1.4968637E-02  3.4767254E-02
   16.0000  4.4164263E-02  1.4748933E-02  3.5360192E-02
   16.2500  4.5249173E-02  1.4612770E-02  3.6304737E-02
   16.5000  4.6243007E-02  1.4554686E-02  3.7551433E-02
   16.7500  4.7056537E-02  1.4571160E-02  3.9024411E-02
   17.0000  4.7603264E-02  1.4658695E-02  4.0614513E-02
   17.2500  4.7808559E-02  1.4814569E-02  4.2185023E-02
   17.5000  4.7624700E-02  1.5037239E-02  4.3588620E-02
   17.7500  4.7041651E-02  1.5324664E-02  4.4692950E-02
   18.0000  4.6086376E-02  1.5674640E-02  4.5405987E-02
   18.2500  4.4821130E-02  1.6084389E-02  4.5691582E-02
   18.5000  4.3333776E-02  1.6551867E-02  4.5571641E-02
   18.7500  4.1724046E-02  1.7074942E-02  4.5110756E-02
   19.0000  4.0089614E-02  1.7650499E-02  4.4395084E-02
   19.2500  3.8516171E-02  1.8275539E-02  4.3514351E-02
   19.5000  3.7069292E-02  1.8947707E-02  4.2547030E-02
   19.7500  3.5794694E-02  1.9663784E-02  4.1556650E-02
   20.0000  3.4719057E-02  2.0420292E-02  4.0587827E-02
   21.0000  3.2493746E-02  2.3791000E-02  3.7368976E-02
   22.0000  3.3029351E-02  2.7581589E-02  3.5314861E-02
   23.0000  3.4930779E-02  3.1593713E-02  3.3932657E-02
   24.0000  3.6430254E-02  3.6006284E-02  3.2542311E-02
   25.0000  3.6602645E-02  3.8850284E-02  3.1165303E-02
   26.0000  3.5187264E-02  4.0261353E-02  2.9682848E-02
   27.0000  3.2846570E-02  4.0204676E-02  2.8186681E-02
   28.0000  3.0490594E-02  3.9048564E-02  2.6848489E-02
   29.0000  2.8660285E-02  3.7301696E-02  2.5880561E-02
   30.0000  2.7413715E-02  3.5395877E-02  2.5382310E-02
   31.0000  2.6621907E-02  3.3626023E-02  2.5257618E-02
   32.0000  2.6137575E-02  3.2141608E-02  2.5294330E-02
   33.0000  2.5819784E-02  3.0954837E-02  2.5320913E-02
   34.0000  2.5554984E-02  2.9998166E-02  2.5250525E-02
   35.0000  2.5241142E-02  2.9169340E-02  2.5039309E-02
   36.0000  2.4799409E-02  2.8372354E-02  2.4648310E-02
   37.0000  2.4194559E-02  2.7539244E-02  2.4049526E-02
   38.0000  2.3446503E-02  2.6630325E-02  2.3239836E-02
   39.0000  2.2627779E-02  2.5612929E-02  2.2278353E-02
   40.0000  2.1825986E-02  2.4443827E-02  2.1296028E-02
