  7709.000   27  1  1  1.9222038E-02 -4.7467533E+00 -3.1640846E-01  1  1  7.5659412E+03  8.0000000E+03  0.0000000E+00  1.1792254E+00  1.0000000E+00  0.0000000E+00  = E_edge, Z, n_edge, j_edge, Abs_before_edge, VO_interstitial, E_cut, ninit, ninit1, Epsii, UnitCell_Volume, Surface_ref, f0_forward, natomsym_f, abs_u_iso
    Energy   (100,001)      (010,001)      (001,110)   
  -25.0000  1.2479152E-08  3.6558013E-10  9.8914373E-10
  -24.0000  3.8240036E-08  6.8712740E-10  2.4129956E-09
  -23.0000  1.5772113E-07  1.4081621E-09  7.0557476E-09
  -22.0000  1.4293769E-06  4.3099111E-09  3.5434233E-08
  -21.0000  8.2803180E-04  4.4031015E-07  1.3024055E-05
  -20.0000  4.0809661E-06  2.5245879E-07  2.1092321E-05
  -19.0000  1.4992806E-06  3.1982208E-08  8.2630885E-07
  -18.0000  1.7111061E-06  7.2008527E-08  2.9871563E-07
  -17.0000  3.1732657E-06  2.4278101E-07  2.5128556E-07
  -16.0000  2.1271639E-05  1.3468155E-06  5.4999978E-07
  -15.0000  5.7898162E-06  1.1302903E-04  1.5740798E-06
  -14.0000  1.9373058E-07  1.3196808E-05  1.2482790E-06
  -13.0000  1.2018356E-06  3.8897890E-06  8.3246151E-06
  -12.0000  6.6336080E-06  2.7515016E-06  2.9633261E-05
  -11.0000  4.3754931E-05  2.7528417E-06  8.1270246E-06
  -10.0000  5.4373103E-03  2.8527870E-05  1.7414450E-05
  -9.00000  1.2811552E-04  1.9400027E-05  1.9905094E-06
  -8.00000  3.2845737E-01  1.6857553E-03  9.7211146E-05
  -7.00000  3.5751184E-04  7.1816989E-05  1.7931213E-04
  -6.00000  6.3968650E-04  5.3634092E-05  6.5658633E-05
  -5.00000  5.6494806E-04  2.8046838E-04  6.5553459E-04
  -4.00000  6.3014873E-03  5.9612465E-03  8.9614929E-02
  -3.00000  4.6380526E-03  3.8357377E-02  1.5571323E-03
  -2.00000  1.2280228E-03  2.4810893E-03  4.2908622E-04
  -1.00000  4.3994786E-04  1.3922146E-03  1.6811575E-04
   0.00000  6.9004643E-03  5.3167639E-03  3.2528269E-03
   1.00000  4.0819597E-04  9.4750836E-04  2.0714960E-04
   2.00000  4.2183056E-04  1.0650949E-03  2.6229695E-04
   3.00000  5.8060372E-04  1.4443415E-03  4.4738841E-04
   4.00000  9.2113095E-04  2.2701440E-03  8.9911619E-04
   5.00000  1.6107157E-03  3.7517104E-03  2.0980372E-03
   5.20000  1.8267661E-03  4.1795346E-03  2.5561494E-03
   5.40000  2.0869025E-03  4.6807932E-03  3.1532262E-03
   5.60000  2.4069000E-03  5.2784030E-03  3.9429959E-03
   5.80000  2.8118893E-03  6.0056566E-03  5.0031889E-03
   6.00000  3.3412571E-03  6.9071135E-03  6.4425785E-03
   6.20000  4.0568106E-03  8.0447216E-03  8.4083626E-03
   6.40000  5.0611783E-03  9.5209808E-03  1.1082844E-02
   6.60000  6.4575093E-03  1.1369535E-02  1.4604356E-02
   6.80000  8.3818718E-03  1.3627594E-02  1.8925306E-02
   7.00000  1.0945587E-02  1.6209335E-02  2.3573197E-02
   7.20000  1.4203510E-02  1.8862662E-02  2.7588695E-02
   7.40000  1.7910944E-02  2.1266482E-02  2.9811768E-02
   7.60000  2.0761962E-02  2.3210094E-02  2.9485629E-02
   7.80000  2.0652673E-02  2.4815680E-02  2.7182079E-02
   8.00000  1.8250975E-02  2.6563909E-02  2.4852402E-02
   8.20000  1.6301913E-02  2.8844684E-02  2.3682238E-02
   8.40000  1.5872919E-02  3.1693041E-02  2.3696777E-02
   8.60000  1.6667753E-02  3.5347944E-02  2.4848096E-02
   8.80000  1.8344668E-02  4.0017350E-02  2.7242015E-02
   9.00000  2.0766730E-02  4.6000482E-02  3.1119477E-02
   9.20000  2.3935451E-02  5.3694341E-02  3.6754079E-02
   9.40000  2.7668167E-02  6.3432297E-02  4.4080770E-02
   9.60000  3.2540953E-02  7.6074250E-02  5.2948827E-02
   9.80000  3.8231608E-02  9.1425144E-02  6.1818082E-02
   10.0000  4.4545370E-02  1.0774224E-01  6.8658977E-02
   10.2500  5.2689442E-02  1.2232616E-01  7.2264400E-02
   10.5000  5.9974529E-02  1.2126098E-01  7.0928977E-02
   10.7500  6.4955529E-02  1.0543954E-01  6.7085300E-02
   11.0000  6.6581805E-02  8.4643235E-02  6.2658862E-02
   11.2500  6.4885646E-02  6.6033267E-02  5.8496107E-02
   11.5000  6.0921518E-02  5.1658237E-02  5.4805915E-02
   11.7500  5.4890205E-02  4.1215027E-02  5.2765238E-02
   12.0000  4.9922124E-02  3.3506779E-02  4.9866766E-02
   12.2500  4.5896152E-02  2.8095897E-02  4.6821090E-02
   12.5000  4.2616832E-02  2.4203136E-02  4.3872463E-02
   12.7500  4.0089860E-02  2.1372910E-02  4.1018213E-02
   13.0000  3.8215169E-02  1.9276593E-02  3.8071942E-02
   13.2500  3.6865235E-02  1.7695952E-02  3.5403950E-02
   13.5000  3.6127833E-02  1.6423020E-02  3.2828869E-02
   13.7500  3.5745968E-02  1.5490106E-02  3.1150028E-02
   14.0000  3.5448067E-02  1.4721203E-02  2.9484556E-02
   14.2500  3.5730023E-02  1.4145394E-02  2.8519428E-02
   14.5000  3.6267282E-02  1.3690834E-02  2.7878512E-02
   14.7500  3.7005461E-02  1.3335390E-02  2.7546542E-02
   15.0000  3.7889332E-02  1.3063798E-02  2.7505277E-02
   15.2500  3.8862413E-02  1.2865461E-02  2.7735884E-02
   15.5000  3.9850866E-02  1.2732639E-02  2.8211758E-02
   15.7500  4.0785375E-02  1.2660405E-02  2.8898167E-02
   16.0000  4.1589386E-02  1.2646217E-02  2.9746023E-02
   16.2500  4.2185452E-02  1.2689226E-02  3.0688221E-02
   16.5000  4.2504417E-02  1.2789567E-02  3.1642852E-02
   16.7500  4.2493832E-02  1.2947680E-02  3.2522303E-02
   17.0000  4.2129135E-02  1.3164407E-02  3.3246343E-02
   17.2500  4.1420997E-02  1.3440299E-02  3.3759611E-02
   17.5000  4.0414299E-02  1.3775219E-02  3.4037575E-02
   17.7500  3.9187376E-02  1.4169439E-02  3.4087988E-02
   18.0000  3.7838335E-02  1.4623216E-02  3.3942370E-02
   18.2500  3.6469140E-02  1.5137097E-02  3.3645809E-02
   18.5000  3.5171356E-02  1.5711781E-02  3.3245845E-02
   18.7500  3.4016287E-02  1.6347639E-02  3.2786818E-02
   19.0000  3.3053216E-02  1.7045048E-02  3.2304288E-02
   19.2500  3.2307742E-02  1.7804479E-02  3.1825707E-02
   19.5000  3.1788348E-02  1.8625523E-02  3.1370250E-02
   19.7500  3.1489633E-02  1.9506179E-02  3.0949994E-02
   20.0000  3.1396710E-02  2.0444619E-02  3.0573158E-02
   21.0000  3.2557213E-02  2.4714838E-02  2.9550722E-02
   22.0000  3.4260804E-02  2.9651303E-02  2.9258628E-02
   23.0000  3.3673887E-02  3.4763238E-02  2.9501272E-02
   24.0000  3.0284244E-02  3.9473817E-02  2.9757520E-02
   25.0000  2.7070107E-02  4.1768546E-02  2.9598883E-02
   26.0000  2.4987670E-02  4.1893054E-02  2.8758065E-02
   27.0000  2.4018629E-02  4.0373837E-02  2.7576914E-02
   28.0000  2.3878119E-02  3.8040866E-02  2.6633754E-02
   29.0000  2.4138268E-02  3.5564853E-02  2.6246011E-02
   30.0000  2.4487936E-02  3.3341845E-02  2.6344191E-02
   31.0000  2.4790246E-02  3.1538950E-02  2.6624055E-02
   32.0000  2.4994669E-02  3.0160882E-02  2.6811751E-02
   33.0000  2.5090234E-02  2.9103557E-02  2.6754137E-02
   34.0000  2.5098907E-02  2.8222095E-02  2.6383569E-02
   35.0000  2.5065746E-02  2.7380869E-02  2.5660995E-02
   36.0000  2.5025422E-02  2.6480139E-02  2.4584543E-02
   37.0000  2.4957530E-02  2.5455985E-02  2.3253161E-02
   38.0000  2.4803808E-02  2.4277704E-02  2.1934339E-02
   39.0000  2.4528989E-02  2.2968093E-02  2.1030827E-02
   40.0000  2.4148782E-02  2.1626647E-02  2.0876386E-02
