  7709.000   27  1  1  1.9222038E-02 -5.0348441E+00 -4.3903157E-01  1  1  7.5661729E+03  8.0000000E+03  0.0000000E+00  1.1792254E+00  1.0000000E+00  0.0000000E+00  = E_edge, Z, n_edge, j_edge, Abs_before_edge, VO_interstitial, E_cut, ninit, ninit1, Epsii, UnitCell_Volume, Surface_ref, f0_forward, natomsym_f, abs_u_iso
    Energy   (100,001)      (010,001)      (001,110)   
  -25.0000  9.0704056E-09  3.9702390E-10  1.0664194E-09
  -24.0000  2.5321057E-08  7.4224624E-10  2.4907328E-09
  -23.0000  8.6924838E-08  1.4547017E-09  6.5701692E-09
  -22.0000  4.5316481E-07  3.0606695E-09  2.1064248E-08
  -21.0000  1.4676483E-05  7.6070289E-09  9.9251059E-08
  -20.0000  1.3416751E-05  4.4273622E-08  1.7953127E-06
  -19.0000  2.9487646E-06  8.7447105E-08  3.8503171E-06
  -18.0000  2.5284735E-06  8.9407765E-08  6.1480005E-07
  -17.0000  3.9059587E-06  2.9765413E-07  4.4732837E-07
  -16.0000  1.5485611E-05  1.7352422E-06  5.3704910E-07
  -15.0000  4.3867776E-05  1.5978940E-04  2.3036278E-06
  -14.0000  6.8885201E-07  1.0187403E-05  1.9926789E-06
  -13.0000  6.8256310E-07  3.9971856E-06  1.5137229E-05
  -12.0000  4.5032405E-06  2.7497469E-06  4.6862747E-05
  -11.0000  2.6873683E-05  3.0077023E-06  9.2889864E-06
  -10.0000  3.6602783E-03  5.2637995E-04  1.0876775E-03
  -9.00000  1.1908563E-03  2.7448610E-05  5.5686650E-06
  -8.00000  3.2260056E-03  8.4245973E-05  4.4135558E-06
  -7.00000  2.7831685E-04  8.7040842E-05  5.8920908E-06
  -6.00000  3.6117045E-04  7.2126715E-05  3.2687961E-05
  -5.00000  6.4418981E-04  2.8564485E-04  2.5970775E-04
  -4.00000  6.9124182E-02  4.3660599E-03  1.5236264E-04
  -3.00000  1.3365737E-03  7.8746416E-03  4.4289473E-04
  -2.00000  7.7929618E-04  2.4396547E-03  4.4834009E-04
  -1.00000  3.5903525E-04  1.2583065E-03  1.5764690E-04
   0.00000  1.1013976E-03  9.7545009E-04  5.8640078E-04
   1.00000  3.2409103E-04  9.2949670E-04  1.9824598E-04
   2.00000  3.9699067E-04  1.1154718E-03  3.0057271E-04
   3.00000  5.8397708E-04  1.5884627E-03  5.6389955E-04
   4.00000  9.2972376E-04  2.5434756E-03  1.1758510E-03
   5.00000  1.4455892E-03  4.1614529E-03  2.8683874E-03
   5.20000  1.5510291E-03  4.6401444E-03  3.5408841E-03
   5.40000  1.6458096E-03  5.2153802E-03  4.4207955E-03
   5.60000  1.7230896E-03  5.9270337E-03  5.5744509E-03
   5.80000  1.7795515E-03  6.8359603E-03  7.0804099E-03
   6.00000  1.8265002E-03  8.0317071E-03  9.0195884E-03
   6.20000  1.9128614E-03  9.6315854E-03  1.1446313E-02
   6.40000  2.1515298E-03  1.1739078E-02  1.4303090E-02
   6.60000  2.6956443E-03  1.4320850E-02  1.7244440E-02
   6.80000  3.6078881E-03  1.7114149E-02  1.9489227E-02
   7.00000  4.7531113E-03  1.9378749E-02  2.0253787E-02
   7.20000  5.9617202E-03  2.0861791E-02  1.9493191E-02
   7.40000  7.1887276E-03  2.1863500E-02  1.8029618E-02
   7.60000  8.4917183E-03  2.2890119E-02  1.6693820E-02
   7.80000  9.8107983E-03  2.4326772E-02  1.5895210E-02
   8.00000  1.1028529E-02  2.6423323E-02  1.5768201E-02
   8.20000  1.2307841E-02  2.9292320E-02  1.6354407E-02
   8.40000  1.3910278E-02  3.3089218E-02  1.7716721E-02
   8.60000  1.5926171E-02  3.8051125E-02  1.9965702E-02
   8.80000  1.8484912E-02  4.4523035E-02  2.3262215E-02
   9.00000  2.1755485E-02  5.2928158E-02  2.7769859E-02
   9.20000  2.5958755E-02  6.3766490E-02  3.3519613E-02
   9.40000  3.1354343E-02  7.7377175E-02  4.0224936E-02
   9.60000  3.8185996E-02  9.3347835E-02  4.7176490E-02
   9.80000  4.6517509E-02  1.0943242E-01  5.3481363E-02
   10.0000  5.5903343E-02  1.2087285E-01  5.8565852E-02
   10.2500  6.6969552E-02  1.2106044E-01  6.3205888E-02
   10.5000  7.3282221E-02  1.0561259E-01  6.6448049E-02
   10.7500  7.2231502E-02  8.4147847E-02  6.8710714E-02
   11.0000  6.5691286E-02  6.4883521E-02  7.0107435E-02
   11.2500  5.6379410E-02  5.0397980E-02  7.1097341E-02
   11.5000  4.9315811E-02  4.0525553E-02  7.0429425E-02
   11.7500  4.3868427E-02  3.3943922E-02  6.8152914E-02
   12.0000  4.0018606E-02  2.9510148E-02  6.4470711E-02
   12.2500  3.7502045E-02  2.6389809E-02  5.9838798E-02
   12.5000  3.6041119E-02  2.4047211E-02  5.4815444E-02
   12.7500  3.5405280E-02  2.2174907E-02  4.9895876E-02
   13.0000  3.5216548E-02  2.0559641E-02  4.4119214E-02
   13.2500  3.5671198E-02  1.9211313E-02  4.0524051E-02
   13.5000  3.6527321E-02  1.8066684E-02  3.7542020E-02
   13.7500  3.7686567E-02  1.7096788E-02  3.5158835E-02
   14.0000  3.9054648E-02  1.6279796E-02  3.3327672E-02
   14.2500  4.0539323E-02  1.5596921E-02  3.1992075E-02
   14.5000  4.2045859E-02  1.5031025E-02  3.1095569E-02
   14.7500  4.3477302E-02  1.4567937E-02  3.0589879E-02
   15.0000  4.4747030E-02  1.4196491E-02  3.0431690E-02
   15.2500  4.5767279E-02  1.3908046E-02  3.0580157E-02
   15.5000  4.6473514E-02  1.3696807E-02  3.0993713E-02
   15.7500  4.6820060E-02  1.3559732E-02  3.1625879E-02
   16.0000  4.6782054E-02  1.3494174E-02  3.2418213E-02
   16.2500  4.6362095E-02  1.3498633E-02  3.3299771E-02
   16.5000  4.5590525E-02  1.3571461E-02  3.4190883E-02
   16.7500  4.4520197E-02  1.3711552E-02  3.5007635E-02
   17.0000  4.3225433E-02  1.3916668E-02  3.5673786E-02
   17.2500  4.1796482E-02  1.4184107E-02  3.6135245E-02
   17.5000  4.0329457E-02  1.4511318E-02  3.6365712E-02
   17.7500  3.8916490E-02  1.4895600E-02  3.6366970E-02
   18.0000  3.7635923E-02  1.5335213E-02  3.6166611E-02
   18.2500  3.6547217E-02  1.5828728E-02  3.5807607E-02
   18.5000  3.5687460E-02  1.6376230E-02  3.5336446E-02
   18.7500  3.5074695E-02  1.6977779E-02  3.4798521E-02
   19.0000  3.4711347E-02  1.7634799E-02  3.4231749E-02
   19.2500  3.4586596E-02  1.8348313E-02  3.3664826E-02
   19.5000  3.4681861E-02  1.9119044E-02  3.3116652E-02
   19.7500  3.4973648E-02  1.9947443E-02  3.2598753E-02
   20.0000  3.5434182E-02  2.0833356E-02  3.2117139E-02
   21.0000  3.8235549E-02  2.4901320E-02  3.0526620E-02
   22.0000  3.9829147E-02  3.0087127E-02  2.9271762E-02
   23.0000  3.7345828E-02  3.4807870E-02  2.8320248E-02
   24.0000  3.1918731E-02  3.8754546E-02  2.7864864E-02
   25.0000  2.6901089E-02  4.1134937E-02  2.7730277E-02
   26.0000  2.3803122E-02  4.1507744E-02  2.7380218E-02
   27.0000  2.2412688E-02  4.0199267E-02  2.6673553E-02
   28.0000  2.2043530E-02  3.8015529E-02  2.5995687E-02
   29.0000  2.2137989E-02  3.5668701E-02  2.5675346E-02
   30.0000  2.2368961E-02  3.3563408E-02  2.5685712E-02
   31.0000  2.2601243E-02  3.1869114E-02  2.5813309E-02
   32.0000  2.2770351E-02  3.0540484E-02  2.5839331E-02
   33.0000  2.2824946E-02  2.9442413E-02  2.5613142E-02
   34.0000  2.2748731E-02  2.8412386E-02  2.5023940E-02
   35.0000  2.2571851E-02  2.7305225E-02  2.3969289E-02
   36.0000  2.2368365E-02  2.6027786E-02  2.2421884E-02
   37.0000  2.2193894E-02  2.4553387E-02  2.0562391E-02
   38.0000  2.2028162E-02  2.2938823E-02  1.8871646E-02
   39.0000  2.1805293E-02  2.1311380E-02  1.7964862E-02
   40.0000  2.1494616E-02  1.9822998E-02  1.8174751E-02
