  7709.000   27  1  1  1.9222038E-02 -4.8799133E+00 -3.5847303E-01  1  1  7.5664236E+03  8.0000000E+03  0.0000000E+00  1.1792254E+00  1.0000000E+00  0.0000000E+00  = E_edge, Z, n_edge, j_edge, Abs_before_edge, VO_interstitial, E_cut, ninit, ninit1, Epsii, UnitCell_Volume, Surface_ref, f0_forward, natomsym_f, abs_u_iso
    Energy   (100,001)      (010,001)      (001,110)   
  -25.0000  4.7656089E-09  3.5573081E-10  9.8431608E-10
  -24.0000  1.1640749E-08  6.5215157E-10  2.1967040E-09
  -23.0000  3.2003408E-08  1.2485690E-09  5.3741162E-09
  -22.0000  1.0578599E-07  2.5343102E-09  1.5024803E-08
  -21.0000  4.9322122E-07  5.6548811E-09  5.2365055E-08
  -20.0000  6.1563123E-06  1.6438650E-08  3.0025466E-07
  -19.0000  3.4833979E-05  1.8363613E-07  9.0299455E-06
  -18.0000  5.1769169E-06  1.0909914E-07  4.1360525E-06
  -17.0000  3.9929657E-06  1.9514493E-07  1.2852981E-06
  -16.0000  5.4510293E-06  8.6253701E-07  1.1489467E-06
  -15.0000  1.4707444E-05  1.2557359E-05  2.1148761E-06
  -14.0000  2.3318404E-03  2.8180416E-05  1.3700495E-04
  -13.0000  1.2775767E-06  5.2395199E-06  8.3127117E-06
  -12.0000  3.0216329E-06  3.9297883E-06  1.0633966E-04
  -11.0000  1.8008060E-05  3.0802304E-06  6.3209789E-05
  -10.0000  1.2213700E-04  4.2995932E-06  1.4526114E-05
  -9.00000  1.2020125E-02  6.5437274E-05  1.0122760E-04
  -8.00000  8.0401404E-04  5.1841146E-05  3.0997919E-05
  -7.00000  5.9159580E-04  8.8589246E-05  1.8934184E-04
  -6.00000  7.0738255E-03  7.1155075E-05  1.6852004E-03
  -5.00000  3.3672744E-02  9.3795731E-04  2.8892610E-02
  -4.00000  5.0800435E-03  6.5547203E-04  1.3888925E-04
  -3.00000  7.2897896E-04  1.6300216E-01  4.2408705E-03
  -2.00000  1.1071631E-03  4.8390572E-03  1.1613462E-03
  -1.00000  3.2612134E-04  1.6335663E-03  2.2069101E-04
   0.00000  5.3296950E-04  1.2672150E-03  4.2101028E-04
   1.00000  1.4009535E-02  1.1559502E-03  9.2044581E-03
   2.00000  5.2319648E-04  1.0998178E-03  3.9747203E-04
   3.00000  6.8626721E-04  1.5853661E-03  5.1819850E-04
   4.00000  1.0829470E-03  2.8402453E-03  8.3019464E-04
   5.00000  1.5318279E-03  4.9968383E-03  1.8428647E-03
   5.20000  1.5995659E-03  5.5310244E-03  2.3763190E-03
   5.40000  1.6732230E-03  6.1279287E-03  3.2267934E-03
   5.60000  1.8371585E-03  6.8383512E-03  4.6108952E-03
   5.80000  2.2564041E-03  7.7567546E-03  6.6590104E-03
   6.00000  2.8844017E-03  8.9431363E-03  8.7880029E-03
   6.20000  3.3132841E-03  1.0201148E-02  9.6935409E-03
   6.40000  3.4778937E-03  1.1170595E-02  8.9532641E-03
   6.60000  3.5490189E-03  1.1839118E-02  7.6044081E-03
   6.80000  3.6156574E-03  1.2470008E-02  6.5239976E-03
   7.00000  3.6938573E-03  1.3096880E-02  5.8377206E-03
   7.20000  3.7802398E-03  1.3728231E-02  5.3935571E-03
   7.40000  3.8598036E-03  1.4349125E-02  5.0177123E-03
   7.60000  3.9437607E-03  1.4985814E-02  4.6249420E-03
   7.80000  4.0529967E-03  1.5717061E-02  4.2149171E-03
   8.00000  4.1890332E-03  1.6651693E-02  3.8262977E-03
   8.20000  4.3508579E-03  1.7869570E-02  3.5096322E-03
   8.40000  4.5408532E-03  1.9401712E-02  3.2894441E-03
   8.60000  4.7636386E-03  2.1266326E-02  3.1624244E-03
   8.80000  5.0230336E-03  2.3490946E-02  3.1185090E-03
   9.00000  5.3220005E-03  2.6113814E-02  3.1505685E-03
   9.20000  5.6623637E-03  2.9176255E-02  3.2539137E-03
   9.40000  6.0456766E-03  3.2741163E-02  3.4274679E-03
   9.60000  6.4730908E-03  3.6884810E-02  3.6736094E-03
   9.80000  6.9462347E-03  4.1693511E-02  3.9988562E-03
   10.0000  7.4681897E-03  4.7235936E-02  4.4131444E-03
   10.2500  8.1965666E-03  5.5212677E-02  5.0751070E-03
   10.5000  9.0191802E-03  6.4116117E-02  5.9194174E-03
   10.7500  9.9434318E-03  7.3160466E-02  6.9562202E-03
   11.0000  1.0969074E-02  8.0849282E-02  8.1622575E-03
   11.2500  1.2086345E-02  8.5306237E-02  9.4692280E-03
   11.5000  1.3227489E-02  8.5250662E-02  1.0727695E-02
   11.7500  1.4426373E-02  8.0961056E-02  1.1831076E-02
   12.0000  1.5670874E-02  7.3465734E-02  1.3041183E-02
   12.2500  1.6915787E-02  6.4831794E-02  1.4249040E-02
   12.5000  1.8145242E-02  5.6413776E-02  1.5512954E-02
   12.7500  1.9354582E-02  4.8912044E-02  1.6882006E-02
   13.0000  2.0274322E-02  4.2785424E-02  1.7906041E-02
   13.2500  2.1567876E-02  3.7575374E-02  1.9385653E-02
   13.5000  2.2765389E-02  3.3390646E-02  2.1152304E-02
   13.7500  2.4017200E-02  2.9995776E-02  2.3027485E-02
   14.0000  2.5304666E-02  2.7256221E-02  2.4960738E-02
   14.2500  2.6677452E-02  2.5048915E-02  2.6866448E-02
   14.5000  2.8114021E-02  2.3269035E-02  2.8676897E-02
   14.7500  2.9615324E-02  2.1828636E-02  3.0327496E-02
   15.0000  3.1185009E-02  2.0653890E-02  3.1774661E-02
   15.2500  3.2832411E-02  1.9690115E-02  3.3007035E-02
   15.5000  3.4552760E-02  1.8887291E-02  3.4042344E-02
   15.7500  3.6350526E-02  1.8219797E-02  3.4935316E-02
   16.0000  3.8218040E-02  1.7670259E-02  3.5763890E-02
   16.2500  4.0136008E-02  1.7228817E-02  3.6616842E-02
   16.5000  4.2071914E-02  1.6888758E-02  3.7582414E-02
   16.7500  4.3980071E-02  1.6645893E-02  3.8740162E-02
   17.0000  4.5801593E-02  1.6496229E-02  4.0154418E-02
   17.2500  4.7468631E-02  1.6436313E-02  4.1873476E-02
   17.5000  4.8906865E-02  1.6462520E-02  4.3924574E-02
   17.7500  5.0040358E-02  1.6570646E-02  4.6307840E-02
   18.0000  5.0803244E-02  1.6757402E-02  4.8987527E-02
   18.2500  5.1147994E-02  1.7018995E-02  5.1880713E-02
   18.5000  5.1053407E-02  1.7350944E-02  5.4850969E-02
   18.7500  5.0535754E-02  1.7749863E-02  5.7704884E-02
   19.0000  4.9648977E-02  1.8212356E-02  6.0212725E-02
   19.2500  4.8476850E-02  1.8734396E-02  6.2145090E-02
   19.5000  4.7119472E-02  1.9313444E-02  6.3321700E-02
   19.7500  4.5681421E-02  1.9946296E-02  6.3660980E-02
   20.0000  4.4257171E-02  2.0630086E-02  6.3195514E-02
   21.0000  3.9905376E-02  2.3842367E-02  5.6446476E-02
   22.0000  3.8671180E-02  2.7729693E-02  4.8992757E-02
   23.0000  3.9995442E-02  3.1980267E-02  4.4011440E-02
   24.0000  4.2317326E-02  3.5915366E-02  4.0846372E-02
   25.0000  4.4380030E-02  3.8692429E-02  3.8620232E-02
   26.0000  4.5729233E-02  3.9870141E-02  3.6909712E-02
   27.0000  4.5848825E-02  3.9714496E-02  3.5481004E-02
   28.0000  4.4062459E-02  3.8681341E-02  3.4054846E-02
   29.0000  4.0468523E-02  3.7148212E-02  3.2507688E-02
   30.0000  3.6278170E-02  3.5437439E-02  3.1029580E-02
   31.0000  3.2712335E-02  3.3808182E-02  2.9891434E-02
   32.0000  3.0215781E-02  3.2426133E-02  2.9179596E-02
   33.0000  2.8580028E-02  3.1151296E-02  2.8795123E-02
   34.0000  2.7779952E-02  3.0306527E-02  2.8660056E-02
   35.0000  2.7380993E-02  2.9614927E-02  2.8645321E-02
   36.0000  2.7255346E-02  2.8973133E-02  2.8690651E-02
   37.0000  2.7315522E-02  2.8276141E-02  2.8736586E-02
   38.0000  2.7498648E-02  2.7439336E-02  2.8723063E-02
   39.0000  2.7726577E-02  2.6402001E-02  2.8593161E-02
   40.0000  2.7890823E-02  2.5139649E-02  2.8298142E-02
