  7709.000   27  1  1  1.9222038E-02 -4.5020762E+00 -3.3273599E-01  1  1  7.5662376E+03  8.0000000E+03  0.0000000E+00  1.1792254E+00  1.0000000E+00  0.0000000E+00  = E_edge, Z, n_edge, j_edge, Abs_before_edge, VO_interstitial, E_cut, ninit, ninit1, Epsii, UnitCell_Volume, Surface_ref, f0_forward, natomsym_f, abs_u_iso
    Energy   (100,001)      (010,001)      (001,110)   
  -25.0000  1.3551216E-08  3.6625604E-10  9.6270753E-10
  -24.0000  4.1918203E-08  6.7007861E-10  2.2961123E-09
  -23.0000  1.7480932E-07  1.2836103E-09  6.3729261E-09
  -22.0000  1.6203768E-06  2.6885468E-09  2.5065227E-08
  -21.0000  1.3444818E-03  3.2384037E-07  1.8519833E-05
  -20.0000  4.0245263E-06  3.3996198E-08  2.9099114E-06
  -19.0000  1.8936367E-06  3.1617652E-08  1.3762833E-06
  -18.0000  2.2349535E-06  6.9946220E-08  4.0392157E-07
  -17.0000  4.6779194E-06  2.3376183E-07  3.6961331E-07
  -16.0000  8.0922625E-05  1.9904175E-06  3.6724724E-05
  -15.0000  4.7891896E-06  3.3425924E-05  1.8208890E-06
  -14.0000  2.3195285E-07  1.4614312E-05  1.6917466E-06
  -13.0000  1.0366940E-06  4.2801729E-06  9.5365866E-06
  -12.0000  7.3246101E-06  3.2274285E-06  4.7918381E-05
  -11.0000  4.4976920E-05  3.0311842E-06  7.5403572E-06
  -10.0000  3.2963221E-03  6.9693348E-05  9.5172067E-05
  -9.00000  1.3552886E-04  1.7870851E-05  3.5544438E-06
  -8.00000  5.3521238E-04  1.8039132E-03  3.7484579E-04
  -7.00000  6.5661298E-04  9.4128952E-05  4.6319854E-04
  -6.00000  8.3069762E-04  4.4665679E-05  5.6112775E-05
  -5.00000  9.7390791E-04  1.7967223E-04  2.7504371E-04
  -4.00000  5.0899426E-03  2.0743940E-03  4.1990315E-02
  -3.00000  2.1452162E-03  2.7437528E-01  1.2933574E-02
  -2.00000  6.8441180E-04  2.4674515E-03  3.6414028E-04
  -1.00000  3.9000554E-04  1.3377362E-03  1.8022520E-04
   0.00000  1.6426116E-02  1.2622953E-03  1.4879487E-02
   1.00000  4.9726015E-04  8.8086069E-04  3.1233146E-04
   2.00000  4.1733857E-04  9.9449378E-04  2.8106953E-04
   3.00000  5.2675675E-04  1.3315481E-03  4.1961455E-04
   4.00000  7.6954722E-04  2.1111498E-03  7.6288025E-04
   5.00000  1.2295788E-03  3.3705115E-03  1.6779391E-03
   5.20000  1.3643690E-03  3.6753386E-03  2.0244204E-03
   5.40000  1.5201220E-03  4.0036654E-03  2.4690233E-03
   5.60000  1.7018726E-03  4.3620303E-03  3.0415199E-03
   5.80000  1.9170645E-03  4.7611477E-03  3.7773818E-03
   6.00000  2.1766824E-03  5.2169606E-03  4.7148655E-03
   6.20000  2.4965609E-03  5.7506916E-03  5.8875883E-03
   6.40000  2.8994672E-03  6.3905633E-03  7.3158446E-03
   6.60000  3.4171656E-03  7.1693537E-03  8.9968219E-03
   6.80000  4.0921137E-03  8.1208830E-03  1.0899230E-02
   7.00000  4.9883021E-03  9.2782467E-03  1.2970250E-02
   7.20000  6.2167936E-03  1.0685679E-02  1.5143663E-02
   7.40000  7.9903496E-03  1.2382824E-02  1.7400570E-02
   7.60000  1.0659793E-02  1.4449870E-02  1.9733846E-02
   7.80000  1.4450853E-02  1.6906472E-02  2.2042841E-02
   8.00000  1.9021174E-02  1.9791051E-02  2.4074728E-02
   8.20000  2.3102056E-02  2.3153151E-02  2.5466032E-02
   8.40000  2.5206570E-02  2.6951191E-02  2.5847513E-02
   8.60000  2.4807265E-02  3.1048737E-02  2.5150796E-02
   8.80000  2.2630325E-02  3.5293107E-02  2.3932204E-02
   9.00000  2.0075832E-02  3.9664650E-02  2.3025914E-02
   9.20000  1.8217450E-02  4.4418936E-02  2.2980472E-02
   9.40000  1.7377025E-02  5.0076446E-02  2.4044363E-02
   9.60000  1.7451230E-02  5.7279918E-02  2.6348107E-02
   9.80000  1.8262412E-02  6.6563769E-02  2.9949945E-02
   10.0000  1.9681227E-02  7.8034267E-02  3.4754123E-02
   10.2500  2.2192873E-02  9.4198025E-02  4.1936676E-02
   10.5000  2.4808163E-02  1.0858896E-01  4.9077820E-02
   10.7500  2.8795189E-02  1.1576534E-01  5.5769919E-02
   11.0000  3.3291315E-02  1.1252264E-01  6.0599237E-02
   11.2500  3.8085084E-02  1.0062988E-01  6.3153938E-02
   11.5000  4.2766697E-02  8.4930980E-02  6.3656093E-02
   11.7500  4.6725498E-02  6.9541285E-02  6.2647578E-02
   12.0000  4.9351115E-02  5.6403062E-02  6.0634622E-02
   12.2500  4.9971907E-02  4.5890997E-02  5.8347905E-02
   12.5000  4.8799887E-02  3.7303482E-02  5.5794909E-02
   12.7500  4.7196243E-02  3.1166541E-02  5.2534010E-02
   13.0000  4.5112358E-02  2.6527442E-02  4.9051799E-02
   13.2500  4.2960722E-02  2.3026422E-02  4.5536305E-02
   13.5000  4.0698681E-02  2.0474016E-02  4.1433987E-02
   13.7500  3.8719223E-02  1.8611423E-02  3.7203188E-02
   14.0000  3.7478892E-02  1.7017314E-02  3.4718536E-02
   14.2500  3.6613830E-02  1.5795217E-02  3.2593895E-02
   14.5000  3.6108436E-02  1.4851433E-02  3.0840241E-02
   14.7500  3.5937886E-02  1.4118324E-02  2.9453009E-02
   15.0000  3.6074194E-02  1.3548154E-02  2.8419306E-02
   15.2500  3.6491351E-02  1.3106890E-02  2.7722309E-02
   15.5000  3.7165778E-02  1.2770552E-02  2.7346105E-02
   15.7500  3.8058146E-02  1.2522113E-02  2.7270637E-02
   16.0000  3.9138592E-02  1.2349578E-02  2.7477831E-02
   16.2500  4.0365645E-02  1.2245517E-02  2.7943491E-02
   16.5000  4.1685672E-02  1.2204543E-02  2.8631928E-02
   16.7500  4.3029725E-02  1.2223538E-02  2.9493155E-02
   17.0000  4.4316520E-02  1.2301134E-02  3.0459218E-02
   17.2500  4.5448056E-02  1.2437344E-02  3.1448758E-02
   17.5000  4.6322470E-02  1.2631750E-02  3.2375332E-02
   17.7500  4.6849449E-02  1.2884670E-02  3.3160815E-02
   18.0000  4.6964832E-02  1.3196320E-02  3.3752787E-02
   18.2500  4.6643894E-02  1.3566278E-02  3.4129427E-02
   18.5000  4.5911553E-02  1.3993544E-02  3.4299117E-02
   18.7500  4.4838827E-02  1.4477163E-02  3.4291000E-02
   19.0000  4.3529439E-02  1.5016166E-02  3.4145212E-02
   19.2500  4.2100416E-02  1.5609592E-02  3.3903684E-02
   19.5000  4.0662082E-02  1.6256407E-02  3.3604622E-02
   19.7500  3.9304269E-02  1.6955149E-02  3.3279012E-02
   20.0000  3.8090639E-02  1.7704509E-02  3.2952501E-02
   21.0000  3.5155309E-02  2.1171203E-02  3.1929515E-02
   22.0000  3.4928815E-02  2.5338974E-02  3.1583930E-02
   23.0000  3.5980854E-02  3.0194399E-02  3.1752353E-02
   24.0000  3.6420967E-02  3.5338443E-02  3.1967051E-02
   25.0000  3.4480923E-02  4.0196007E-02  3.1667756E-02
   26.0000  3.1469143E-02  4.2545156E-02  3.0909301E-02
   27.0000  2.8565637E-02  4.2691832E-02  2.9791666E-02
   28.0000  2.6268766E-02  4.1264305E-02  2.8527747E-02
   29.0000  2.4947906E-02  3.9095220E-02  2.7470197E-02
   30.0000  2.4605351E-02  3.6803666E-02  2.6998363E-02
   31.0000  2.4849525E-02  3.4734145E-02  2.7147836E-02
   32.0000  2.5338642E-02  3.3011791E-02  2.7676145E-02
   33.0000  2.5853285E-02  3.1619019E-02  2.8273319E-02
   34.0000  2.6258825E-02  3.0451269E-02  2.8726105E-02
   35.0000  2.6465851E-02  2.9367331E-02  2.8922194E-02
   36.0000  2.6431900E-02  2.8238718E-02  2.8800140E-02
   37.0000  2.6160341E-02  2.6984545E-02  2.8302899E-02
   38.0000  2.5683682E-02  2.5579376E-02  2.7383426E-02
   39.0000  2.5037961E-02  2.4058530E-02  2.6050435E-02
   40.0000  2.4257418E-02  2.2501649E-02  2.4426294E-02
