  7709.000   27  1  1  1.9222038E-02 -4.7896533E+00 -4.0645019E-01  1  1  7.5665804E+03  8.0000000E+03  0.0000000E+00  1.1792254E+00  1.0000000E+00  0.0000000E+00  = E_edge, Z, n_edge, j_edge, Abs_before_edge, VO_interstitial, E_cut, ninit, ninit1, Epsii, UnitCell_Volume, Surface_ref, f0_forward, natomsym_f, abs_u_iso
    Energy   (100,001)      (010,001)      (001,110)   
  -25.0000  1.0155035E-08  3.7116197E-10  9.9854108E-10
  -24.0000  2.8660643E-08  6.9047925E-10  2.3406379E-09
  -23.0000  9.9428576E-08  1.3512293E-09  6.2318726E-09
  -22.0000  5.1873595E-07  2.8749025E-09  2.0869533E-08
  -21.0000  1.1527621E-05  9.4139348E-09  2.3570562E-07
  -20.0000  1.1550744E-05  3.0942370E-08  1.2130845E-06
  -19.0000  3.5723729E-06  9.8883061E-08  4.5645350E-06
  -18.0000  3.0621093E-06  7.8575736E-08  6.6920110E-07
  -17.0000  4.7472614E-06  2.4586199E-07  4.6978340E-07
  -16.0000  1.6349971E-05  1.3844078E-06  5.8216991E-07
  -15.0000  8.8909683E-04  1.8401909E-04  2.1390306E-06
  -14.0000  3.2350083E-06  1.4681253E-05  1.9285292E-06
  -13.0000  4.4338230E-07  4.1531252E-06  9.1546915E-06
  -12.0000  9.5329913E-06  3.5280989E-06  1.9393667E-03
  -11.0000  2.4263370E-05  2.7752831E-06  1.7386149E-05
  -10.0000  6.6668628E-03  3.1370078E-03  7.8067952E-03
  -9.00000  6.7806241E-05  2.2258848E-05  9.3347750E-06
  -8.00000  1.2436630E-04  3.6799133E-04  3.6312644E-05
  -7.00000  4.6231457E-04  9.0959506E-05  7.1708106E-06
  -6.00000  5.5481874E-04  5.6416430E-05  7.1952638E-05
  -5.00000  1.0226075E-03  3.4721046E-04  5.5730452E-04
  -4.00000  4.8392190E-02  1.4826044E-03  1.2783106E-04
  -3.00000  1.1942995E-03  2.9829590E-02  1.1460018E-03
  -2.00000  6.1076166E-04  2.9801380E-03  4.7911809E-04
  -1.00000  3.4586497E-04  1.4353587E-03  1.3432431E-04
   0.00000  8.5047392E-03  6.3692566E-03  5.1613186E-03
   1.00000  3.4800314E-04  9.7600472E-04  2.0439073E-04
   2.00000  3.7870526E-04  1.0946316E-03  2.8650534E-04
   3.00000  5.2329015E-04  1.5401816E-03  5.2139666E-04
   4.00000  7.9254969E-04  2.5157571E-03  1.0933798E-03
   5.00000  1.1903223E-03  4.1421043E-03  3.0003529E-03
   5.20000  1.2784154E-03  4.6313452E-03  3.9177430E-03
   5.40000  1.3658417E-03  5.2452091E-03  5.2695074E-03
   5.60000  1.4501637E-03  6.0553279E-03  7.3010921E-03
   5.80000  1.5285117E-03  7.1709029E-03  1.0332521E-02
   6.00000  1.5994072E-03  8.7102212E-03  1.4510065E-02
   6.20000  1.6595141E-03  1.0564864E-02  1.8998538E-02
   6.40000  1.7188068E-03  1.2204237E-02  2.1364170E-02
   6.60000  1.8152154E-03  1.3102784E-02  2.0119299E-02
   6.80000  2.0477679E-03  1.3496173E-02  1.6963059E-02
   7.00000  2.5732913E-03  1.3901022E-02  1.3937692E-02
   7.20000  3.4151443E-03  1.4573102E-02  1.1727899E-02
   7.40000  4.2610218E-03  1.5615169E-02  1.0277380E-02
   7.60000  4.8798896E-03  1.7083963E-02  9.3846328E-03
   7.80000  5.3563775E-03  1.9034866E-02  8.8960477E-03
   8.00000  5.8499251E-03  2.1586522E-02  8.7181638E-03
   8.20000  6.4247812E-03  2.4855458E-02  8.8119174E-03
   8.40000  7.1450796E-03  2.9014486E-02  9.1712881E-03
   8.60000  8.0043562E-03  3.3920135E-02  9.8298910E-03
   8.80000  8.8644995E-03  3.8927573E-02  1.0859257E-02
   9.00000  9.6243860E-03  4.4021443E-02  1.2349534E-02
   9.20000  1.0431895E-02  5.0394962E-02  1.4388910E-02
   9.40000  1.1465535E-02  5.9117203E-02  1.7048317E-02
   9.60000  1.2745785E-02  6.9987746E-02  2.0333794E-02
   9.80000  1.4497249E-02  8.4459496E-02  2.4145169E-02
   10.0000  1.6705095E-02  1.0048506E-01  2.8251521E-02
   10.2500  2.0233561E-02  1.1723074E-01  3.3416895E-02
   10.5000  2.4749528E-02  1.2095427E-01  3.8325076E-02
   10.7500  3.0269220E-02  1.0840194E-01  4.2784235E-02
   11.0000  3.6469358E-02  8.7788074E-02  4.6675187E-02
   11.2500  4.2453733E-02  6.8199386E-02  5.0039457E-02
   11.5000  4.6508820E-02  5.3056941E-02  5.1665704E-02
   11.7500  4.8412442E-02  4.2386906E-02  5.4663635E-02
   12.0000  4.7906936E-02  3.5054310E-02  5.7116303E-02
   12.2500  4.5997861E-02  3.0024644E-02  5.8849463E-02
   12.5000  4.3753258E-02  2.6522527E-02  5.9653269E-02
   12.7500  4.1838838E-02  2.4005598E-02  5.9383366E-02
   13.0000  4.0529753E-02  2.2109706E-02  5.8058741E-02
   13.2500  3.9697755E-02  2.0515782E-02  5.5585487E-02
   13.5000  3.9301852E-02  1.9293965E-02  5.2563644E-02
   13.7500  3.9729841E-02  1.8216415E-02  4.9682691E-02
   14.0000  4.0581631E-02  1.7305914E-02  4.6928271E-02
   14.2500  4.1763634E-02  1.6539263E-02  4.4485918E-02
   14.5000  4.3183488E-02  1.5899808E-02  4.2451993E-02
   14.7500  4.4749165E-02  1.5372817E-02  4.0861142E-02
   15.0000  4.6369488E-02  1.4946184E-02  3.9710032E-02
   15.2500  4.7961910E-02  1.4609495E-02  3.8973794E-02
   15.5000  4.9436310E-02  1.4355216E-02  3.8611895E-02
   15.7500  5.0721739E-02  1.4177940E-02  3.8576835E-02
   16.0000  5.1751577E-02  1.4073901E-02  3.8807995E-02
   16.2500  5.2468978E-02  1.4040974E-02  3.9233450E-02
   16.5000  5.2830477E-02  1.4077404E-02  3.9768587E-02
   16.7500  5.2808542E-02  1.4181190E-02  4.0319569E-02
   17.0000  5.2401535E-02  1.4350352E-02  4.0791990E-02
   17.2500  5.1633555E-02  1.4581981E-02  4.1099752E-02
   17.5000  5.0555137E-02  1.4872343E-02  4.1179675E-02
   17.7500  4.9243034E-02  1.5217925E-02  4.0998828E-02
   18.0000  4.7791968E-02  1.5615175E-02  4.0558201E-02
   18.2500  4.6301748E-02  1.6060801E-02  3.9890820E-02
   18.5000  4.4866374E-02  1.6552437E-02  3.9048839E-02
   18.7500  4.3564679E-02  1.7088385E-02  3.8092269E-02
   19.0000  4.2455072E-02  1.7667725E-02  3.7079974E-02
   19.2500  4.1574757E-02  1.8290138E-02  3.6062289E-02
   19.5000  4.0942749E-02  1.8955201E-02  3.5077568E-02
   19.7500  4.0562190E-02  1.9663195E-02  3.4152607E-02
   20.0000  4.0424967E-02  2.0414059E-02  3.3303223E-02
   21.0000  4.1930192E-02  2.3842447E-02  3.0724556E-02
   22.0000  4.5018431E-02  2.7881773E-02  2.9246636E-02
   23.0000  4.6001949E-02  3.2287260E-02  2.8571201E-02
   24.0000  4.1869027E-02  3.6902458E-02  2.8592046E-02
   25.0000  3.5891374E-02  3.9648428E-02  2.9125193E-02
   26.0000  3.0507961E-02  4.0410618E-02  2.9658824E-02
   27.0000  2.6828138E-02  3.9434094E-02  2.9714076E-02
   28.0000  2.4701125E-02  3.7548053E-02  2.9292624E-02
   29.0000  2.3611839E-02  3.5476705E-02  2.8727412E-02
   30.0000  2.3139702E-02  3.3609801E-02  2.8317546E-02
   31.0000  2.3007758E-02  3.2083334E-02  2.8114098E-02
   32.0000  2.3031454E-02  3.0894221E-02  2.8040990E-02
   33.0000  2.3069783E-02  2.9961429E-02  2.7985562E-02
   34.0000  2.3013721E-02  2.9174683E-02  2.7847614E-02
   35.0000  2.2788776E-02  2.8426504E-02  2.7524277E-02
   36.0000  2.2369003E-02  2.7629963E-02  2.6910928E-02
   37.0000  2.1795913E-02  2.6708520E-02  2.5909205E-02
   38.0000  2.1158382E-02  2.5584932E-02  2.4469055E-02
   39.0000  2.0534621E-02  2.4226834E-02  2.2637099E-02
   40.0000  1.9955961E-02  2.2714932E-02  2.0622227E-02
