  7709.000   27  1  1  1.9222038E-02 -5.0924220E+00 -4.1249579E-01  1  1  7.5663322E+03  8.0000000E+03  0.0000000E+00  1.1792254E+00  1.0000000E+00  0.0000000E+00  = E_edge, Z, n_edge, j_edge, Abs_before_edge, VO_interstitial, E_cut, ninit, ninit1, Epsii, UnitCell_Volume, Surface_ref, f0_forward, natomsym_f, abs_u_iso
    Energy   (100,001)      (010,001)      (001,110)   
  -25.0000  8.5979812E-09  3.4872792E-10  1.0851243E-09
  -24.0000  2.4096462E-08  6.5051757E-10  2.5817949E-09
  -23.0000  8.3216996E-08  1.2828147E-09  6.9884956E-09
  -22.0000  4.3837346E-07  2.8246243E-09  2.3486331E-08
  -21.0000  1.1371306E-05  2.0718412E-08  1.9266839E-07
  -20.0000  6.8297162E-06  4.1324782E-08  2.3728224E-06
  -19.0000  2.0882364E-06  4.2165587E-08  2.1180215E-06
  -18.0000  1.6982478E-06  6.5968415E-08  5.5996185E-07
  -17.0000  2.1101993E-06  2.1335931E-07  4.4349087E-07
  -16.0000  3.7403776E-06  1.1117397E-06  5.5725100E-07
  -15.0000  1.2568227E-05  7.3171614E-05  1.9586871E-06
  -14.0000  2.4112608E-04  2.0231228E-05  1.9770538E-06
  -13.0000  5.3403346E-07  4.3386625E-06  9.0886237E-06
  -12.0000  1.1910330E-04  4.1294731E-06  1.1705508E-03
  -11.0000  3.7416184E-05  3.4254831E-06  1.1960125E-05
  -10.0000  2.5886507E-03  5.3839243E-05  6.0063389E-05
  -9.00000  6.0432976E-04  1.8943961E-05  8.8249383E-06
  -8.00000  1.4969795E-04  2.8010779E-04  1.6002628E-04
  -7.00000  2.2032902E-03  2.0385822E-04  2.1361024E-03
  -6.00000  4.9776975E-04  4.6819333E-05  1.3603442E-04
  -5.00000  1.4036543E-03  3.3531393E-04  3.0752136E-04
  -4.00000  1.5500960E-02  3.5954800E-04  2.8031258E-03
  -3.00000  3.6267833E-03  1.7826190E-01  2.3724944E-02
  -2.00000  7.3084943E-04  3.3676080E-03  8.8710102E-04
  -1.00000  3.6233918E-04  1.4635373E-03  2.4066048E-04
   0.00000  3.4968288E-04  2.6484973E-03  3.6358601E-04
   1.00000  7.1722367E-04  9.5034916E-04  4.1606671E-04
   2.00000  3.4329791E-04  9.6621728E-04  2.5203411E-04
   3.00000  4.6025476E-04  1.2802728E-03  3.5384159E-04
   4.00000  7.2286874E-04  2.0719966E-03  5.8032802E-04
   5.00000  1.1503012E-03  3.4640587E-03  1.1965067E-03
   5.20000  1.2508432E-03  3.8174663E-03  1.4536993E-03
   5.40000  1.3543030E-03  4.2112581E-03  1.8093654E-03
   5.60000  1.4598905E-03  4.6496873E-03  2.3158416E-03
   5.80000  1.5669186E-03  5.1604363E-03  3.0596892E-03
   6.00000  1.6752662E-03  5.7816585E-03  4.1806314E-03
   6.20000  1.7855107E-03  6.5767339E-03  5.8968213E-03
   6.40000  1.8988861E-03  7.6397403E-03  8.4981970E-03
   6.60000  2.0176871E-03  9.0640047E-03  1.2174604E-02
   6.80000  2.1458937E-03  1.0801116E-02  1.6447088E-02
   7.00000  2.2913199E-03  1.2477054E-02  1.9624801E-02
   7.20000  2.4632212E-03  1.3631369E-02  2.0076950E-02
   7.40000  2.6585937E-03  1.4272917E-02  1.8304659E-02
   7.60000  2.8553079E-03  1.4751669E-02  1.5886242E-02
   7.80000  3.0815604E-03  1.5372966E-02  1.3762161E-02
   8.00000  3.4013848E-03  1.6281839E-02  1.2178043E-02
   8.20000  3.8561391E-03  1.7568107E-02  1.1087970E-02
   8.40000  4.4526933E-03  1.9326496E-02  1.0379188E-02
   8.60000  5.1473137E-03  2.1689786E-02  9.9460776E-03
   8.80000  5.8770336E-03  2.4864552E-02  9.7089647E-03
   9.00000  6.6053456E-03  2.9158475E-02  9.6132758E-03
   9.20000  7.3304877E-03  3.5053117E-02  9.6335716E-03
   9.40000  8.0642176E-03  4.3215580E-02  9.7677881E-03
   9.60000  8.8247744E-03  5.4375371E-02  1.0038231E-02
   9.80000  9.6311337E-03  6.8814850E-02  1.0491767E-02
   10.0000  1.0495752E-02  8.5653036E-02  1.1197074E-02
   10.2500  1.1664062E-02  1.0561466E-01  1.2544212E-02
   10.5000  1.2956297E-02  1.2356357E-01  1.4458084E-02
   10.7500  1.4391723E-02  1.2959921E-01  1.6806826E-02
   11.0000  1.6009580E-02  1.1830302E-01  1.9328519E-02
   11.2500  1.7854412E-02  9.7268547E-02  2.1889434E-02
   11.5000  1.9962292E-02  7.6405751E-02  2.4526255E-02
   11.7500  2.2284634E-02  5.9709511E-02  2.7122638E-02
   12.0000  2.4895582E-02  4.7526958E-02  3.0060689E-02
   12.2500  2.7667267E-02  3.8777716E-02  3.3139732E-02
   12.5000  3.0464899E-02  3.2462235E-02  3.6309851E-02
   12.7500  3.3116630E-02  2.7842186E-02  3.9477532E-02
   13.0000  3.5452420E-02  2.4414424E-02  4.2496076E-02
   13.2500  3.7301506E-02  2.2105910E-02  4.5881477E-02
   13.5000  3.8530063E-02  2.0107830E-02  4.7929054E-02
   13.7500  3.9118815E-02  1.8572516E-02  4.9615055E-02
   14.0000  3.9559541E-02  1.7371274E-02  4.9834946E-02
   14.2500  3.9759594E-02  1.6423090E-02  4.9180645E-02
   14.5000  3.9818986E-02  1.5664590E-02  4.7851964E-02
   14.7500  3.9824832E-02  1.5051312E-02  4.6120857E-02
   15.0000  3.9853633E-02  1.4553183E-02  4.4264250E-02
   15.2500  3.9946391E-02  1.4149544E-02  4.2505891E-02
   15.5000  4.0150574E-02  1.3829505E-02  4.1015537E-02
   15.7500  4.0497337E-02  1.3586443E-02  3.9899585E-02
   16.0000  4.1008325E-02  1.3415924E-02  3.9215919E-02
   16.2500  4.1695271E-02  1.3315901E-02  3.8988221E-02
   16.5000  4.2560990E-02  1.3284709E-02  3.9214153E-02
   16.7500  4.3598776E-02  1.3322106E-02  3.9867299E-02
   17.0000  4.4790198E-02  1.3428139E-02  4.0892732E-02
   17.2500  4.6100899E-02  1.3603110E-02  4.2198948E-02
   17.5000  4.7479408E-02  1.3847917E-02  4.3653180E-02
   17.7500  4.8855558E-02  1.4162906E-02  4.5085462E-02
   18.0000  5.0139734E-02  1.4549070E-02  4.6309167E-02
   18.2500  5.1227349E-02  1.5006162E-02  4.7160914E-02
   18.5000  5.2016186E-02  1.5532452E-02  4.7539296E-02
   18.7500  5.2419398E-02  1.6125789E-02  4.7430782E-02
   19.0000  5.2386092E-02  1.6782350E-02  4.6898374E-02
   19.2500  5.1919491E-02  1.7498781E-02  4.6056366E-02
   19.5000  5.1073576E-02  1.8270376E-02  4.5030185E-02
   19.7500  4.9944421E-02  1.9093643E-02  4.3931246E-02
   20.0000  4.8650171E-02  1.9965140E-02  4.2844433E-02
   21.0000  4.3870484E-02  2.3845405E-02  3.9358745E-02
   22.0000  4.1861625E-02  2.8114315E-02  3.7343828E-02
   23.0000  4.2140962E-02  3.2381933E-02  3.6040415E-02
   24.0000  4.3148018E-02  3.6195180E-02  3.4854841E-02
   25.0000  4.3689687E-02  3.9044200E-02  3.3670044E-02
   26.0000  4.2196609E-02  4.0577900E-02  3.2389114E-02
   27.0000  3.9050601E-02  4.0290992E-02  3.1183258E-02
   28.0000  3.5089626E-02  3.8853474E-02  2.9970426E-02
   29.0000  3.1790375E-02  3.6835764E-02  2.8960839E-02
   30.0000  2.9707709E-02  3.4728295E-02  2.8436628E-02
   31.0000  2.8611480E-02  3.2825293E-02  2.8457383E-02
   32.0000  2.8102753E-02  3.1242135E-02  2.8802763E-02
   33.0000  2.7875244E-02  2.9988927E-02  2.9186179E-02
   34.0000  2.7726333E-02  2.8994761E-02  2.9436050E-02
   35.0000  2.7509277E-02  2.8144599E-02  2.9503377E-02
   36.0000  2.7104615E-02  2.7336368E-02  2.9399220E-02
   37.0000  2.6389899E-02  2.6497543E-02  2.9121825E-02
   38.0000  2.5280411E-02  2.5584194E-02  2.8641140E-02
   39.0000  2.3810870E-02  2.4564098E-02  2.7900367E-02
   40.0000  2.2155210E-02  2.3409964E-02  2.6832050E-02
