  7709.000   27  1  1  1.9222038E-02 -5.0203166E+00 -3.8635974E-01  1  1  7.5665246E+03  8.0000000E+03  0.0000000E+00  1.1792254E+00  1.0000000E+00  0.0000000E+00  = E_edge, Z, n_edge, j_edge, Abs_before_edge, VO_interstitial, E_cut, ninit, ninit1, Epsii, UnitCell_Volume, Surface_ref, f0_forward, natomsym_f, abs_u_iso
    Energy   (100,001)      (010,001)      (001,110)   
  -25.0000  3.9757839E-09  3.5393895E-10  9.7710331E-10
  -24.0000  9.6308487E-09  6.4832696E-10  2.1806660E-09
  -23.0000  2.6234504E-08  1.2400126E-09  5.3400770E-09
  -22.0000  8.5905595E-08  2.5137816E-09  1.4970457E-08
  -21.0000  3.9930290E-07  5.5940283E-09  5.2445071E-08
  -20.0000  6.0845833E-06  1.5719901E-08  2.9400329E-07
  -19.0000  3.8687377E-05  2.3505649E-07  1.2568252E-05
  -18.0000  4.2099537E-06  9.4261942E-08  2.9003336E-06
  -17.0000  3.0305757E-06  1.9499875E-07  1.0388870E-06
  -16.0000  3.8858925E-06  8.7416846E-07  9.1582553E-07
  -15.0000  9.5896452E-06  1.3215195E-05  1.3960712E-06
  -14.0000  3.3099507E-04  2.5233783E-05  2.1267630E-06
  -13.0000  3.6397693E-07  5.0327780E-06  5.5530191E-06
  -12.0000  4.1133556E-06  3.6337705E-06  6.3798729E-05
  -11.0000  1.9376321E-05  3.1126554E-06  5.0310559E-05
  -10.0000  1.2899944E-04  4.2843566E-06  1.0173087E-05
  -9.00000  8.7705342E-03  8.1065828E-05  1.2447674E-04
  -8.00000  1.1701324E-02  1.0135716E-04  8.2227937E-05
  -7.00000  4.4373671E-04  8.1216855E-05  1.6736864E-04
  -6.00000  1.2574740E-03  4.7098928E-05  9.1412360E-04
  -5.00000  4.6859831E-03  2.3965386E-04  9.4778585E-03
  -4.00000  5.2618412E-03  8.7721416E-04  8.3453290E-05
  -3.00000  8.2749328E-04  2.6833964E-01  4.6948841E-03
  -2.00000  4.7816301E-04  4.4273347E-03  8.2685314E-04
  -1.00000  2.8017320E-04  1.6366895E-03  1.8312689E-04
   0.00000  1.2129900E-03  1.2792406E-03  3.5563676E-04
   1.00000  8.7609507E-04  9.7017590E-04  8.1265928E-04
   2.00000  5.0627589E-04  1.0915314E-03  3.5831636E-04
   3.00000  7.5753921E-04  1.5314596E-03  4.9138837E-04
   4.00000  1.2554251E-03  2.6607498E-03  7.9351491E-04
   5.00000  1.8905666E-03  4.6871474E-03  1.6843987E-03
   5.20000  1.9977317E-03  5.2047769E-03  2.1085816E-03
   5.40000  2.0839171E-03  5.7837010E-03  2.7460243E-03
   5.60000  2.2003706E-03  6.4637183E-03  3.7323350E-03
   5.80000  2.5270330E-03  7.3230136E-03  5.2096457E-03
   6.00000  3.2215440E-03  8.4392164E-03  7.0190764E-03
   6.20000  3.9757937E-03  9.6893052E-03  8.2238065E-03
   6.40000  4.4522167E-03  1.0737750E-02  8.0901609E-03
   6.60000  4.7231519E-03  1.1522580E-02  7.3251896E-03
   6.80000  4.9343681E-03  1.2244868E-02  6.6845588E-03
   7.00000  5.1488096E-03  1.2915198E-02  6.2293887E-03
   7.20000  5.3868234E-03  1.3559456E-02  5.6880680E-03
   7.40000  5.6611760E-03  1.4226904E-02  5.0879229E-03
   7.60000  5.9827969E-03  1.4908860E-02  4.7182146E-03
   7.80000  6.3620275E-03  1.5667576E-02  4.4599510E-03
   8.00000  6.8079499E-03  1.6650390E-02  4.2053463E-03
   8.20000  7.3323373E-03  1.7947213E-02  3.9770146E-03
   8.40000  7.9510709E-03  1.9595839E-02  3.8098486E-03
   8.60000  8.6794827E-03  2.1628857E-02  3.7178382E-03
   8.80000  9.5290621E-03  2.4077342E-02  3.7045820E-03
   9.00000  1.0506441E-02  2.6966057E-02  3.7696113E-03
   9.20000  1.1609764E-02  3.0341988E-02  3.9133497E-03
   9.40000  1.2825237E-02  3.4274585E-02  4.1388391E-03
   9.60000  1.4123818E-02  3.8856916E-02  4.4537819E-03
   9.80000  1.5460241E-02  4.4184915E-02  4.8700730E-03
   10.0000  1.6771089E-02  5.0323431E-02  5.4035028E-03
   10.2500  1.8256012E-02  5.9084078E-02  6.2621818E-03
   10.5000  1.9444246E-02  6.8581836E-02  7.3603201E-03
   10.7500  2.0294069E-02  7.7596910E-02  8.7014711E-03
   11.0000  2.0908932E-02  8.4185756E-02  1.0242925E-02
   11.2500  2.1463987E-02  8.6441701E-02  1.1900364E-02
   11.5000  2.1902149E-02  8.3805608E-02  1.3447678E-02
   11.7500  2.2544773E-02  7.7039419E-02  1.5139454E-02
   12.0000  2.3197996E-02  6.8369166E-02  1.6886979E-02
   12.2500  2.3832426E-02  5.9519467E-02  1.8756151E-02
   12.5000  2.3800645E-02  5.1491884E-02  2.0803802E-02
   12.7500  2.4712439E-02  4.4643692E-02  2.2511108E-02
   13.0000  2.5507220E-02  3.9232485E-02  2.4425525E-02
   13.2500  2.6327992E-02  3.4699093E-02  2.6899413E-02
   13.5000  2.7265280E-02  3.1042852E-02  2.9435662E-02
   13.7500  2.8331936E-02  2.8108165E-02  3.1912227E-02
   14.0000  2.9529241E-02  2.5756111E-02  3.4197610E-02
   14.2500  3.0851659E-02  2.3868752E-02  3.6178823E-02
   14.5000  3.2290561E-02  2.2348363E-02  3.7789061E-02
   14.7500  3.3836158E-02  2.1115442E-02  3.9020348E-02
   15.0000  3.5484515E-02  2.0111597E-02  3.9923076E-02
   15.2500  3.7214297E-02  1.9283064E-02  4.0585800E-02
   15.5000  3.9013582E-02  1.8600963E-02  4.1124818E-02
   15.7500  4.0855879E-02  1.8044309E-02  4.1662053E-02
   16.0000  4.2699070E-02  1.7599978E-02  4.2310689E-02
   16.2500  4.4485681E-02  1.7260706E-02  4.3170416E-02
   16.5000  4.6144704E-02  1.7020686E-02  4.4320308E-02
   16.7500  4.7595431E-02  1.6876437E-02  4.5817669E-02
   17.0000  4.8756896E-02  1.6823992E-02  4.7693488E-02
   17.2500  4.9556569E-02  1.6860165E-02  4.9948277E-02
   17.5000  4.9940417E-02  1.6981305E-02  5.2541138E-02
   17.7500  4.9883341E-02  1.7182967E-02  5.5375868E-02
   18.0000  4.9393358E-02  1.7461125E-02  5.8294622E-02
   18.2500  4.8511620E-02  1.7811259E-02  6.1077307E-02
   18.5000  4.7308851E-02  1.8229242E-02  6.3462813E-02
   18.7500  4.5875285E-02  1.8709725E-02  6.5202245E-02
   19.0000  4.4312001E-02  1.9247137E-02  6.6113364E-02
   19.2500  4.2715839E-02  1.9836938E-02  6.6127442E-02
   19.5000  4.1172262E-02  2.0475693E-02  6.5304765E-02
   19.7500  3.9748815E-02  2.1159197E-02  6.3805659E-02
   20.0000  3.8494608E-02  2.1883303E-02  6.1838389E-02
   21.0000  3.5564814E-02  2.5133098E-02  5.2841376E-02
   22.0000  3.5794389E-02  2.8775723E-02  4.5851218E-02
   23.0000  3.8028713E-02  3.2427101E-02  4.1253143E-02
   24.0000  4.0754429E-02  3.5517917E-02  3.8083201E-02
   25.0000  4.3053228E-02  3.7589773E-02  3.5708954E-02
   26.0000  4.4527256E-02  3.8574924E-02  3.3771031E-02
   27.0000  4.4522784E-02  3.8626973E-02  3.1941546E-02
   28.0000  4.2424028E-02  3.7895456E-02  3.0056622E-02
   29.0000  3.8642287E-02  3.6600250E-02  2.8330343E-02
   30.0000  3.3931234E-02  3.4845379E-02  2.7021141E-02
   31.0000  3.0862791E-02  3.3384043E-02  2.6430879E-02
   32.0000  2.8818245E-02  3.2147471E-02  2.6235505E-02
   33.0000  2.7580226E-02  3.1176238E-02  2.6247956E-02
   34.0000  2.6884925E-02  3.0420377E-02  2.6345465E-02
   35.0000  2.6526041E-02  2.9786809E-02  2.6460684E-02
   36.0000  2.6354354E-02  2.9163779E-02  2.6545460E-02
   37.0000  2.6258729E-02  2.8443527E-02  2.6556214E-02
   38.0000  2.6146429E-02  2.7529450E-02  2.6453295E-02
   39.0000  2.5938218E-02  2.6360898E-02  2.6198109E-02
   40.0000  2.5566269E-02  2.4927022E-02  2.5758937E-02
