  7709.000   27  1  1  1.9222038E-02 -4.6651410E+00 -3.6863990E-01  1  1  7.5663618E+03  8.0000000E+03  0.0000000E+00  1.1792254E+00  1.0000000E+00  0.0000000E+00  = E_edge, Z, n_edge, j_edge, Abs_before_edge, VO_interstitial, E_cut, ninit, ninit1, Epsii, UnitCell_Volume, Surface_ref, f0_forward, natomsym_f, abs_u_iso
    Energy   (100,001)      (010,001)      (001,110)   
  -25.0000  7.6047498E-09  3.5435580E-10  9.1585646E-10
  -24.0000  2.0127691E-08  6.5399511E-10  2.1032605E-09
  -23.0000  6.2550704E-08  1.2671489E-09  5.4094812E-09
  -22.0000  2.5748361E-07  2.6478725E-09  1.6795986E-08
  -21.0000  2.0801967E-06  6.8446991E-09  8.4558466E-08
  -20.0000  4.2060668E-04  1.2354611E-07  6.5449237E-06
  -19.0000  1.2832553E-05  3.0271449E-06  1.4656355E-04
  -18.0000  3.7067439E-06  7.6361436E-08  1.2848849E-06
  -17.0000  4.5039897E-06  1.9440669E-07  7.0227512E-07
  -16.0000  1.0178228E-05  8.8941404E-07  9.5611676E-07
  -15.0000  2.0946962E-04  1.5386189E-05  5.4453344E-05
  -14.0000  6.4030352E-06  2.4139078E-05  3.0771666E-06
  -13.0000  6.2719072E-07  4.9775641E-06  6.6184806E-06
  -12.0000  4.3341848E-06  3.8859548E-06  1.2513431E-04
  -11.0000  2.8087622E-05  2.9973370E-06  3.6387367E-05
  -10.0000  3.9748501E-04  5.1712081E-06  1.4466316E-05
  -9.00000  2.4908765E-03  6.2300021E-05  4.0842107E-05
  -8.00000  4.1623110E-04  8.8582237E-05  1.0947525E-03
  -7.00000  1.5522013E-02  7.9085670E-03  4.0635243E-02
  -6.00000  1.4776191E-03  4.1235165E-05  7.1082241E-04
  -5.00000  6.2913901E-02  3.7154726E-04  4.8756055E-03
  -4.00000  4.9589575E-03  7.4477558E-04  2.3340161E-04
  -3.00000  1.9941067E-03  1.6829654E-01  3.0202721E-03
  -2.00000  6.4572888E-04  3.9863440E-03  7.3667232E-04
  -1.00000  3.1667836E-04  1.5557640E-03  1.9981882E-04
   0.00000  4.4987036E-04  1.2228770E-03  6.6814012E-04
   1.00000  1.7791291E-03  1.1001023E-03  8.8017981E-04
   2.00000  4.9148224E-04  1.0624079E-03  3.6358158E-04
   3.00000  6.2130814E-04  1.4757933E-03  5.2450405E-04
   4.00000  9.2392605E-04  2.5205740E-03  9.0932742E-04
   5.00000  1.3227478E-03  4.2881048E-03  2.0326323E-03
   5.20000  1.4034570E-03  4.7231031E-03  2.5243650E-03
   5.40000  1.4824725E-03  5.1978131E-03  3.2155092E-03
   5.60000  1.5575324E-03  5.7270059E-03  4.2119222E-03
   5.80000  1.6239094E-03  6.3340436E-03  5.6771216E-03
   6.00000  1.6719447E-03  7.0509588E-03  7.8466321E-03
   6.20000  1.6936803E-03  7.9069517E-03  1.0967856E-02
   6.40000  1.7071970E-03  8.8805088E-03  1.4939885E-02
   6.60000  1.7787854E-03  9.8134643E-03  1.8540708E-02
   6.80000  2.0066112E-03  1.0478788E-02  1.9659743E-02
   7.00000  2.3797447E-03  1.0922971E-02  1.7838254E-02
   7.20000  2.7163839E-03  1.1344657E-02  1.4752205E-02
   7.40000  2.9422988E-03  1.1937800E-02  1.1877167E-02
   7.60000  3.1087702E-03  1.2778073E-02  9.6941294E-03
   7.80000  3.2551327E-03  1.3882094E-02  8.1539045E-03
   8.00000  3.3980722E-03  1.5263291E-02  7.0942650E-03
   8.20000  3.5553505E-03  1.6938329E-02  6.3975216E-03
   8.40000  3.7413565E-03  1.8936571E-02  5.9993976E-03
   8.60000  3.9616731E-03  2.1306054E-02  5.8592203E-03
   8.80000  4.2189733E-03  2.4118582E-02  5.9563170E-03
   9.00000  4.5163836E-03  2.7477704E-02  6.2914370E-03
   9.20000  4.8584227E-03  3.1524865E-02  6.8833222E-03
   9.40000  5.2494097E-03  3.6414057E-02  7.7563576E-03
   9.60000  5.6941519E-03  4.2322558E-02  8.9281139E-03
   9.80000  6.1967123E-03  4.9412353E-02  1.0387493E-02
   10.0000  6.7598321E-03  5.7780591E-02  1.2072686E-02
   10.2500  7.5450829E-03  6.9902683E-02  1.4296794E-02
   10.5000  8.4041403E-03  8.2976288E-02  1.6316052E-02
   10.7500  9.3194275E-03  9.4754548E-02  1.7837523E-02
   11.0000  1.0300394E-02  1.0179844E-01  1.8831462E-02
   11.2500  1.1392492E-02  1.0131089E-01  1.9491288E-02
   11.5000  1.2653383E-02  9.3548213E-02  2.0048625E-02
   11.7500  1.4112070E-02  8.1427062E-02  2.0571902E-02
   12.0000  1.5829379E-02  6.8550526E-02  2.0912141E-02
   12.2500  1.7745698E-02  5.7352379E-02  2.1999656E-02
   12.5000  1.9828888E-02  4.8169506E-02  2.3315071E-02
   12.7500  2.2001808E-02  4.0931314E-02  2.4844647E-02
   13.0000  2.4171070E-02  3.5314669E-02  2.6549628E-02
   13.2500  2.6218102E-02  3.0975570E-02  2.7964216E-02
   13.5000  2.8131019E-02  2.7605343E-02  2.9886184E-02
   13.7500  2.9509948E-02  2.5167513E-02  3.1922742E-02
   14.0000  3.0816323E-02  2.3154666E-02  3.3699926E-02
   14.2500  3.2148339E-02  2.1488831E-02  3.5148309E-02
   14.5000  3.3365685E-02  2.0148100E-02  3.6272078E-02
   14.7500  3.4512272E-02  1.9057362E-02  3.7082426E-02
   15.0000  3.5633413E-02  1.8161306E-02  3.7638324E-02
   15.2500  3.6772101E-02  1.7420671E-02  3.8033830E-02
   15.5000  3.7967240E-02  1.6809710E-02  3.8379089E-02
   15.7500  3.9235629E-02  1.6308586E-02  3.8779526E-02
   16.0000  4.0597266E-02  1.5906957E-02  3.9334368E-02
   16.2500  4.2054718E-02  1.5597514E-02  4.0123382E-02
   16.5000  4.3599452E-02  1.5374107E-02  4.1207935E-02
   16.7500  4.5208334E-02  1.5232051E-02  4.2624861E-02
   17.0000  4.6846526E-02  1.5167066E-02  4.4379982E-02
   17.2500  4.8464570E-02  1.5176446E-02  4.6445183E-02
   17.5000  5.0000863E-02  1.5256910E-02  4.8742515E-02
   17.7500  5.1385722E-02  1.5405789E-02  5.1135501E-02
   18.0000  5.2546097E-02  1.5620626E-02  5.3431101E-02
   18.2500  5.3413249E-02  1.5898944E-02  5.5399220E-02
   18.5000  5.3935112E-02  1.6238159E-02  5.6811952E-02
   18.7500  5.4083929E-02  1.6636403E-02  5.7502417E-02
   19.0000  5.3866976E-02  1.7091368E-02  5.7410173E-02
   19.2500  5.3322443E-02  1.7601541E-02  5.6591108E-02
   19.5000  5.2517123E-02  1.8165094E-02  5.5195566E-02
   19.7500  5.1535525E-02  1.8780303E-02  5.3417757E-02
   20.0000  5.0466000E-02  1.9446250E-02  5.1446186E-02
   21.0000  4.6712726E-02  2.2602147E-02  4.4092462E-02
   22.0000  4.5334688E-02  2.6516154E-02  3.9451215E-02
   23.0000  4.5965089E-02  3.1028965E-02  3.7007565E-02
   24.0000  4.6967052E-02  3.5597586E-02  3.5697418E-02
   25.0000  4.7078150E-02  3.9234094E-02  3.4866678E-02
   26.0000  4.5456670E-02  4.1114383E-02  3.4196494E-02
   27.0000  4.1723398E-02  4.1193018E-02  3.3471002E-02
   28.0000  3.6769217E-02  4.0034618E-02  3.2511829E-02
   29.0000  3.2235395E-02  3.8273639E-02  3.1331358E-02
   30.0000  2.9031141E-02  3.6378312E-02  3.0186777E-02
   31.0000  2.7095584E-02  3.4440764E-02  2.9276191E-02
   32.0000  2.6235592E-02  3.2992474E-02  2.8835905E-02
   33.0000  2.5881304E-02  3.1807801E-02  2.8634799E-02
   34.0000  2.5831028E-02  3.0824078E-02  2.8557589E-02
   35.0000  2.5960392E-02  2.9941253E-02  2.8526022E-02
   36.0000  2.6182889E-02  2.9049602E-02  2.8480434E-02
   37.0000  2.6410219E-02  2.8060466E-02  2.8375940E-02
   38.0000  2.6539329E-02  2.6921704E-02  2.8177181E-02
   39.0000  2.6451988E-02  2.5614430E-02  2.7852342E-02
   40.0000  2.6051615E-02  2.4161362E-02  2.7367645E-02
