  7709.000   27  1  1  1.9222038E-02 -4.9728405E+00 -3.4552559E-01  1  1  7.5663763E+03  8.0000000E+03  0.0000000E+00  1.1792254E+00  1.0000000E+00  0.0000000E+00  = E_edge, Z, n_edge, j_edge, Abs_before_edge, VO_interstitial, E_cut, ninit, ninit1, Epsii, UnitCell_Volume, Surface_ref, f0_forward, natomsym_f, abs_u_iso
    Energy   (100,001)      (010,001)      (001,110)   
  -25.0000  7.0501083E-09  3.5709900E-10  9.0320017E-10
  -24.0000  1.8842668E-08  6.6294088E-10  2.0651002E-09
  -23.0000  6.0024427E-08  1.2933813E-09  5.2667685E-09
  -22.0000  2.6371655E-07  2.7522492E-09  1.5890108E-08
  -21.0000  2.7702933E-06  8.7619952E-09  6.5458373E-08
  -20.0000  3.2087440E-05  3.0712951E-08  6.1964969E-07
  -19.0000  4.7688997E-06  1.5166306E-07  1.2048527E-05
  -18.0000  2.3564806E-06  7.4541673E-08  7.9647190E-07
  -17.0000  3.0236206E-06  2.3767454E-07  4.9776662E-07
  -16.0000  7.8860654E-06  1.2837145E-06  6.2412382E-07
  -15.0000  3.0765043E-04  1.0969207E-04  2.4806030E-06
  -14.0000  4.5266290E-07  1.4649388E-05  1.7241434E-06
  -13.0000  9.4298878E-07  4.0730145E-06  6.2166734E-06
  -12.0000  1.0800017E-05  7.6498492E-06  3.2822307E-01
  -11.0000  2.5169402E-05  3.0491915E-06  1.0564479E-05
  -10.0000  3.2535318E-04  2.5036674E-05  3.9766388E-05
  -9.00000  1.0679131E-03  2.0171343E-05  7.5705605E-06
  -8.00000  7.3168502E-05  1.0857916E-03  6.1481962E-04
  -7.00000  3.0061519E-02  3.3420576E-05  4.9656436E-03
  -6.00000  6.5883154E-04  5.1174614E-05  1.0407949E-04
  -5.00000  8.0929201E-03  2.9240661E-04  3.2463996E-03
  -4.00000  4.1933226E-02  1.3371350E-03  1.0686828E-03
  -3.00000  1.1097134E-03  1.6006971E-01  1.4467792E-02
  -2.00000  4.7089732E-04  2.6677256E-03  4.2416085E-04
  -1.00000  2.7820760E-04  1.4694440E-03  1.9632627E-04
   0.00000  5.4562604E-04  2.2859935E-03  5.3085394E-04
   1.00000  3.8811079E-04  1.0110731E-03  2.6677852E-04
   2.00000  3.1344553E-04  1.0097433E-03  2.5304066E-04
   3.00000  4.2521369E-04  1.3190661E-03  3.7490017E-04
   4.00000  6.4664430E-04  2.0937531E-03  6.5502598E-04
   5.00000  9.3090230E-04  3.4001894E-03  1.4066359E-03
   5.20000  9.7175851E-04  3.7078372E-03  1.7024742E-03
   5.40000  9.9855915E-04  4.0290180E-03  2.0921167E-03
   5.60000  1.0155528E-03  4.3648037E-03  2.6085023E-03
   5.80000  1.0520272E-03  4.7215065E-03  3.2901115E-03
   6.00000  1.1860621E-03  5.1150970E-03  4.1712759E-03
   6.20000  1.5189387E-03  5.5769296E-03  5.2569392E-03
   6.40000  2.0420339E-03  6.1467215E-03  6.5247819E-03
   6.60000  2.6051782E-03  6.8747316E-03  7.8841265E-03
   6.80000  3.0953125E-03  7.7983411E-03  9.2196798E-03
   7.00000  3.5055653E-03  8.9339631E-03  1.0437381E-02
   7.20000  3.8792578E-03  1.0288850E-02  1.1497154E-02
   7.40000  4.2462881E-03  1.1870277E-02  1.2454458E-02
   7.60000  4.6304918E-03  1.3685189E-02  1.3368647E-02
   7.80000  5.0568288E-03  1.5741051E-02  1.4286503E-02
   8.00000  5.5584028E-03  1.8037926E-02  1.5237084E-02
   8.20000  6.1490872E-03  2.0603449E-02  1.6271147E-02
   8.40000  6.8351252E-03  2.3354078E-02  1.7416971E-02
   8.60000  7.6311586E-03  2.6331626E-02  1.8757788E-02
   8.80000  8.5503210E-03  2.9572532E-02  2.0209938E-02
   9.00000  9.5957253E-03  3.3102420E-02  2.1289452E-02
   9.20000  1.0766146E-02  3.6997844E-02  2.1381033E-02
   9.40000  1.2079182E-02  4.1586494E-02  2.0769830E-02
   9.60000  1.3572258E-02  4.7406927E-02  2.0484250E-02
   9.80000  1.5288069E-02  5.4967189E-02  2.1179319E-02
   10.0000  1.7272132E-02  6.4234486E-02  2.1929491E-02
   10.2500  2.0201254E-02  7.9708629E-02  2.5724203E-02
   10.5000  2.3712176E-02  9.7942161E-02  3.0759362E-02
   10.7500  2.7870674E-02  1.1471616E-01  3.6701255E-02
   11.0000  3.2668068E-02  1.2211489E-01  4.3059383E-02
   11.2500  3.7930498E-02  1.1483466E-01  4.9262565E-02
   11.5000  4.3165829E-02  9.6400959E-02  5.4585074E-02
   11.7500  4.7541554E-02  7.6348147E-02  5.9616781E-02
   12.0000  5.0665599E-02  5.9744101E-02  6.3071588E-02
   12.2500  5.1958801E-02  4.7165653E-02  6.4695332E-02
   12.5000  5.1504484E-02  3.8050614E-02  6.4386809E-02
   12.7500  4.9799806E-02  3.1530664E-02  6.2229084E-02
   13.0000  4.7469770E-02  2.6850340E-02  5.8576781E-02
   13.2500  4.5032531E-02  2.3446636E-02  5.4036767E-02
   13.5000  4.2633204E-02  2.0909696E-02  4.8285788E-02
   13.7500  4.0692970E-02  1.9060219E-02  4.3180736E-02
   14.0000  3.9351097E-02  1.7586011E-02  3.9399117E-02
   14.2500  3.8455208E-02  1.6431859E-02  3.6241266E-02
   14.5000  3.7987342E-02  1.5515603E-02  3.3701092E-02
   14.7500  3.7916343E-02  1.4780158E-02  3.1734575E-02
   15.0000  3.8209720E-02  1.4186477E-02  3.0287183E-02
   15.2500  3.8837185E-02  1.3708038E-02  2.9310109E-02
   15.5000  3.9754427E-02  1.3325657E-02  2.8757491E-02
   15.7500  4.0920044E-02  1.3027103E-02  2.8598688E-02
   16.0000  4.2277670E-02  1.2803952E-02  2.8808703E-02
   16.2500  4.3755734E-02  1.2650678E-02  2.9363551E-02
   16.5000  4.5263347E-02  1.2564069E-02  3.0235174E-02
   16.7500  4.6691277E-02  1.2542754E-02  3.1381729E-02
   17.0000  4.7915305E-02  1.2585909E-02  3.2738758E-02
   17.2500  4.8811084E-02  1.2693315E-02  3.4216243E-02
   17.5000  4.9271993E-02  1.2864740E-02  3.5701564E-02
   17.7500  4.9230322E-02  1.3099856E-02  3.7070904E-02
   18.0000  4.8678682E-02  1.3397849E-02  3.8210665E-02
   18.2500  4.7674461E-02  1.3757782E-02  3.9039326E-02
   18.5000  4.6330275E-02  1.4178376E-02  3.9524279E-02
   18.7500  4.4790068E-02  1.4658903E-02  3.9681495E-02
   19.0000  4.3199960E-02  1.5197682E-02  3.9560570E-02
   19.2500  4.1685648E-02  1.5792898E-02  3.9231717E-02
   19.5000  4.0340914E-02  1.6443941E-02  3.8769752E-02
   19.7500  3.9222191E-02  1.7149892E-02  3.8240566E-02
   20.0000  3.8355390E-02  1.7909711E-02  3.7695598E-02
   21.0000  3.7221405E-02  2.1470345E-02  3.5932004E-02
   22.0000  3.8441981E-02  2.5776792E-02  3.5178913E-02
   23.0000  3.9872242E-02  3.0559021E-02  3.4996103E-02
   24.0000  3.9865316E-02  3.5232277E-02  3.4663781E-02
   25.0000  3.7430149E-02  3.9475896E-02  3.3632731E-02
   26.0000  3.3878525E-02  4.1395210E-02  3.2181833E-02
   27.0000  3.0440932E-02  4.1605730E-02  3.0440480E-02
   28.0000  2.7977541E-02  4.0505186E-02  2.8722741E-02
   29.0000  2.6446047E-02  3.8660831E-02  2.7421328E-02
   30.0000  2.5666361E-02  3.6578668E-02  2.6796549E-02
   31.0000  2.5361526E-02  3.4606501E-02  2.6770336E-02
   32.0000  2.5269911E-02  3.2917941E-02  2.7024573E-02
   33.0000  2.5239488E-02  3.1555636E-02  2.7248750E-02
   34.0000  2.5168227E-02  3.0433952E-02  2.7253073E-02
   35.0000  2.4985388E-02  2.9446427E-02  2.6959000E-02
   36.0000  2.4633208E-02  2.8502953E-02  2.6327640E-02
   37.0000  2.4049632E-02  2.7542050E-02  2.5324629E-02
   38.0000  2.3207424E-02  2.6530270E-02  2.3942709E-02
   39.0000  2.2149105E-02  2.5420491E-02  2.2249476E-02
   40.0000  2.0995495E-02  2.4164370E-02  2.0425332E-02
