  7709.000   27  1  1  1.9222038E-02 -4.6595173E+00 -3.7815709E-01  1  1  7.5668964E+03  8.0000000E+03  0.0000000E+00  1.1792254E+00  1.0000000E+00  0.0000000E+00  = E_edge, Z, n_edge, j_edge, Abs_before_edge, VO_interstitial, E_cut, ninit, ninit1, Epsii, UnitCell_Volume, Surface_ref, f0_forward, natomsym_f, abs_u_iso
    Energy   (100,001)      (010,001)      (001,110)   
  -25.0000  9.7207653E-09  3.4395612E-10  6.4474131E-10
  -24.0000  2.7417889E-08  6.3472137E-10  1.4380392E-09
  -23.0000  9.5286357E-08  1.2303376E-09  3.5470099E-09
  -22.0000  5.0083271E-07  2.6209998E-09  1.0217891E-08
  -21.0000  1.1250572E-05  1.2472716E-08  4.4237597E-08
  -20.0000  1.0732613E-05  1.7963601E-08  2.6076179E-07
  -19.0000  3.8352153E-04  2.1543597E-04  1.6779668E-02
  -18.0000  3.4361696E-06  7.7169292E-08  8.6280772E-07
  -17.0000  7.2306215E-06  2.3592234E-07  4.9125932E-07
  -16.0000  2.9200901E-03  1.3879134E-06  6.5199312E-06
  -15.0000  1.5135764E-06  1.2246943E-04  1.2275490E-06
  -14.0000  2.4614487E-07  1.3062078E-05  8.7350440E-07
  -13.0000  1.5763436E-06  3.7149522E-06  2.0258306E-06
  -12.0000  7.5061975E-06  2.6350412E-06  2.0202090E-05
  -11.0000  4.3223829E-05  2.8468463E-06  2.3591936E-05
  -10.0000  7.2980234E-03  3.6538305E-03  1.0486917E-02
  -9.00000  2.1090261E-04  1.6814396E-05  5.7680271E-06
  -8.00000  6.4165756E-05  5.1791471E-05  6.6980464E-05
  -7.00000  5.1227640E-04  5.3853981E-05  8.3649268E-06
  -6.00000  6.7197102E-04  1.0123618E-04  3.0176186E-04
  -5.00000  7.6119212E-04  3.6534741E-04  1.7909481E-03
  -4.00000  1.6729127E-02  1.5928640E-03  2.6880799E-04
  -3.00000  4.9277547E-04  2.6816647E-02  5.2562365E-04
  -2.00000  2.8713711E-04  2.4218234E-03  2.6257408E-04
  -1.00000  2.5843039E-04  1.2937278E-03  1.2943001E-04
   0.00000  1.3751617E-03  5.3499278E-03  2.1111897E-03
   1.00000  3.0597925E-04  9.2310543E-04  1.8944937E-04
   2.00000  3.8787315E-04  1.0286850E-03  2.6127537E-04
   3.00000  5.9409109E-04  1.3898889E-03  4.7430784E-04
   4.00000  9.7533691E-04  2.2238313E-03  9.9364820E-04
   5.00000  1.5170686E-03  3.7602371E-03  2.4377126E-03
   5.20000  1.6190791E-03  4.1678847E-03  3.0137479E-03
   5.40000  1.7048833E-03  4.6157910E-03  3.7674130E-03
   5.60000  1.7669717E-03  5.1114786E-03  4.7394335E-03
   5.80000  1.8093253E-03  5.6708686E-03  5.9399139E-03
   6.00000  1.8945827E-03  6.3264223E-03  7.3003060E-03
   6.20000  2.2725615E-03  7.1296175E-03  8.6442004E-03
   6.40000  3.3495248E-03  8.1359301E-03  9.7494784E-03
   6.60000  4.7845403E-03  9.3735858E-03  1.0492644E-02
   6.80000  5.7644964E-03  1.0822590E-02  1.0931096E-02
   7.00000  6.3223228E-03  1.2432095E-02  1.1216575E-02
   7.20000  6.7399350E-03  1.4160246E-02  1.1507626E-02
   7.40000  7.1407697E-03  1.5967417E-02  1.1989768E-02
   7.60000  7.5780757E-03  1.7825834E-02  1.2845384E-02
   7.80000  8.0970164E-03  1.9738498E-02  1.4220460E-02
   8.00000  8.7213568E-03  2.1704289E-02  1.5918965E-02
   8.20000  9.4704435E-03  2.3738123E-02  1.7131115E-02
   8.40000  1.0368998E-02  2.6001426E-02  1.7520911E-02
   8.60000  1.1449763E-02  2.8785921E-02  1.7973365E-02
   8.80000  1.2741745E-02  3.2109946E-02  1.9239516E-02
   9.00000  1.4279254E-02  3.6119297E-02  2.1660167E-02
   9.20000  1.6099150E-02  4.0796837E-02  2.4804787E-02
   9.40000  1.8225585E-02  4.6472789E-02  2.9982673E-02
   9.60000  2.0712681E-02  5.3183366E-02  3.6720948E-02
   9.80000  2.3622776E-02  6.1004130E-02  4.4852348E-02
   10.0000  2.7022811E-02  6.9775512E-02  5.3613479E-02
   10.2500  3.2032110E-02  8.0972155E-02  6.3087949E-02
   10.5000  3.7842196E-02  8.9883441E-02  6.7969472E-02
   10.7500  4.4108075E-02  9.3828553E-02  6.7588626E-02
   11.0000  5.0022345E-02  9.2000693E-02  6.3875152E-02
   11.2500  5.4422556E-02  8.5501850E-02  5.8975790E-02
   11.5000  5.6354137E-02  7.6222211E-02  5.4130037E-02
   11.7500  5.5720074E-02  6.5933495E-02  4.9876414E-02
   12.0000  5.2700693E-02  5.5797181E-02  4.7110182E-02
   12.2500  4.9339577E-02  4.6835794E-02  4.4959771E-02
   12.5000  4.6400621E-02  3.9290320E-02  4.3038216E-02
   12.7500  4.4070972E-02  3.3169837E-02  4.1553298E-02
   13.0000  4.2401442E-02  2.8255342E-02  3.9717243E-02
   13.2500  4.1592770E-02  2.4624338E-02  3.8618830E-02
   13.5000  4.1479385E-02  2.1780876E-02  3.7058234E-02
   13.7500  4.1936589E-02  1.9737051E-02  3.6149013E-02
   14.0000  4.2895352E-02  1.8186130E-02  3.5356008E-02
   14.2500  4.4241374E-02  1.7000200E-02  3.4719865E-02
   14.5000  4.5846446E-02  1.6089772E-02  3.4272243E-02
   14.7500  4.7570081E-02  1.5393236E-02  3.4031762E-02
   15.0000  4.9261469E-02  1.4867323E-02  3.4005587E-02
   15.2500  5.0767028E-02  1.4481653E-02  3.4194962E-02
   15.5000  5.1952868E-02  1.4215113E-02  3.4595222E-02
   15.7500  5.2696082E-02  1.4049213E-02  3.5190328E-02
   16.0000  5.2936343E-02  1.3972903E-02  3.5953669E-02
   16.2500  5.2657987E-02  1.3976298E-02  3.6844166E-02
   16.5000  5.1894684E-02  1.4051737E-02  3.7806731E-02
   16.7500  5.0716314E-02  1.4192628E-02  3.8770639E-02
   17.0000  4.9214999E-02  1.4392707E-02  3.9656323E-02
   17.2500  4.7493953E-02  1.4647298E-02  4.0386345E-02
   17.5000  4.5656767E-02  1.4952918E-02  4.0898178E-02
   17.7500  4.3795761E-02  1.5307613E-02  4.1156145E-02
   18.0000  4.1989495E-02  1.5710301E-02  4.1151367E-02
   18.2500  4.0303721E-02  1.6159962E-02  4.0901909E-02
   18.5000  3.8788826E-02  1.6657546E-02  4.0447545E-02
   18.7500  3.7480163E-02  1.7202580E-02  3.9837470E-02
   19.0000  3.6397371E-02  1.7796247E-02  3.9121717E-02
   19.2500  3.5549177E-02  1.8439008E-02  3.8345341E-02
   19.5000  3.4933710E-02  1.9130929E-02  3.7547612E-02
   19.7500  3.4539155E-02  1.9871657E-02  3.6756587E-02
   20.0000  3.4347997E-02  2.0660184E-02  3.5995069E-02
   21.0000  3.5094201E-02  2.4263073E-02  3.3455757E-02
   22.0000  3.6680337E-02  2.8415227E-02  3.1792786E-02
   23.0000  3.6638056E-02  3.3204727E-02  3.0711573E-02
   24.0000  3.4363725E-02  3.6562344E-02  2.9989554E-02
   25.0000  3.1025934E-02  3.8459767E-02  2.9247060E-02
   26.0000  2.8129783E-02  3.8908752E-02  2.8289085E-02
   27.0000  2.6062785E-02  3.8386741E-02  2.7114607E-02
   28.0000  2.4629874E-02  3.7374103E-02  2.5903331E-02
   29.0000  2.3672391E-02  3.6143678E-02  2.4887053E-02
   30.0000  2.3107397E-02  3.4835654E-02  2.4198268E-02
   31.0000  2.2845257E-02  3.3562170E-02  2.3815633E-02
   32.0000  2.2758570E-02  3.2399243E-02  2.3614101E-02
   33.0000  2.2723360E-02  3.1353778E-02  2.3464682E-02
   34.0000  2.2654671E-02  3.0391075E-02  2.3268474E-02
   35.0000  2.2493127E-02  2.9455578E-02  2.2938409E-02
   36.0000  2.2212346E-02  2.8494504E-02  2.2403354E-02
   37.0000  2.1818161E-02  2.7465199E-02  2.1629299E-02
   38.0000  2.1327632E-02  2.6301763E-02  2.0666627E-02
   39.0000  2.0762508E-02  2.4939835E-02  1.9706787E-02
   40.0000  2.0164234E-02  2.3396197E-02  1.9092719E-02
