  7709.000   27  1  1  1.9222038E-02 -4.6732847E+00 -3.2531643E-01  1  1  7.5662679E+03  8.0000000E+03  0.0000000E+00  1.1792254E+00  1.0000000E+00  0.0000000E+00  = E_edge, Z, n_edge, j_edge, Abs_before_edge, VO_interstitial, E_cut, ninit, ninit1, Epsii, UnitCell_Volume, Surface_ref, f0_forward, natomsym_f, abs_u_iso
    Energy   (100,001)      (010,001)      (001,110)   
  -25.0000  6.3856863E-09  3.4681300E-10  8.9431661E-10
  -24.0000  1.6809574E-08  6.3543479E-10  2.0471116E-09
  -23.0000  5.2187528E-08  1.2160340E-09  5.2405299E-09
  -22.0000  2.1753395E-07  2.4766915E-09  1.6057184E-08
  -21.0000  1.9183239E-06  5.8616287E-09  7.5292212E-08
  -20.0000  1.2082105E-04  2.4667147E-08  9.2042327E-07
  -19.0000  2.0002491E-05  1.8096871E-06  1.6641075E-04
  -18.0000  2.3635989E-06  6.5967511E-08  8.4031955E-07
  -17.0000  2.8239278E-06  2.0135550E-07  5.0555871E-07
  -16.0000  6.2195074E-06  9.7345612E-07  6.7277445E-07
  -15.0000  5.4368411E-04  1.8951154E-05  4.4575756E-06
  -14.0000  1.1831346E-06  1.8956657E-05  1.8369229E-06
  -13.0000  8.8159405E-07  4.5440882E-06  4.8574855E-06
  -12.0000  5.0440075E-06  3.4270425E-06  2.8331301E-04
  -11.0000  2.3820803E-05  3.0470572E-06  1.4772605E-05
  -10.0000  2.4875406E-04  4.3676885E-06  9.1325342E-06
  -9.00000  2.6336044E-03  1.1033607E-04  1.6369239E-05
  -8.00000  2.0658076E-04  3.3124880E-05  1.4337421E-05
  -7.00000  7.3930286E-03  1.0828101E-04  5.3384985E-04
  -6.00000  7.2424878E-04  3.8010236E-05  1.7541384E-04
  -5.00000  7.2250947E-04  1.6892872E-04  5.6003271E-04
  -4.00000  6.6213930E-01  1.2294463E-03  1.5204803E-02
  -3.00000  1.9593640E-03  2.3264156E-01  4.1038867E-03
  -2.00000  9.8241327E-04  3.0153522E-03  3.9272327E-04
  -1.00000  2.7822681E-04  1.5120533E-03  1.8917886E-04
   0.00000  4.5046716E-04  1.1299363E-03  3.7950027E-04
   1.00000  5.6137400E-04  9.0349693E-04  4.1479445E-04
   2.00000  3.6482958E-04  9.8273954E-04  2.6662124E-04
   3.00000  4.9012759E-04  1.2611456E-03  3.6191931E-04
   4.00000  7.5852571E-04  1.9689614E-03  5.8943168E-04
   5.00000  1.1885318E-03  3.3013395E-03  1.1783421E-03
   5.20000  1.2877473E-03  3.6318522E-03  1.4083716E-03
   5.40000  1.3874070E-03  3.9813783E-03  1.7138530E-03
   5.60000  1.4847593E-03  4.3519709E-03  2.1275151E-03
   5.80000  1.5760380E-03  4.7492064E-03  2.6973532E-03
   6.00000  1.6568675E-03  5.1844414E-03  3.4897222E-03
   6.20000  1.7248469E-03  5.6785307E-03  4.5848402E-03
   6.40000  1.7884003E-03  6.2654066E-03  6.0519826E-03
   6.60000  1.8926174E-03  6.9873373E-03  7.8816767E-03
   6.80000  2.1513861E-03  7.8760076E-03  9.8964029E-03
   7.00000  2.6729482E-03  8.9230591E-03  1.1734228E-02
   7.20000  3.3390647E-03  1.0090294E-02  1.3025787E-02
   7.40000  3.9227597E-03  1.1299242E-02  1.3620031E-02
   7.60000  4.3909141E-03  1.2517674E-02  1.3615457E-02
   7.80000  4.8088771E-03  1.3699666E-02  1.3196231E-02
   8.00000  5.2290787E-03  1.4816130E-02  1.2538367E-02
   8.20000  5.6931997E-03  1.5932049E-02  1.1848090E-02
   8.40000  6.2212288E-03  1.7133213E-02  1.1305921E-02
   8.60000  6.8282487E-03  1.8506965E-02  1.1029606E-02
   8.80000  7.5267865E-03  2.0165871E-02  1.1148731E-02
   9.00000  8.3297924E-03  2.2232152E-02  1.1818472E-02
   9.20000  9.2524970E-03  2.4807630E-02  1.3152905E-02
   9.40000  1.0309601E-02  2.7983907E-02  1.5131562E-02
   9.60000  1.1512938E-02  3.1882683E-02  1.7481894E-02
   9.80000  1.2864475E-02  3.6668843E-02  1.9651508E-02
   10.0000  1.4358088E-02  4.2585920E-02  2.1135005E-02
   10.2500  1.6432678E-02  5.2075396E-02  2.2087671E-02
   10.5000  1.8783101E-02  6.4450500E-02  2.2850820E-02
   10.7500  2.1469073E-02  7.9789549E-02  2.4070834E-02
   11.0000  2.4523446E-02  9.6617299E-02  2.5934026E-02
   11.2500  2.7923889E-02  1.1046435E-01  2.8444486E-02
   11.5000  3.1566712E-02  1.1474910E-01  3.0736164E-02
   11.7500  3.5248275E-02  1.0655832E-01  3.4472472E-02
   12.0000  3.8127875E-02  9.0192278E-02  3.8441480E-02
   12.2500  4.0863854E-02  7.3131923E-02  4.2769390E-02
   12.5000  4.2766353E-02  5.8640588E-02  4.6855030E-02
   12.7500  4.3769944E-02  4.7538345E-02  5.0270383E-02
   13.0000  4.3996547E-02  3.9357623E-02  5.2577636E-02
   13.2500  4.3685571E-02  3.3372400E-02  5.3484387E-02
   13.5000  4.3096486E-02  2.8951692E-02  5.2971925E-02
   13.7500  4.2441700E-02  2.5628526E-02  5.1298588E-02
   14.0000  4.1586728E-02  2.3255475E-02  4.8203919E-02
   14.2500  4.1167107E-02  2.1217280E-02  4.5425241E-02
   14.5000  4.0936968E-02  1.9596423E-02  4.2677759E-02
   14.7500  4.0908691E-02  1.8290452E-02  4.0187859E-02
   15.0000  4.1080989E-02  1.7228573E-02  3.8078999E-02
   15.2500  4.1442271E-02  1.6360018E-02  3.6402274E-02
   15.5000  4.1982140E-02  1.5649737E-02  3.5169774E-02
   15.7500  4.2669389E-02  1.5071877E-02  3.4370361E-02
   16.0000  4.3487967E-02  1.4608640E-02  3.3989146E-02
   16.2500  4.4408747E-02  1.4247565E-02  3.4009314E-02
   16.5000  4.5393509E-02  1.3979008E-02  3.4412035E-02
   16.7500  4.6392776E-02  1.3795060E-02  3.5175073E-02
   17.0000  4.7345948E-02  1.3689703E-02  3.6266528E-02
   17.2500  4.8179029E-02  1.3657910E-02  3.7637859E-02
   17.5000  4.8810243E-02  1.3695286E-02  3.9217220E-02
   17.7500  4.9159303E-02  1.3797990E-02  4.0905712E-02
   18.0000  4.9157708E-02  1.3963409E-02  4.2579290E-02
   18.2500  4.8765933E-02  1.4188666E-02  4.4104234E-02
   18.5000  4.7980577E-02  1.4470922E-02  4.5355370E-02
   18.7500  4.6843636E-02  1.4808032E-02  4.6240719E-02
   19.0000  4.5434797E-02  1.5197740E-02  4.6716141E-02
   19.2500  4.3858702E-02  1.5637831E-02  4.6792148E-02
   19.5000  4.2225161E-02  1.6127496E-02  4.6522155E-02
   19.7500  4.0634798E-02  1.6665984E-02  4.5987246E-02
   20.0000  3.9167328E-02  1.7252453E-02  4.5273955E-02
   21.0000  3.5327285E-02  2.0065602E-02  4.2007046E-02
   22.0000  3.4854851E-02  2.3618969E-02  3.9594143E-02
   23.0000  3.6629406E-02  2.7863963E-02  3.8162095E-02
   24.0000  3.8967179E-02  3.2541497E-02  3.7076238E-02
   25.0000  4.0463979E-02  3.7054974E-02  3.5843391E-02
   26.0000  4.0211387E-02  4.0554986E-02  3.4290389E-02
   27.0000  3.7901896E-02  4.2400502E-02  3.2451267E-02
   28.0000  3.3783774E-02  4.2361035E-02  3.0200977E-02
   29.0000  3.0426592E-02  4.0985705E-02  2.8386420E-02
   30.0000  2.7980989E-02  3.9009478E-02  2.7050698E-02
   31.0000  2.6472507E-02  3.6938368E-02  2.6328105E-02
   32.0000  2.5660307E-02  3.5081646E-02  2.6101825E-02
   33.0000  2.5271249E-02  3.3539721E-02  2.6117900E-02
   34.0000  2.5111249E-02  3.2290606E-02  2.6177801E-02
   35.0000  2.5045779E-02  3.1245026E-02  2.6151534E-02
   36.0000  2.4978136E-02  3.0287694E-02  2.5952934E-02
   37.0000  2.4820274E-02  2.9308072E-02  2.5519017E-02
   38.0000  2.4492780E-02  2.8221695E-02  2.4811098E-02
   39.0000  2.3936514E-02  2.6982110E-02  2.3827016E-02
   40.0000  2.3138693E-02  2.5585954E-02  2.2609979E-02
