  7709.000   27  1  1  1.9222038E-02 -4.6865196E+00 -3.8414566E-01  1  1  7.5664574E+03  8.0000000E+03  0.0000000E+00  1.1792254E+00  1.0000000E+00  0.0000000E+00  = E_edge, Z, n_edge, j_edge, Abs_before_edge, VO_interstitial, E_cut, ninit, ninit1, Epsii, UnitCell_Volume, Surface_ref, f0_forward, natomsym_f, abs_u_iso
    Energy   (100,001)      (010,001)      (001,110)   
  -25.0000  1.0382251E-08  3.8344173E-10  8.6682866E-10
  -24.0000  2.9328582E-08  7.1219789E-10  1.9904456E-09
  -23.0000  1.0207653E-07  1.3918424E-09  5.1139300E-09
  -22.0000  5.3778127E-07  3.0075685E-09  1.5661204E-08
  -21.0000  1.2345942E-05  1.7394982E-08  7.0309972E-08
  -20.0000  1.0773827E-05  2.2282662E-08  6.2732747E-07
  -19.0000  5.4150332E-06  9.6076812E-08  9.1150248E-06
  -18.0000  3.3601486E-06  8.1517481E-08  7.5822188E-07
  -17.0000  5.6012885E-06  2.7449357E-07  5.1379370E-07
  -16.0000  2.8579743E-05  1.6360023E-06  1.1673901E-06
  -15.0000  3.1819851E-05  2.9729313E-04  3.6885887E-06
  -14.0000  1.1264563E-06  1.2591094E-05  2.1583115E-06
  -13.0000  4.9670618E-07  4.2077550E-06  1.4055448E-05
  -12.0000  4.2419032E-06  2.9744431E-06  6.4847707E-05
  -11.0000  1.9989437E-05  3.2063797E-06  8.3638083E-06
  -10.0000  4.8095106E-04  3.0885998E-05  8.3848261E-05
  -9.00000  6.3707760E-04  2.3342587E-05  5.9132201E-06
  -8.00000  2.8107528E-03  1.8505861E-02  1.4082109E-02
  -7.00000  8.7676200E-04  1.4371868E-04  2.9328799E-04
  -6.00000  1.3680866E-03  7.3010770E-05  4.8775145E-05
  -5.00000  3.0921313E-01  6.2119769E-04  5.8079749E-02
  -4.00000  5.7167030E-01  2.0024978E-03  1.8016839E-02
  -3.00000  9.4085577E-04  1.5693472E-02  6.8383682E-04
  -2.00000  4.5892149E-04  2.3213431E-03  3.6106234E-04
  -1.00000  3.3851282E-04  1.3376894E-03  1.9143317E-04
   0.00000  2.4004557E-02  5.4316676E-03  9.7422326E-03
   1.00000  3.3843163E-04  9.8896986E-04  2.5901411E-04
   2.00000  3.6241449E-04  1.0516578E-03  3.5594957E-04
   3.00000  4.8759184E-04  1.3769838E-03  6.7302797E-04
   4.00000  7.1507385E-04  2.1128786E-03  1.4845897E-03
   5.00000  1.0429437E-03  3.2907787E-03  3.8563051E-03
   5.20000  1.1116886E-03  3.5828483E-03  4.8082998E-03
   5.40000  1.1774921E-03  3.9081813E-03  6.0288995E-03
   5.60000  1.2398555E-03  4.2840166E-03  7.5460907E-03
   5.80000  1.3034014E-03  4.7370118E-03  9.3265330E-03
   6.00000  1.3868957E-03  5.3017433E-03  1.1240482E-02
   6.20000  1.5391923E-03  6.0095570E-03  1.3075929E-02
   6.40000  1.8515179E-03  6.8812727E-03  1.4629145E-02
   6.60000  2.4115250E-03  7.9259542E-03  1.5809399E-02
   6.80000  3.1751563E-03  9.1732661E-03  1.6668712E-02
   7.00000  3.9618328E-03  1.0594304E-02  1.7295380E-02
   7.20000  4.6513202E-03  1.2235096E-02  1.7817029E-02
   7.40000  5.2553776E-03  1.4115428E-02  1.8336698E-02
   7.60000  5.8240371E-03  1.6254940E-02  1.8922341E-02
   7.80000  6.4104455E-03  1.8665704E-02  1.9607454E-02
   8.00000  7.0731405E-03  2.1309584E-02  2.0259178E-02
   8.20000  7.8486963E-03  2.3983687E-02  2.0345134E-02
   8.40000  8.7471523E-03  2.6421198E-02  1.9428120E-02
   8.60000  9.7760513E-03  2.8940135E-02  1.8369148E-02
   8.80000  1.0963860E-02  3.1970146E-02  1.8265912E-02
   9.00000  1.2337078E-02  3.6067309E-02  1.9593383E-02
   9.20000  1.3930553E-02  4.1623837E-02  2.2430078E-02
   9.40000  1.5788681E-02  4.8624188E-02  2.6168168E-02
   9.60000  1.7962317E-02  5.8621628E-02  3.2037963E-02
   9.80000  2.0511983E-02  7.1632438E-02  3.9018885E-02
   10.0000  2.3501124E-02  8.7763159E-02  4.6571907E-02
   10.2500  2.7935179E-02  1.1034033E-01  5.5775178E-02
   10.5000  3.3171478E-02  1.2790299E-01  6.3403223E-02
   10.7500  3.9082050E-02  1.2884059E-01  6.8322810E-02
   11.0000  4.5282217E-02  1.1178405E-01  7.0405423E-02
   11.2500  5.1087289E-02  8.8132694E-02  7.0380929E-02
   11.5000  5.5651207E-02  6.7305468E-02  6.8875999E-02
   11.7500  5.7905106E-02  5.1679242E-02  6.7534068E-02
   12.0000  5.8280059E-02  4.0843740E-02  6.3959122E-02
   12.2500  5.6956153E-02  3.3324819E-02  5.9752030E-02
   12.5000  5.4594382E-02  2.8059472E-02  5.5264441E-02
   12.7500  5.1834927E-02  2.4305457E-02  5.0767683E-02
   13.0000  4.8998391E-02  2.1706344E-02  4.5279421E-02
   13.2500  4.6514061E-02  1.9746759E-02  4.0434039E-02
   13.5000  4.4549483E-02  1.8141451E-02  3.7247749E-02
   13.7500  4.3033077E-02  1.6905149E-02  3.4526640E-02
   14.0000  4.1951897E-02  1.5939804E-02  3.2271484E-02
   14.2500  4.1271573E-02  1.5178038E-02  3.0461972E-02
   14.5000  4.0954191E-02  1.4572351E-02  2.9066853E-02
   14.7500  4.0961228E-02  1.4088835E-02  2.8053113E-02
   15.0000  4.1255588E-02  1.3702843E-02  2.7390413E-02
   15.2500  4.1803581E-02  1.3396710E-02  2.7053939E-02
   15.5000  4.2576127E-02  1.3158544E-02  2.7023315E-02
   15.7500  4.3530129E-02  1.2982361E-02  2.7274962E-02
   16.0000  4.4628493E-02  1.2862780E-02  2.7784866E-02
   16.2500  4.5820083E-02  1.2797667E-02  2.8517455E-02
   16.5000  4.7039559E-02  1.2786522E-02  2.9421792E-02
   16.7500  4.8205274E-02  1.2830114E-02  3.0429575E-02
   17.0000  4.9219677E-02  1.2929609E-02  3.1456754E-02
   17.2500  4.9976820E-02  1.3086701E-02  3.2414263E-02
   17.5000  5.0376774E-02  1.3302259E-02  3.3220958E-02
   17.7500  5.0352645E-02  1.3576934E-02  3.3818432E-02
   18.0000  4.9888559E-02  1.3911287E-02  3.4180287E-02
   18.2500  4.9028312E-02  1.4304846E-02  3.4313113E-02
   18.5000  4.7869586E-02  1.4757574E-02  3.4248682E-02
   18.7500  4.6541373E-02  1.5269448E-02  3.4032456E-02
   19.0000  4.5176934E-02  1.5839786E-02  3.3712683E-02
   19.2500  4.3885730E-02  1.6468154E-02  3.3334144E-02
   19.5000  4.2744124E-02  1.7153660E-02  3.2934029E-02
   19.7500  4.1793340E-02  1.7895330E-02  3.2541006E-02
   20.0000  4.1044722E-02  1.8691961E-02  3.2174295E-02
   21.0000  3.9733557E-02  2.2396152E-02  3.1164561E-02
   22.0000  3.9506537E-02  2.6778033E-02  3.0959426E-02
   23.0000  3.7736579E-02  3.2123393E-02  3.1291465E-02
   24.0000  3.4114204E-02  3.6508547E-02  3.1495889E-02
   25.0000  2.9645014E-02  3.9760806E-02  3.1148984E-02
   26.0000  2.6167826E-02  4.1343966E-02  3.0088129E-02
   27.0000  2.4024386E-02  4.1218255E-02  2.8593575E-02
   28.0000  2.2754571E-02  3.9855723E-02  2.7158666E-02
   29.0000  2.2328800E-02  3.7888915E-02  2.6231191E-02
   30.0000  2.2464756E-02  3.5837316E-02  2.6009063E-02
   31.0000  2.2803846E-02  3.4016671E-02  2.6326888E-02
   32.0000  2.3126124E-02  3.2528992E-02  2.6838658E-02
   33.0000  2.3319576E-02  3.1342531E-02  2.7225653E-02
   34.0000  2.3323897E-02  3.0353287E-02  2.7299169E-02
   35.0000  2.3101053E-02  2.9448243E-02  2.6971464E-02
   36.0000  2.2641461E-02  2.8536344E-02  2.6191219E-02
   37.0000  2.1989437E-02  2.7543876E-02  2.4950068E-02
   38.0000  2.1227974E-02  2.6389590E-02  2.3304258E-02
   39.0000  2.0457556E-02  2.5027112E-02  2.1472221E-02
   40.0000  1.9759694E-02  2.3508740E-02  1.9896942E-02
