  7709.000   27  1  1  1.9222038E-02 -4.5875115E+00 -3.2882863E-01  1  1  7.5663060E+03  8.0000000E+03  0.0000000E+00  1.1792254E+00  1.0000000E+00  0.0000000E+00  = E_edge, Z, n_edge, j_edge, Abs_before_edge, VO_interstitial, E_cut, ninit, ninit1, Epsii, UnitCell_Volume, Surface_ref, f0_forward, natomsym_f, abs_u_iso
    Energy   (100,001)      (010,001)      (001,110)   
  -25.0000  6.6584895E-09  3.3628611E-10  8.5323302E-10
  -24.0000  1.7741597E-08  6.2299845E-10  1.9556584E-09
  -23.0000  5.6141472E-08  1.2123299E-09  5.0177540E-09
  -22.0000  2.4337480E-07  2.5641648E-09  1.5442465E-08
  -21.0000  2.5605668E-06  7.4571809E-09  7.2246733E-08
  -20.0000  1.5279801E-04  1.5674118E-07  3.7659647E-06
  -19.0000  6.2755622E-06  2.9520422E-07  2.2309396E-05
  -18.0000  2.4513481E-06  6.8441633E-08  8.4672435E-07
  -17.0000  3.0038729E-06  2.0643312E-07  5.1763423E-07
  -16.0000  6.8482089E-06  1.0319951E-06  6.8801526E-07
  -15.0000  7.4036296E-04  8.7760494E-05  3.1291883E-05
  -14.0000  1.3885022E-06  1.9583853E-05  1.9483537E-06
  -13.0000  7.3856792E-07  4.3304554E-06  4.8426536E-06
  -12.0000  8.1199868E-06  3.0592461E-06  2.5415390E-04
  -11.0000  2.6632811E-05  3.1670842E-06  1.4853986E-05
  -10.0000  4.1827408E-04  6.6861193E-06  1.4540822E-05
  -9.00000  1.4155936E-03  2.8916813E-05  3.3347271E-05
  -8.00000  2.1163103E-04  5.9146612E-05  3.0298404E-05
  -7.00000  3.9274972E-03  7.9469856E-05  3.5864225E-04
  -6.00000  8.0828346E-04  4.0298105E-05  1.3684140E-04
  -5.00000  5.5333598E-04  2.4272713E-04  9.8189451E-04
  -4.00000  2.4248496E-02  1.1479591E-03  3.1472643E-04
  -3.00000  1.0842210E-03  2.9009253E-01  8.5306551E-03
  -2.00000  4.2915533E-04  2.8933355E-03  3.5756406E-04
  -1.00000  2.7639372E-04  1.4577778E-03  1.6439071E-04
   0.00000  3.4295310E-03  3.5236441E-03  2.0197525E-03
   1.00000  4.8978729E-04  1.0559948E-03  3.4292683E-04
   2.00000  3.6539117E-04  1.0260871E-03  2.5932945E-04
   3.00000  4.9959196E-04  1.3276637E-03  3.7972711E-04
   4.00000  7.7584412E-04  2.0969245E-03  6.6068878E-04
   5.00000  1.2232659E-03  3.4974996E-03  1.4224686E-03
   5.20000  1.3307573E-03  3.8488510E-03  1.7313127E-03
   5.40000  1.4425707E-03  4.2267522E-03  2.1487986E-03
   5.60000  1.5574874E-03  4.6370391E-03  2.7239517E-03
   5.80000  1.6731193E-03  5.0902708E-03  3.5277079E-03
   6.00000  1.7868614E-03  5.6040165E-03  4.6531281E-03
   6.20000  1.9050664E-03  6.2090234E-03  6.1994293E-03
   6.40000  2.0786240E-03  6.9544469E-03  8.2163222E-03
   6.60000  2.4436785E-03  7.8823828E-03  1.0609360E-02
   6.80000  3.1231460E-03  9.0050524E-03  1.3011810E-02
   7.00000  3.9402089E-03  1.0273467E-02  1.4883825E-02
   7.20000  4.6414545E-03  1.1615316E-02  1.5885262E-02
   7.40000  5.2211759E-03  1.2941672E-02  1.6037844E-02
   7.60000  5.7820006E-03  1.4215225E-02  1.5562511E-02
   7.80000  6.3971736E-03  1.5444633E-02  1.4624171E-02
   8.00000  7.1147421E-03  1.6712488E-02  1.3367441E-02
   8.20000  8.0200693E-03  1.8154044E-02  1.2236705E-02
   8.40000  9.2268564E-03  1.9874801E-02  1.1633130E-02
   8.60000  1.0791593E-02  2.1961753E-02  1.1615648E-02
   8.80000  1.2751928E-02  2.4575104E-02  1.2230392E-02
   9.00000  1.4993773E-02  2.7875570E-02  1.3469194E-02
   9.20000  1.7070732E-02  3.2013622E-02  1.5103240E-02
   9.40000  1.8237840E-02  3.7079403E-02  1.6590389E-02
   9.60000  1.8143157E-02  4.3178439E-02  1.7492241E-02
   9.80000  1.7348952E-02  5.0579665E-02  1.7990357E-02
   10.0000  1.6679780E-02  5.9694806E-02  1.8579791E-02
   10.2500  1.6622274E-02  7.3886913E-02  1.9852223E-02
   10.5000  1.7488677E-02  9.0519523E-02  2.1744956E-02
   10.7500  1.9109417E-02  1.0640177E-01  2.4146890E-02
   11.0000  2.0563380E-02  1.1533966E-01  2.6464534E-02
   11.2500  2.3204995E-02  1.1232487E-01  2.9796456E-02
   11.5000  2.6078582E-02  9.8422267E-02  3.3418978E-02
   11.7500  2.9014606E-02  8.0471094E-02  3.7154257E-02
   12.0000  3.1642307E-02  6.3414916E-02  4.0767209E-02
   12.2500  3.4016658E-02  5.0683747E-02  4.4270442E-02
   12.5000  3.5879459E-02  4.1287699E-02  4.7319426E-02
   12.7500  3.7193132E-02  3.4474607E-02  4.9657202E-02
   13.0000  3.8016698E-02  2.9521596E-02  5.1007870E-02
   13.2500  3.8465645E-02  2.5874427E-02  5.1206980E-02
   13.5000  3.8673962E-02  2.3140441E-02  5.0298738E-02
   13.7500  3.8696106E-02  2.1072197E-02  4.8378350E-02
   14.0000  3.8306789E-02  1.9414345E-02  4.5279742E-02
   14.2500  3.8441454E-02  1.8115199E-02  4.2776737E-02
   14.5000  3.8680519E-02  1.7077615E-02  4.0431990E-02
   14.7500  3.9054139E-02  1.6242434E-02  3.8397107E-02
   15.0000  3.9577231E-02  1.5568029E-02  3.6750006E-02
   15.2500  4.0256700E-02  1.5025243E-02  3.5521925E-02
   15.5000  4.1095893E-02  1.4593962E-02  3.4719083E-02
   15.7500  4.2073415E-02  1.4259119E-02  3.4329431E-02
   16.0000  4.3177125E-02  1.4011387E-02  3.4339063E-02
   16.2500  4.4375756E-02  1.3844372E-02  3.4727219E-02
   16.5000  4.5621721E-02  1.3753286E-02  3.5464396E-02
   16.7500  4.6850793E-02  1.3735083E-02  3.6507028E-02
   17.0000  4.7981897E-02  1.3787154E-02  3.7789814E-02
   17.2500  4.8922510E-02  1.3907344E-02  3.9221492E-02
   17.5000  4.9580203E-02  1.4093937E-02  4.0687693E-02
   17.7500  4.9873100E-02  1.4345127E-02  4.2061815E-02
   18.0000  4.9750586E-02  1.4658691E-02  4.3220181E-02
   18.2500  4.9205287E-02  1.5032802E-02  4.4064434E-02
   18.5000  4.8278516E-02  1.5465130E-02  4.4542211E-02
   18.7500  4.7051354E-02  1.5953245E-02  4.4651407E-02
   19.0000  4.5629545E-02  1.6494266E-02  4.4430585E-02
   19.2500  4.4127591E-02  1.7086229E-02  4.3946895E-02
   19.5000  4.2651616E-02  1.7727433E-02  4.3277923E-02
   19.7500  4.1288717E-02  1.8416315E-02  4.2498565E-02
   20.0000  4.0100816E-02  1.9151079E-02  4.1672434E-02
   21.0000  3.7579809E-02  2.2504346E-02  3.8694035E-02
   22.0000  3.8247314E-02  2.6429714E-02  3.6852807E-02
   23.0000  4.0394466E-02  3.0760572E-02  3.5821020E-02
   24.0000  4.2089719E-02  3.5056908E-02  3.4912274E-02
   25.0000  4.2162622E-02  3.8563044E-02  3.3778755E-02
   26.0000  4.0144764E-02  4.0621521E-02  3.2389889E-02
   27.0000  3.5923233E-02  4.0993410E-02  3.0634081E-02
   28.0000  3.2187537E-02  3.9931501E-02  2.9111194E-02
   29.0000  2.9345953E-02  3.8129186E-02  2.7881711E-02
   30.0000  2.7524540E-02  3.6078375E-02  2.7144305E-02
   31.0000  2.6472156E-02  3.4139533E-02  2.6890611E-02
   32.0000  2.5901477E-02  3.2486805E-02  2.6922436E-02
   33.0000  2.5602281E-02  3.1155140E-02  2.7031125E-02
   34.0000  2.5434334E-02  3.0087121E-02  2.7092283E-02
   35.0000  2.5293998E-02  2.9186641E-02  2.7062345E-02
   36.0000  2.5087696E-02  2.8356986E-02  2.6917619E-02
   37.0000  2.4722546E-02  2.7528416E-02  2.6619349E-02
   38.0000  2.4123191E-02  2.6657914E-02  2.6112580E-02
   39.0000  2.3268086E-02  2.5701994E-02  2.5350756E-02
   40.0000  2.2215431E-02  2.4598876E-02  2.4323118E-02
