  7709.000   27  1  1  1.9222038E-02 -5.0520755E+00 -4.2959821E-01  1  1  7.5662940E+03  8.0000000E+03  0.0000000E+00  1.1792254E+00  1.0000000E+00  0.0000000E+00  = E_edge, Z, n_edge, j_edge, Abs_before_edge, VO_interstitial, E_cut, ninit, ninit1, Epsii, UnitCell_Volume, Surface_ref, f0_forward, natomsym_f, abs_u_iso
    Energy   (100,001)      (010,001)      (001,110)   
  -25.0000  8.0904532E-09  3.5457402E-10  7.8870274E-10
  -24.0000  2.2920647E-08  6.5423001E-10  1.8154136E-09
  -23.0000  8.0811709E-08  1.2619181E-09  4.7197660E-09
  -22.0000  4.4693184E-07  2.6185165E-09  1.5155439E-08
  -21.0000  1.5425156E-05  1.2079465E-08  1.6948703E-07
  -20.0000  5.5029190E-06  1.8298006E-08  8.4812569E-07
  -19.0000  2.0361836E-06  4.1322690E-08  2.4769568E-06
  -18.0000  1.8942977E-06  7.3966090E-08  4.1158880E-07
  -17.0000  3.2354061E-06  2.5300306E-07  2.8392597E-07
  -16.0000  2.3432289E-05  1.5572165E-06  4.9929350E-07
  -15.0000  3.1633940E-06  2.5538432E-04  3.4370301E-06
  -14.0000  1.4687200E-07  1.2230088E-05  8.7862596E-07
  -13.0000  1.1506464E-06  3.7616925E-06  3.3906201E-06
  -12.0000  1.7237025E-05  4.9343131E-06  7.1317921E-04
  -11.0000  2.9702759E-05  3.0123039E-06  5.8444763E-06
  -10.0000  3.9301154E-03  4.8489508E-04  1.3611009E-03
  -9.00000  3.6894219E-04  1.5377494E-05  2.6913468E-06
  -8.00000  3.2905920E-04  1.0614599E-01  7.0725787E-03
  -7.00000  4.7539579E-04  5.4965915E-05  2.0387808E-04
  -6.00000  4.7731189E-04  5.3151919E-05  7.0968314E-05
  -5.00000  2.1248324E-04  3.4232993E-04  7.2821935E-05
  -4.00000  2.5051806E-03  1.9516519E-03  1.1136385E-02
  -3.00000  3.1686708E-03  1.8524546E-02  8.7872039E-04
  -2.00000  7.4359831E-04  2.4083120E-03  3.2529995E-04
  -1.00000  4.1805853E-04  1.3931562E-03  1.8045789E-04
   0.00000  3.2801434E-03  5.5975526E-03  1.8364289E-03
   1.00000  3.2621084E-04  9.2389056E-04  1.8041225E-04
   2.00000  3.7108103E-04  9.8657483E-04  2.4472613E-04
   3.00000  5.1479756E-04  1.2803964E-03  4.0801635E-04
   4.00000  7.9821437E-04  1.9629713E-03  7.7830158E-04
   5.00000  1.2979820E-03  3.1457160E-03  1.6730080E-03
   5.20000  1.4299326E-03  3.4515125E-03  1.9893778E-03
   5.40000  1.5725494E-03  3.7887892E-03  2.3831626E-03
   5.60000  1.7254113E-03  4.1656008E-03  2.8743532E-03
   5.80000  1.8883894E-03  4.5948007E-03  3.4862940E-03
   6.00000  2.0617588E-03  5.0922372E-03  4.2425178E-03
   6.20000  2.2481582E-03  5.6819842E-03  5.1612113E-03
   6.40000  2.4512864E-03  6.3940113E-03  6.2660837E-03
   6.60000  2.6808308E-03  7.2677864E-03  7.5638453E-03
   6.80000  2.9523267E-03  8.3513534E-03  9.0543099E-03
   7.00000  3.2889492E-03  9.7060355E-03  1.0713692E-02
   7.20000  3.7275352E-03  1.1409727E-02  1.2525188E-02
   7.40000  4.3326707E-03  1.3544676E-02  1.4472545E-02
   7.60000  5.2053402E-03  1.6216202E-02  1.6507045E-02
   7.80000  6.4878654E-03  1.9462384E-02  1.8538605E-02
   8.00000  8.3249013E-03  2.3429041E-02  2.0437816E-02
   8.20000  1.0706208E-02  2.7167260E-02  2.2086758E-02
   8.40000  1.3395606E-02  2.9587384E-02  2.3528299E-02
   8.60000  1.6081870E-02  3.1572456E-02  2.4985840E-02
   8.80000  1.8723206E-02  3.4356580E-02  2.6616345E-02
   9.00000  2.1490597E-02  3.8126487E-02  2.8749989E-02
   9.20000  2.4579730E-02  4.2811763E-02  3.1919720E-02
   9.40000  2.8142057E-02  4.8528193E-02  3.6721459E-02
   9.60000  3.2302236E-02  5.5571320E-02  4.3515979E-02
   9.80000  3.7155117E-02  6.4232398E-02  5.2050192E-02
   10.0000  4.2728304E-02  7.4494527E-02  6.1250534E-02
   10.2500  5.0524108E-02  8.8438889E-02  7.1282004E-02
   10.5000  5.8564444E-02  1.0047745E-01  7.7402551E-02
   10.7500  6.5542161E-02  1.0616016E-01  7.8810353E-02
   11.0000  6.9899566E-02  1.0291576E-01  7.6262787E-02
   11.2500  7.0672551E-02  9.2420707E-02  7.1462722E-02
   11.5000  6.8106336E-02  7.8763161E-02  6.6087848E-02
   11.7500  6.2423850E-02  6.5093610E-02  6.1764073E-02
   12.0000  5.6127126E-02  5.3060987E-02  5.8170980E-02
   12.2500  5.0977551E-02  4.3355569E-02  5.4263998E-02
   12.5000  4.6487560E-02  3.5711235E-02  5.0566277E-02
   12.7500  4.2812036E-02  2.9846090E-02  4.6960886E-02
   13.0000  4.0022915E-02  2.5554166E-02  4.2852791E-02
   13.2500  3.8052467E-02  2.2336288E-02  3.7309067E-02
   13.5000  3.6467036E-02  1.9862252E-02  3.4686256E-02
   13.7500  3.5413483E-02  1.8027004E-02  3.2381243E-02
   14.0000  3.4820064E-02  1.6650827E-02  3.0441622E-02
   14.2500  3.4624839E-02  1.5604131E-02  2.8887017E-02
   14.5000  3.4777350E-02  1.4798003E-02  2.7714713E-02
   14.7500  3.5234807E-02  1.4171888E-02  2.6911951E-02
   15.0000  3.5962135E-02  1.3685559E-02  2.6462779E-02
   15.2500  3.6909804E-02  1.3309469E-02  2.6348554E-02
   15.5000  3.8038487E-02  1.3025632E-02  2.6554070E-02
   15.7500  3.9296506E-02  1.2821144E-02  2.7062370E-02
   16.0000  4.0619507E-02  1.2688173E-02  2.7850563E-02
   16.2500  4.1928815E-02  1.2620975E-02  2.8882240E-02
   16.5000  4.3131125E-02  1.2616597E-02  3.0100661E-02
   16.7500  4.4123173E-02  1.2673495E-02  3.1425109E-02
   17.0000  4.4798318E-02  1.2790953E-02  3.2755838E-02
   17.2500  4.5064889E-02  1.2968351E-02  3.3986092E-02
   17.5000  4.4864585E-02  1.3205320E-02  3.5022517E-02
   17.7500  4.4189189E-02  1.3501016E-02  3.5801266E-02
   18.0000  4.3085550E-02  1.3854377E-02  3.6297821E-02
   18.2500  4.1651004E-02  1.4264559E-02  3.6525575E-02
   18.5000  4.0012184E-02  1.4730802E-02  3.6523683E-02
   18.7500  3.8299166E-02  1.5252543E-02  3.6343299E-02
   19.0000  3.6627533E-02  1.5828843E-02  3.6036246E-02
   19.2500  3.5086222E-02  1.6459996E-02  3.5650266E-02
   19.5000  3.3733438E-02  1.7145612E-02  3.5223761E-02
   19.7500  3.2600691E-02  1.7884994E-02  3.4787364E-02
   20.0000  3.1698982E-02  1.8677558E-02  3.4364060E-02
   21.0000  3.0145873E-02  2.2674811E-02  3.3135283E-02
   22.0000  3.1166972E-02  2.7230395E-02  3.2440089E-02
   23.0000  3.2980774E-02  3.2210302E-02  3.2155398E-02
   24.0000  3.3499655E-02  3.7023990E-02  3.1714894E-02
   25.0000  3.1429745E-02  4.0723312E-02  3.0686235E-02
   26.0000  2.7832137E-02  4.2446158E-02  2.9049448E-02
   27.0000  2.4839980E-02  4.2074359E-02  2.7192198E-02
   28.0000  2.3355169E-02  4.0274942E-02  2.5644438E-02
   29.0000  2.3052247E-02  3.7886313E-02  2.4786652E-02
   30.0000  2.3323468E-02  3.5507105E-02  2.4641608E-02
   31.0000  2.3751695E-02  3.3449974E-02  2.4916615E-02
   32.0000  2.4138646E-02  3.1821656E-02  2.5235042E-02
   33.0000  2.4392799E-02  3.0598638E-02  2.5325642E-02
   34.0000  2.4441305E-02  2.9639761E-02  2.5027536E-02
   35.0000  2.4258057E-02  2.8795313E-02  2.4263837E-02
   36.0000  2.3869889E-02  2.7944112E-02  2.3017630E-02
   37.0000  2.3355029E-02  2.7017619E-02  2.1398660E-02
   38.0000  2.2802735E-02  2.5988835E-02  1.9742206E-02
   39.0000  2.2271803E-02  2.4838145E-02  1.8578556E-02
   40.0000  2.1782602E-02  2.3556014E-02  1.8359805E-02
