  7709.000   27  1  1  1.9222038E-02 -4.8837033E+00 -3.8730888E-01  1  1  7.5663806E+03  8.0000000E+03  0.0000000E+00  1.1792254E+00  1.0000000E+00  0.0000000E+00  = E_edge, Z, n_edge, j_edge, Abs_before_edge, VO_interstitial, E_cut, ninit, ninit1, Epsii, UnitCell_Volume, Surface_ref, f0_forward, natomsym_f, abs_u_iso
    Energy   (100,001)      (010,001)      (001,110)   
  -25.0000  7.3295166E-09  3.6678464E-10  9.9428793E-10
  -24.0000  1.9344062E-08  6.8599977E-10  2.2669748E-09
  -23.0000  6.0112818E-08  1.3534373E-09  5.7405283E-09
  -22.0000  2.5036515E-07  2.9342162E-09  1.7052389E-08
  -21.0000  2.3145231E-06  9.3393158E-09  6.7961323E-08
  -20.0000  7.5759266E-02  1.8991675E-06  1.3447483E-04
  -19.0000  6.1172709E-06  2.5598386E-06  1.2579486E-04
  -18.0000  3.2049995E-06  7.9938004E-08  1.2480329E-06
  -17.0000  3.6826378E-06  2.2028935E-07  6.7737499E-07
  -16.0000  7.3477975E-06  1.1086327E-06  7.0150884E-07
  -15.0000  1.2392137E-04  1.7813510E-04  2.0234441E-06
  -14.0000  6.9440998E-06  2.2781422E-05  1.8793683E-06
  -13.0000  6.1320820E-07  4.8315805E-06  6.2177373E-06
  -12.0000  5.3608473E-06  3.6171875E-06  2.4480167E-04
  -11.0000  3.1335969E-05  3.3329846E-06  3.1447191E-05
  -10.0000  8.2139362E-04  8.6121891E-06  1.8342658E-05
  -9.00000  1.7802326E-02  3.0277026E-03  5.5608457E-03
  -8.00000  3.0799053E-04  3.0237252E-05  1.9967177E-05
  -7.00000  1.6319050E-04  3.5534017E-04  1.3089042E-03
  -6.00000  1.3909222E-03  2.0104249E-04  4.3600794E-03
  -5.00000  1.7776663E-01  1.3822520E-03  3.2790962E-02
  -4.00000  1.6076123E-02  9.1873228E-04  1.8165958E-04
  -3.00000  1.1508733E-03  3.9003570E-01  8.0160063E-02
  -2.00000  9.3078698E-04  4.2774528E-03  1.0745385E-03
  -1.00000  4.0298974E-04  1.6643618E-03  2.0183819E-04
   0.00000  1.1825435E-03  2.3524535E-03  3.2118151E-04
   1.00000  6.7048655E-03  1.4116330E-03  1.5711562E-02
   2.00000  5.2067996E-04  1.1210562E-03  4.8852196E-04
   3.00000  6.4476901E-04  1.5629264E-03  5.2122585E-04
   4.00000  9.7397458E-04  2.7628937E-03  7.7611948E-04
   5.00000  1.4724748E-03  4.7754600E-03  1.5315659E-03
   5.20000  1.5937402E-03  5.2598465E-03  1.8596061E-03
   5.40000  1.7282943E-03  5.7842350E-03  2.3212125E-03
   5.60000  1.8821818E-03  6.3653749E-03  2.9909204E-03
   5.80000  2.0618123E-03  7.0305684E-03  3.9881913E-03
   6.00000  2.2557175E-03  7.8265459E-03  5.4978810E-03
   6.20000  2.4268866E-03  8.8057224E-03  7.7418975E-03
   6.40000  2.5497477E-03  9.9821639E-03  1.0753752E-02
   6.60000  2.7136070E-03  1.1192681E-02  1.3764472E-02
   6.80000  3.0945482E-03  1.2075991E-02  1.5082079E-02
   7.00000  3.6986365E-03  1.2531680E-02  1.4054329E-02
   7.20000  4.2020136E-03  1.2832114E-02  1.1895478E-02
   7.40000  4.4688175E-03  1.3266752E-02  9.8386800E-03
   7.60000  4.6307472E-03  1.3945052E-02  8.2668447E-03
   7.80000  4.7990447E-03  1.4899922E-02  7.1168769E-03
   8.00000  5.0083333E-03  1.6121348E-02  6.2530096E-03
   8.20000  5.2819973E-03  1.7622661E-02  5.6165132E-03
   8.40000  5.6365933E-03  1.9425782E-02  5.1850643E-03
   8.60000  6.0773156E-03  2.1573382E-02  4.9197948E-03
   8.80000  6.6023025E-03  2.4135037E-02  4.7898568E-03
   9.00000  7.2169607E-03  2.7215057E-02  4.7825630E-03
   9.20000  7.9394936E-03  3.0930275E-02  4.8925269E-03
   9.40000  8.7943292E-03  3.5423059E-02  5.1161118E-03
   9.60000  9.8037094E-03  4.0843989E-02  5.4472218E-03
   9.80000  1.0983442E-02  4.7333651E-02  5.8759289E-03
   10.0000  1.2337360E-02  5.4971898E-02  6.3893730E-03
   10.2500  1.4229193E-02  6.5990086E-02  7.1348249E-03
   10.5000  1.6185063E-02  7.7817758E-02  7.9869027E-03
   10.7500  1.7929681E-02  8.8589507E-02  8.9491978E-03
   11.0000  1.9220840E-02  9.5775983E-02  1.0029582E-02
   11.2500  2.0026273E-02  9.7359667E-02  1.1225923E-02
   11.5000  2.0502383E-02  9.2939124E-02  1.2513449E-02
   11.7500  2.0987293E-02  8.3752359E-02  1.3644414E-02
   12.0000  2.1305060E-02  7.2366717E-02  1.4758732E-02
   12.2500  2.1848064E-02  6.1279788E-02  1.6241014E-02
   12.5000  2.2564176E-02  5.1532855E-02  1.7854786E-02
   12.7500  2.3419148E-02  4.3531465E-02  1.9640448E-02
   13.0000  2.4357198E-02  3.7196378E-02  2.1605049E-02
   13.2500  2.5320361E-02  3.2267278E-02  2.3716155E-02
   13.5000  2.6098017E-02  2.8580981E-02  2.5898857E-02
   13.7500  2.6076012E-02  2.5778178E-02  2.8194445E-02
   14.0000  2.6968985E-02  2.3459827E-02  3.0275306E-02
   14.2500  2.7819591E-02  2.1653112E-02  3.2070292E-02
   14.5000  2.8649870E-02  2.0234455E-02  3.3493399E-02
   14.7500  2.9488337E-02  1.9108926E-02  3.4521845E-02
   15.0000  3.0366935E-02  1.8204754E-02  3.5198745E-02
   15.2500  3.1319475E-02  1.7471457E-02  3.5616867E-02
   15.5000  3.2364286E-02  1.6869591E-02  3.5891640E-02
   15.7500  3.3524391E-02  1.6376777E-02  3.6144745E-02
   16.0000  3.4811035E-02  1.5978316E-02  3.6487861E-02
   16.2500  3.6225413E-02  1.5665670E-02  3.7015805E-02
   16.5000  3.7757981E-02  1.5434071E-02  3.7806251E-02
   16.7500  3.9386859E-02  1.5280254E-02  3.8918960E-02
   17.0000  4.1077135E-02  1.5201782E-02  4.0396835E-02
   17.2500  4.2781059E-02  1.5196231E-02  4.2265532E-02
   17.5000  4.4436377E-02  1.5261541E-02  4.4522816E-02
   17.7500  4.5969373E-02  1.5395229E-02  4.7128181E-02
   18.0000  4.7300963E-02  1.5595079E-02  4.9985398E-02
   18.2500  4.8350771E-02  1.5858892E-02  5.2931536E-02
   18.5000  4.9050900E-02  1.6184005E-02  5.5732555E-02
   18.7500  4.9356595E-02  1.6568304E-02  5.8109632E-02
   19.0000  4.9257392E-02  1.7009271E-02  5.9792119E-02
   19.2500  4.8778305E-02  1.7504846E-02  6.0587027E-02
   19.5000  4.7978530E-02  1.8052694E-02  6.0437305E-02
   19.7500  4.6941470E-02  1.8650644E-02  5.9432646E-02
   20.0000  4.5761074E-02  1.9297059E-02  5.7770351E-02
   21.0000  4.1224594E-02  2.2345844E-02  4.8999342E-02
   22.0000  3.9034815E-02  2.6124319E-02  4.2447371E-02
   23.0000  3.9503678E-02  3.0550379E-02  3.8947155E-02
   24.0000  4.1508389E-02  3.5164403E-02  3.7149876E-02
   25.0000  4.3829228E-02  3.8955717E-02  3.6066790E-02
   26.0000  4.5626227E-02  4.0896313E-02  3.5213636E-02
   27.0000  4.5927042E-02  4.0872501E-02  3.4326931E-02
   28.0000  4.3859669E-02  3.9555273E-02  3.3194745E-02
   29.0000  3.9819144E-02  3.7697446E-02  3.1831150E-02
   30.0000  3.5439396E-02  3.5779004E-02  3.0527715E-02
   31.0000  3.2000599E-02  3.4045259E-02  2.9575209E-02
   32.0000  2.9770126E-02  3.2601445E-02  2.9039705E-02
   33.0000  2.8498379E-02  3.1275864E-02  2.8805471E-02
   34.0000  2.7865610E-02  3.0370973E-02  2.8759309E-02
   35.0000  2.7548124E-02  2.9610257E-02  2.8774995E-02
   36.0000  2.7403734E-02  2.8904718E-02  2.8808236E-02
   37.0000  2.7340801E-02  2.8180916E-02  2.8834205E-02
   38.0000  2.7307990E-02  2.7398433E-02  2.8838697E-02
   39.0000  2.7280407E-02  2.6548312E-02  2.8805187E-02
   40.0000  2.7232018E-02  2.5621005E-02  2.8697565E-02
