  7709.000   27  1  1  1.9222038E-02 -4.8171294E+00 -3.7184271E-01  1  1  7.5663852E+03  8.0000000E+03  0.0000000E+00  1.1792254E+00  1.0000000E+00  0.0000000E+00  = E_edge, Z, n_edge, j_edge, Abs_before_edge, VO_interstitial, E_cut, ninit, ninit1, Epsii, UnitCell_Volume, Surface_ref, f0_forward, natomsym_f, abs_u_iso
    Energy   (100,001)      (010,001)      (001,110)   
  -25.0000  5.5540992E-09  3.6386343E-10  7.9356521E-10
  -24.0000  1.4385272E-08  6.6943467E-10  1.7690852E-09
  -23.0000  4.3521352E-08  1.2835204E-09  4.3481440E-09
  -22.0000  1.7336578E-07  2.6033648E-09  1.2380075E-08
  -21.0000  1.4082743E-06  5.9389760E-09  4.6448992E-08
  -20.0000  3.1092334E-05  1.9461724E-08  3.8627773E-07
  -19.0000  9.4216538E-06  5.1083048E-06  7.8895286E-04
  -18.0000  3.1306685E-06  7.8221043E-08  1.8556115E-06
  -17.0000  3.4006595E-06  2.4537088E-07  6.9042891E-07
  -16.0000  7.6660682E-06  1.3886896E-06  6.4706382E-07
  -15.0000  1.7254819E-04  2.2542863E-04  3.5263392E-06
  -14.0000  1.3497472E-06  1.5439753E-05  1.4373696E-06
  -13.0000  6.6258113E-07  4.2584052E-06  4.5709357E-06
  -12.0000  4.8716905E-06  2.9003264E-06  2.2331228E-04
  -11.0000  2.3642515E-05  3.6910242E-06  1.6646552E-05
  -10.0000  3.6970778E-04  5.2437165E-06  6.2457501E-06
  -9.00000  2.9699374E-03  2.1498532E-04  1.2114383E-04
  -8.00000  2.1371564E-04  3.5720909E-05  3.7326094E-05
  -7.00000  1.3932158E-04  1.1538457E-04  6.4958443E-03
  -6.00000  1.4695320E-03  6.5075999E-05  1.2007795E-04
  -5.00000  3.3990751E-03  6.4326032E-04  1.4937230E-03
  -4.00000  2.4592714E-02  6.1970948E-04  1.1597497E-03
  -3.00000  1.4389234E-03  1.0091519E-01  3.4259597E-02
  -2.00000  4.5764111E-04  2.9740884E-03  5.9000640E-04
  -1.00000  2.8796684E-04  1.4663663E-03  2.2373526E-04
   0.00000  6.6318931E-04  1.9481768E-03  3.8015726E-04
   1.00000  5.2959633E-04  1.0655802E-03  3.7343841E-04
   2.00000  4.3279375E-04  1.0009011E-03  2.8717131E-04
   3.00000  6.2931620E-04  1.2534585E-03  4.0141684E-04
   4.00000  1.0339328E-03  1.9140161E-03  6.5585318E-04
   5.00000  1.7275695E-03  3.1384154E-03  1.2726169E-03
   5.20000  1.9035628E-03  3.4433063E-03  1.5046139E-03
   5.40000  2.0905269E-03  3.7670775E-03  1.8087050E-03
   5.60000  2.2866914E-03  4.1127220E-03  2.2137731E-03
   5.80000  2.4872490E-03  4.4873362E-03  2.7568958E-03
   6.00000  2.6820580E-03  4.9018342E-03  3.4755841E-03
   6.20000  2.8611116E-03  5.3728917E-03  4.3888693E-03
   6.40000  3.0571811E-03  5.9219529E-03  5.4686647E-03
   6.60000  3.4298030E-03  6.5708036E-03  6.6191514E-03
   6.80000  4.2373485E-03  7.3119965E-03  7.7343081E-03
   7.00000  5.3798743E-03  8.1349135E-03  8.7220684E-03
   7.20000  6.4007466E-03  9.0371952E-03  9.5879037E-03
   7.40000  7.2038295E-03  1.0027932E-02  1.0432214E-02
   7.60000  7.9561882E-03  1.1128905E-02  1.1322329E-02
   7.80000  8.7872009E-03  1.2359953E-02  1.2120809E-02
   8.00000  9.7607803E-03  1.3747194E-02  1.2532905E-02
   8.20000  1.0914260E-02  1.5348521E-02  1.2606341E-02
   8.40000  1.2283260E-02  1.7230393E-02  1.2609405E-02
   8.60000  1.3890158E-02  1.9448663E-02  1.2637479E-02
   8.80000  1.5739868E-02  2.2084128E-02  1.2671117E-02
   9.00000  1.7722634E-02  2.5151437E-02  1.2729003E-02
   9.20000  1.9675880E-02  2.8706711E-02  1.2850625E-02
   9.40000  2.1344904E-02  3.2758217E-02  1.3091606E-02
   9.60000  2.2493472E-02  3.7277498E-02  1.3502245E-02
   9.80000  2.3061464E-02  4.2273204E-02  1.4114442E-02
   10.0000  2.3249960E-02  4.7895263E-02  1.4942215E-02
   10.2500  2.3473794E-02  5.6277144E-02  1.6296320E-02
   10.5000  2.4154273E-02  6.6728964E-02  1.8045805E-02
   10.7500  2.5459277E-02  7.9255484E-02  2.0262714E-02
   11.0000  2.7319206E-02  9.2377331E-02  2.3029468E-02
   11.2500  2.8698580E-02  1.0209954E-01  2.6405388E-02
   11.5000  3.1055586E-02  1.0440914E-01  3.0427665E-02
   11.7500  3.3131732E-02  9.6701793E-02  3.5241556E-02
   12.0000  3.4910310E-02  8.2670081E-02  4.0397804E-02
   12.2500  3.6333138E-02  6.8016862E-02  4.5946997E-02
   12.5000  3.7319908E-02  5.5359209E-02  5.1323330E-02
   12.7500  3.7896319E-02  4.5453578E-02  5.5935691E-02
   13.0000  3.7718813E-02  3.8317935E-02  5.9156933E-02
   13.2500  3.7666747E-02  3.2743885E-02  6.0435265E-02
   13.5000  3.7254975E-02  2.8535143E-02  5.9458367E-02
   13.7500  3.6931615E-02  2.5383177E-02  5.7026223E-02
   14.0000  3.6594716E-02  2.2971725E-02  5.3684849E-02
   14.2500  3.6292232E-02  2.1106656E-02  5.0031999E-02
   14.5000  3.6055422E-02  1.9651112E-02  4.6503679E-02
   14.7500  3.5904597E-02  1.8508545E-02  4.3360942E-02
   15.0000  3.5854813E-02  1.7608511E-02  4.0728344E-02
   15.2500  3.5923624E-02  1.6901001E-02  3.8646365E-02
   15.5000  3.6108228E-02  1.6346778E-02  3.7103140E-02
   15.7500  3.6426793E-02  1.5920785E-02  3.6074420E-02
   16.0000  3.6889400E-02  1.5603664E-02  3.5528738E-02
   16.2500  3.7504134E-02  1.5381966E-02  3.5437593E-02
   16.5000  3.8273456E-02  1.5246805E-02  3.5774942E-02
   16.7500  3.9192358E-02  1.5191229E-02  3.6513053E-02
   17.0000  4.0245817E-02  1.5210567E-02  3.7615187E-02
   17.2500  4.1401773E-02  1.5299838E-02  3.9024785E-02
   17.5000  4.2609519E-02  1.5455518E-02  4.0657818E-02
   17.7500  4.3799340E-02  1.5673263E-02  4.2399682E-02
   18.0000  4.4885300E-02  1.5948357E-02  4.4109309E-02
   18.2500  4.5773609E-02  1.6277080E-02  4.5638280E-02
   18.5000  4.6375692E-02  1.6655199E-02  4.6857037E-02
   18.7500  4.6625736E-02  1.7078242E-02  4.7678911E-02
   19.0000  4.6497603E-02  1.7541724E-02  4.8071834E-02
   19.2500  4.6010838E-02  1.8041704E-02  4.8059121E-02
   19.5000  4.5228525E-02  1.8574547E-02  4.7701872E-02
   19.7500  4.4241304E-02  1.9136937E-02  4.7081592E-02
   20.0000  4.3148427E-02  1.9725193E-02  4.6278440E-02
   21.0000  3.9307720E-02  2.2265838E-02  4.2439315E-02
   22.0000  3.7934165E-02  2.4965234E-02  3.8975603E-02
   23.0000  3.8767617E-02  2.7791312E-02  3.6254761E-02
   24.0000  4.0563510E-02  3.0832386E-02  3.4085609E-02
   25.0000  4.2183079E-02  3.4021322E-02  3.2294940E-02
   26.0000  4.2556872E-02  3.6909634E-02  3.0690233E-02
   27.0000  4.0181140E-02  3.9012175E-02  2.8851919E-02
   28.0000  3.6156233E-02  3.9322651E-02  2.7339768E-02
   29.0000  3.1805217E-02  3.8535593E-02  2.6194591E-02
   30.0000  2.8476743E-02  3.7189050E-02  2.5507961E-02
   31.0000  2.6442924E-02  3.5736098E-02  2.5272752E-02
   32.0000  2.5400346E-02  3.4435751E-02  2.5452229E-02
   33.0000  2.4954274E-02  3.3349542E-02  2.5859874E-02
   34.0000  2.4818280E-02  3.2438270E-02  2.6281071E-02
   35.0000  2.4788854E-02  3.1619023E-02  2.6573047E-02
   36.0000  2.4708180E-02  3.0799794E-02  2.6668558E-02
   37.0000  2.4443919E-02  2.9917509E-02  2.6533470E-02
   38.0000  2.3911193E-02  2.8951908E-02  2.6136502E-02
   39.0000  2.3108191E-02  2.7913311E-02  2.5455812E-02
   40.0000  2.2115005E-02  2.6800174E-02  2.4500133E-02
