  7709.000   27  1  1  1.9222038E-02 -5.0774737E+00 -4.1175275E-01  1  1  7.5661331E+03  8.0000000E+03  0.0000000E+00  1.1792254E+00  1.0000000E+00  0.0000000E+00  = E_edge, Z, n_edge, j_edge, Abs_before_edge, VO_interstitial, E_cut, ninit, ninit1, Epsii, UnitCell_Volume, Surface_ref, f0_forward, natomsym_f, abs_u_iso
    Energy   (100,001)      (010,001)      (001,110)   
  -25.0000  1.2405707E-08  3.9659560E-10  1.1303626E-09
  -24.0000  3.6457378E-08  7.3841110E-10  2.6729816E-09
  -23.0000  1.3667310E-07  1.4367776E-09  7.1761342E-09
  -22.0000  8.8017305E-07  2.9800685E-09  2.3652377E-08
  -21.0000  3.4605543E-04  1.0822496E-08  1.2906720E-07
  -20.0000  6.3194949E-06  3.9124324E-08  2.6025024E-06
  -19.0000  2.7198727E-06  4.6457228E-08  2.1173021E-06
  -18.0000  2.7778508E-06  8.8836956E-08  5.6027187E-07
  -17.0000  4.8233253E-06  3.0966607E-07  4.4454680E-07
  -16.0000  2.3750406E-05  1.8474454E-06  5.6173997E-07
  -15.0000  7.2592364E-05  2.1654290E-04  3.0922891E-06
  -14.0000  1.3888251E-06  9.9644921E-06  2.2339173E-06
  -13.0000  5.8183271E-07  3.9153932E-06  1.8797735E-05
  -12.0000  4.7198800E-06  3.0719561E-06  4.7081289E-05
  -11.0000  3.8640052E-05  3.3681035E-06  1.3114741E-05
  -10.0000  6.3078328E-03  4.4496959E-05  8.0021470E-05
  -9.00000  3.9630440E-04  3.2891020E-05  5.2445115E-06
  -8.00000  4.0230541E-04  5.9684569E-05  5.2204630E-06
  -7.00000  3.0363456E-04  1.1654657E-04  9.2394272E-06
  -6.00000  9.0512962E-04  1.5086918E-04  9.4485304E-05
  -5.00000  9.6241185E-04  2.9246485E-04  2.2835271E-04
  -4.00000  3.1572273E-02  3.9660206E-03  1.9478282E-04
  -3.00000  9.2629180E-04  8.0587927E-03  3.7732917E-04
  -2.00000  6.2613286E-04  2.5477927E-03  5.0016111E-04
  -1.00000  3.1302445E-04  1.2416470E-03  1.4298654E-04
   0.00000  1.8573702E-02  9.8668879E-04  1.1007323E-02
   1.00000  2.9496054E-04  9.1173281E-04  1.9045967E-04
   2.00000  3.3313675E-04  1.0943095E-03  2.8635746E-04
   3.00000  4.6173365E-04  1.5649475E-03  5.6034269E-04
   4.00000  6.8564911E-04  2.5015981E-03  1.2420737E-03
   5.00000  9.7864281E-04  4.0922772E-03  3.3805371E-03
   5.20000  1.0336226E-03  4.5811994E-03  4.3013250E-03
   5.40000  1.0840063E-03  5.1909563E-03  5.5239982E-03
   5.60000  1.1313524E-03  5.9857133E-03  7.0957361E-03
   5.80000  1.1844752E-03  7.0609045E-03  8.9812664E-03
   6.00000  1.2684443E-03  8.5305947E-03  1.0986480E-02
   6.20000  1.4373282E-03  1.0476101E-02  1.2753151E-02
   6.40000  1.7754771E-03  1.2861187E-02  1.3913600E-02
   6.60000  2.3522017E-03  1.5489660E-02  1.4303600E-02
   6.80000  3.1305906E-03  1.8155942E-02  1.4023231E-02
   7.00000  3.9606085E-03  2.0397002E-02  1.3351420E-02
   7.20000  4.7245636E-03  2.2170508E-02  1.2592652E-02
   7.40000  5.4150743E-03  2.3557596E-02  1.1977989E-02
   7.60000  6.1061289E-03  2.4794855E-02  1.1631802E-02
   7.80000  6.8919114E-03  2.6166321E-02  1.1597477E-02
   8.00000  7.7739654E-03  2.7908647E-02  1.1880604E-02
   8.20000  8.5741783E-03  3.0202293E-02  1.2494754E-02
   8.40000  9.2883420E-03  3.3201490E-02  1.3481134E-02
   8.60000  1.0156362E-02  3.7094031E-02  1.4913154E-02
   8.80000  1.1274255E-02  4.2146589E-02  1.6901069E-02
   9.00000  1.2841915E-02  4.8718078E-02  1.9618274E-02
   9.20000  1.4883137E-02  5.7286243E-02  2.3277303E-02
   9.40000  1.7529607E-02  6.8346531E-02  2.8119182E-02
   9.60000  2.0948825E-02  8.2053536E-02  3.4321349E-02
   9.80000  2.5321522E-02  9.7372766E-02  4.1807352E-02
   10.0000  3.0776630E-02  1.1100687E-01  5.0001966E-02
   10.2500  3.8998820E-02  1.1807782E-01  5.9589478E-02
   10.5000  4.7831945E-02  1.0997672E-01  6.6755411E-02
   10.7500  5.5211420E-02  9.2596093E-02  7.1230805E-02
   11.0000  5.8987914E-02  7.4257136E-02  7.3615751E-02
   11.2500  5.7690629E-02  5.8830849E-02  7.4391008E-02
   11.5000  5.4478874E-02  4.7308021E-02  7.3616184E-02
   11.7500  5.0386498E-02  3.9108146E-02  7.1301239E-02
   12.0000  4.6483046E-02  3.3212968E-02  6.7553188E-02
   12.2500  4.3291498E-02  2.8893106E-02  6.2823677E-02
   12.5000  4.0939545E-02  2.5631777E-02  5.7652138E-02
   12.7500  3.9380725E-02  2.3089840E-02  5.2526388E-02
   13.0000  3.8517604E-02  2.1054124E-02  4.7794998E-02
   13.2500  3.7943425E-02  1.9350601E-02  4.2730601E-02
   13.5000  3.8161374E-02  1.7955351E-02  3.9379169E-02
   13.7500  3.8798020E-02  1.6799349E-02  3.6646069E-02
   14.0000  3.9785829E-02  1.5838946E-02  3.4489801E-02
   14.2500  4.1061681E-02  1.5041812E-02  3.2853317E-02
   14.5000  4.2560745E-02  1.4382974E-02  3.1677150E-02
   14.7500  4.4218083E-02  1.3843115E-02  3.0908194E-02
   15.0000  4.5971382E-02  1.3407736E-02  3.0501609E-02
   15.2500  4.7736686E-02  1.3065232E-02  3.0412700E-02
   15.5000  4.9443571E-02  1.2808307E-02  3.0601870E-02
   15.7500  5.1013039E-02  1.2631894E-02  3.1028383E-02
   16.0000  5.2362935E-02  1.2532324E-02  3.1642102E-02
   16.2500  5.3411545E-02  1.2507292E-02  3.2384008E-02
   16.5000  5.4084218E-02  1.2555381E-02  3.3185350E-02
   16.7500  5.4318237E-02  1.2675872E-02  3.3971159E-02
   17.0000  5.4075970E-02  1.2867602E-02  3.4666458E-02
   17.2500  5.3354042E-02  1.3128626E-02  3.5205454E-02
   17.5000  5.2189830E-02  1.3456048E-02  3.5541496E-02
   17.7500  5.0663804E-02  1.3847627E-02  3.5654951E-02
   18.0000  4.8889414E-02  1.4300556E-02  3.5552654E-02
   18.2500  4.7000936E-02  1.4812508E-02  3.5263747E-02
   18.5000  4.5130675E-02  1.5382244E-02  3.4829399E-02
   18.7500  4.3392280E-02  1.6009299E-02  3.4297075E-02
   19.0000  4.1872003E-02  1.6694260E-02  3.3710762E-02
   19.2500  4.0623245E-02  1.7437905E-02  3.3108777E-02
   19.5000  3.9669782E-02  1.8240922E-02  3.2519728E-02
   19.7500  3.9012099E-02  1.9104178E-02  3.1964209E-02
   20.0000  3.8633955E-02  2.0028046E-02  3.1454110E-02
   21.0000  3.9251538E-02  2.4298332E-02  2.9906723E-02
   22.0000  4.0839970E-02  2.9248277E-02  2.8886362E-02
   23.0000  3.9166679E-02  3.4859859E-02  2.8041929E-02
   24.0000  3.4440025E-02  3.9049836E-02  2.7545484E-02
   25.0000  2.9237444E-02  4.1623215E-02  2.7629717E-02
   26.0000  2.5563875E-02  4.2133036E-02  2.7922830E-02
   27.0000  2.3616507E-02  4.0845265E-02  2.7963424E-02
   28.0000  2.2847089E-02  3.8569359E-02  2.7762362E-02
   29.0000  2.2685503E-02  3.6071391E-02  2.7597698E-02
   30.0000  2.2760822E-02  3.3788522E-02  2.7613688E-02
   31.0000  2.2891530E-02  3.1919267E-02  2.7766506E-02
   32.0000  2.2983072E-02  3.0456042E-02  2.7909084E-02
   33.0000  2.2964342E-02  2.9283412E-02  2.7906030E-02
   34.0000  2.2790817E-02  2.8256985E-02  2.7664792E-02
   35.0000  2.2452230E-02  2.7225846E-02  2.7080030E-02
   36.0000  2.1997740E-02  2.6071588E-02  2.6045273E-02
   37.0000  2.1524011E-02  2.4739427E-02  2.4493703E-02
   38.0000  2.1104121E-02  2.3246773E-02  2.2489805E-02
   39.0000  2.0746171E-02  2.1679677E-02  2.0339769E-02
   40.0000  2.0420267E-02  2.0175344E-02  1.8579105E-02
