  7709.000   27  1  1  1.9222038E-02 -4.8042140E+00 -3.6471281E-01  1  1  7.5663301E+03  8.0000000E+03  0.0000000E+00  1.1792254E+00  1.0000000E+00  0.0000000E+00  = E_edge, Z, n_edge, j_edge, Abs_before_edge, VO_interstitial, E_cut, ninit, ninit1, Epsii, UnitCell_Volume, Surface_ref, f0_forward, natomsym_f, abs_u_iso
    Energy   (100,001)      (010,001)      (001,110)   
  -25.0000  1.0976433E-08  3.4820041E-10  9.6690439E-10
  -24.0000  3.2380091E-08  6.3984236E-10  2.2987582E-09
  -23.0000  1.2367207E-07  1.2354333E-09  6.2378750E-09
  -22.0000  8.6657324E-07  2.5823942E-09  2.1086075E-08
  -21.0000  2.3406379E-04  6.9548913E-09  1.1932085E-07
  -20.0000  3.4486771E-06  8.0754609E-08  4.3380194E-06
  -19.0000  1.6586729E-06  3.5457876E-08  1.0323595E-06
  -18.0000  1.6328479E-06  6.3225126E-08  3.4561797E-07
  -17.0000  2.4744834E-06  1.9905572E-07  2.7816276E-07
  -16.0000  7.2203393E-06  9.6626473E-07  3.3321874E-07
  -15.0000  2.0322143E-04  1.9332563E-05  7.3552922E-07
  -14.0000  3.9354983E-07  1.6857276E-05  9.8536363E-07
  -13.0000  1.0278812E-06  4.1546747E-06  3.1523025E-06
  -12.0000  6.0808819E-06  3.0171808E-06  9.2346377E-05
  -11.0000  3.5235832E-05  2.6413556E-06  1.7632907E-05
  -10.0000  1.8252284E-03  1.1566198E-04  2.8699083E-04
  -9.00000  3.4195297E-04  1.5953068E-05  3.3097602E-06
  -8.00000  7.2770980E-05  4.9339665E-05  3.2906761E-06
  -7.00000  6.1413845E-04  7.4325986E-05  3.7110246E-05
  -6.00000  5.0248027E-04  3.5392782E-05  2.7596245E-04
  -5.00000  2.1420299E-03  1.5241727E-04  2.3190919E-03
  -4.00000  2.1437823E-03  1.0736822E-03  5.3719551E-04
  -3.00000  4.0132059E-03  3.4784635E-02  1.4018284E-03
  -2.00000  1.0638941E-03  2.8281944E-03  3.2977551E-04
  -1.00000  4.6526761E-04  1.3742106E-03  1.4933194E-04
   0.00000  1.8306155E-03  1.1034120E-03  7.0171034E-04
   1.00000  5.1075635E-04  8.6653505E-04  2.6802625E-04
   2.00000  4.0753001E-04  9.7295462E-04  2.1939672E-04
   3.00000  5.2483497E-04  1.3022141E-03  3.0796639E-04
   4.00000  8.0223013E-04  2.1141477E-03  5.0498455E-04
   5.00000  1.3008223E-03  3.6205500E-03  9.5992175E-04
   5.20000  1.4311974E-03  4.0109791E-03  1.1187968E-03
   5.40000  1.5730135E-03  4.4369955E-03  1.3171115E-03
   5.60000  1.7277210E-03  4.9045810E-03  1.5675565E-03
   5.80000  1.8974390E-03  5.4222086E-03  1.8879748E-03
   6.00000  2.0853838E-03  6.0007848E-03  2.3033209E-03
   6.20000  2.2965842E-03  6.6546558E-03  2.8485879E-03
   6.40000  2.5369186E-03  7.4036443E-03  3.5745854E-03
   6.60000  2.8136724E-03  8.2736308E-03  4.5548066E-03
   6.80000  3.1333840E-03  9.2968728E-03  5.8927801E-03
   7.00000  3.4989322E-03  1.0509701E-02  7.7250764E-03
   7.20000  3.9242411E-03  1.2028638E-02  1.0218881E-02
   7.40000  4.3974713E-03  1.3728565E-02  1.3459923E-02
   7.60000  5.0036396E-03  1.5578193E-02  1.7288642E-02
   7.80000  5.9469166E-03  1.7370563E-02  2.1021897E-02
   8.00000  7.5523926E-03  1.8862750E-02  2.3545931E-02
   8.20000  1.0003630E-02  2.0012241E-02  2.4115234E-02
   8.40000  1.2949293E-02  2.1074095E-02  2.3035516E-02
   8.60000  1.5929969E-02  2.2404275E-02  2.1241946E-02
   8.80000  1.9012378E-02  2.4279800E-02  1.9527584E-02
   9.00000  2.2140708E-02  2.6903338E-02  1.8291544E-02
   9.20000  2.4278634E-02  3.0442889E-02  1.7664692E-02
   9.40000  2.4098579E-02  3.5101516E-02  1.7667876E-02
   9.60000  2.2008252E-02  4.1165203E-02  1.8293476E-02
   9.80000  1.9673508E-02  4.9021417E-02  1.9533192E-02
   10.0000  1.8088007E-02  5.9107243E-02  2.1369269E-02
   10.2500  1.7364430E-02  7.5267916E-02  2.4411970E-02
   10.5000  1.7793049E-02  9.4403777E-02  2.8007417E-02
   10.7500  1.8088885E-02  1.1184069E-01  3.1645962E-02
   11.0000  2.0302821E-02  1.1964821E-01  3.4801741E-02
   11.2500  2.3207640E-02  1.1367298E-01  3.7271022E-02
   11.5000  2.6717034E-02  9.8181493E-02  3.9217625E-02
   11.7500  3.0630742E-02  8.0365541E-02  4.0905724E-02
   12.0000  3.4451116E-02  6.3980211E-02  4.1361881E-02
   12.2500  3.7823650E-02  5.1488705E-02  4.3400869E-02
   12.5000  4.0165649E-02  4.2059196E-02  4.5211622E-02
   12.7500  4.1277103E-02  3.5057541E-02  4.6623467E-02
   13.0000  4.1339052E-02  2.9869010E-02  4.7470975E-02
   13.2500  4.0763934E-02  2.6005975E-02  4.7667551E-02
   13.5000  3.9978894E-02  2.3102437E-02  4.7232857E-02
   13.7500  3.9300598E-02  2.0892729E-02  4.6288723E-02
   14.0000  3.8430701E-02  1.9320585E-02  4.4493615E-02
   14.2500  3.8394619E-02  1.7946717E-02  4.3103103E-02
   14.5000  3.8727243E-02  1.6856654E-02  4.1737319E-02
   14.7500  3.9406415E-02  1.5984133E-02  4.0515685E-02
   15.0000  4.0383698E-02  1.5282897E-02  3.9514734E-02
   15.2500  4.1600262E-02  1.4720993E-02  3.8782767E-02
   15.5000  4.2975829E-02  1.4272732E-02  3.8341636E-02
   15.7500  4.4431968E-02  1.3923696E-02  3.8202403E-02
   16.0000  4.5885730E-02  1.3662962E-02  3.8363223E-02
   16.2500  4.7254880E-02  1.3482948E-02  3.8809378E-02
   16.5000  4.8463865E-02  1.3378568E-02  3.9509837E-02
   16.7500  4.9444446E-02  1.3346092E-02  4.0411953E-02
   17.0000  5.0138664E-02  1.3383345E-02  4.1439869E-02
   17.2500  5.0503736E-02  1.3488276E-02  4.2494047E-02
   17.5000  5.0512638E-02  1.3659218E-02  4.3460105E-02
   17.7500  5.0157232E-02  1.3894584E-02  4.4223603E-02
   18.0000  4.9450502E-02  1.4192373E-02  4.4689670E-02
   18.2500  4.8428331E-02  1.4551455E-02  4.4803307E-02
   18.5000  4.7150868E-02  1.4970331E-02  4.4559401E-02
   18.7500  4.5693240E-02  1.5446645E-02  4.3996128E-02
   19.0000  4.4144445E-02  1.5979041E-02  4.3184410E-02
   19.2500  4.2591881E-02  1.6567135E-02  4.2208765E-02
   19.5000  4.1113996E-02  1.7210399E-02  4.1151430E-02
   19.7500  3.9774070E-02  1.7908217E-02  4.0080675E-02
   20.0000  3.8615114E-02  1.8660363E-02  3.9048247E-02
   21.0000  3.6114079E-02  2.2201850E-02  3.5808232E-02
   22.0000  3.6616624E-02  2.6506215E-02  3.4128448E-02
   23.0000  3.8631263E-02  3.1340220E-02  3.3422336E-02
   24.0000  4.0210303E-02  3.6155224E-02  3.2972025E-02
   25.0000  3.9763109E-02  3.9991252E-02  3.2341981E-02
   26.0000  3.6561253E-02  4.2064464E-02  3.1258915E-02
   27.0000  3.2908007E-02  4.1837470E-02  3.0063368E-02
   28.0000  2.9799904E-02  4.0363594E-02  2.8797238E-02
   29.0000  2.7672224E-02  3.8356808E-02  2.7698609E-02
   30.0000  2.6370537E-02  3.6277845E-02  2.6964001E-02
   31.0000  2.5629474E-02  3.4369727E-02  2.6627283E-02
   32.0000  2.5236104E-02  3.2750586E-02  2.6571362E-02
   33.0000  2.5015609E-02  3.1427677E-02  2.6633785E-02
   34.0000  2.4834501E-02  3.0327482E-02  2.6715429E-02
   35.0000  2.4605455E-02  2.9336229E-02  2.6757592E-02
   36.0000  2.4280163E-02  2.8335942E-02  2.6715293E-02
   37.0000  2.3858712E-02  2.7229953E-02  2.6515317E-02
   38.0000  2.3389667E-02  2.5965128E-02  2.6070107E-02
   39.0000  2.2916630E-02  2.4542031E-02  2.5307161E-02
   40.0000  2.2431784E-02  2.3008795E-02  2.4208151E-02
