  7709.000   27  1  1  1.9222038E-02 -4.7543803E+00 -3.7863146E-01  1  1  7.5664018E+03  8.0000000E+03  0.0000000E+00  1.1792254E+00  1.0000000E+00  0.0000000E+00  = E_edge, Z, n_edge, j_edge, Abs_before_edge, VO_interstitial, E_cut, ninit, ninit1, Epsii, UnitCell_Volume, Surface_ref, f0_forward, natomsym_f, abs_u_iso
    Energy   (100,001)      (010,001)      (001,110)   
  -25.0000  5.1544895E-09  3.4003179E-10  8.6609801E-10
  -24.0000  1.3197621E-08  6.1924829E-10  1.9405334E-09
  -23.0000  3.9085663E-08  1.1743860E-09  4.7993306E-09
  -22.0000  1.4807028E-07  2.3477885E-09  1.3760888E-08
  -21.0000  9.6528432E-07  5.0923356E-09  5.0885333E-08
  -20.0000  1.8963370E-04  1.4452037E-08  3.3874769E-07
  -19.0000  5.6931252E-06  5.3033844E-06  6.2670554E-04
  -18.0000  2.6572638E-06  6.4251263E-08  1.2504308E-06
  -17.0000  2.8027784E-06  1.9305796E-07  5.9468860E-07
  -16.0000  5.1984409E-06  9.2392141E-07  5.6819690E-07
  -15.0000  5.3428088E-05  1.6451639E-05  1.0532498E-06
  -14.0000  2.3586085E-06  1.9742517E-05  1.2429924E-06
  -13.0000  5.9582340E-07  4.4539545E-06  3.1527647E-06
  -12.0000  4.2457195E-06  2.8876543E-06  3.2671076E-05
  -11.0000  2.0999915E-05  3.8703701E-06  3.1963769E-05
  -10.0000  1.9233478E-04  4.7272268E-06  6.4397879E-06
  -9.00000  5.1335590E-03  2.8328064E-05  2.8782164E-05
  -8.00000  2.9733685E-04  2.6076598E-05  1.1898157E-05
  -7.00000  1.7463871E-04  6.0600438E-03  5.2168290E-03
  -6.00000  4.3021972E-03  4.5436164E-05  2.9890078E-04
  -5.00000  2.4198393E-02  3.7644491E-04  1.3233447E-03
  -4.00000  7.6618415E-01  5.3970356E-04  4.1591225E-04
  -3.00000  7.9934460E-04  3.3257469E-01  2.8977551E-02
  -2.00000  4.5334433E-04  3.3726065E-03  6.1910484E-04
  -1.00000  3.0544235E-04  1.4394641E-03  2.1619990E-04
   0.00000  4.1206115E-04  1.1628057E-03  2.8209214E-04
   1.00000  7.1466442E-04  8.7650164E-04  4.0620636E-04
   2.00000  5.2302811E-04  9.6583948E-04  3.2905029E-04
   3.00000  8.0343629E-04  1.2748436E-03  5.0158186E-04
   4.00000  1.3765332E-03  2.0499806E-03  8.5228058E-04
   5.00000  2.3002523E-03  3.5027727E-03  1.7194268E-03
   5.20000  2.5114711E-03  3.8744711E-03  2.0701246E-03
   5.40000  2.7240354E-03  4.2781961E-03  2.5489008E-03
   5.60000  2.9340547E-03  4.7231969E-03  3.2118246E-03
   5.80000  3.1359053E-03  5.2264978E-03  4.1224915E-03
   6.00000  3.3252829E-03  5.8131194E-03  5.3090331E-03
   6.20000  3.4973404E-03  6.5087633E-03  6.6787854E-03
   6.40000  3.6466648E-03  7.3182577E-03  7.9683725E-03
   6.60000  3.7727508E-03  8.2121380E-03  8.8907272E-03
   6.80000  3.9044555E-03  9.1535544E-03  9.3746859E-03
   7.00000  4.1767049E-03  1.0140218E-02  9.5660697E-03
   7.20000  4.8213956E-03  1.1240291E-02  9.6746840E-03
   7.40000  5.6816010E-03  1.2411382E-02  9.7688177E-03
   7.60000  6.3704647E-03  1.3692605E-02  9.8763180E-03
   7.80000  6.8924961E-03  1.5093860E-02  9.9681787E-03
   8.00000  7.3671865E-03  1.6622660E-02  1.0000605E-02
   8.20000  7.8618307E-03  1.8293551E-02  9.9391641E-03
   8.40000  8.4059611E-03  2.0139901E-02  9.7776895E-03
   8.60000  9.0114502E-03  2.2220669E-02  9.5444767E-03
   8.80000  9.6799523E-03  2.4631410E-02  9.2958565E-03
   9.00000  1.0408217E-02  2.7505111E-02  9.0967320E-03
   9.20000  1.1191267E-02  3.0994015E-02  9.0068178E-03
   9.40000  1.2022885E-02  3.5294161E-02  9.0598022E-03
   9.60000  1.2895056E-02  4.0629944E-02  9.2615665E-03
   9.80000  1.3802215E-02  4.7256949E-02  9.6009308E-03
   10.0000  1.4746264E-02  5.5443555E-02  1.0061282E-02
   10.2500  1.5994006E-02  6.8171693E-02  1.0794846E-02
   10.5000  1.7350254E-02  8.3394530E-02  1.1721264E-02
   10.7500  1.8851410E-02  9.9009094E-02  1.2880155E-02
   11.0000  2.0530314E-02  1.1011284E-01  1.4313345E-02
   11.2500  2.2386012E-02  1.1111459E-01  1.6013319E-02
   11.5000  2.4211727E-02  1.0044607E-01  1.7500705E-02
   11.7500  2.6287312E-02  8.5000306E-02  1.9799029E-02
   12.0000  2.8376007E-02  6.9364935E-02  2.2371796E-02
   12.2500  3.0392653E-02  5.6277173E-02  2.5250986E-02
   12.5000  3.2261021E-02  4.6196248E-02  2.8432871E-02
   12.7500  3.3927758E-02  3.8677366E-02  3.1864250E-02
   13.0000  3.5362796E-02  3.3105614E-02  3.5427523E-02
   13.2500  3.6561146E-02  2.8956189E-02  3.8943974E-02
   13.5000  3.6789196E-02  2.6281427E-02  4.1972335E-02
   13.7500  3.7495258E-02  2.3831162E-02  4.4715130E-02
   14.0000  3.8030391E-02  2.1926470E-02  4.6651822E-02
   14.2500  3.8417702E-02  2.0428816E-02  4.7671757E-02
   14.5000  3.8683119E-02  1.9239860E-02  4.7825134E-02
   14.7500  3.8859408E-02  1.8291472E-02  4.7298717E-02
   15.0000  3.8982083E-02  1.7537224E-02  4.6351624E-02
   15.2500  3.9098920E-02  1.6945331E-02  4.5250521E-02
   15.5000  3.9229396E-02  1.6486988E-02  4.4216787E-02
   15.7500  3.9422220E-02  1.6145982E-02  4.3419587E-02
   16.0000  3.9712311E-02  1.5909143E-02  4.2973478E-02
   16.2500  4.0127617E-02  1.5766487E-02  4.2954674E-02
   16.5000  4.0687322E-02  1.5709774E-02  4.3409125E-02
   16.7500  4.1398770E-02  1.5732838E-02  4.4360388E-02
   17.0000  4.2252485E-02  1.5830580E-02  4.5809549E-02
   17.2500  4.3218349E-02  1.5999813E-02  4.7729019E-02
   17.5000  4.4244620E-02  1.6235757E-02  5.0043352E-02
   17.7500  4.5257805E-02  1.6534517E-02  5.2615993E-02
   18.0000  4.6165479E-02  1.6891831E-02  5.5241897E-02
   18.2500  4.6864893E-02  1.7301108E-02  5.7655141E-02
   18.5000  4.7259688E-02  1.7756365E-02  5.9573735E-02
   18.7500  4.7277610E-02  1.8250384E-02  6.0763491E-02
   19.0000  4.6889089E-02  1.8776135E-02  6.1098736E-02
   19.2500  4.6109250E-02  1.9325549E-02  6.0591789E-02
   19.5000  4.5001077E-02  1.9892778E-02  5.9372672E-02
   19.7500  4.3657214E-02  2.0473828E-02  5.7630512E-02
   20.0000  4.2184183E-02  2.1064245E-02  5.5570540E-02
   21.0000  3.6789228E-02  2.3500713E-02  4.7026341E-02
   22.0000  3.4371139E-02  2.6114941E-02  4.0670350E-02
   23.0000  3.5319280E-02  2.9053023E-02  3.6645448E-02
   24.0000  3.8523587E-02  3.2393852E-02  3.4221456E-02
   25.0000  4.2452474E-02  3.5921541E-02  3.2818685E-02
   26.0000  4.5525549E-02  3.9141840E-02  3.1729976E-02
   27.0000  4.5763213E-02  4.0437768E-02  3.0743910E-02
   28.0000  4.2468436E-02  4.0081273E-02  2.9524800E-02
   29.0000  3.7292489E-02  3.8601836E-02  2.8320219E-02
   30.0000  3.2669193E-02  3.6684191E-02  2.7531127E-02
   31.0000  2.9582892E-02  3.4783131E-02  2.7293020E-02
   32.0000  2.7843170E-02  3.3119729E-02  2.7450913E-02
   33.0000  2.6966561E-02  3.1734240E-02  2.7764724E-02
   34.0000  2.6566499E-02  3.0591156E-02  2.8077159E-02
   35.0000  2.6364884E-02  2.9603921E-02  2.8298250E-02
   36.0000  2.6161753E-02  2.8673231E-02  2.8369432E-02
   37.0000  2.5809108E-02  2.7700944E-02  2.8231042E-02
   38.0000  2.5231299E-02  2.6604768E-02  2.7799832E-02
   39.0000  2.4422628E-02  2.5340917E-02  2.6974953E-02
   40.0000  2.3427004E-02  2.3912185E-02  2.5691941E-02
