  7709.000   27  1  1  1.9222038E-02 -4.7558806E+00 -3.1382893E-01  1  1  7.5665964E+03  8.0000000E+03  0.0000000E+00  1.1792254E+00  1.0000000E+00  0.0000000E+00  = E_edge, Z, n_edge, j_edge, Abs_before_edge, VO_interstitial, E_cut, ninit, ninit1, Epsii, UnitCell_Volume, Surface_ref, f0_forward, natomsym_f, abs_u_iso
    Energy   (100,001)      (010,001)      (001,110)   
  -25.0000  5.5427275E-09  3.5446081E-10  8.5419033E-10
  -24.0000  1.4168187E-08  6.6200140E-10  1.9346015E-09
  -23.0000  4.2060493E-08  1.3056953E-09  4.8619896E-09
  -22.0000  1.6262740E-07  2.8352166E-09  1.4387511E-08
  -21.0000  1.2446654E-06  8.6298319E-09  6.0741180E-08
  -20.0000  3.2339461E-05  1.1272266E-07  1.0603266E-06
  -19.0000  1.2020676E-05  3.9780371E-07  1.6453292E-05
  -18.0000  3.2908157E-06  1.0988974E-07  2.4311769E-06
  -17.0000  3.0097656E-06  2.0838340E-07  7.8079305E-07
  -16.0000  4.8597189E-06  9.8458151E-07  8.4610129E-07
  -15.0000  3.4421425E-05  1.2202972E-04  3.5643560E-05
  -14.0000  7.3544560E-06  3.1003579E-05  3.5403391E-06
  -13.0000  9.8537586E-07  5.0560521E-06  5.0470176E-06
  -12.0000  5.8165496E-06  3.7068847E-06  5.3454105E-05
  -11.0000  3.1988723E-05  2.9788961E-06  4.8197708E-05
  -10.0000  3.4854447E-04  4.6049362E-06  1.0597246E-05
  -9.00000  6.9201384E-02  2.0266696E-04  2.2018176E-04
  -8.00000  4.9728105E-04  2.7979602E-05  1.6055664E-05
  -7.00000  3.1113858E-04  1.5412622E-04  1.7515161E-04
  -6.00000  8.0535081E-04  7.1975047E-05  1.0462760E-03
  -5.00000  1.0599936E-02  8.9768540E-04  8.6352625E-03
  -4.00000  1.2665583E-02  8.8049526E-04  3.0728134E-04
  -3.00000  5.9030256E-04  1.6719403E-02  2.4264920E-03
  -2.00000  6.7202805E-04  4.0026410E-03  7.0054421E-04
  -1.00000  2.9047922E-04  1.7190527E-03  1.7311028E-04
   0.00000  2.8975694E-03  3.7739123E-03  2.8837657E-03
   1.00000  1.8864416E-03  1.5686008E-03  1.6517248E-03
   2.00000  5.8365927E-04  1.1364889E-03  3.9628401E-04
   3.00000  7.6812872E-04  1.4880280E-03  4.6664178E-04
   4.00000  1.2026163E-03  2.4777296E-03  7.0557226E-04
   5.00000  1.8101048E-03  4.2923792E-03  1.2691805E-03
   5.20000  1.9501128E-03  4.7395038E-03  1.4719951E-03
   5.40000  2.1051930E-03  5.2154782E-03  1.7317412E-03
   5.60000  2.2868326E-03  5.7247465E-03  2.0720314E-03
   5.80000  2.5105773E-03  6.2755291E-03  2.5300592E-03
   6.00000  2.7899118E-03  6.8847025E-03  3.1651629E-03
   6.20000  3.1466746E-03  7.5798403E-03  4.0728156E-03
   6.40000  3.7054461E-03  8.3934990E-03  5.3802922E-03
   6.60000  4.7346457E-03  9.3455887E-03  7.1825264E-03
   6.80000  6.0900907E-03  1.0391084E-02  9.3539618E-03
   7.00000  6.9521221E-03  1.1418924E-02  1.1390806E-02
   7.20000  7.1610775E-03  1.2229151E-02  1.2606752E-02
   7.40000  7.1718089E-03  1.2765647E-02  1.2693134E-02
   7.60000  7.2439266E-03  1.3186156E-02  1.2016592E-02
   7.80000  7.4485827E-03  1.3690587E-02  1.1125554E-02
   8.00000  7.7915234E-03  1.4397897E-02  1.0314477E-02
   8.20000  8.2550215E-03  1.5322545E-02  9.6639792E-03
   8.40000  8.8420339E-03  1.6443540E-02  9.2483423E-03
   8.60000  9.5919578E-03  1.7832692E-02  9.1037489E-03
   8.80000  1.0514640E-02  1.9541228E-02  9.2081530E-03
   9.00000  1.1621198E-02  2.1631134E-02  9.5425014E-03
   9.20000  1.2917070E-02  2.4145328E-02  1.0101487E-02
   9.40000  1.4401255E-02  2.7147229E-02  1.0884616E-02
   9.60000  1.6052381E-02  3.0709445E-02  1.1885106E-02
   9.80000  1.7813866E-02  3.4905125E-02  1.3076856E-02
   10.0000  1.9579147E-02  3.9789033E-02  1.4400570E-02
   10.2500  2.1559496E-02  4.6870857E-02  1.6091675E-02
   10.5000  2.3048796E-02  5.4879406E-02  1.7631846E-02
   10.7500  2.4034469E-02  6.3380022E-02  1.8936197E-02
   11.0000  2.4786431E-02  7.1552415E-02  2.0094834E-02
   11.2500  2.5620572E-02  7.8120031E-02  2.1250876E-02
   11.5000  2.6674609E-02  8.1640353E-02  2.2475115E-02
   11.7500  2.7877183E-02  8.1231257E-02  2.3757992E-02
   12.0000  2.8751706E-02  7.6956126E-02  2.4623739E-02
   12.2500  2.9664433E-02  7.0312324E-02  2.6000521E-02
   12.5000  3.0263720E-02  6.2636708E-02  2.7374067E-02
   12.7500  3.0513531E-02  5.5059327E-02  2.8589212E-02
   13.0000  3.0601752E-02  4.8218596E-02  3.0018983E-02
   13.2500  3.0625653E-02  4.2400144E-02  3.1431926E-02
   13.5000  3.0703966E-02  3.7468237E-02  3.2926246E-02
   13.7500  3.0901789E-02  3.3397938E-02  3.4334126E-02
   14.0000  3.1257968E-02  3.0076692E-02  3.5586083E-02
   14.2500  3.1789690E-02  2.7383455E-02  3.6633900E-02
   14.5000  3.2038366E-02  2.5199537E-02  3.7376297E-02
   14.7500  3.2982243E-02  2.3441719E-02  3.8042184E-02
   15.0000  3.4091646E-02  2.2022091E-02  3.8556706E-02
   15.2500  3.5355491E-02  2.0877672E-02  3.8992873E-02
   15.5000  3.6744207E-02  1.9949790E-02  3.9427902E-02
   15.7500  3.8232188E-02  1.9201859E-02  3.9941496E-02
   16.0000  3.9778273E-02  1.8604848E-02  4.0604762E-02
   16.2500  4.1329028E-02  1.8137026E-02  4.1477754E-02
   16.5000  4.2818488E-02  1.7783604E-02  4.2604485E-02
   16.7500  4.4172746E-02  1.7533623E-02  4.4010804E-02
   17.0000  4.5316226E-02  1.7377795E-02  4.5697241E-02
   17.2500  4.6179022E-02  1.7308414E-02  4.7629880E-02
   17.5000  4.6708924E-02  1.7319608E-02  4.9733241E-02
   17.7500  4.6878044E-02  1.7406096E-02  5.1885012E-02
   18.0000  4.6687514E-02  1.7562579E-02  5.3916398E-02
   18.2500  4.6165585E-02  1.7784040E-02  5.5631961E-02
   18.5000  4.5366134E-02  1.8065748E-02  5.6839526E-02
   18.7500  4.4358186E-02  1.8404151E-02  5.7398610E-02
   19.0000  4.3217260E-02  1.8794805E-02  5.7256432E-02
   19.2500  4.2016019E-02  1.9233830E-02  5.6458901E-02
   19.5000  4.0818174E-02  1.9717806E-02  5.5131565E-02
   19.7500  3.9676231E-02  2.0243534E-02  5.3439505E-02
   20.0000  3.8631266E-02  2.0807360E-02  5.1547850E-02
   21.0000  3.5876984E-02  2.3401675E-02  4.4245386E-02
   22.0000  3.5564384E-02  2.6418364E-02  3.9234829E-02
   23.0000  3.6981900E-02  2.9640251E-02  3.6224335E-02
   24.0000  3.8999025E-02  3.2702116E-02  3.4342779E-02
   25.0000  4.0772107E-02  3.5175971E-02  3.3031704E-02
   26.0000  4.1720199E-02  3.6792170E-02  3.1981302E-02
   27.0000  4.1165124E-02  3.7550047E-02  3.0944729E-02
   28.0000  3.8730975E-02  3.7572567E-02  2.9706302E-02
   29.0000  3.5060005E-02  3.7017594E-02  2.8290155E-02
   30.0000  3.1407789E-02  3.6090004E-02  2.6988260E-02
   31.0000  2.8583886E-02  3.5012495E-02  2.6077998E-02
   32.0000  2.6710824E-02  3.3978977E-02  2.5595190E-02
   33.0000  2.5576927E-02  3.3081893E-02  2.5415711E-02
   34.0000  2.4945322E-02  3.2333598E-02  2.5416781E-02
   35.0000  2.4788364E-02  3.1491881E-02  2.5546570E-02
   36.0000  2.4651189E-02  3.0871515E-02  2.5669561E-02
   37.0000  2.4589136E-02  3.0203054E-02  2.5761093E-02
   38.0000  2.4539727E-02  2.9439101E-02  2.5752435E-02
   39.0000  2.4467002E-02  2.8564630E-02  2.5600304E-02
   40.0000  2.4358892E-02  2.7576120E-02  2.5326383E-02
