  7709.000   27  1  1  1.9222038E-02 -4.5994304E+00 -3.7618869E-01  1  1  7.5664602E+03  8.0000000E+03  0.0000000E+00  1.1792254E+00  1.0000000E+00  0.0000000E+00  = E_edge, Z, n_edge, j_edge, Abs_before_edge, VO_interstitial, E_cut, ninit, ninit1, Epsii, UnitCell_Volume, Surface_ref, f0_forward, natomsym_f, abs_u_iso
    Energy   (100,001)      (010,001)      (001,110)   
  -25.0000  6.1638231E-09  3.6396792E-10  9.1719446E-10
  -24.0000  1.6005345E-08  6.7715109E-10  2.0954990E-09
  -23.0000  4.8476342E-08  1.3228283E-09  5.3415431E-09
  -22.0000  1.9153874E-07  2.7841185E-09  1.6190975E-08
  -21.0000  1.4125379E-06  6.9791399E-09  7.0457385E-08
  -20.0000  4.8716063E-02  1.2776341E-05  4.8149090E-04
  -19.0000  6.1816312E-06  1.0297239E-06  5.0344776E-05
  -18.0000  2.8701108E-06  8.1723110E-08  1.1032747E-06
  -17.0000  3.2053230E-06  2.2485310E-07  5.9983558E-07
  -16.0000  6.3393287E-06  1.1723451E-06  7.1660017E-07
  -15.0000  9.6241872E-05  4.8000446E-04  2.8555815E-05
  -14.0000  3.6736725E-06  2.1728707E-05  2.3481681E-06
  -13.0000  7.5391451E-07  4.6455252E-06  4.6868813E-06
  -12.0000  4.9353846E-06  3.7071716E-06  8.2213708E-05
  -11.0000  2.5667197E-05  2.9453650E-06  2.6857389E-05
  -10.0000  2.8220371E-04  4.8067861E-06  1.0893034E-05
  -9.00000  2.5927342E-03  5.0997779E-05  4.0672499E-05
  -8.00000  2.4669600E-04  2.9640513E-05  1.0681944E-05
  -7.00000  2.8842380E-04  2.6446767E-04  2.7741240E-04
  -6.00000  9.0443718E-04  3.9671859E-05  3.2873588E-04
  -5.00000  4.8250339E-02  5.7362303E-03  1.6738878E-01
  -4.00000  1.2223848E-02  1.0413398E-03  1.8331190E-04
  -3.00000  6.4999276E-04  1.2427919E-01  4.8328466E-03
  -2.00000  7.4309148E-04  3.1141489E-03  4.7230386E-04
  -1.00000  3.1669625E-04  1.5610135E-03  1.8077623E-04
   0.00000  1.2705868E-03  2.3812679E-03  1.0556018E-03
   1.00000  6.0903047E-04  1.2650772E-03  3.1580338E-04
   2.00000  4.2227005E-04  1.0873418E-03  2.7787404E-04
   3.00000  6.0267201E-04  1.3918308E-03  4.2829959E-04
   4.00000  9.5570500E-04  2.2270966E-03  7.5561108E-04
   5.00000  1.4956229E-03  3.8024162E-03  1.6568404E-03
   5.20000  1.6177474E-03  4.2004192E-03  2.0360232E-03
   5.40000  1.7411257E-03  4.6299450E-03  2.5636878E-03
   5.60000  1.8637429E-03  5.0992292E-03  3.3203096E-03
   5.80000  1.9823771E-03  5.6224177E-03  4.4352459E-03
   6.00000  2.0941599E-03  6.2200954E-03  6.0991776E-03
   6.20000  2.2004255E-03  6.9186114E-03  8.5472895E-03
   6.40000  2.3227453E-03  7.7328797E-03  1.1890761E-02
   6.60000  2.5240633E-03  8.6043325E-03  1.5538298E-02
   6.80000  2.9099647E-03  9.3779197E-03  1.7690283E-02
   7.00000  3.5076244E-03  9.9121511E-03  1.7138613E-02
   7.20000  4.0970663E-03  1.0340733E-02  1.5003008E-02
   7.40000  4.5182713E-03  1.0820992E-02  1.2696139E-02
   7.60000  4.8429609E-03  1.1462991E-02  1.0816634E-02
   7.80000  5.1597986E-03  1.2311772E-02  9.4461624E-03
   8.00000  5.5080217E-03  1.3384019E-02  8.4737053E-03
   8.20000  5.9059425E-03  1.4691259E-02  7.7903752E-03
   8.40000  6.3639974E-03  1.6260805E-02  7.3592124E-03
   8.60000  6.8822765E-03  1.8143214E-02  7.1719756E-03
   8.80000  7.4652092E-03  2.0432765E-02  7.2058632E-03
   9.00000  8.1395397E-03  2.3161594E-02  7.4755476E-03
   9.20000  8.9199908E-03  2.6452309E-02  7.9594778E-03
   9.40000  9.8201956E-03  3.0411535E-02  8.6494754E-03
   9.60000  1.0852271E-02  3.5163103E-02  9.5340848E-03
   9.80000  1.2025561E-02  4.0804714E-02  1.0595426E-02
   10.0000  1.3344320E-02  4.7359902E-02  1.1811418E-02
   10.2500  1.5195458E-02  5.6667481E-02  1.3514022E-02
   10.5000  1.7260223E-02  6.6736551E-02  1.5386506E-02
   10.7500  1.9531350E-02  7.6847089E-02  1.7414802E-02
   11.0000  2.2004039E-02  8.5878314E-02  1.9601149E-02
   11.2500  2.4653939E-02  9.1908459E-02  2.1926707E-02
   11.5000  2.7402429E-02  9.2719214E-02  2.4294258E-02
   11.7500  2.9945646E-02  8.7606432E-02  2.6419930E-02
   12.0000  3.2204387E-02  7.8166869E-02  2.7968732E-02
   12.2500  3.4281520E-02  6.7347767E-02  3.0090115E-02
   12.5000  3.5871534E-02  5.7069415E-02  3.2154908E-02
   12.7500  3.6956307E-02  4.8308340E-02  3.4192043E-02
   13.0000  3.7608891E-02  4.1236697E-02  3.6180622E-02
   13.2500  3.7956705E-02  3.5669374E-02  3.8049093E-02
   13.5000  3.8135451E-02  3.1325038E-02  3.9688998E-02
   13.7500  3.8170733E-02  2.8272663E-02  4.1259007E-02
   14.0000  3.8297330E-02  2.5591154E-02  4.2198434E-02
   14.2500  3.8505144E-02  2.3470229E-02  4.2665406E-02
   14.5000  3.8820303E-02  2.1781228E-02  4.2719006E-02
   14.7500  3.9256227E-02  2.0427034E-02  4.2476468E-02
   15.0000  3.9818841E-02  1.9334276E-02  4.2082642E-02
   15.2500  4.0508549E-02  1.8448463E-02  4.1679955E-02
   15.5000  4.1324564E-02  1.7729825E-02  4.1392426E-02
   15.7500  4.2240115E-02  1.7147163E-02  4.1315053E-02
   16.0000  4.3234745E-02  1.6681622E-02  4.1518881E-02
   16.2500  4.4269385E-02  1.6319290E-02  4.2051296E-02
   16.5000  4.5291026E-02  1.6049486E-02  4.2936754E-02
   16.7500  4.6235952E-02  1.5864903E-02  4.4176976E-02
   17.0000  4.7033826E-02  1.5759466E-02  4.5745149E-02
   17.2500  4.7616445E-02  1.5728140E-02  4.7579850E-02
   17.5000  4.7928467E-02  1.5767158E-02  4.9573875E-02
   17.7500  4.7933367E-02  1.5872428E-02  5.1579442E-02
   18.0000  4.7623985E-02  1.6041043E-02  5.3411974E-02
   18.2500  4.7022669E-02  1.6270045E-02  5.4874105E-02
   18.5000  4.6177096E-02  1.6556176E-02  5.5798506E-02
   18.7500  4.5150963E-02  1.6897478E-02  5.6086484E-02
   19.0000  4.4015304E-02  1.7290832E-02  5.5730208E-02
   19.2500  4.2838731E-02  1.7733649E-02  5.4808703E-02
   19.5000  4.1681814E-02  1.8223555E-02  5.3459440E-02
   19.7500  4.0595065E-02  1.8757949E-02  5.1841226E-02
   20.0000  3.9616466E-02  1.9333794E-02  5.0100225E-02
   21.0000  3.7198141E-02  2.2000036E-02  4.3753660E-02
   22.0000  3.7391390E-02  2.5159765E-02  3.9790986E-02
   23.0000  3.9618647E-02  2.8755341E-02  3.7740083E-02
   24.0000  4.2514658E-02  3.2583730E-02  3.6573281E-02
   25.0000  4.4778111E-02  3.6073613E-02  3.5620152E-02
   26.0000  4.5406762E-02  3.8561697E-02  3.4585337E-02
   27.0000  4.3524329E-02  3.9695136E-02  3.3288586E-02
   28.0000  3.9279915E-02  3.9558947E-02  3.1626144E-02
   29.0000  3.3533912E-02  3.8295086E-02  2.9477523E-02
   30.0000  2.9708932E-02  3.6823562E-02  2.7921299E-02
   31.0000  2.7230815E-02  3.5321626E-02  2.6872733E-02
   32.0000  2.5809772E-02  3.3984851E-02  2.6306953E-02
   33.0000  2.5072530E-02  3.2881165E-02  2.6060419E-02
   34.0000  2.4739534E-02  3.1993900E-02  2.5972924E-02
   35.0000  2.4618468E-02  3.1247561E-02  2.5914614E-02
   36.0000  2.4568512E-02  3.0548106E-02  2.5786066E-02
   37.0000  2.4482983E-02  2.9818106E-02  2.5508644E-02
   38.0000  2.4272225E-02  2.9014969E-02  2.5032797E-02
   39.0000  2.3877174E-02  2.8136631E-02  2.4354666E-02
   40.0000  2.3280425E-02  2.7179303E-02  2.3520375E-02
