  7709.000   27  1  1  1.9222038E-02 -4.5566457E+00 -3.7781004E-01  1  1  7.5664206E+03  8.0000000E+03  0.0000000E+00  1.1792254E+00  1.0000000E+00  0.0000000E+00  = E_edge, Z, n_edge, j_edge, Abs_before_edge, VO_interstitial, E_cut, ninit, ninit1, Epsii, UnitCell_Volume, Surface_ref, f0_forward, natomsym_f, abs_u_iso
    Energy   (100,001)      (010,001)      (001,110)   
  -25.0000  1.3502531E-08  3.5801021E-10  9.5463840E-10
  -24.0000  4.1472270E-08  6.7026488E-10  2.2822208E-09
  -23.0000  1.6969580E-07  1.3267461E-09  6.2969835E-09
  -22.0000  1.4120467E-06  2.9941384E-09  2.3404364E-08
  -21.0000  1.6808412E-04  1.9090702E-08  3.7003840E-07
  -20.0000  4.0398590E-06  1.1622262E-07  4.9269388E-06
  -19.0000  2.0494054E-06  4.2485182E-08  1.0134282E-06
  -18.0000  2.2883840E-06  7.3967282E-08  3.6834438E-07
  -17.0000  4.5095767E-06  2.4024769E-07  3.8448493E-07
  -16.0000  3.8439329E-05  1.3907090E-06  4.3881653E-06
  -15.0000  7.7403470E-06  4.1397813E-05  1.9936477E-06
  -14.0000  3.8356062E-07  1.2719867E-05  1.7154517E-06
  -13.0000  1.2390506E-06  3.9862911E-06  6.8734587E-06
  -12.0000  8.0183953E-05  5.3728019E-06  7.4441763E-04
  -11.0000  7.0080922E-05  2.7932476E-06  1.1983810E-05
  -10.0000  6.1019794E-04  4.3757278E-05  6.5307430E-05
  -9.00000  2.4197489E-04  2.0391679E-05  8.8279588E-06
  -8.00000  2.8827854E-03  1.2083272E-04  5.2150443E-05
  -7.00000  2.6883550E-04  6.4721863E-05  7.9285684E-06
  -6.00000  4.0047297E-04  6.0126581E-05  7.5875144E-05
  -5.00000  6.8533798E-04  2.2245803E-04  3.2457921E-03
  -4.00000  2.0278621E-01  2.2224625E-03  2.1795110E-04
  -3.00000  2.5133933E-03  5.0254565E-02  1.6392033E-02
  -2.00000  7.0500260E-04  2.3332465E-03  3.4495216E-04
  -1.00000  3.6981990E-04  1.2001585E-03  1.3403620E-04
   0.00000  7.9970103E-03  1.2039241E-03  4.6943534E-03
   1.00000  3.3758551E-04  8.9805455E-04  1.8438038E-04
   2.00000  3.9973248E-04  1.0695964E-03  2.5279067E-04
   3.00000  5.7246253E-04  1.5195964E-03  4.5105449E-04
   4.00000  9.0456539E-04  2.4872837E-03  9.3495296E-04
   5.00000  1.4667976E-03  4.1919822E-03  2.2893172E-03
   5.20000  1.6110234E-03  4.6899545E-03  2.8292133E-03
   5.40000  1.7665964E-03  5.2791903E-03  3.5479046E-03
   5.60000  1.9339596E-03  5.9895563E-03  4.5218519E-03
   5.80000  2.1136026E-03  6.8602120E-03  5.8632459E-03
   6.00000  2.3064871E-03  7.9391658E-03  7.7297048E-03
   6.20000  2.5143062E-03  9.2756938E-03  1.0317286E-02
   6.40000  2.7392177E-03  1.0895034E-02  1.3793358E-02
   6.60000  2.9838192E-03  1.2741846E-02  1.8096883E-02
   6.80000  3.2523205E-03  1.4623268E-02  2.2642166E-02
   7.00000  3.5599307E-03  1.6277856E-02  2.6366819E-02
   7.20000  3.9510222E-03  1.7600938E-02  2.8495328E-02
   7.40000  4.5160547E-03  1.8715218E-02  2.9145033E-02
   7.60000  5.4348525E-03  1.9892903E-02  2.9241853E-02
   7.80000  6.9507246E-03  2.1459788E-02  2.9392727E-02
   8.00000  9.2118950E-03  2.3536501E-02  2.9367528E-02
   8.20000  1.1840343E-02  2.6088951E-02  2.8205826E-02
   8.40000  1.3972440E-02  2.9220573E-02  2.5946276E-02
   8.60000  1.5495183E-02  3.3342800E-02  2.4205659E-02
   8.80000  1.6970836E-02  3.8821702E-02  2.3903127E-02
   9.00000  1.8795180E-02  4.5937037E-02  2.4995120E-02
   9.20000  2.1150202E-02  5.5028334E-02  2.7275962E-02
   9.40000  2.4137607E-02  6.6405769E-02  3.0261224E-02
   9.60000  2.7844152E-02  8.0294550E-02  3.4424177E-02
   9.80000  3.2297489E-02  9.6004741E-02  3.8953309E-02
   10.0000  3.7451245E-02  1.1112670E-01  4.3104155E-02
   10.2500  4.4592426E-02  1.2233136E-01  4.6576881E-02
   10.5000  5.1775992E-02  1.1841056E-01  4.7679818E-02
   10.7500  5.7688317E-02  1.0195141E-01  4.7259678E-02
   11.0000  6.0826747E-02  8.1684081E-02  4.6570426E-02
   11.2500  6.0468661E-02  6.3710205E-02  4.6397699E-02
   11.5000  5.7306505E-02  4.9874931E-02  4.6937324E-02
   11.7500  5.2867745E-02  3.9865653E-02  4.7992535E-02
   12.0000  4.7658591E-02  3.2384127E-02  4.9549285E-02
   12.2500  4.4164732E-02  2.7615638E-02  5.0589045E-02
   12.5000  4.1599217E-02  2.4298472E-02  5.0848871E-02
   12.7500  3.9939007E-02  2.1946915E-02  5.0211081E-02
   13.0000  3.9073261E-02  2.0217228E-02  4.8784828E-02
   13.2500  3.8870927E-02  1.8885414E-02  4.6834818E-02
   13.5000  3.8929473E-02  1.7889754E-02  4.4545485E-02
   13.7500  3.9568868E-02  1.6916360E-02  4.2213789E-02
   14.0000  4.0618352E-02  1.6181128E-02  4.0362593E-02
   14.2500  4.1859331E-02  1.5577926E-02  3.8834464E-02
   14.5000  4.3173378E-02  1.5090523E-02  3.7675251E-02
   14.7500  4.4442041E-02  1.4705585E-02  3.6892933E-02
   15.0000  4.5551249E-02  1.4412372E-02  3.6471178E-02
   15.2500  4.6399198E-02  1.4202255E-02  3.6377884E-02
   15.5000  4.6909029E-02  1.4068417E-02  3.6566418E-02
   15.7500  4.7017927E-02  1.4005664E-02  3.6974447E-02
   16.0000  4.6711693E-02  1.4010758E-02  3.7526605E-02
   16.2500  4.6005568E-02  1.4080662E-02  3.8135203E-02
   16.5000  4.4949779E-02  1.4212792E-02  3.8705626E-02
   16.7500  4.3616549E-02  1.4404871E-02  3.9151639E-02
   17.0000  4.2096380E-02  1.4654704E-02  3.9404655E-02
   17.2500  4.0488158E-02  1.4960027E-02  3.9422879E-02
   17.5000  3.8887895E-02  1.5317954E-02  3.9197213E-02
   17.7500  3.7379605E-02  1.5726818E-02  3.8750094E-02
   18.0000  3.6032388E-02  1.6185080E-02  3.8122650E-02
   18.2500  3.4898537E-02  1.6691216E-02  3.7366029E-02
   18.5000  3.4012939E-02  1.7244463E-02  3.6532388E-02
   18.7500  3.3393301E-02  1.7844263E-02  3.5668741E-02
   19.0000  3.3043394E-02  1.8490298E-02  3.4810088E-02
   19.2500  3.2955773E-02  1.9181670E-02  3.3982809E-02
   19.5000  3.3114290E-02  1.9918304E-02  3.3204307E-02
   19.7500  3.3496062E-02  2.0699108E-02  3.2485974E-02
   20.0000  3.4074338E-02  2.1522738E-02  3.1832646E-02
   21.0000  3.7678749E-02  2.5210942E-02  2.9875846E-02
   22.0000  4.0976905E-02  2.9420587E-02  2.8864483E-02
   23.0000  3.9860015E-02  3.4386312E-02  2.8591692E-02
   24.0000  3.4792425E-02  3.8289342E-02  2.8751512E-02
   25.0000  2.9529805E-02  4.0604909E-02  2.8932665E-02
   26.0000  2.6233660E-02  4.0853066E-02  2.8700469E-02
   27.0000  2.4604918E-02  3.9528804E-02  2.7996418E-02
   28.0000  2.3857110E-02  3.7504445E-02  2.7142321E-02
   29.0000  2.3558328E-02  3.5412504E-02  2.6487247E-02
   30.0000  2.3538423E-02  3.3565749E-02  2.6131498E-02
   31.0000  2.3681793E-02  3.2035211E-02  2.5973154E-02
   32.0000  2.3887916E-02  3.0784882E-02  2.5860606E-02
   33.0000  2.4073015E-02  2.9707782E-02  2.5658094E-02
   34.0000  2.4185401E-02  2.8682319E-02  2.5266401E-02
   35.0000  2.4215166E-02  2.7585440E-02  2.4605339E-02
   36.0000  2.4188737E-02  2.6332461E-02  2.3646482E-02
   37.0000  2.4112161E-02  2.4897002E-02  2.2448523E-02
   38.0000  2.3934185E-02  2.3321389E-02  2.1174593E-02
   39.0000  2.3593294E-02  2.1703890E-02  2.0083785E-02
   40.0000  2.3085951E-02  2.0178620E-02  1.9481877E-02
