  7709.000   27  1  1  1.9222038E-02 -4.9304302E+00 -3.8209637E-01  1  1  7.5664075E+03  8.0000000E+03  0.0000000E+00  1.1792254E+00  1.0000000E+00  0.0000000E+00  = E_edge, Z, n_edge, j_edge, Abs_before_edge, VO_interstitial, E_cut, ninit, ninit1, Epsii, UnitCell_Volume, Surface_ref, f0_forward, natomsym_f, abs_u_iso
    Energy   (100,001)      (010,001)      (001,110)   
  -25.0000  5.6735037E-09  3.5571421E-10  8.0901025E-10
  -24.0000  1.4735713E-08  6.5781736E-10  1.8451034E-09
  -23.0000  4.4900022E-08  1.2685627E-09  4.7094372E-09
  -22.0000  1.8127681E-07  2.5888724E-09  1.4436562E-08
  -21.0000  1.4550014E-06  5.8114016E-09  6.8774665E-08
  -20.0000  1.7359036E-04  1.7619401E-08  1.3177263E-06
  -19.0000  6.3573381E-06  2.7852535E-07  2.2946203E-05
  -18.0000  2.2331793E-06  7.6540976E-08  7.6658400E-07
  -17.0000  2.6038749E-06  2.5038195E-07  4.4005904E-07
  -16.0000  6.2480009E-06  1.4515965E-06  4.6648633E-07
  -15.0000  1.3941390E-04  4.1683498E-04  4.4939305E-06
  -14.0000  1.7908214E-07  1.3047368E-05  1.2337470E-06
  -13.0000  1.1202593E-06  3.9583494E-06  4.7594784E-06
  -12.0000  7.5581006E-06  6.6617623E-06  4.6843353E-02
  -11.0000  2.0329675E-05  2.9895006E-06  7.1807614E-06
  -10.0000  1.8070793E-04  8.9550970E-06  1.2683917E-05
  -9.00000  3.3725867E-03  1.8447447E-05  9.2150254E-06
  -8.00000  9.8932202E-05  4.6596563E-04  1.5198304E-04
  -7.00000  5.9522293E-04  3.7530506E-05  3.6085487E-04
  -6.00000  4.7378240E-04  5.6891403E-05  1.1024944E-04
  -5.00000  3.2049626E-04  4.1736815E-04  1.6652022E-04
  -4.00000  1.8198116E-02  1.7781716E-03  9.7347776E-04
  -3.00000  1.2043931E-03  1.9799912E-02  8.2013877E-04
  -2.00000  4.4890908E-04  2.6407683E-03  4.0664308E-04
  -1.00000  2.7876429E-04  1.5007718E-03  2.0884564E-04
   0.00000  8.5267355E-02  2.0438911E-03  4.2661211E-02
   1.00000  2.6594911E-04  9.9366671E-04  1.8690959E-04
   2.00000  3.1175500E-04  9.9824680E-04  2.4546582E-04
   3.00000  4.5689271E-04  1.2459806E-03  3.9884304E-04
   4.00000  7.3290764E-04  1.8498331E-03  7.3773795E-04
   5.00000  1.1458650E-03  2.9493009E-03  1.5693610E-03
   5.20000  1.2240398E-03  3.2245906E-03  1.8697917E-03
   5.40000  1.2886475E-03  3.5170844E-03  2.2483229E-03
   5.60000  1.3394315E-03  3.8270083E-03  2.7264622E-03
   5.80000  1.4009155E-03  4.1573984E-03  3.3280012E-03
   6.00000  1.5533510E-03  4.5145075E-03  4.0735228E-03
   6.20000  1.9208927E-03  4.9121196E-03  4.9727208E-03
   6.40000  2.5353272E-03  5.3730875E-03  6.0160735E-03
   6.60000  3.2621655E-03  5.9336111E-03  7.1600240E-03
   6.80000  3.9753902E-03  6.6134289E-03  8.3737207E-03
   7.00000  4.6488217E-03  7.4505438E-03  9.5956653E-03
   7.20000  5.3197929E-03  8.4843064E-03  1.0793639E-02
   7.40000  6.0266722E-03  9.7647480E-03  1.1987669E-02
   7.60000  6.8096776E-03  1.1359046E-02  1.3197695E-02
   7.80000  7.7105268E-03  1.3360526E-02  1.4431925E-02
   8.00000  8.7592161E-03  1.5870217E-02  1.5672228E-02
   8.20000  9.9769242E-03  1.8894257E-02  1.6886539E-02
   8.40000  1.1402113E-02  2.2105746E-02  1.8088483E-02
   8.60000  1.3075859E-02  2.4431023E-02  1.9427329E-02
   8.80000  1.5013774E-02  2.5625795E-02  2.1161986E-02
   9.00000  1.7299987E-02  2.6887861E-02  2.3588974E-02
   9.20000  1.9939815E-02  2.8912774E-02  2.6957019E-02
   9.40000  2.2975446E-02  3.1920666E-02  3.1419917E-02
   9.60000  2.6474156E-02  3.6052147E-02  3.6874752E-02
   9.80000  3.0506284E-02  4.1538568E-02  4.2909365E-02
   10.0000  3.5121818E-02  4.8715052E-02  4.8955365E-02
   10.2500  4.1691845E-02  6.0621126E-02  5.5793065E-02
   10.5000  4.8882641E-02  7.6070536E-02  6.1324998E-02
   10.7500  5.5973124E-02  9.3683034E-02  6.5255068E-02
   11.0000  6.1774421E-02  1.0853353E-01  6.7472868E-02
   11.2500  6.5020184E-02  1.1315864E-01  6.8274233E-02
   11.5000  6.5080991E-02  1.0443884E-01  6.8134956E-02
   11.7500  6.1182750E-02  8.7384525E-02  6.9170330E-02
   12.0000  5.6866375E-02  6.9957752E-02  6.6362196E-02
   12.2500  5.2083063E-02  5.5463560E-02  6.2246197E-02
   12.5000  4.7582242E-02  4.4606792E-02  5.7316942E-02
   12.7500  4.3731682E-02  3.6776212E-02  5.2133425E-02
   13.0000  4.0644020E-02  3.1147939E-02  4.7155704E-02
   13.2500  3.8297648E-02  2.7047048E-02  4.2676683E-02
   13.5000  3.6599663E-02  2.3919019E-02  3.8022846E-02
   13.7500  3.5614268E-02  2.1618725E-02  3.4249554E-02
   14.0000  3.5002044E-02  1.9804890E-02  3.1931596E-02
   14.2500  3.4814994E-02  1.8375637E-02  3.0121574E-02
   14.5000  3.5001038E-02  1.7232939E-02  2.8765637E-02
   14.7500  3.5513726E-02  1.6308704E-02  2.7817602E-02
   15.0000  3.6308963E-02  1.5556555E-02  2.7241938E-02
   15.2500  3.7344014E-02  1.4944483E-02  2.7015159E-02
   15.5000  3.8562856E-02  1.4449270E-02  2.7117860E-02
   15.7500  3.9907238E-02  1.4055319E-02  2.7539485E-02
   16.0000  4.1301867E-02  1.3752046E-02  2.8269425E-02
   16.2500  4.2654414E-02  1.3531974E-02  2.9290703E-02
   16.5000  4.3858221E-02  1.3389342E-02  3.0570986E-02
   16.7500  4.4801664E-02  1.3320292E-02  3.2056645E-02
   17.0000  4.5380953E-02  1.3321653E-02  3.3664776E-02
   17.2500  4.5521766E-02  1.3391115E-02  3.5289976E-02
   17.5000  4.5197712E-02  1.3526385E-02  3.6813661E-02
   17.7500  4.4440134E-02  1.3725515E-02  3.8123969E-02
   18.0000  4.3338701E-02  1.3987048E-02  3.9138915E-02
   18.2500  4.2020832E-02  1.4309683E-02  3.9819775E-02
   18.5000  4.0624843E-02  1.4692145E-02  4.0173447E-02
   18.7500  3.9274467E-02  1.5134626E-02  4.0243395E-02
   19.0000  3.8065668E-02  1.5634488E-02  4.0090705E-02
   19.2500  3.7059978E-02  1.6190654E-02  3.9781671E-02
   19.5000  3.6287008E-02  1.6802080E-02  3.9376718E-02
   19.7500  3.5750194E-02  1.7466152E-02  3.8926482E-02
   20.0000  3.5437647E-02  1.8179905E-02  3.8466665E-02
   21.0000  3.5949776E-02  2.1865141E-02  3.6995200E-02
   22.0000  3.7547010E-02  2.5903428E-02  3.5849468E-02
   23.0000  3.8165492E-02  3.0198833E-02  3.4837955E-02
   24.0000  3.6617469E-02  3.4342767E-02  3.3502748E-02
   25.0000  3.3190965E-02  3.7881196E-02  3.1703825E-02
   26.0000  2.9210936E-02  4.0355816E-02  2.9555526E-02
   27.0000  2.6026976E-02  4.1418271E-02  2.7321253E-02
   28.0000  2.4173621E-02  4.1066355E-02  2.5367283E-02
   29.0000  2.3377307E-02  3.9670241E-02  2.4045682E-02
   30.0000  2.3136731E-02  3.7778123E-02  2.3458582E-02
   31.0000  2.3098164E-02  3.5855944E-02  2.3403287E-02
   32.0000  2.3097892E-02  3.4174532E-02  2.3545744E-02
   33.0000  2.3060894E-02  3.2815403E-02  2.3608030E-02
   34.0000  2.2926178E-02  3.1694850E-02  2.3423647E-02
   35.0000  2.2642538E-02  3.0692703E-02  2.2901758E-02
   36.0000  2.2178939E-02  2.9721109E-02  2.1997931E-02
   37.0000  2.1543545E-02  2.8741916E-02  2.0753020E-02
   38.0000  2.0799978E-02  2.7746155E-02  1.9362760E-02
   39.0000  2.0047669E-02  2.6698959E-02  1.8215122E-02
   40.0000  1.9370034E-02  2.5521274E-02  1.7750794E-02
