  7709.000   27  1  1  1.9222038E-02 -4.3808500E+00 -3.3899579E-01  1  1  7.5663637E+03  8.0000000E+03  0.0000000E+00  1.1792254E+00  1.0000000E+00  0.0000000E+00  = E_edge, Z, n_edge, j_edge, Abs_before_edge, VO_interstitial, E_cut, ninit, ninit1, Epsii, UnitCell_Volume, Surface_ref, f0_forward, natomsym_f, abs_u_iso
    Energy   (100,001)      (010,001)      (001,110)   
  -25.0000  6.5093760E-09  3.1406118E-10  7.3517674E-10
  -24.0000  1.7371033E-08  5.7780850E-10  1.6693574E-09
  -23.0000  5.5038935E-08  1.1067751E-09  4.2374725E-09
  -22.0000  2.3827109E-07  2.2421388E-09  1.2873472E-08
  -21.0000  2.4091175E-06  5.1275850E-09  5.8417654E-08
  -20.0000  1.3591677E-04  6.8494554E-08  3.4217470E-06
  -19.0000  5.3561585E-06  2.4049106E-07  2.9230055E-05
  -18.0000  2.5284097E-06  6.1491666E-08  7.3530430E-07
  -17.0000  3.2883827E-06  1.9286945E-07  4.5813984E-07
  -16.0000  8.7433698E-06  9.3544792E-07  8.0917400E-07
  -15.0000  9.3670058E-04  1.7711709E-05  3.6187798E-05
  -14.0000  1.1579803E-06  1.8146095E-05  1.8458945E-06
  -13.0000  5.2656315E-07  4.2426651E-06  5.1402774E-06
  -12.0000  4.7444491E-05  1.5077148E-05  8.4455758E-03
  -11.0000  2.4680860E-05  3.1772942E-06  8.4324666E-06
  -10.0000  1.2494041E-03  6.9113401E-06  2.3593175E-05
  -9.00000  7.0748942E-04  1.9571383E-05  6.7744458E-06
  -8.00000  1.0088154E-04  2.0127315E-04  8.3989436E-05
  -7.00000  2.1171782E-03  8.5158515E-05  3.6458413E-04
  -6.00000  7.6878745E-04  4.1219084E-05  1.0589517E-04
  -5.00000  7.8794872E-04  1.7113910E-04  7.5846964E-04
  -4.00000  3.5690074E-01  1.3529418E-03  1.5462092E-02
  -3.00000  6.4524076E-04  1.9721752E-02  6.0140018E-04
  -2.00000  5.5119639E-04  2.5193289E-03  3.8631990E-04
  -1.00000  3.0745169E-04  1.3045216E-03  1.6877522E-04
   0.00000  1.0903731E-02  1.0850031E-03  6.9862981E-03
   1.00000  3.5751174E-04  8.8815645E-04  2.3378857E-04
   2.00000  3.9153330E-04  1.0099350E-03  3.0058343E-04
   3.00000  5.4762833E-04  1.3386585E-03  5.3153635E-04
   4.00000  8.4968155E-04  2.0578583E-03  1.1276844E-03
   5.00000  1.4180280E-03  3.3332693E-03  3.1023953E-03
   5.20000  1.5846890E-03  3.6842709E-03  3.9821663E-03
   5.40000  1.7755747E-03  4.0881223E-03  5.1774232E-03
   5.60000  1.9923181E-03  4.5665511E-03  6.7563346E-03
   5.80000  2.2322573E-03  5.1516027E-03  8.7074794E-03
   6.00000  2.4861646E-03  5.8772372E-03  1.0839665E-02
   6.20000  2.7422351E-03  6.7666998E-03  1.2771263E-02
   6.40000  3.0106806E-03  7.8156789E-03  1.4135333E-02
   6.60000  3.3798345E-03  8.9978106E-03  1.4850812E-02
   6.80000  4.0589487E-03  1.0284622E-02  1.5096179E-02
   7.00000  5.1965259E-03  1.1677913E-02  1.5013516E-02
   7.20000  6.5526489E-03  1.3187725E-02  1.4607039E-02
   7.40000  7.9142568E-03  1.4789419E-02  1.4021396E-02
   7.60000  9.5355875E-03  1.6490812E-02  1.3598379E-02
   7.80000  1.1754650E-02  1.8408734E-02  1.3687120E-02
   8.00000  1.4631530E-02  2.0640506E-02  1.4463863E-02
   8.20000  1.7033441E-02  2.3159505E-02  1.5436831E-02
   8.40000  1.6959570E-02  2.5905912E-02  1.5489951E-02
   8.60000  1.5217632E-02  2.9177720E-02  1.4985748E-02
   8.80000  1.3998516E-02  3.3447980E-02  1.5273741E-02
   9.00000  1.3849872E-02  3.9131103E-02  1.6852732E-02
   9.20000  1.4558810E-02  4.6715607E-02  1.9691348E-02
   9.40000  1.5908887E-02  5.6849693E-02  2.3587966E-02
   9.60000  1.7345822E-02  7.0210382E-02  2.7813034E-02
   9.80000  1.9735121E-02  8.7281025E-02  3.2687369E-02
   10.0000  2.2542430E-02  1.0713441E-01  3.7316467E-02
   10.2500  2.6622169E-02  1.2955970E-01  4.2410954E-02
   10.5000  3.1283098E-02  1.3619170E-01  4.6766825E-02
   10.7500  3.6339970E-02  1.2112087E-01  5.0537910E-02
   11.0000  4.1423024E-02  9.5649357E-02  5.3717148E-02
   11.2500  4.6026170E-02  7.2164778E-02  5.6228388E-02
   11.5000  4.9645258E-02  5.4683533E-02  5.8014491E-02
   11.7500  5.1950637E-02  4.2588404E-02  5.8986971E-02
   12.0000  5.2166397E-02  3.4286477E-02  5.9422976E-02
   12.2500  5.1898829E-02  2.8651182E-02  5.8316039E-02
   12.5000  5.0883848E-02  2.4684616E-02  5.6155253E-02
   12.7500  4.9476876E-02  2.1820344E-02  5.3195597E-02
   13.0000  4.7958587E-02  1.9696116E-02  4.9796133E-02
   13.2500  4.6512882E-02  1.8081579E-02  4.6311165E-02
   13.5000  4.5246023E-02  1.6829270E-02  4.3016927E-02
   13.7500  4.4203826E-02  1.5836416E-02  3.9799216E-02
   14.0000  4.3143306E-02  1.5038238E-02  3.7060025E-02
   14.2500  4.2400946E-02  1.4429127E-02  3.4936510E-02
   14.5000  4.2014586E-02  1.3953262E-02  3.3492233E-02
   14.7500  4.1823159E-02  1.3589520E-02  3.2485065E-02
   15.0000  4.1810874E-02  1.3321468E-02  3.1887122E-02
   15.2500  4.1961632E-02  1.3136778E-02  3.1667986E-02
   15.5000  4.2256738E-02  1.3026992E-02  3.1795415E-02
   15.7500  4.2679898E-02  1.2985489E-02  3.2233748E-02
   16.0000  4.3179858E-02  1.3009041E-02  3.2928936E-02
   16.2500  4.3720490E-02  1.3094958E-02  3.3814880E-02
   16.5000  4.4236916E-02  1.3242050E-02  3.4809424E-02
   16.7500  4.4651701E-02  1.3448811E-02  3.5814023E-02
   17.0000  4.4881684E-02  1.3714407E-02  3.6726028E-02
   17.2500  4.4850227E-02  1.4038193E-02  3.7456897E-02
   17.5000  4.4503549E-02  1.4418942E-02  3.7947110E-02
   17.7500  4.3826339E-02  1.4855172E-02  3.8175002E-02
   18.0000  4.2849740E-02  1.5345837E-02  3.8153693E-02
   18.2500  4.1646234E-02  1.5889993E-02  3.7921616E-02
   18.5000  4.0315560E-02  1.6486597E-02  3.7528903E-02
   18.7500  3.8964194E-02  1.7134328E-02  3.7028096E-02
   19.0000  3.7687446E-02  1.7831513E-02  3.6468112E-02
   19.2500  3.6559518E-02  1.8576441E-02  3.5888910E-02
   19.5000  3.5631083E-02  1.9366537E-02  3.5321453E-02
   19.7500  3.4929490E-02  2.0199336E-02  3.4790607E-02
   20.0000  3.4465312E-02  2.1072325E-02  3.4311595E-02
   21.0000  3.4835637E-02  2.4935637E-02  3.3036660E-02
   22.0000  3.7690312E-02  2.9363490E-02  3.2644611E-02
   23.0000  4.0399558E-02  3.4175918E-02  3.2525538E-02
   24.0000  3.9816534E-02  3.9124990E-02  3.1910538E-02
   25.0000  3.6107346E-02  4.1988710E-02  3.0813145E-02
   26.0000  3.1576792E-02  4.2642267E-02  2.9369649E-02
   27.0000  2.8036997E-02  4.1357839E-02  2.7901230E-02
   28.0000  2.5922566E-02  3.8964208E-02  2.6717488E-02
   29.0000  2.4936398E-02  3.6265424E-02  2.6072889E-02
   30.0000  2.4586448E-02  3.3757906E-02  2.5968836E-02
   31.0000  2.4510480E-02  3.1645087E-02  2.6153866E-02
   32.0000  2.4505510E-02  2.9945475E-02  2.6350974E-02
   33.0000  2.4451130E-02  2.8579225E-02  2.6398329E-02
   34.0000  2.4262724E-02  2.7422078E-02  2.6226830E-02
   35.0000  2.3890340E-02  2.6350366E-02  2.5806440E-02
   36.0000  2.3325530E-02  2.5267860E-02  2.5109953E-02
   37.0000  2.2600817E-02  2.4114052E-02  2.4122749E-02
   38.0000  2.1781654E-02  2.2875431E-02  2.2889593E-02
   39.0000  2.0953110E-02  2.1588485E-02  2.1576512E-02
   40.0000  2.0196170E-02  2.0327114E-02  2.0472236E-02
