  7709.000   27  1  1  1.9222038E-02 -4.9105897E+00 -3.5550937E-01  1  1  7.5664400E+03  8.0000000E+03  0.0000000E+00  1.1792254E+00  1.0000000E+00  0.0000000E+00  = E_edge, Z, n_edge, j_edge, Abs_before_edge, VO_interstitial, E_cut, ninit, ninit1, Epsii, UnitCell_Volume, Surface_ref, f0_forward, natomsym_f, abs_u_iso
    Energy   (100,001)      (010,001)      (001,110)   
  -25.0000  3.6953653E-09  3.2220976E-10  8.5428919E-10
  -24.0000  8.8672309E-09  5.9244815E-10  1.8835451E-09
  -23.0000  2.3806513E-08  1.1344280E-09  4.5383838E-09
  -22.0000  7.5970920E-08  2.2922918E-09  1.2430489E-08
  -21.0000  3.3218334E-07  5.0494360E-09  4.1990807E-08
  -20.0000  3.3913618E-06  1.4718446E-08  2.2383182E-07
  -19.0000  5.6008496E-05  1.1490292E-07  6.3769876E-06
  -18.0000  4.3628351E-06  9.1664567E-08  4.1832492E-06
  -17.0000  2.9743056E-06  1.8870946E-07  1.0920222E-06
  -16.0000  3.6146093E-06  8.8577601E-07  8.9194655E-07
  -15.0000  7.7321861E-06  2.0387837E-05  1.4379490E-06
  -14.0000  9.0189434E-04  3.6859362E-05  3.4270262E-05
  -13.0000  3.7606161E-07  4.9510175E-06  4.8002434E-06
  -12.0000  3.6408568E-06  3.2774786E-06  3.7713023E-05
  -11.0000  1.7883998E-05  3.3099243E-06  6.3760868E-05
  -10.0000  1.0849513E-04  4.3623096E-06  9.6449604E-06
  -9.00000  6.4984425E-03  2.7887671E-05  5.7628055E-05
  -8.00000  7.9216067E-04  4.3398635E-05  4.0011269E-05
  -7.00000  7.8765326E-04  6.9013964E-05  3.9195278E-04
  -6.00000  4.7015996E-04  5.1185169E-05  1.5403511E-03
  -5.00000  1.2615601E-02  2.3652750E-03  1.0869705E-01
  -4.00000  9.5163495E-03  8.0330416E-04  1.2634499E-04
  -3.00000  6.8284320E-04  3.0291449E-01  4.6121582E-03
  -2.00000  5.6019878E-04  4.1268665E-03  6.6723961E-04
  -1.00000  2.6880091E-04  1.7478217E-03  1.9237162E-04
   0.00000  8.7558078E-04  3.4080075E-03  7.9265538E-04
   1.00000  1.1127851E-03  1.2173302E-03  5.5185673E-04
   2.00000  4.7921701E-04  1.1076410E-03  3.0889095E-04
   3.00000  7.2698384E-04  1.4907304E-03  4.5947335E-04
   4.00000  1.1992939E-03  2.4945120E-03  7.7032187E-04
   5.00000  1.7575828E-03  4.3095717E-03  1.7144438E-03
   5.20000  1.8442324E-03  4.7815192E-03  2.1677641E-03
   5.40000  1.9190117E-03  5.3200594E-03  2.8338693E-03
   5.60000  1.9987803E-03  5.9743246E-03  3.7980888E-03
   5.80000  2.1479038E-03  6.8284331E-03  5.0415567E-03
   6.00000  2.5216366E-03  7.9128853E-03  6.1933501E-03
   6.20000  3.2568656E-03  9.0989943E-03  6.6066620E-03
   6.40000  4.0699601E-03  1.0185998E-02  6.2196624E-03
   6.60000  4.5727983E-03  1.1143547E-02  5.6039320E-03
   6.80000  4.8183254E-03  1.2044924E-02  5.1265971E-03
   7.00000  4.9708585E-03  1.2921179E-02  4.8325109E-03
   7.20000  5.1035841E-03  1.3720381E-02  4.6498756E-03
   7.40000  5.2529434E-03  1.4409745E-02  4.5086180E-03
   7.60000  5.4365643E-03  1.5005656E-02  4.3647365E-03
   7.80000  5.6609215E-03  1.5604020E-02  4.2122258E-03
   8.00000  5.9331815E-03  1.6340417E-02  4.0737065E-03
   8.20000  6.2459210E-03  1.7345564E-02  3.9814197E-03
   8.40000  6.5968212E-03  1.8702954E-02  3.9577845E-03
   8.60000  6.9969113E-03  2.0461291E-02  4.0129142E-03
   8.80000  7.4592987E-03  2.2653779E-02  4.1481565E-03
   9.00000  7.9925742E-03  2.5304301E-02  4.3613278E-03
   9.20000  8.6012214E-03  2.8449937E-02  4.6521654E-03
   9.40000  9.2883312E-03  3.2142011E-02  5.0231850E-03
   9.60000  1.0056428E-02  3.6451104E-02  5.4807036E-03
   9.80000  1.0908438E-02  4.1463089E-02  6.0360920E-03
   10.0000  1.1848665E-02  4.7245730E-02  6.7069255E-03
   10.2500  1.3156477E-02  5.5549618E-02  7.7434752E-03
   10.5000  1.4618695E-02  6.4718058E-02  9.0465588E-03
   10.7500  1.6232111E-02  7.3813356E-02  1.0650626E-02
   11.0000  1.7967894E-02  8.1229515E-02  1.2540611E-02
   11.2500  1.9761202E-02  8.5098279E-02  1.4629449E-02
   11.5000  2.1324499E-02  8.4428584E-02  1.6639184E-02
   11.7500  2.2847138E-02  7.9191481E-02  1.8719068E-02
   12.0000  2.4178169E-02  7.1128369E-02  2.0778510E-02
   12.2500  2.5274917E-02  6.2294668E-02  2.2826975E-02
   12.5000  2.6185668E-02  5.3899083E-02  2.4945133E-02
   12.7500  2.6930741E-02  4.6670785E-02  2.6866810E-02
   13.0000  2.7851911E-02  4.0770969E-02  2.8843415E-02
   13.2500  2.8829197E-02  3.5871426E-02  3.1096543E-02
   13.5000  2.9802342E-02  3.1912300E-02  3.3487563E-02
   13.7500  3.0900961E-02  2.8738468E-02  3.5732298E-02
   14.0000  3.2124659E-02  2.6197188E-02  3.7696070E-02
   14.2500  3.3463124E-02  2.4157765E-02  3.9277430E-02
   14.5000  3.4901595E-02  2.2515411E-02  4.0434522E-02
   14.7500  3.6423068E-02  2.1186421E-02  4.1190569E-02
   15.0000  3.8013406E-02  2.0106454E-02  4.1623635E-02
   15.2500  3.9665692E-02  1.9230879E-02  4.1843576E-02
   15.5000  4.1355227E-02  1.8518308E-02  4.1972347E-02
   15.7500  4.3074383E-02  1.7949375E-02  4.2127074E-02
   16.0000  4.4802904E-02  1.7509011E-02  4.2411581E-02
   16.2500  4.6505383E-02  1.7186697E-02  4.2907102E-02
   16.5000  4.8130772E-02  1.6974506E-02  4.3674587E-02
   16.7500  4.9608092E-02  1.6865576E-02  4.4751922E-02
   17.0000  5.0851861E-02  1.6853743E-02  4.6153105E-02
   17.2500  5.1769656E-02  1.6933275E-02  4.7867194E-02
   17.5000  5.2274800E-02  1.7098135E-02  4.9851624E-02
   17.7500  5.2304797E-02  1.7342294E-02  5.2029111E-02
   18.0000  5.1833129E-02  1.7659675E-02  5.4283089E-02
   18.2500  5.0880640E-02  1.8045022E-02  5.6460844E-02
   18.5000  4.9513858E-02  1.8493481E-02  5.8388732E-02
   18.7500  4.7833304E-02  1.8998225E-02  5.9897657E-02
   19.0000  4.5959712E-02  1.9553985E-02  6.0853304E-02
   19.2500  4.4012755E-02  2.0155828E-02  6.1184522E-02
   19.5000  4.2098507E-02  2.0799600E-02  6.0893665E-02
   19.7500  4.0302149E-02  2.1480800E-02  6.0053298E-02
   20.0000  3.8684955E-02  2.2195139E-02  5.8782179E-02
   21.0000  3.4542386E-02  2.5293134E-02  5.1886807E-02
   22.0000  3.4055709E-02  2.8552683E-02  4.5695838E-02
   23.0000  3.6199849E-02  3.1699007E-02  4.1336789E-02
   24.0000  3.9469763E-02  3.4467367E-02  3.8261317E-02
   25.0000  4.2561261E-02  3.6597929E-02  3.5941502E-02
   26.0000  4.4704818E-02  3.7875279E-02  3.4076667E-02
   27.0000  4.5070461E-02  3.8180135E-02  3.2430168E-02
   28.0000  4.2996437E-02  3.7558683E-02  3.0811821E-02
   29.0000  3.8240016E-02  3.6071205E-02  2.9033308E-02
   30.0000  3.4078899E-02  3.4543308E-02  2.7848734E-02
   31.0000  3.0839835E-02  3.3040582E-02  2.7083333E-02
   32.0000  2.8676721E-02  3.1737835E-02  2.6683130E-02
   33.0000  2.7345165E-02  3.0696113E-02  2.6522290E-02
   34.0000  2.6569503E-02  2.9891894E-02  2.6492423E-02
   35.0000  2.6130845E-02  2.9253533E-02  2.6512740E-02
   36.0000  2.5872863E-02  2.8693141E-02  2.6510891E-02
   37.0000  2.5672491E-02  2.8129632E-02  2.6414654E-02
   38.0000  2.5426487E-02  2.7500008E-02  2.6153779E-02
   39.0000  2.5047398E-02  2.6772100E-02  2.5672424E-02
   40.0000  2.4462167E-02  2.5912020E-02  2.4942707E-02
