  7709.000   27  1  1  1.9222038E-02 -4.7324030E+00 -3.6708741E-01  1  1  7.5661249E+03  8.0000000E+03  0.0000000E+00  1.1792254E+00  1.0000000E+00  0.0000000E+00  = E_edge, Z, n_edge, j_edge, Abs_before_edge, VO_interstitial, E_cut, ninit, ninit1, Epsii, UnitCell_Volume, Surface_ref, f0_forward, natomsym_f, abs_u_iso
    Energy   (100,001)      (010,001)      (001,110)   
  -25.0000  1.0062407E-08  3.1900530E-10  7.3341764E-10
  -24.0000  2.9344786E-08  5.8831197E-10  1.6990052E-09
  -23.0000  1.0909867E-07  1.1378151E-09  4.4535864E-09
  -22.0000  6.9638009E-07  2.4217442E-09  1.4611404E-08
  -21.0000  3.9441894E-02  1.9033875E-05  2.0648868E-04
  -20.0000  4.5718344E-06  1.6468463E-08  7.5123665E-07
  -19.0000  2.0359567E-06  4.1456442E-08  2.9316267E-06
  -18.0000  1.9887292E-06  6.1921976E-08  4.4043948E-07
  -17.0000  3.3128759E-06  2.0161864E-07  3.0129241E-07
  -16.0000  1.4987496E-05  1.0519074E-06  3.6427980E-07
  -15.0000  1.8842906E-05  3.9023098E-05  9.6054775E-07
  -14.0000  3.7788342E-07  1.7839153E-05  9.7000165E-07
  -13.0000  9.3191951E-07  4.0348973E-06  3.1969357E-06
  -12.0000  6.0627412E-06  2.4656767E-06  5.2759759E-04
  -11.0000  3.0056736E-05  3.0750894E-06  9.6269853E-06
  -10.0000  8.1500389E-04  5.8781692E-05  1.4534083E-04
  -9.00000  3.7057360E-04  1.4303633E-05  3.5900612E-06
  -8.00000  5.0010247E-05  4.7227761E-04  1.4702871E-04
  -7.00000  5.6760438E-04  3.2149565E-05  2.9416889E-04
  -6.00000  7.3881850E-04  4.3378364E-05  1.2806878E-04
  -5.00000  2.7350070E-04  2.0585261E-04  1.2391691E-04
  -4.00000  3.1083823E-03  1.8880150E-03  7.8003528E-03
  -3.00000  1.9238578E-03  4.7274332E-02  3.5827820E-03
  -2.00000  1.8723184E-03  3.0629071E-03  4.9910956E-04
  -1.00000  3.3335102E-04  1.4359486E-03  1.9645585E-04
   0.00000  1.9968340E-03  2.3512983E-03  1.2910136E-03
   1.00000  2.8854123E-04  9.4959831E-04  1.7504812E-04
   2.00000  2.9950972E-04  9.6717179E-04  2.2292404E-04
   3.00000  4.0530302E-04  1.2213243E-03  3.7536238E-04
   4.00000  6.1694808E-04  1.8393405E-03  7.3337547E-04
   5.00000  9.6308943E-04  2.9598050E-03  1.5692016E-03
   5.20000  1.0462872E-03  3.2465487E-03  1.8564848E-03
   5.40000  1.1328894E-03  3.5579766E-03  2.2113142E-03
   5.60000  1.2226367E-03  3.8984598E-03  2.6518516E-03
   5.80000  1.3157342E-03  4.2750691E-03  3.2000640E-03
   6.00000  1.4135056E-03  4.6960713E-03  3.8811088E-03
   6.20000  1.5191043E-03  5.1731574E-03  4.7220715E-03
   6.40000  1.6395881E-03  5.7259834E-03  5.7444259E-03
   6.60000  1.7853249E-03  6.3658902E-03  6.9770998E-03
   6.80000  1.9784862E-03  7.1170991E-03  8.4257137E-03
   7.00000  2.2556947E-03  8.0068817E-03  1.0076234E-02
   7.20000  2.6744525E-03  9.0780631E-03  1.1888173E-02
   7.40000  3.3006865E-03  1.0387825E-02  1.3819199E-02
   7.60000  4.1481256E-03  1.2027670E-02  1.5813199E-02
   7.80000  5.1300542E-03  1.4135763E-02  1.7813460E-02
   8.00000  6.1305634E-03  1.6915987E-02  1.9767506E-02
   8.20000  7.1249289E-03  2.0629530E-02  2.1618078E-02
   8.40000  8.1902081E-03  2.5370839E-02  2.3288500E-02
   8.60000  9.2760073E-03  3.0345283E-02  2.4627396E-02
   8.80000  1.0291457E-02  3.4063803E-02  2.5629846E-02
   9.00000  1.1216316E-02  3.6147257E-02  2.6477185E-02
   9.20000  1.2384895E-02  3.9822936E-02  2.7350986E-02
   9.40000  1.3813946E-02  4.4823989E-02  2.8508965E-02
   9.60000  1.5517335E-02  5.0954916E-02  3.0304906E-02
   9.80000  1.7496343E-02  5.8158630E-02  3.3110757E-02
   10.0000  1.9763089E-02  6.6483004E-02  3.7188500E-02
   10.2500  2.3062970E-02  7.8208441E-02  4.4072033E-02
   10.5000  2.6969001E-02  8.9774760E-02  5.2147912E-02
   10.7500  3.1528404E-02  9.7793400E-02  5.9728674E-02
   11.0000  3.6680348E-02  9.9257727E-02  6.5093855E-02
   11.2500  4.2192330E-02  9.4075637E-02  6.7462371E-02
   11.5000  4.7613363E-02  8.4597290E-02  6.7053108E-02
   11.7500  5.2306090E-02  7.3490797E-02  6.4600851E-02
   12.0000  5.5623197E-02  6.2565336E-02  6.0941490E-02
   12.2500  5.6576228E-02  5.2360817E-02  5.7143226E-02
   12.5000  5.6268634E-02  4.3991721E-02  5.3096822E-02
   12.7500  5.4714426E-02  3.7064323E-02  4.9123681E-02
   13.0000  5.2475417E-02  3.1482789E-02  4.5391153E-02
   13.2500  5.0046763E-02  2.7079044E-02  4.2001086E-02
   13.5000  4.7774375E-02  2.3657643E-02  3.9006786E-02
   13.7500  4.5853854E-02  2.1024424E-02  3.6426260E-02
   14.0000  4.4195405E-02  1.8962639E-02  3.3057641E-02
   14.2500  4.3200214E-02  1.7399402E-02  3.1499046E-02
   14.5000  4.2636458E-02  1.6192963E-02  3.0286862E-02
   14.7500  4.2482716E-02  1.5255527E-02  2.9403970E-02
   15.0000  4.2709583E-02  1.4524219E-02  2.8836596E-02
   15.2500  4.3288690E-02  1.3955124E-02  2.8576472E-02
   15.5000  4.4175004E-02  1.3515416E-02  2.8614484E-02
   15.7500  4.5331190E-02  1.3184370E-02  2.8946438E-02
   16.0000  4.6708703E-02  1.2947119E-02  2.9563608E-02
   16.2500  4.8246787E-02  1.2793689E-02  3.0449590E-02
   16.5000  4.9869115E-02  1.2717702E-02  3.1572111E-02
   16.7500  5.1481423E-02  1.2715058E-02  3.2875147E-02
   17.0000  5.2970277E-02  1.2783537E-02  3.4275816E-02
   17.2500  5.4209314E-02  1.2922081E-02  3.5665941E-02
   17.5000  5.5069144E-02  1.3130495E-02  3.6926898E-02
   17.7500  5.5435864E-02  1.3408327E-02  3.7949720E-02
   18.0000  5.5236629E-02  1.3755525E-02  3.8658824E-02
   18.2500  5.4454876E-02  1.4171405E-02  3.9025037E-02
   18.5000  5.3145425E-02  1.4654541E-02  3.9064899E-02
   18.7500  5.1427726E-02  1.5203462E-02  3.8832198E-02
   19.0000  4.9459701E-02  1.5816742E-02  3.8397556E-02
   19.2500  4.7405635E-02  1.6492035E-02  3.7834403E-02
   19.5000  4.5409362E-02  1.7227649E-02  3.7207380E-02
   19.7500  4.3579024E-02  1.8021516E-02  3.6567730E-02
   20.0000  4.1979691E-02  1.8870153E-02  3.5950948E-02
   21.0000  3.8075611E-02  2.2740124E-02  3.4056010E-02
   22.0000  3.6739795E-02  2.7126999E-02  3.3111006E-02
   23.0000  3.5130160E-02  3.2279625E-02  3.2621022E-02
   24.0000  3.2458062E-02  3.6420753E-02  3.2068961E-02
   25.0000  2.8819869E-02  3.9565773E-02  3.1241089E-02
   26.0000  2.5600277E-02  4.1264327E-02  3.0111188E-02
   27.0000  2.3722346E-02  4.1409506E-02  2.8789501E-02
   28.0000  2.3087815E-02  4.0293720E-02  2.7504032E-02
   29.0000  2.3130426E-02  3.8428380E-02  2.6542143E-02
   30.0000  2.3375773E-02  3.6312288E-02  2.6083508E-02
   31.0000  2.3594779E-02  3.4316038E-02  2.6064383E-02
   32.0000  2.3716451E-02  3.2635981E-02  2.6227942E-02
   33.0000  2.3703658E-02  3.1290719E-02  2.6314557E-02
   34.0000  2.3530787E-02  3.0197417E-02  2.6179250E-02
   35.0000  2.3167325E-02  2.9237138E-02  2.5752915E-02
   36.0000  2.2605010E-02  2.8313468E-02  2.4993554E-02
   37.0000  2.1893800E-02  2.7365189E-02  2.3875803E-02
   38.0000  2.1130323E-02  2.6339451E-02  2.2417008E-02
   39.0000  2.0404977E-02  2.5180188E-02  2.0738455E-02
   40.0000  1.9767544E-02  2.3869576E-02  1.9135874E-02
