 FDMNES
  energy    <xanes>
   7695.00    5.456195e-04
   7695.29    5.511417e-04
   7695.58    5.566638e-04
   7695.87    5.621860e-04
   7696.16    5.679076e-04
   7696.44    5.738001e-04
   7696.73    5.796926e-04
   7697.02    5.856165e-04
   7697.31    5.919172e-04
   7697.60    5.982180e-04
   7697.89    6.045187e-04
   7698.18    6.110972e-04
   7698.47    6.178494e-04
   7698.76    6.246016e-04
   7699.04    6.314309e-04
   7699.33    6.386840e-04
   7699.62    6.459372e-04
   7699.91    6.531903e-04
   7700.20    6.608298e-04
   7700.49    6.686409e-04
   7700.78    6.764521e-04
   7701.07    6.844072e-04
   7701.36    6.928423e-04
   7701.64    7.012773e-04
   7701.93    7.097124e-04
   7702.22    7.186865e-04
   7702.51    7.278222e-04
   7702.80    7.369579e-04
   7703.09    7.463368e-04
   7703.38    7.562630e-04
   7703.67    7.661892e-04
   7703.96    7.761154e-04
   7704.24    7.867999e-04
   7704.53    7.976224e-04
   7704.82    8.084448e-04
   7705.11    8.196602e-04
   7705.40    8.315044e-04
   7705.69    8.433487e-04
   7705.98    8.551929e-04
   7706.27    8.681188e-04
   7706.56    8.811349e-04
   7706.84    8.941509e-04
   7707.13    9.077914e-04
   7707.42    9.221603e-04
   7707.71    9.365293e-04
   7708.00    9.508982e-04
   7708.29    9.668404e-04
   7708.58    9.827826e-04
   7708.87    9.987248e-04
   7709.16    1.015660e-03
   7709.44    1.033447e-03
   7709.73    1.051233e-03
   7710.02    1.069188e-03
   7710.31    1.089156e-03
   7710.60    1.109125e-03
   7710.89    1.129093e-03
   7711.18    1.150667e-03
   7711.47    1.173243e-03
   7711.76    1.195819e-03
   7712.04    1.218881e-03
   7712.33    1.244610e-03
   7712.62    1.270340e-03
   7712.91    1.296069e-03
   7713.20    1.324474e-03
   7713.49    1.354068e-03
   7713.78    1.383662e-03
   7714.07    1.414366e-03
   7714.36    1.448770e-03
   7714.64    1.483173e-03
   7714.93    1.517577e-03
   7715.22    1.556673e-03
   7715.51    1.597175e-03
   7715.80    1.637678e-03
   7716.09    1.680613e-03
   7716.38    1.729022e-03
   7716.67    1.777431e-03
   7716.96    1.825840e-03
   7717.24    1.883162e-03
   7717.53    1.942105e-03
   7717.82    2.001048e-03
   7718.11    2.065580e-03
   7718.40    2.139054e-03
   7718.69    2.212528e-03
   7718.98    2.286003e-03
   7719.27    2.378850e-03
   7719.56    2.473312e-03
   7719.84    2.567775e-03
   7720.13    2.677154e-03
   7720.42    2.803936e-03
   7720.71    2.930718e-03
   7721.00    3.057500e-03
   7721.29    3.239103e-03
   7721.58    3.420705e-03
   7721.87    3.602308e-03
   7722.16    3.842795e-03
   7722.44    4.133754e-03
   7722.73    4.424713e-03
   7723.02    4.738519e-03
   7723.31    5.326483e-03
   7723.60    5.914446e-03
   7723.89    6.502410e-03
   7724.18    7.789371e-03
   7724.47    9.513206e-03
   7724.76    1.123704e-02
   7725.04    1.307985e-02
   7725.33    1.546634e-02
   7725.62    1.749273e-02
   7725.91    1.929527e-02
   7726.20    2.115107e-02
   7726.49    2.327024e-02
   7726.78    2.569321e-02
   7727.07    2.853991e-02
   7727.36    3.182646e-02
   7727.64    3.565307e-02
   7727.93    4.010666e-02
   7728.22    4.524009e-02
   7728.51    5.120021e-02
   7728.80    5.787684e-02
   7729.09    6.532495e-02
   7729.38    7.315335e-02
   7729.67    8.090285e-02
   7729.96    8.793621e-02
   7730.24    9.355392e-02
   7730.53    9.706143e-02
   7730.82    9.851065e-02
   7731.11    9.826721e-02
   7731.40    9.686895e-02
   7731.69    9.486433e-02
   7731.98    9.268326e-02
   7732.27    9.060909e-02
   7732.56    8.879045e-02
   7732.84    8.725888e-02
   7733.13    8.602420e-02
   7733.42    8.508580e-02
   7733.71    8.444226e-02
   7734.00    8.409550e-02
   7734.29    8.408870e-02
   7734.58    8.439368e-02
   7734.87    8.501222e-02
   7735.16    8.593636e-02
   7735.44    8.714564e-02
   7735.73    8.860584e-02
   7736.02    9.027833e-02
   7736.31    9.208824e-02
   7736.60    9.395336e-02
   7736.89    9.579794e-02
   7737.18    9.754916e-02
   7737.47    9.914412e-02
   7737.76    1.005323e-01
   7738.04    1.016678e-01
   7738.33    1.025745e-01
   7738.62    1.032734e-01
   7738.91    1.037997e-01
   7739.20    1.041961e-01
   7739.49    1.045067e-01
   7739.78    1.047708e-01
   7740.07    1.050352e-01
   7740.36    1.053353e-01
   7740.64    1.056353e-01
   7740.93    1.059354e-01
   7741.22    1.063055e-01
   7741.51    1.066966e-01
   7741.80    1.070877e-01
   7742.09    1.074587e-01
   7742.38    1.077846e-01
   7742.67    1.081104e-01
   7742.96    1.084363e-01
   7743.24    1.085306e-01
   7743.53    1.085828e-01
   7743.82    1.086350e-01
   7744.11    1.085357e-01
   7744.40    1.081941e-01
   7744.69    1.078525e-01
   7744.98    1.075108e-01
   7745.27    1.068214e-01
   7745.56    1.061029e-01
   7745.84    1.053845e-01
   7746.13    1.045493e-01
   7746.42    1.035779e-01
   7746.71    1.026066e-01
   7747.00    1.016352e-01
   7747.29    1.005724e-01
   7747.58    9.950964e-02
   7747.87    9.844687e-02
   7748.16    9.740866e-02
   7748.44    9.639152e-02
   7748.73    9.537438e-02
   7749.02    9.436714e-02
   7749.31    9.347877e-02
   7749.60    9.259039e-02
   7749.89    9.170202e-02
   7750.18    9.091220e-02
   7750.47    9.018399e-02
   7750.76    8.945577e-02
   7751.04    8.875177e-02
   7751.33    8.818097e-02
   7751.62    8.761017e-02
   7751.91    8.703937e-02
   7752.20    8.656320e-02
   7752.49    8.612909e-02
   7752.78    8.569498e-02
   7753.07    8.528525e-02
   7753.36    8.495683e-02
   7753.64    8.462840e-02
   7753.93    8.429998e-02
   7754.22    8.402776e-02
   7754.51    8.377241e-02
   7754.80    8.351705e-02
   7755.09    8.327502e-02
   7755.38    8.306294e-02
   7755.67    8.285086e-02
   7755.96    8.263879e-02
   7756.24    8.244153e-02
   7756.53    8.224697e-02
   7756.82    8.205241e-02
   7757.11    8.185768e-02
   7757.40    8.166269e-02
   7757.69    8.146769e-02
   7757.98    8.127269e-02
   7758.27    8.107616e-02
   7758.56    8.087950e-02
   7758.84    8.068284e-02
   7759.13    8.049604e-02
   7759.42    8.032074e-02
   7759.71    8.014544e-02
   7760.00    7.997014e-02
