 FDMNES
  energy    <xanes>
   7695.00    5.297565e-04
   7695.29    5.354838e-04
   7695.58    5.412111e-04
   7695.87    5.469384e-04
   7696.16    5.528836e-04
   7696.44    5.590157e-04
   7696.73    5.651478e-04
   7697.02    5.713144e-04
   7697.31    5.778946e-04
   7697.60    5.844747e-04
   7697.89    5.910549e-04
   7698.18    5.979412e-04
   7698.47    6.050189e-04
   7698.76    6.120966e-04
   7699.04    6.192596e-04
   7699.33    6.268918e-04
   7699.62    6.345240e-04
   7699.91    6.421563e-04
   7700.20    6.502180e-04
   7700.49    6.584706e-04
   7700.78    6.667233e-04
   7701.07    6.751367e-04
   7701.36    6.840864e-04
   7701.64    6.930360e-04
   7701.93    7.019857e-04
   7702.22    7.115404e-04
   7702.51    7.212766e-04
   7702.80    7.310128e-04
   7703.09    7.410235e-04
   7703.38    7.516517e-04
   7703.67    7.622799e-04
   7703.96    7.729081e-04
   7704.24    7.843967e-04
   7704.53    7.960417e-04
   7704.82    8.076867e-04
   7705.11    8.197801e-04
   7705.40    8.325908e-04
   7705.69    8.454016e-04
   7705.98    8.582124e-04
   7706.27    8.722646e-04
   7706.56    8.864202e-04
   7706.84    9.005759e-04
   7707.13    9.154526e-04
   7707.42    9.311706e-04
   7707.71    9.468885e-04
   7708.00    9.626064e-04
   7708.29    9.801530e-04
   7708.58    9.976996e-04
   7708.87    1.015246e-03
   7709.16    1.033955e-03
   7709.44    1.053660e-03
   7709.73    1.073365e-03
   7710.02    1.093268e-03
   7710.31    1.115545e-03
   7710.60    1.137822e-03
   7710.89    1.160099e-03
   7711.18    1.184282e-03
   7711.47    1.209657e-03
   7711.76    1.235031e-03
   7712.04    1.260987e-03
   7712.33    1.290136e-03
   7712.62    1.319286e-03
   7712.91    1.348436e-03
   7713.20    1.380816e-03
   7713.49    1.414632e-03
   7713.78    1.448448e-03
   7714.07    1.483616e-03
   7714.36    1.523292e-03
   7714.64    1.562968e-03
   7714.93    1.602644e-03
   7715.22    1.648089e-03
   7715.51    1.695265e-03
   7715.80    1.742441e-03
   7716.09    1.792638e-03
   7716.38    1.849633e-03
   7716.67    1.906628e-03
   7716.96    1.963624e-03
   7717.24    2.031804e-03
   7717.53    2.102017e-03
   7717.82    2.172231e-03
   7718.11    2.249533e-03
   7718.40    2.338175e-03
   7718.69    2.426817e-03
   7718.98    2.515459e-03
   7719.27    2.628930e-03
   7719.56    2.744470e-03
   7719.84    2.860010e-03
   7720.13    2.994853e-03
   7720.42    3.152215e-03
   7720.71    3.309577e-03
   7721.00    3.466939e-03
   7721.29    3.695717e-03
   7721.58    3.924495e-03
   7721.87    4.153273e-03
   7722.16    4.458660e-03
   7722.44    4.829712e-03
   7722.73    5.200763e-03
   7723.02    5.600918e-03
   7723.31    6.350301e-03
   7723.60    7.099684e-03
   7723.89    7.849067e-03
   7724.18    9.480075e-03
   7724.47    1.166210e-02
   7724.76    1.384412e-02
   7725.04    1.621514e-02
   7725.33    1.960178e-02
   7725.62    2.283249e-02
   7725.91    2.590797e-02
   7726.20    2.898788e-02
   7726.49    3.223975e-02
   7726.78    3.575770e-02
   7727.07    3.972738e-02
   7727.36    4.422228e-02
   7727.64    4.938761e-02
   7727.93    5.531097e-02
   7728.22    6.198766e-02
   7728.51    6.946366e-02
   7728.80    7.752302e-02
   7729.09    8.607013e-02
   7729.38    9.471871e-02
   7729.67    1.030133e-01
   7729.96    1.104945e-01
   7730.24    1.166583e-01
   7730.53    1.209383e-01
   7730.82    1.232524e-01
   7731.11    1.236849e-01
   7731.40    1.225084e-01
   7731.69    1.201434e-01
   7731.98    1.170459e-01
   7732.27    1.136119e-01
   7732.56    1.101736e-01
   7732.84    1.069418e-01
   7733.13    1.040438e-01
   7733.42    1.015542e-01
   7733.71    9.950778e-02
   7734.00    9.791011e-02
   7734.29    9.679280e-02
   7734.58    9.606679e-02
   7734.87    9.568479e-02
   7735.16    9.559059e-02
   7735.44    9.572158e-02
   7735.73    9.601141e-02
   7736.02    9.639466e-02
   7736.31    9.679704e-02
   7736.60    9.715948e-02
   7736.89    9.743832e-02
   7737.18    9.760378e-02
   7737.47    9.764134e-02
   7737.76    9.754961e-02
   7738.04    9.733595e-02
   7738.33    9.703946e-02
   7738.62    9.669150e-02
   7738.91    9.632473e-02
   7739.20    9.596965e-02
   7739.49    9.565205e-02
   7739.78    9.539699e-02
   7740.07    9.523440e-02
   7740.36    9.519043e-02
   7740.64    9.514646e-02
   7740.93    9.510249e-02
   7741.22    9.518068e-02
   7741.51    9.529552e-02
   7741.80    9.541036e-02
   7742.09    9.551176e-02
   7742.38    9.558294e-02
   7742.67    9.565413e-02
   7742.96    9.572531e-02
   7743.24    9.561318e-02
   7743.53    9.546771e-02
   7743.82    9.532225e-02
   7744.11    9.507556e-02
   7744.40    9.466690e-02
   7744.69    9.425824e-02
   7744.98    9.384958e-02
   7745.27    9.326405e-02
   7745.56    9.266379e-02
   7745.84    9.206352e-02
   7746.13    9.142923e-02
   7746.42    9.075525e-02
   7746.71    9.008126e-02
   7747.00    8.940728e-02
   7747.29    8.874840e-02
   7747.58    8.808951e-02
   7747.87    8.743063e-02
   7748.16    8.680529e-02
   7748.44    8.620870e-02
   7748.73    8.561212e-02
   7749.02    8.502157e-02
   7749.31    8.450354e-02
   7749.60    8.398551e-02
   7749.89    8.346747e-02
   7750.18    8.299456e-02
   7750.47    8.254986e-02
   7750.76    8.210515e-02
   7751.04    8.166891e-02
   7751.33    8.127927e-02
   7751.62    8.088963e-02
   7751.91    8.049999e-02
   7752.20    8.013200e-02
   7752.49    7.977363e-02
   7752.78    7.941526e-02
   7753.07    7.905882e-02
   7753.36    7.870880e-02
   7753.64    7.835877e-02
   7753.93    7.800875e-02
   7754.22    7.765198e-02
   7754.51    7.729319e-02
   7754.80    7.693439e-02
   7755.09    7.657041e-02
   7755.38    7.619475e-02
   7755.67    7.581908e-02
   7755.96    7.544342e-02
   7756.24    7.505554e-02
   7756.53    7.466543e-02
   7756.82    7.427533e-02
   7757.11    7.388499e-02
   7757.40    7.349427e-02
   7757.69    7.310356e-02
   7757.98    7.271284e-02
   7758.27    7.234650e-02
   7758.56    7.198218e-02
   7758.84    7.161786e-02
   7759.13    7.128358e-02
   7759.42    7.098435e-02
   7759.71    7.068511e-02
   7760.00    7.038588e-02
