 FDMNES
  energy    <xanes>
   7695.00    5.455855e-04
   7695.29    5.512217e-04
   7695.58    5.568578e-04
   7695.87    5.624940e-04
   7696.16    5.683372e-04
   7696.44    5.743578e-04
   7696.73    5.803784e-04
   7697.02    5.864316e-04
   7697.31    5.928765e-04
   7697.60    5.993215e-04
   7697.89    6.057664e-04
   7698.18    6.125005e-04
   7698.47    6.194154e-04
   7698.76    6.263303e-04
   7699.04    6.333255e-04
   7699.33    6.407625e-04
   7699.62    6.481996e-04
   7699.91    6.556366e-04
   7700.20    6.634770e-04
   7700.49    6.714965e-04
   7700.78    6.795160e-04
   7701.07    6.876861e-04
   7701.36    6.963580e-04
   7701.64    7.050299e-04
   7701.93    7.137018e-04
   7702.22    7.229381e-04
   7702.51    7.323437e-04
   7702.80    7.417493e-04
   7703.09    7.514101e-04
   7703.38    7.616449e-04
   7703.67    7.718797e-04
   7703.96    7.821145e-04
   7704.24    7.931462e-04
   7704.53    8.043229e-04
   7704.82    8.154995e-04
   7705.11    8.270900e-04
   7705.40    8.393424e-04
   7705.69    8.515948e-04
   7705.98    8.638472e-04
   7706.27    8.772407e-04
   7706.56    8.907294e-04
   7706.84    9.042180e-04
   7707.13    9.183667e-04
   7707.42    9.332854e-04
   7707.71    9.482041e-04
   7708.00    9.631229e-04
   7708.29    9.797083e-04
   7708.58    9.962937e-04
   7708.87    1.012879e-03
   7709.16    1.030519e-03
   7709.44    1.049063e-03
   7709.73    1.067607e-03
   7710.02    1.086330e-03
   7710.31    1.107196e-03
   7710.60    1.128062e-03
   7710.89    1.148929e-03
   7711.18    1.171508e-03
   7711.47    1.195157e-03
   7711.76    1.218807e-03
   7712.04    1.242975e-03
   7712.33    1.269999e-03
   7712.62    1.297023e-03
   7712.91    1.324046e-03
   7713.20    1.353941e-03
   7713.49    1.385112e-03
   7713.78    1.416282e-03
   7714.07    1.448648e-03
   7714.36    1.484996e-03
   7714.64    1.521344e-03
   7714.93    1.557693e-03
   7715.22    1.599107e-03
   7715.51    1.642041e-03
   7715.80    1.684975e-03
   7716.09    1.730544e-03
   7716.38    1.782043e-03
   7716.67    1.833542e-03
   7716.96    1.885041e-03
   7717.24    1.946228e-03
   7717.53    2.009176e-03
   7717.82    2.072125e-03
   7718.11    2.141166e-03
   7718.40    2.219956e-03
   7718.69    2.298746e-03
   7718.98    2.377536e-03
   7719.27    2.477496e-03
   7719.56    2.579221e-03
   7719.84    2.680946e-03
   7720.13    2.798983e-03
   7720.42    2.936050e-03
   7720.71    3.073117e-03
   7721.00    3.210184e-03
   7721.29    3.407000e-03
   7721.58    3.603816e-03
   7721.87    3.800633e-03
   7722.16    4.060817e-03
   7722.44    4.375316e-03
   7722.73    4.689816e-03
   7723.02    5.028096e-03
   7723.31    5.651750e-03
   7723.60    6.275403e-03
   7723.89    6.899056e-03
   7724.18    8.231991e-03
   7724.47    1.000823e-02
   7724.76    1.178446e-02
   7725.04    1.370535e-02
   7725.33    1.638787e-02
   7725.62    1.893090e-02
   7725.91    2.143486e-02
   7726.20    2.409816e-02
   7726.49    2.712137e-02
   7726.78    3.049820e-02
   7727.07    3.429631e-02
   7727.36    3.844845e-02
   7727.64    4.295073e-02
   7727.93    4.782116e-02
   7728.22    5.310804e-02
   7728.51    5.895012e-02
   7728.80    6.530144e-02
   7729.09    7.218788e-02
   7729.38    7.928953e-02
   7729.67    8.620044e-02
   7729.96    9.241528e-02
   7730.24    9.736766e-02
   7730.53    1.004858e-01
   7730.82    1.018350e-01
   7731.11    1.017437e-01
   7731.40    1.006847e-01
   7731.69    9.913951e-02
   7731.98    9.748527e-02
   7732.27    9.596718e-02
   7732.56    9.469922e-02
   7732.84    9.367932e-02
   7733.13    9.288009e-02
   7733.42    9.226243e-02
   7733.71    9.179603e-02
   7734.00    9.147054e-02
   7734.29    9.131352e-02
   7734.58    9.132765e-02
   7734.87    9.153255e-02
   7735.16    9.194242e-02
   7735.44    9.256186e-02
   7735.73    9.338302e-02
   7736.02    9.439400e-02
   7736.31    9.554933e-02
   7736.60    9.679100e-02
   7736.89    9.806414e-02
   7737.18    9.931387e-02
   7737.47    1.004914e-01
   7737.76    1.015573e-01
   7738.04    1.024770e-01
   7738.33    1.032590e-01
   7738.62    1.039125e-01
   7738.91    1.044549e-01
   7739.20    1.049075e-01
   7739.49    1.052921e-01
   7739.78    1.056251e-01
   7740.07    1.059192e-01
   7740.36    1.061769e-01
   7740.64    1.064346e-01
   7740.93    1.066923e-01
   7741.22    1.068783e-01
   7741.51    1.070428e-01
   7741.80    1.072073e-01
   7742.09    1.073124e-01
   7742.38    1.072837e-01
   7742.67    1.072550e-01
   7742.96    1.072263e-01
   7743.24    1.069461e-01
   7743.53    1.066201e-01
   7743.82    1.062941e-01
   7744.11    1.058405e-01
   7744.40    1.051825e-01
   7744.69    1.045246e-01
   7744.98    1.038666e-01
   7745.27    1.029574e-01
   7745.56    1.020273e-01
   7745.84    1.010972e-01
   7746.13    1.001024e-01
   7746.42    9.903190e-02
   7746.71    9.796145e-02
   7747.00    9.689100e-02
   7747.29    9.582773e-02
   7747.58    9.476447e-02
   7747.87    9.370121e-02
   7748.16    9.270136e-02
   7748.44    9.175586e-02
   7748.73    9.081036e-02
   7749.02    8.987808e-02
   7749.31    8.910450e-02
   7749.60    8.833091e-02
   7749.89    8.755733e-02
   7750.18    8.689401e-02
   7750.47    8.629959e-02
   7750.76    8.570517e-02
   7751.04    8.513524e-02
   7751.33    8.469997e-02
   7751.62    8.426470e-02
   7751.91    8.382943e-02
   7752.20    8.348139e-02
   7752.49    8.317213e-02
   7752.78    8.286287e-02
   7753.07    8.257309e-02
   7753.36    8.234824e-02
   7753.64    8.212340e-02
   7753.93    8.189855e-02
   7754.22    8.170710e-02
   7754.51    8.152566e-02
   7754.80    8.134422e-02
   7755.09    8.116565e-02
   7755.38    8.099355e-02
   7755.67    8.082144e-02
   7755.96    8.064934e-02
   7756.24    8.046424e-02
   7756.53    8.027677e-02
   7756.82    8.008931e-02
   7757.11    7.989143e-02
   7757.40    7.967689e-02
   7757.69    7.946235e-02
   7757.98    7.924781e-02
   7758.27    7.901693e-02
   7758.56    7.878469e-02
   7758.84    7.855244e-02
   7759.13    7.832924e-02
   7759.42    7.811657e-02
   7759.71    7.790390e-02
   7760.00    7.769123e-02
