  7709.000   27  1  1  1.9222038E-02 -4.8236733E+00 -4.1525930E-01  1  1  7.5664806E+03  8.0000000E+03  0.0000000E+00  1.1792254E+00  1.0000000E+00  0.0000000E+00  = E_edge, Z, n_edge, j_edge, Abs_before_edge, VO_interstitial, E_cut, ninit, ninit1, Epsii, UnitCell_Volume, Surface_ref, f0_forward, natomsym_f, abs_u_iso
    Energy   (100,001)      (010,001)      (001,110)   
  -25.0000  5.8522017E-09  3.5084760E-10  9.1515135E-10
  -24.0000  1.5040243E-08  6.4625134E-10  2.0817534E-09
  -23.0000  4.4793524E-08  1.2444873E-09  5.2596226E-09
  -22.0000  1.7123767E-07  2.5511914E-09  1.5586755E-08
  -21.0000  1.1396399E-06  5.8731648E-09  6.1516480E-08
  -20.0000  3.2845415E-04  3.0996499E-08  8.3826224E-07
  -19.0000  7.1760674E-06  1.1165121E-06  7.8783259E-05
  -18.0000  3.0168816E-06  7.2110072E-08  1.0887104E-06
  -17.0000  3.2157158E-06  2.0932071E-07  6.0234084E-07
  -16.0000  5.9156981E-06  1.0361894E-06  6.2485606E-07
  -15.0000  4.4239684E-05  5.8950756E-05  1.2582773E-06
  -14.0000  6.1376047E-06  1.6991752E-05  1.6461584E-06
  -13.0000  3.2299034E-07  4.3239714E-06  5.5206272E-06
  -12.0000  3.8230458E-06  3.3566196E-06  1.8212533E-04
  -11.0000  2.0145669E-05  2.9753452E-06  2.3092774E-05
  -10.0000  1.9176440E-04  4.4688985E-06  9.7434066E-06
  -9.00000  7.0040430E-03  7.1272577E-05  5.0611887E-05
  -8.00000  3.0904987E-04  3.0589415E-05  1.4795980E-05
  -7.00000  7.6725263E-05  1.8382522E-04  2.1706402E-04
  -6.00000  9.5389713E-04  3.6042105E-05  1.5635351E-04
  -5.00000  3.3514194E-03  2.6671703E-04  2.7770812E-03
  -4.00000  6.3625097E-03  1.1340045E-03  1.7250936E-04
  -3.00000  7.1675168E-04  5.5911057E-02  3.0777423E-03
  -2.00000  4.4005126E-04  3.0762390E-03  4.7907090E-04
  -1.00000  2.8421995E-04  1.4019944E-03  1.7312857E-04
   0.00000  4.8729102E-04  1.7293413E-03  3.2407762E-04
   1.00000  4.2014525E-04  9.3400094E-04  2.7055526E-04
   2.00000  3.7966991E-04  1.0118031E-03  3.0231461E-04
   3.00000  5.4174084E-04  1.3412129E-03  4.9237510E-04
   4.00000  8.5508599E-04  2.1572079E-03  9.1591554E-04
   5.00000  1.3102158E-03  3.6657127E-03  2.2109945E-03
   5.20000  1.3985885E-03  4.0558838E-03  2.8104271E-03
   5.40000  1.4746564E-03  4.4851217E-03  3.6804499E-03
   5.60000  1.5306629E-03  4.9692108E-03  4.9683061E-03
   5.80000  1.5610417E-03  5.5388956E-03  6.8685775E-03
   6.00000  1.5818032E-03  6.2414125E-03  9.5127177E-03
   6.20000  1.6797560E-03  7.1178350E-03  1.2609620E-02
   6.40000  2.0002772E-03  8.1274244E-03  1.5055138E-02
   6.60000  2.4865085E-03  9.1366870E-03  1.5649850E-02
   6.80000  2.9225627E-03  1.0023781E-02  1.4546787E-02
   7.00000  3.2630745E-03  1.0852192E-02  1.2802570E-02
   7.20000  3.5570178E-03  1.1705996E-02  1.1145726E-02
   7.40000  3.8398345E-03  1.2617641E-02  9.7788010E-03
   7.60000  4.1330395E-03  1.3626461E-02  8.6878925E-03
   7.80000  4.4431172E-03  1.4737220E-02  7.8233563E-03
   8.00000  4.7851774E-03  1.6003774E-02  7.1554698E-03
   8.20000  5.1693541E-03  1.7496632E-02  6.6833856E-03
   8.40000  5.6001909E-03  1.9305471E-02  6.4199972E-03
   8.60000  6.0864770E-03  2.1538266E-02  6.3839684E-03
   8.80000  6.6391965E-03  2.4322578E-02  6.5930163E-03
   9.00000  7.2674490E-03  2.7818741E-02  7.0620261E-03
   9.20000  7.9786337E-03  3.2206527E-02  7.7988226E-03
   9.40000  8.7807579E-03  3.7712527E-02  8.8015047E-03
   9.60000  9.6822397E-03  4.4571479E-02  1.0055747E-02
   9.80000  1.0692923E-02  5.3010924E-02  1.1530626E-02
   10.0000  1.1825423E-02  6.3246845E-02  1.3184892E-02
   10.2500  1.3434222E-02  7.8436927E-02  1.5446658E-02
   10.5000  1.5294475E-02  9.5491601E-02  1.7913086E-02
   10.7500  1.7446000E-02  1.0966937E-01  2.0622083E-02
   11.0000  1.9921002E-02  1.1390155E-01  2.3593295E-02
   11.2500  2.2721091E-02  1.0544262E-01  2.6752804E-02
   11.5000  2.5792013E-02  8.9349755E-02  3.0008499E-02
   11.7500  2.8826491E-02  7.2631323E-02  3.2733386E-02
   12.0000  3.1935045E-02  5.8477496E-02  3.6345223E-02
   12.2500  3.4756657E-02  4.7647981E-02  4.0038791E-02
   12.5000  3.7113156E-02  3.9648895E-02  4.3671268E-02
   12.7500  3.8924643E-02  3.3776792E-02  4.6980100E-02
   13.0000  4.0223774E-02  2.9431367E-02  4.9638757E-02
   13.2500  4.1116895E-02  2.6165319E-02  5.1350444E-02
   13.5000  4.1736747E-02  2.3662164E-02  5.1954952E-02
   13.7500  4.1361498E-02  2.1776210E-02  5.1407217E-02
   14.0000  4.1833874E-02  2.0185192E-02  4.9924486E-02
   14.2500  4.2299627E-02  1.8894115E-02  4.7946045E-02
   14.5000  4.2798406E-02  1.7836145E-02  4.5810054E-02
   14.7500  4.3360799E-02  1.6964101E-02  4.3779729E-02
   15.0000  4.4009503E-02  1.6244034E-02  4.2031262E-02
   15.2500  4.4764814E-02  1.5651771E-02  4.0668085E-02
   15.5000  4.5615175E-02  1.5170052E-02  3.9738799E-02
   15.7500  4.6564483E-02  1.4788241E-02  3.9263087E-02
   16.0000  4.7592102E-02  1.4498197E-02  3.9238739E-02
   16.2500  4.8662893E-02  1.4294159E-02  3.9650484E-02
   16.5000  4.9723155E-02  1.4172727E-02  4.0468031E-02
   16.7500  5.0701275E-02  1.4129808E-02  4.1641611E-02
   17.0000  5.1512437E-02  1.4162405E-02  4.3096620E-02
   17.2500  5.2066186E-02  1.4267445E-02  4.4721041E-02
   17.5000  5.2280153E-02  1.4442546E-02  4.6370028E-02
   17.7500  5.2097772E-02  1.4685357E-02  4.7878032E-02
   18.0000  5.1501297E-02  1.4992993E-02  4.9081895E-02
   18.2500  5.0522359E-02  1.5363443E-02  4.9853970E-02
   18.5000  4.9233455E-02  1.5794456E-02  5.0130810E-02
   18.7500  4.7740907E-02  1.6283951E-02  4.9922120E-02
   19.0000  4.6161009E-02  1.6830203E-02  4.9299122E-02
   19.2500  4.4605278E-02  1.7431215E-02  4.8369742E-02
   19.5000  4.3164141E-02  1.8085806E-02  4.7249969E-02
   19.7500  4.1903415E-02  1.8791183E-02  4.6045069E-02
   20.0000  4.0864683E-02  1.9545893E-02  4.4836755E-02
   21.0000  3.9138348E-02  2.3020294E-02  4.0814321E-02
   22.0000  4.0686283E-02  2.7119433E-02  3.8447143E-02
   23.0000  4.3531497E-02  3.1582107E-02  3.7109596E-02
   24.0000  4.5459154E-02  3.5856165E-02  3.6055287E-02
   25.0000  4.5059218E-02  3.9641721E-02  3.4725072E-02
   26.0000  4.2084243E-02  4.1210597E-02  3.3365896E-02
   27.0000  3.7273652E-02  4.1203523E-02  3.1785311E-02
   28.0000  3.2389108E-02  3.9988776E-02  3.0048430E-02
   29.0000  2.8724037E-02  3.8097613E-02  2.8465381E-02
   30.0000  2.6443104E-02  3.6021001E-02  2.7363272E-02
   31.0000  2.5175729E-02  3.4089340E-02  2.6799203E-02
   32.0000  2.4550125E-02  3.2472760E-02  2.6604977E-02
   33.0000  2.4286306E-02  3.1181347E-02  2.6557054E-02
   34.0000  2.4205721E-02  3.0146047E-02  2.6515328E-02
   35.0000  2.4171869E-02  2.9257747E-02  2.6391719E-02
   36.0000  2.4055486E-02  2.8398535E-02  2.6112034E-02
   37.0000  2.3722759E-02  2.7475022E-02  2.5607461E-02
   38.0000  2.3070348E-02  2.6431598E-02  2.4819144E-02
   39.0000  2.2085184E-02  2.5238245E-02  2.3705289E-02
   40.0000  2.0870093E-02  2.3885751E-02  2.2279694E-02
