  7709.000   27  1  1  1.9222038E-02 -4.9109621E+00 -3.8324432E-01  1  1  7.5662952E+03  8.0000000E+03  0.0000000E+00  1.1792254E+00  1.0000000E+00  0.0000000E+00  = E_edge, Z, n_edge, j_edge, Abs_before_edge, VO_interstitial, E_cut, ninit, ninit1, Epsii, UnitCell_Volume, Surface_ref, f0_forward, natomsym_f, abs_u_iso
    Energy   (100,001)      (010,001)      (001,110)   
  -25.0000  6.6448145E-09  3.4272531E-10  8.3825432E-10
  -24.0000  1.7548073E-08  6.2765386E-10  1.8993610E-09
  -23.0000  5.4592454E-08  1.1990220E-09  4.7766667E-09
  -22.0000  2.2701517E-07  2.4274225E-09  1.4071400E-08
  -21.0000  1.9354774E-06  5.5103440E-09  5.5141981E-08
  -20.0000  1.3821128E-04  1.6754503E-08  4.2670605E-07
  -19.0000  4.7900329E-06  8.8800877E-07  8.7009772E-05
  -18.0000  2.6718438E-06  6.6935192E-08  9.8772954E-07
  -17.0000  3.2008561E-06  2.0352380E-07  5.3952900E-07
  -16.0000  6.7993933E-06  1.0049995E-06  5.5584248E-07
  -15.0000  1.2338453E-04  8.1592780E-05  1.3790802E-06
  -14.0000  3.3041200E-06  1.8485576E-05  1.4295764E-06
  -13.0000  3.4896182E-07  4.3828644E-06  4.6253523E-06
  -12.0000  3.7972316E-06  3.0880187E-06  1.3939828E-04
  -11.0000  2.1389029E-05  3.1066740E-06  2.1212007E-05
  -10.0000  2.5674300E-04  4.9941514E-06  1.1993784E-05
  -9.00000  1.9277569E-03  9.9433219E-05  1.1176808E-04
  -8.00000  1.9815944E-04  3.7787449E-05  1.8880030E-05
  -7.00000  1.3405082E-04  1.0446487E-04  1.7975790E-04
  -6.00000  8.3470977E-04  3.5922124E-05  1.2534010E-04
  -5.00000  1.1131874E-03  1.7799917E-04  2.3884975E-04
  -4.00000  1.5546050E-01  8.9502776E-04  5.1204124E-04
  -3.00000  3.7949338E-03  1.3110784E-01  4.7558207E-03
  -2.00000  6.1575231E-04  3.0767686E-03  4.8089632E-04
  -1.00000  3.2161443E-04  1.4555213E-03  1.9711460E-04
   0.00000  3.4771929E-04  1.2495256E-03  2.0854520E-04
   1.00000  5.9601702E-04  9.3100901E-04  3.4430048E-04
   2.00000  3.4317614E-04  9.6270359E-04  2.4988556E-04
   3.00000  4.5714472E-04  1.2382063E-03  3.7062784E-04
   4.00000  6.9882538E-04  1.9575994E-03  6.2936565E-04
   5.00000  1.0791600E-03  3.3092138E-03  1.2912786E-03
   5.20000  1.1638089E-03  3.6441498E-03  1.5547778E-03
   5.40000  1.2468116E-03  3.9996548E-03  1.9090218E-03
   5.60000  1.3253726E-03  4.3791165E-03  2.3949934E-03
   5.80000  1.3961282E-03  4.7903954E-03  3.0726453E-03
   6.00000  1.4556249E-03  5.2476851E-03  4.0242372E-03
   6.20000  1.5025949E-03  5.7753976E-03  5.3467662E-03
   6.40000  1.5437380E-03  6.4108859E-03  7.1162876E-03
   6.60000  1.6116418E-03  7.1971900E-03  9.2937246E-03
   6.80000  1.7905870E-03  8.1675137E-03  1.1585183E-02
   7.00000  2.1749700E-03  9.2739684E-03  1.3458620E-02
   7.20000  2.6932880E-03  1.0462726E-02  1.4407240E-02
   7.40000  3.1617786E-03  1.1656775E-02  1.4349718E-02
   7.60000  3.5306154E-03  1.2837077E-02  1.3583042E-02
   7.80000  3.8478627E-03  1.4062749E-02  1.2484493E-02
   8.00000  4.1582056E-03  1.5316879E-02  1.1300296E-02
   8.20000  4.4889361E-03  1.6674380E-02  1.0185248E-02
   8.40000  4.8554801E-03  1.8185545E-02  9.2210839E-03
   8.60000  5.2724630E-03  1.9913527E-02  8.4644269E-03
   8.80000  5.7471621E-03  2.1941374E-02  7.9599037E-03
   9.00000  6.2778527E-03  2.4371405E-02  7.7486831E-03
   9.20000  6.8628668E-03  2.7342499E-02  7.8640484E-03
   9.40000  7.5066626E-03  3.1027034E-02  8.3378286E-03
   9.60000  8.2191146E-03  3.5626449E-02  9.1948403E-03
   9.80000  9.0103668E-03  4.1350047E-02  1.0444827E-02
   10.0000  9.8914782E-03  4.8383781E-02  1.2069732E-02
   10.2500  1.1138728E-02  5.9156390E-02  1.4535123E-02
   10.5000  1.2583330E-02  7.2360489E-02  1.7315490E-02
   10.7500  1.4267590E-02  8.7966416E-02  2.0235107E-02
   11.0000  1.6241465E-02  1.0385005E-01  2.3220736E-02
   11.2500  1.8550915E-02  1.1472967E-01  2.6314880E-02
   11.5000  2.1221737E-02  1.1463869E-01  2.9616825E-02
   11.7500  2.4152973E-02  1.0252393E-01  3.2952662E-02
   12.0000  2.7387099E-02  8.5026119E-02  3.6674962E-02
   12.2500  3.0692568E-02  6.8129322E-02  4.0865576E-02
   12.5000  3.3831742E-02  5.4287340E-02  4.5005349E-02
   12.7500  3.6562752E-02  4.3861410E-02  4.8772178E-02
   13.0000  3.8715472E-02  3.6253289E-02  5.1768094E-02
   13.2500  4.0243892E-02  3.0733127E-02  5.3622841E-02
   13.5000  4.1218936E-02  2.6693344E-02  5.4131392E-02
   13.7500  4.0795498E-02  2.3930875E-02  5.3024933E-02
   14.0000  4.1131451E-02  2.1597816E-02  5.0914037E-02
   14.2500  4.1362180E-02  1.9779457E-02  4.8235282E-02
   14.5000  4.1580513E-02  1.8334157E-02  4.5392580E-02
   14.7500  4.1852366E-02  1.7168111E-02  4.2686875E-02
   15.0000  4.2219354E-02  1.6217373E-02  4.0305242E-02
   15.2500  4.2714869E-02  1.5438815E-02  3.8345969E-02
   15.5000  4.3338576E-02  1.4801414E-02  3.6844835E-02
   15.7500  4.4105085E-02  1.4286054E-02  3.5808683E-02
   16.0000  4.5011671E-02  1.3878260E-02  3.5224494E-02
   16.2500  4.6048389E-02  1.3567702E-02  3.5073869E-02
   16.5000  4.7195912E-02  1.3346066E-02  3.5334493E-02
   16.7500  4.8420699E-02  1.3207116E-02  3.5978692E-02
   17.0000  4.9675512E-02  1.3146174E-02  3.6969890E-02
   17.2500  5.0896012E-02  1.3159072E-02  3.8253250E-02
   17.5000  5.2000387E-02  1.3242092E-02  3.9749423E-02
   17.7500  5.2893629E-02  1.3392055E-02  4.1351540E-02
   18.0000  5.3479229E-02  1.3606371E-02  4.2929502E-02
   18.2500  5.3671449E-02  1.3882001E-02  4.4340384E-02
   18.5000  5.3415172E-02  1.4216022E-02  4.5453447E-02
   18.7500  5.2705729E-02  1.4604890E-02  4.6176890E-02
   19.0000  5.1592127E-02  1.5047276E-02  4.6475617E-02
   19.2500  5.0168829E-02  1.5540667E-02  4.6368602E-02
   19.5000  4.8560435E-02  1.6082709E-02  4.5922512E-02
   19.7500  4.6895001E-02  1.6672504E-02  4.5228196E-02
   20.0000  4.5287783E-02  1.7309263E-02  4.4379666E-02
   21.0000  4.0776648E-02  2.0325892E-02  4.0848849E-02
   22.0000  3.9986156E-02  2.4109776E-02  3.8501467E-02
   23.0000  4.1661690E-02  2.8599674E-02  3.7310161E-02
   24.0000  4.3707927E-02  3.3465426E-02  3.6548716E-02
   25.0000  4.4313277E-02  3.8596727E-02  3.5513513E-02
   26.0000  4.2720971E-02  4.1541428E-02  3.4315786E-02
   27.0000  3.8909708E-02  4.2614311E-02  3.2878005E-02
   28.0000  3.4228304E-02  4.2028503E-02  3.1267845E-02
   29.0000  3.0302014E-02  4.0370614E-02  2.9686448E-02
   30.0000  2.7721833E-02  3.8257534E-02  2.8454334E-02
   31.0000  2.6251665E-02  3.6134112E-02  2.7755476E-02
   32.0000  2.5491601E-02  3.4251777E-02  2.7509780E-02
   33.0000  2.5139541E-02  3.2712846E-02  2.7506867E-02
   34.0000  2.4980680E-02  3.1474167E-02  2.7547250E-02
   35.0000  2.4875025E-02  3.0434469E-02  2.7509944E-02
   36.0000  2.4713429E-02  2.9477400E-02  2.7321275E-02
   37.0000  2.4388316E-02  2.8496121E-02  2.6924573E-02
   38.0000  2.3786524E-02  2.7419886E-02  2.6263773E-02
   39.0000  2.2847391E-02  2.6220725E-02  2.5294483E-02
   40.0000  2.1624180E-02  2.4896679E-02  2.3994898E-02
