  7709.000   27  1  1  1.9222038E-02 -4.8680850E+00 -3.6815929E-01  1  1  7.5663401E+03  8.0000000E+03  0.0000000E+00  1.1792254E+00  1.0000000E+00  0.0000000E+00  = E_edge, Z, n_edge, j_edge, Abs_before_edge, VO_interstitial, E_cut, ninit, ninit1, Epsii, UnitCell_Volume, Surface_ref, f0_forward, natomsym_f, abs_u_iso
    Energy   (100,001)      (010,001)      (001,110)   
  -25.0000  5.5490652E-09  3.2250901E-10  7.3322257E-10
  -24.0000  1.4258394E-08  5.8611338E-10  1.6421821E-09
  -23.0000  4.2504571E-08  1.1101001E-09  4.0583582E-09
  -22.0000  1.6344650E-07  2.2211864E-09  1.1608604E-08
  -21.0000  1.1375103E-06  4.8540660E-09  4.2656075E-08
  -20.0000  9.3560225E-05  1.3935790E-08  2.7850532E-07
  -19.0000  8.4413506E-06  2.0732157E-05  1.7376993E-03
  -18.0000  2.8267829E-06  6.4415071E-08  1.3552742E-06
  -17.0000  2.9182040E-06  1.6792278E-07  5.8622746E-07
  -16.0000  5.1120845E-06  7.4449865E-07  5.5148551E-07
  -15.0000  3.2773994E-05  9.7294068E-06  8.8605749E-07
  -14.0000  6.0185958E-06  2.9625804E-05  1.3583572E-06
  -13.0000  4.7408391E-07  4.8714946E-06  3.6012463E-06
  -12.0000  4.4963641E-06  3.1184945E-06  4.8374793E-05
  -11.0000  2.4020498E-05  3.1066711E-06  2.9574917E-05
  -10.0000  2.5180443E-04  4.1383354E-06  8.8421069E-06
  -9.00000  4.4210810E-03  1.4796319E-04  1.5792678E-04
  -8.00000  3.0634667E-04  2.3978604E-05  9.0867474E-06
  -7.00000  1.6066043E-04  4.6980481E-04  3.5897847E-04
  -6.00000  8.6398489E-04  2.9811853E-05  2.0567950E-04
  -5.00000  2.4787874E-02  1.4410390E-04  4.8707958E-04
  -4.00000  1.9294833E-02  7.0338751E-04  2.1245892E-04
  -3.00000  7.9793624E-04  3.6537866E-01  8.0237182E-03
  -2.00000  5.6227696E-04  3.7269910E-03  4.8920335E-04
  -1.00000  2.8478636E-04  1.5637688E-03  1.7114759E-04
   0.00000  4.6619127E-04  1.1838277E-03  2.4545662E-04
   1.00000  4.4130771E-04  9.0840689E-04  2.6974825E-04
   2.00000  3.5933004E-04  9.9231536E-04  2.4274836E-04
   3.00000  5.1014431E-04  1.2979823E-03  3.6389965E-04
   4.00000  8.0880249E-04  2.0774311E-03  6.1683568E-04
   5.00000  1.2334180E-03  3.5130629E-03  1.2404360E-03
   5.20000  1.3208010E-03  3.8795509E-03  1.4830091E-03
   5.40000  1.4045690E-03  4.2777788E-03  1.8051044E-03
   5.60000  1.4824258E-03  4.7148198E-03  2.2410471E-03
   5.80000  1.5522790E-03  5.2018525E-03  2.8403966E-03
   6.00000  1.6142078E-03  5.7565475E-03  3.6699452E-03
   6.20000  1.6734139E-03  6.4054120E-03  4.8115481E-03
   6.40000  1.7520124E-03  7.1838578E-03  6.3375000E-03
   6.60000  1.9143806E-03  8.1276145E-03  8.2420654E-03
   6.80000  2.2805474E-03  9.2476466E-03  1.0324000E-02
   7.00000  2.8990832E-03  1.0541736E-02  1.2119627E-02
   7.20000  3.5373620E-03  1.1863079E-02  1.3135079E-02
   7.40000  3.9949967E-03  1.3129858E-02  1.3174905E-02
   7.60000  4.3143763E-03  1.4315168E-02  1.2482163E-02
   7.80000  4.5928295E-03  1.5459990E-02  1.1450540E-02
   8.00000  4.8893483E-03  1.6634600E-02  1.0359130E-02
   8.20000  5.2332078E-03  1.7915808E-02  9.3475130E-03
   8.40000  5.6418988E-03  1.9375703E-02  8.5383699E-03
   8.60000  6.1295838E-03  2.1085739E-02  8.0133562E-03
   8.80000  6.7087622E-03  2.3133258E-02  7.7865430E-03
   9.00000  7.3910684E-03  2.5627242E-02  7.8551218E-03
   9.20000  8.1853266E-03  2.8685425E-02  8.2249933E-03
   9.40000  9.0910963E-03  3.2461622E-02  8.9068667E-03
   9.60000  1.0081643E-02  3.7143232E-02  9.9050581E-03
   9.80000  1.1092219E-02  4.2955918E-02  1.1201507E-02
   10.0000  1.2045683E-02  5.0132664E-02  1.2742756E-02
   10.2500  1.3137588E-02  6.1285518E-02  1.4888234E-02
   10.5000  1.4123239E-02  7.4678496E-02  1.7130012E-02
   10.7500  1.5489761E-02  8.8785671E-02  1.9409908E-02
   11.0000  1.7263642E-02  9.9922139E-02  2.1776499E-02
   11.2500  1.9443338E-02  1.0339242E-01  2.4330984E-02
   11.5000  2.1972335E-02  9.7394905E-02  2.7126088E-02
   11.7500  2.4738700E-02  8.5022091E-02  3.0144221E-02
   12.0000  2.7425515E-02  7.1071883E-02  3.2884142E-02
   12.2500  3.0071918E-02  5.8703788E-02  3.6343566E-02
   12.5000  3.2393986E-02  4.8729396E-02  3.9736720E-02
   12.7500  3.4289057E-02  4.1060094E-02  4.2854472E-02
   13.0000  3.5756180E-02  3.5254118E-02  4.5451452E-02
   13.2500  3.6877551E-02  3.0852816E-02  4.7309578E-02
   13.5000  3.7440666E-02  2.7551130E-02  4.8177213E-02
   13.7500  3.7592289E-02  2.5081078E-02  4.8410385E-02
   14.0000  3.8398677E-02  2.2986763E-02  4.7808284E-02
   14.2500  3.9242711E-02  2.1303018E-02  4.6693153E-02
   14.5000  4.0155124E-02  1.9933257E-02  4.5314301E-02
   14.7500  4.1151493E-02  1.8809846E-02  4.3893360E-02
   15.0000  4.2236331E-02  1.7885693E-02  4.2601304E-02
   15.2500  4.3420361E-02  1.7129222E-02  4.1560261E-02
   15.5000  4.4687128E-02  1.6512318E-02  4.0846660E-02
   15.7500  4.6039329E-02  1.6020940E-02  4.0508194E-02
   16.0000  4.7462621E-02  1.5643481E-02  4.0569145E-02
   16.2500  4.8932412E-02  1.5371568E-02  4.1037874E-02
   16.5000  5.0408169E-02  1.5198056E-02  4.1905706E-02
   16.7500  5.1830530E-02  1.5116920E-02  4.3141789E-02
   17.0000  5.3123473E-02  1.5122496E-02  4.4685228E-02
   17.2500  5.4198080E-02  1.5210436E-02  4.6440637E-02
   17.5000  5.4958078E-02  1.5376540E-02  4.8273833E-02
   17.7500  5.5316847E-02  1.5616767E-02  5.0017135E-02
   18.0000  5.5211580E-02  1.5927273E-02  5.1490804E-02
   18.2500  5.4618919E-02  1.6303493E-02  5.2535170E-02
   18.5000  5.3564150E-02  1.6742265E-02  5.3048933E-02
   18.7500  5.2120232E-02  1.7240408E-02  5.3008659E-02
   19.0000  5.0396888E-02  1.7793119E-02  5.2463801E-02
   19.2500  4.8524529E-02  1.8397486E-02  5.1517002E-02
   19.5000  4.6630410E-02  1.9049808E-02  5.0294240E-02
   19.7500  4.4822905E-02  1.9747150E-02  4.8916673E-02
   20.0000  4.3183973E-02  2.0486947E-02  4.7485699E-02
   21.0000  3.9054964E-02  2.3815135E-02  4.2357284E-02
   22.0000  3.8696807E-02  2.7587239E-02  3.8867316E-02
   23.0000  4.0516386E-02  3.1531962E-02  3.6574206E-02
   24.0000  4.2500568E-02  3.5239041E-02  3.4844473E-02
   25.0000  4.3322414E-02  3.8204102E-02  3.3374356E-02
   26.0000  4.1779779E-02  4.0069077E-02  3.1848549E-02
   27.0000  3.8470111E-02  4.0225970E-02  3.0468661E-02
   28.0000  3.4328295E-02  3.9291736E-02  2.9024466E-02
   29.0000  3.0671219E-02  3.7689478E-02  2.7677819E-02
   30.0000  2.8053729E-02  3.5839564E-02  2.6676551E-02
   31.0000  2.6400570E-02  3.4051177E-02  2.6099659E-02
   32.0000  2.5452232E-02  3.2510669E-02  2.5844235E-02
   33.0000  2.4949226E-02  3.1267262E-02  2.5743102E-02
   34.0000  2.4691776E-02  3.0270588E-02  2.5684414E-02
   35.0000  2.4522447E-02  2.9422312E-02  2.5603623E-02
   36.0000  2.4304236E-02  2.8608949E-02  2.5450111E-02
   37.0000  2.3901980E-02  2.7723030E-02  2.5168216E-02
   38.0000  2.3214788E-02  2.6684817E-02  2.4691411E-02
   39.0000  2.2221601E-02  2.5456318E-02  2.3964082E-02
   40.0000  2.1011081E-02  2.4045492E-02  2.2955191E-02
