  7709.000   27  1  1  1.9222038E-02 -4.4771610E+00 -2.3123975E-01  1  1  7.5663199E+03  8.0000000E+03  0.0000000E+00  1.1792254E+00  1.0000000E+00  0.0000000E+00  = E_edge, Z, n_edge, j_edge, Abs_before_edge, VO_interstitial, E_cut, ninit, ninit1, Epsii, UnitCell_Volume, Surface_ref, f0_forward, natomsym_f, abs_u_iso
    Energy   (100,001)      (010,001)      (001,110)   
  -25.0000  4.7773772E-09  1.4350937E-09  7.7216538E-10
  -24.0000  1.2462113E-08  3.6595470E-09  1.7781555E-09
  -23.0000  3.8180876E-08  1.1048153E-08  4.6567896E-09
  -22.0000  1.5578494E-07  4.5242508E-08  1.5361141E-08
  -21.0000  1.3482038E-06  4.1943194E-07  1.0001926E-07
  -20.0000  6.0104024E-05  8.4604563E-06  2.3812395E-06
  -19.0000  9.6665192E-06  1.0544989E-05  4.4757539E-05
  -18.0000  2.6192800E-06  7.3718354E-07  1.1886843E-06
  -17.0000  2.8591486E-06  7.0848683E-07  6.2374603E-07
  -16.0000  6.3989197E-06  1.4012913E-06  9.6308179E-07
  -15.0000  4.4543470E-04  1.1184937E-05  7.5448101E-05
  -14.0000  1.3865436E-05  2.3518769E-05  1.4921880E-05
  -13.0000  1.0504269E-06  3.0221156E-06  4.3751177E-06
  -12.0000  9.8439487E-06  5.6926104E-05  1.0466011E-04
  -11.0000  2.0028970E-05  1.5774902E-05  2.1545263E-05
  -10.0000  2.7535848E-04  6.3901729E-05  4.0365725E-05
  -9.00000  3.4863564E-03  4.8203463E-02  5.0352923E-03
  -8.00000  1.8180305E-04  8.5548913E-05  1.2788878E-05
  -7.00000  2.6061641E-03  3.1629067E-04  9.8138413E-05
  -6.00000  1.5249207E-03  4.5816499E-04  4.5481357E-04
  -5.00000  5.9458343E-04  1.4857294E-04  2.1869137E-03
  -4.00000  1.3716135E-03  8.3637335E-04  8.4115281E-04
  -3.00000  6.5219505E-03  4.3059291E-03  5.7904165E-03
  -2.00000  1.1918483E-03  3.4400887E-03  3.1282169E-03
  -1.00000  5.9580334E-04  7.6989374E-04  4.9180924E-04
   0.00000  6.4293693E-03  7.2607875E-03  3.1052372E-03
   1.00000  9.2641435E-04  4.4230986E-04  9.2892124E-04
   2.00000  4.4272389E-04  5.6301813E-04  4.1923338E-04
   3.00000  5.7156815E-04  8.3757540E-04  5.4804205E-04
   4.00000  8.5101868E-04  1.3834150E-03  8.8157946E-04
   5.00000  1.2696985E-03  2.9146229E-03  1.8331107E-03
   5.20000  1.3546410E-03  3.5854296E-03  2.2229261E-03
   5.40000  1.4672673E-03  4.4575219E-03  2.7094577E-03
   5.60000  1.6765514E-03  5.5137534E-03  3.2517968E-03
   5.80000  2.0293550E-03  6.7696054E-03  3.8250113E-03
   6.00000  2.4785787E-03  8.2194104E-03  4.4952926E-03
   6.20000  2.9186734E-03  9.7416644E-03  5.3876738E-03
   6.40000  3.2960050E-03  1.1366895E-02  6.6401214E-03
   6.60000  3.6493329E-03  1.3379604E-02  8.3633991E-03
   6.80000  4.0325867E-03  1.5781065E-02  1.0476108E-02
   7.00000  4.4815053E-03  1.8058398E-02  1.2492762E-02
   7.20000  5.0070471E-03  1.9437417E-02  1.3618990E-02
   7.40000  5.5619157E-03  1.9794002E-02  1.3503572E-02
   7.60000  6.1191732E-03  1.9898136E-02  1.2495143E-02
   7.80000  6.7256430E-03  2.0655962E-02  1.1159731E-02
   8.00000  7.4767351E-03  2.2759463E-02  9.9693307E-03
   8.20000  8.4568990E-03  2.6656983E-02  9.1753217E-03
   8.40000  9.6821613E-03  3.2361674E-02  8.8296031E-03
   8.60000  1.1004091E-02  3.8693537E-02  8.8703814E-03
   8.80000  1.2052576E-02  4.2519532E-02  9.1742802E-03
   9.00000  1.2557281E-02  4.0861024E-02  9.6392801E-03
   9.20000  1.2803284E-02  3.4885326E-02  1.0305407E-02
   9.40000  1.3330392E-02  2.8275048E-02  1.1323203E-02
   9.60000  1.4450564E-02  2.3232012E-02  1.2841591E-02
   9.80000  1.6273680E-02  2.0196068E-02  1.4997559E-02
   10.0000  1.8852787E-02  1.8950712E-02  1.7941569E-02
   10.2500  2.3197547E-02  1.9470960E-02  2.2986521E-02
   10.5000  2.8719720E-02  2.1884712E-02  2.9797579E-02
   10.7500  3.4900980E-02  2.5778259E-02  3.8290441E-02
   11.0000  4.0454857E-02  3.0624360E-02  4.7548360E-02
   11.2500  4.3599473E-02  3.5820305E-02  5.5657164E-02
   11.5000  4.3286109E-02  4.0983483E-02  6.0609845E-02
   11.7500  4.0409494E-02  4.6183360E-02  6.1446689E-02
   12.0000  3.6148936E-02  5.1231528E-02  5.9571266E-02
   12.2500  3.2260084E-02  5.6023158E-02  5.6279586E-02
   12.5000  2.9394280E-02  5.9832750E-02  5.2634944E-02
   12.7500  2.7622064E-02  6.1823531E-02  4.9146006E-02
   13.0000  2.6830839E-02  6.0512713E-02  4.5823833E-02
   13.2500  2.6617527E-02  5.8353393E-02  4.3040841E-02
   13.5000  2.6900689E-02  5.4762385E-02  4.0593441E-02
   13.7500  2.7556072E-02  5.0842744E-02  3.8404929E-02
   14.0000  2.8338568E-02  4.5629940E-02  3.5863115E-02
   14.2500  2.9521587E-02  4.1926809E-02  3.4231510E-02
   14.5000  3.0552645E-02  3.8566994E-02  3.2893477E-02
   14.7500  3.1605559E-02  3.5718785E-02  3.1752492E-02
   15.0000  3.2671240E-02  3.3340766E-02  3.0793341E-02
   15.2500  3.3742536E-02  3.1373116E-02  3.0007097E-02
   15.5000  3.4812459E-02  2.9757801E-02  2.9392046E-02
   15.7500  3.5865212E-02  2.8441542E-02  2.8943526E-02
   16.0000  3.6882355E-02  2.7387129E-02  2.8662171E-02
   16.2500  3.7836146E-02  2.6564883E-02  2.8543838E-02
   16.5000  3.8695294E-02  2.5952545E-02  2.8581453E-02
   16.7500  3.9428300E-02  2.5531527E-02  2.8764258E-02
   17.0000  4.0013104E-02  2.5284248E-02  2.9077419E-02
   17.2500  4.0444595E-02  2.5195512E-02  2.9505525E-02
   17.5000  4.0736927E-02  2.5250681E-02  3.0032523E-02
   17.7500  4.0917640E-02  2.5434902E-02  3.0642529E-02
   18.0000  4.1025335E-02  2.5732909E-02  3.1319682E-02
   18.2500  4.1097108E-02  2.6127170E-02  3.2045718E-02
   18.5000  4.1164678E-02  2.6599699E-02  3.2800869E-02
   18.7500  4.1249644E-02  2.7132851E-02  3.3563430E-02
   19.0000  4.1363673E-02  2.7708455E-02  3.4310513E-02
   19.2500  4.1508917E-02  2.8309922E-02  3.5017719E-02
   19.5000  4.1676573E-02  2.8922518E-02  3.5657925E-02
   19.7500  4.1852883E-02  2.9536038E-02  3.6206933E-02
   20.0000  4.2017951E-02  3.0144925E-02  3.6642778E-02
   21.0000  4.2140841E-02  3.2534843E-02  3.7024260E-02
   22.0000  4.1111910E-02  3.4985384E-02  3.5733225E-02
   23.0000  3.9956542E-02  3.7244864E-02  3.4484033E-02
   24.0000  3.9323875E-02  3.8509552E-02  3.4136566E-02
   25.0000  3.8949106E-02  3.8286945E-02  3.4360621E-02
   26.0000  3.8588293E-02  3.6876585E-02  3.4570270E-02
   27.0000  3.8121600E-02  3.4979415E-02  3.4418651E-02
   28.0000  3.7418620E-02  3.3131849E-02  3.3924263E-02
   29.0000  3.6299595E-02  3.1550777E-02  3.3251780E-02
   30.0000  3.4669876E-02  3.0252623E-02  3.2506370E-02
   31.0000  3.2572980E-02  2.9080069E-02  3.1571556E-02
   32.0000  3.0410100E-02  2.8139530E-02  3.0701351E-02
   33.0000  2.8288098E-02  2.7286499E-02  2.9775678E-02
   34.0000  2.6337033E-02  2.6471546E-02  2.8816809E-02
   35.0000  2.4622589E-02  2.5636281E-02  2.7839473E-02
   36.0000  2.3184275E-02  2.4725473E-02  2.6865546E-02
   37.0000  2.2054273E-02  2.3708976E-02  2.5923405E-02
   38.0000  2.1251647E-02  2.2612844E-02  2.5057943E-02
   39.0000  2.0740934E-02  2.1502017E-02  2.4321260E-02
   40.0000  2.0410979E-02  2.0466503E-02  2.3731382E-02
