  7709.000   27  1  1  1.9222038E-02 -4.4538073E+00 -2.9261264E-01  1  1  7.5663724E+03  8.0000000E+03  0.0000000E+00  1.1792254E+00  1.0000000E+00  0.0000000E+00  = E_edge, Z, n_edge, j_edge, Abs_before_edge, VO_interstitial, E_cut, ninit, ninit1, Epsii, UnitCell_Volume, Surface_ref, f0_forward, natomsym_f, abs_u_iso
    Energy   (100,001)      (010,001)      (001,110)   
  -25.0000  4.9318382E-09  1.4216941E-09  8.6379595E-10
  -24.0000  1.3204982E-08  3.6702107E-09  2.0683143E-09
  -23.0000  4.2448679E-08  1.1410399E-08  5.7896778E-09
  -22.0000  1.9347576E-07  5.0907415E-08  2.1884140E-08
  -21.0000  2.8272626E-06  7.7550076E-07  2.4256661E-07
  -20.0000  6.6648285E-03  4.5828418E-04  7.1276323E-04
  -19.0000  3.7834707E-06  8.7597278E-05  1.4619832E-04
  -18.0000  1.7804134E-06  6.3358737E-07  5.6391427E-07
  -17.0000  2.3815750E-06  6.2873171E-07  4.3819036E-07
  -16.0000  7.9021331E-06  1.3712233E-06  1.0006658E-06
  -15.0000  1.4427593E-03  3.9298209E-04  8.9047879E-04
  -14.0000  9.3351956E-06  1.0539322E-05  1.2928058E-05
  -13.0000  1.3112244E-06  2.0057100E-06  3.6868305E-06
  -12.0000  2.2994336E-05  7.0358546E-05  1.7918579E-04
  -11.0000  2.0437300E-05  9.5038147E-06  1.2981560E-05
  -10.0000  3.3426294E-04  1.0288953E-04  4.2247775E-05
  -9.00000  9.6046034E-04  1.5010000E-04  1.2021437E-05
  -8.00000  6.9546790E-05  3.4629940E-05  6.8493885E-06
  -7.00000  2.2499444E-03  2.4762789E-04  5.6606709E-04
  -6.00000  7.4463020E-04  3.4278185E-04  2.2932716E-04
  -5.00000  8.7035484E-04  4.0786864E-04  2.1666616E-03
  -4.00000  1.9383269E-03  1.5867323E-03  1.5694404E-03
  -3.00000  5.9820032E-03  1.2372462E-02  6.1116220E-03
  -2.00000  9.3264477E-04  1.3640288E-03  1.0282130E-03
  -1.00000  4.7699208E-04  7.0452705E-04  4.1125833E-04
   0.00000  2.3639150E-03  1.6694076E-02  6.6313813E-03
   1.00000  4.2745184E-04  6.7193679E-04  4.9901427E-04
   2.00000  4.5846716E-04  6.7829171E-04  4.3670054E-04
   3.00000  6.4690044E-04  9.3421234E-04  5.5843238E-04
   4.00000  1.0353513E-03  1.4334011E-03  8.4849112E-04
   5.00000  1.7799836E-03  2.4551578E-03  1.5424898E-03
   5.20000  1.9950553E-03  2.7999283E-03  1.7800961E-03
   5.40000  2.2417782E-03  3.2276226E-03  2.0733466E-03
   5.60000  2.5303821E-03  3.7674818E-03  2.4413996E-03
   5.80000  2.8803840E-03  4.4631800E-03  2.9139886E-03
   6.00000  3.3221304E-03  5.3622347E-03  3.5375889E-03
   6.20000  3.9124162E-03  6.5546622E-03  4.3804896E-03
   6.40000  4.6704565E-03  8.0570185E-03  5.5322038E-03
   6.60000  5.5276982E-03  9.8258850E-03  7.0885968E-03
   6.80000  6.3843909E-03  1.1853326E-02  9.1233047E-03
   7.00000  7.2656584E-03  1.4272500E-02  1.1600462E-02
   7.20000  8.3150972E-03  1.7265683E-02  1.4161418E-02
   7.40000  9.6509141E-03  2.0658552E-02  1.5957212E-02
   7.60000  1.1412741E-02  2.3649019E-02  1.6090526E-02
   7.80000  1.3781303E-02  2.5385275E-02  1.4631679E-02
   8.00000  1.6895761E-02  2.5904105E-02  1.2612548E-02
   8.20000  2.0540732E-02  2.5697950E-02  1.0927412E-02
   8.40000  2.3576807E-02  2.4683140E-02  9.8735524E-03
   8.60000  2.4228551E-02  2.2384116E-02  9.4277719E-03
   8.80000  2.2161782E-02  1.9357403E-02  9.5167565E-03
   9.00000  1.9608544E-02  1.6893079E-02  1.0130189E-02
   9.20000  1.7875278E-02  1.5717696E-02  1.1262851E-02
   9.40000  1.7328430E-02  1.5828100E-02  1.2946097E-02
   9.60000  1.7895687E-02  1.7042137E-02  1.5247511E-02
   9.80000  1.9458291E-02  1.9213112E-02  1.8269983E-02
   10.0000  2.1936899E-02  2.2240271E-02  2.2143769E-02
   10.2500  2.6216201E-02  2.7093207E-02  2.8393875E-02
   10.5000  3.1541071E-02  3.2912094E-02  3.6385376E-02
   10.7500  3.7280939E-02  3.9339774E-02  4.6007074E-02
   11.0000  4.2727556E-02  4.5429598E-02  5.6495643E-02
   11.2500  4.5920741E-02  5.1886051E-02  6.5759081E-02
   11.5000  4.6654483E-02  5.8103557E-02  7.1357923E-02
   11.7500  4.5260287E-02  6.3827470E-02  7.1822856E-02
   12.0000  4.2878881E-02  6.7922982E-02  6.7937353E-02
   12.2500  4.0394830E-02  6.9770081E-02  6.1547452E-02
   12.5000  3.8270515E-02  6.8645893E-02  5.5674826E-02
   12.7500  3.6741429E-02  6.4938924E-02  5.0454921E-02
   13.0000  3.5721900E-02  5.9706630E-02  4.6080017E-02
   13.2500  3.5093439E-02  5.4027736E-02  4.2471808E-02
   13.5000  3.4759768E-02  4.8623267E-02  3.9494562E-02
   13.7500  3.4651965E-02  4.3836105E-02  3.7029344E-02
   14.0000  3.4870638E-02  4.0435657E-02  3.4449397E-02
   14.2500  3.5034579E-02  3.7171677E-02  3.2787168E-02
   14.5000  3.5309899E-02  3.4466848E-02  3.1445309E-02
   14.7500  3.5676549E-02  3.2239894E-02  3.0387765E-02
   15.0000  3.6115332E-02  3.0414003E-02  2.9588500E-02
   15.2500  3.6608904E-02  2.8923389E-02  2.9027698E-02
   15.5000  3.7139902E-02  2.7717069E-02  2.8689070E-02
   15.7500  3.7684016E-02  2.6749496E-02  2.8553900E-02
   16.0000  3.8220199E-02  2.5990854E-02  2.8606742E-02
   16.2500  3.8721157E-02  2.5415398E-02  2.8827433E-02
   16.5000  3.9160202E-02  2.5003611E-02  2.9192351E-02
   16.7500  3.9517232E-02  2.4739486E-02  2.9674450E-02
   17.0000  3.9781686E-02  2.4607954E-02  3.0244531E-02
   17.2500  3.9958347E-02  2.4595015E-02  3.0874235E-02
   17.5000  4.0060914E-02  2.4687578E-02  3.1538050E-02
   17.7500  4.0110208E-02  2.4872207E-02  3.2212932E-02
   18.0000  4.0126277E-02  2.5134314E-02  3.2880523E-02
   18.2500  4.0125314E-02  2.5459543E-02  3.3525805E-02
   18.5000  4.0117162E-02  2.5834504E-02  3.4137043E-02
   18.7500  4.0106075E-02  2.6245899E-02  3.4702313E-02
   19.0000  4.0092982E-02  2.6682733E-02  3.5209341E-02
   19.2500  4.0076100E-02  2.7137173E-02  3.5645881E-02
   19.5000  4.0049720E-02  2.7603620E-02  3.5994452E-02
   19.7500  4.0008720E-02  2.8079625E-02  3.6241562E-02
   20.0000  3.9946331E-02  2.8566155E-02  3.6375107E-02
   21.0000  3.9370829E-02  3.0676483E-02  3.5737742E-02
   22.0000  3.8391660E-02  3.3091959E-02  3.4131514E-02
   23.0000  3.7484120E-02  3.5336347E-02  3.3201786E-02
   24.0000  3.6728853E-02  3.6462404E-02  3.3274256E-02
   25.0000  3.6031954E-02  3.5980594E-02  3.3696386E-02
   26.0000  3.5137653E-02  3.4342269E-02  3.3639079E-02
   27.0000  3.4478028E-02  3.2522843E-02  3.3213259E-02
   28.0000  3.3722451E-02  3.0969597E-02  3.2378020E-02
   29.0000  3.2703648E-02  2.9825455E-02  3.1377725E-02
   30.0000  3.1273633E-02  2.9022498E-02  3.0361324E-02
   31.0000  2.9512341E-02  2.8434968E-02  2.9372238E-02
   32.0000  2.7630315E-02  2.7961028E-02  2.8422992E-02
   33.0000  2.5806099E-02  2.7545513E-02  2.7534901E-02
   34.0000  2.4141785E-02  2.7158635E-02  2.6738930E-02
   35.0000  2.2681710E-02  2.6779751E-02  2.6056759E-02
   36.0000  2.1445601E-02  2.6376351E-02  2.5475991E-02
   37.0000  2.0451822E-02  2.5900221E-02  2.4930622E-02
   38.0000  1.9705121E-02  2.5293733E-02  2.4329359E-02
   39.0000  1.9164948E-02  2.4512037E-02  2.3599739E-02
   40.0000  1.8753846E-02  2.3561834E-02  2.2733413E-02
