  7709.000   27  1  1  1.9222038E-02 -4.3527711E+00 -2.7785069E-01  1  1  7.5663105E+03  8.0000000E+03  0.0000000E+00  1.1792254E+00  1.0000000E+00  0.0000000E+00  = E_edge, Z, n_edge, j_edge, Abs_before_edge, VO_interstitial, E_cut, ninit, ninit1, Epsii, UnitCell_Volume, Surface_ref, f0_forward, natomsym_f, abs_u_iso
    Energy   (100,001)      (010,001)      (001,110)   
  -25.0000  3.2353364E-09  1.0195657E-09  7.7555555E-10
  -24.0000  7.9365235E-09  2.4153739E-09  1.7448392E-09
  -23.0000  2.2143115E-08  6.5303209E-09  4.3781445E-09
  -22.0000  7.6269035E-08  2.2019522E-08  1.3049371E-08
  -21.0000  4.1151998E-07  1.2081428E-07  5.4792785E-08
  -20.0000  4.9868525E-05  1.7732863E-05  3.0418545E-06
  -19.0000  2.5029347E-04  1.2018513E-02  5.4480042E-02
  -18.0000  3.5304748E-06  2.4740296E-06  2.8234446E-06
  -17.0000  2.8430991E-06  8.1855202E-07  7.5984874E-07
  -16.0000  4.8508057E-06  1.0436078E-06  9.5780635E-07
  -15.0000  1.9414085E-02  3.8822583E-03  1.7808674E-04
  -14.0000  3.9837278E-05  7.4066591E-05  2.0416383E-05
  -13.0000  1.4375152E-06  3.0394793E-06  4.7768950E-06
  -12.0000  1.1904582E-05  4.8667463E-05  1.6667688E-04
  -11.0000  1.0165019E-05  1.0021207E-05  2.2227618E-05
  -10.0000  7.6385214E-05  2.3264680E-05  1.4673825E-05
  -9.00000  2.3298545E-03  3.4895668E-04  5.2490288E-05
  -8.00000  3.4518909E-04  1.0968856E-04  1.8181478E-05
  -7.00000  2.2054235E-02  2.9049907E-03  1.0911624E-02
  -6.00000  6.9380538E-04  2.5866227E-04  2.4738026E-04
  -5.00000  1.7741288E-03  3.5837355E-04  2.8060642E-03
  -4.00000  1.4189716E-03  1.5618710E-03  9.8719049E-04
  -3.00000  3.5404674E-03  5.9362748E-03  2.6865329E-03
  -2.00000  1.1529349E-03  1.4865345E-03  1.5102545E-03
  -1.00000  4.9009243E-04  7.2999754E-04  4.1481651E-04
   0.00000  1.7250301E-03  3.5313841E-03  2.9698673E-03
   1.00000  4.9081973E-04  6.4482840E-04  4.9251732E-04
   2.00000  4.4969548E-04  6.5143290E-04  4.5115398E-04
   3.00000  6.2314916E-04  9.0926415E-04  6.1111791E-04
   4.00000  9.5335442E-04  1.3998107E-03  1.0183003E-03
   5.00000  1.3316722E-03  2.6201853E-03  2.4427319E-03
   5.20000  1.4836147E-03  3.0960597E-03  3.1574536E-03
   5.40000  1.7024646E-03  3.7229005E-03  4.2366504E-03
   5.60000  1.9867641E-03  4.4935614E-03  5.8039988E-03
   5.80000  2.3126105E-03  5.2310697E-03  7.5210521E-03
   6.00000  2.6452433E-03  5.7889203E-03  8.2850349E-03
   6.20000  2.9704351E-03  6.4129764E-03  7.9463801E-03
   6.40000  3.2906408E-03  7.3612643E-03  7.5008579E-03
   6.60000  3.6210958E-03  8.7279392E-03  7.3941208E-03
   6.80000  3.9828964E-03  1.0534440E-02  7.6881327E-03
   7.00000  4.3919294E-03  1.2718122E-02  8.3184564E-03
   7.20000  4.8548914E-03  1.4798037E-02  8.9159578E-03
   7.40000  5.3488559E-03  1.5984033E-02  8.9010435E-03
   7.60000  5.8811014E-03  1.6252598E-02  8.2133933E-03
   7.80000  6.4898370E-03  1.6433353E-02  7.3489185E-03
   8.00000  7.2200499E-03  1.7271304E-02  6.7080202E-03
   8.20000  8.1055300E-03  1.9152245E-02  6.4354693E-03
   8.40000  9.1555899E-03  2.2160678E-02  6.5631398E-03
   8.60000  1.0321123E-02  2.5870639E-02  7.0866131E-03
   8.80000  1.1453367E-02  2.8968477E-02  7.9554600E-03
   9.00000  1.2321212E-02  2.9644517E-02  9.0158839E-03
   9.20000  1.3011434E-02  2.7210400E-02  1.0161564E-02
   9.40000  1.3782986E-02  2.3326172E-02  1.1382943E-02
   9.60000  1.4940106E-02  1.9916055E-02  1.2820423E-02
   9.80000  1.6657203E-02  1.7871400E-02  1.4641910E-02
   10.0000  1.9024412E-02  1.7276256E-02  1.7000782E-02
   10.2500  2.2994819E-02  1.8264613E-02  2.0939535E-02
   10.5000  2.8463534E-02  2.0914039E-02  2.6573294E-02
   10.7500  3.4654009E-02  2.4420388E-02  3.3564727E-02
   11.0000  4.1190322E-02  2.9181067E-02  4.2172702E-02
   11.2500  4.6708321E-02  3.5135401E-02  5.1566559E-02
   11.5000  4.9659946E-02  4.2349669E-02  5.9875735E-02
   11.7500  4.9510304E-02  5.0579583E-02  6.5366210E-02
   12.0000  4.7244522E-02  5.9642439E-02  6.6459814E-02
   12.2500  4.4258707E-02  6.8248104E-02  6.5195140E-02
   12.5000  4.1663378E-02  7.4523241E-02  6.2036858E-02
   12.7500  3.9828345E-02  7.6590057E-02  5.7966686E-02
   13.0000  3.8708799E-02  7.4109424E-02  5.3696131E-02
   13.2500  3.8111003E-02  6.8455920E-02  4.9654926E-02
   13.5000  3.7837302E-02  6.1504076E-02  4.6030246E-02
   13.7500  3.7705518E-02  5.4793356E-02  4.2793441E-02
   14.0000  3.7989797E-02  4.9021806E-02  3.9654868E-02
   14.2500  3.7884378E-02  4.4000503E-02  3.7224831E-02
   14.5000  3.7811955E-02  3.9811347E-02  3.5183541E-02
   14.7500  3.7775741E-02  3.6368302E-02  3.3496583E-02
   15.0000  3.7778566E-02  3.3562197E-02  3.2130271E-02
   15.2500  3.7820129E-02  3.1288446E-02  3.1053640E-02
   15.5000  3.7897441E-02  2.9457236E-02  3.0241273E-02
   15.7500  3.8003569E-02  2.7995494E-02  2.9672196E-02
   16.0000  3.8126523E-02  2.6839252E-02  2.9324760E-02
   16.2500  3.8250478E-02  2.5942861E-02  2.9180970E-02
   16.5000  3.8356297E-02  2.5267437E-02  2.9219709E-02
   16.7500  3.8430319E-02  2.4782533E-02  2.9417735E-02
   17.0000  3.8466218E-02  2.4462962E-02  2.9752952E-02
   17.2500  3.8470061E-02  2.4288081E-02  3.0201502E-02
   17.5000  3.8459165E-02  2.4239895E-02  3.0739849E-02
   17.7500  3.8458716E-02  2.4303101E-02  3.1347269E-02
   18.0000  3.8494424E-02  2.4463678E-02  3.2005513E-02
   18.2500  3.8586525E-02  2.4708822E-02  3.2698675E-02
   18.5000  3.8747520E-02  2.5026229E-02  3.3412530E-02
   18.7500  3.8980547E-02  2.5403431E-02  3.4133540E-02
   19.0000  3.9279911E-02  2.5828630E-02  3.4848802E-02
   19.2500  3.9632826E-02  2.6291155E-02  3.5545841E-02
   19.5000  4.0020628E-02  2.6778622E-02  3.6205997E-02
   19.7500  4.0416976E-02  2.7282033E-02  3.6810027E-02
   20.0000  4.0793190E-02  2.7795098E-02  3.7334824E-02
   21.0000  4.1526898E-02  2.9949706E-02  3.8179522E-02
   22.0000  4.0608888E-02  3.2502308E-02  3.6918337E-02
   23.0000  3.9057311E-02  3.5331731E-02  3.5305338E-02
   24.0000  3.7732061E-02  3.7519229E-02  3.4683951E-02
   25.0000  3.6853794E-02  3.8156642E-02  3.4865919E-02
   26.0000  3.6161233E-02  3.7137927E-02  3.4886193E-02
   27.0000  3.5916666E-02  3.5336595E-02  3.4660521E-02
   28.0000  3.5417278E-02  3.3317606E-02  3.3934424E-02
   29.0000  3.4392948E-02  3.1498970E-02  3.2964426E-02
   30.0000  3.2782774E-02  3.0064723E-02  3.1933456E-02
   31.0000  3.0741521E-02  2.9003524E-02  3.0900060E-02
   32.0000  2.8533800E-02  2.8217286E-02  2.9864610E-02
   33.0000  2.6387491E-02  2.7610453E-02  2.8822887E-02
   34.0000  2.4437164E-02  2.7106019E-02  2.7780728E-02
   35.0000  2.2746888E-02  2.6652885E-02  2.6743702E-02
   36.0000  2.1354635E-02  2.6210683E-02  2.5708540E-02
   37.0000  2.0307374E-02  2.5752017E-02  2.4661588E-02
   38.0000  1.9635778E-02  2.5237000E-02  2.3577114E-02
   39.0000  1.9297732E-02  2.4591937E-02  2.2441615E-02
   40.0000  1.9136355E-02  2.3750893E-02  2.1268827E-02
