  7709.000   27  1  1  1.9222038E-02 -4.8615722E+00 -3.6360494E-01  1  1  7.5661580E+03  8.0000000E+03  0.0000000E+00  1.1792254E+00  1.0000000E+00  0.0000000E+00  = E_edge, Z, n_edge, j_edge, Abs_before_edge, VO_interstitial, E_cut, ninit, ninit1, Epsii, UnitCell_Volume, Surface_ref, f0_forward, natomsym_f, abs_u_iso
    Energy   (100,001)      (010,001)      (001,110)   
  -25.0000  3.5406468E-09  9.9872753E-10  8.0551391E-10
  -24.0000  9.1163445E-09  2.3837051E-09  1.9293664E-09
  -23.0000  2.7553616E-08  6.5919922E-09  5.4239615E-09
  -22.0000  1.1053444E-07  2.3810780E-08  2.0446111E-08
  -21.0000  8.8847853E-07  1.7785328E-07  1.6369234E-07
  -20.0000  9.1274516E-05  2.0481726E-06  2.2164056E-05
  -19.0000  1.8393213E-06  1.0325838E-05  1.9040552E-05
  -18.0000  1.2892663E-06  8.4398502E-07  6.0345905E-07
  -17.0000  1.4439229E-06  4.7432945E-07  3.4794779E-07
  -16.0000  3.1690283E-06  6.7945349E-07  8.2646320E-07
  -15.0000  2.8148924E-03  4.9087625E-03  1.6441866E-03
  -14.0000  3.4066647E-06  3.9061438E-06  4.7004135E-06
  -13.0000  1.5068979E-06  1.4450266E-06  2.2680834E-06
  -12.0000  5.3221204E-06  4.3100812E-06  1.5369389E-05
  -11.0000  1.7464840E-05  7.4940314E-06  1.3158562E-05
  -10.0000  2.3659423E-04  8.1665331E-05  1.5993725E-05
  -9.00000  2.5503375E-03  1.1023527E-04  2.6976323E-04
  -8.00000  8.7099876E-05  2.1742542E-05  9.4377000E-06
  -7.00000  1.8666575E-03  9.8580143E-04  7.3586575E-04
  -6.00000  3.4771878E-04  1.7020632E-04  2.7481509E-04
  -5.00000  9.8216486E-03  4.2181342E-04  6.4426750E-03
  -4.00000  5.4481358E-02  2.2849881E-02  1.3652235E-01
  -3.00000  3.2052977E-03  4.8371583E-03  1.7573843E-03
  -2.00000  7.8550731E-04  8.0422690E-04  5.5854205E-04
  -1.00000  4.0117374E-04  5.9831869E-04  2.2832681E-04
   0.00000  2.1010975E-03  2.0561388E-03  3.2026189E-03
   1.00000  6.7319911E-04  7.2198698E-04  8.1645932E-04
   2.00000  5.6659763E-04  6.6101560E-04  5.7467314E-04
   3.00000  7.1024625E-04  8.7680147E-04  6.3265565E-04
   4.00000  1.0572722E-03  1.2869128E-03  8.5148646E-04
   5.00000  1.7136059E-03  1.9498763E-03  1.3772363E-03
   5.20000  1.8916123E-03  2.1295596E-03  1.5449278E-03
   5.40000  2.0863742E-03  2.3279817E-03  1.7407023E-03
   5.60000  2.2982794E-03  2.5450609E-03  1.9684791E-03
   5.80000  2.5278310E-03  2.7793146E-03  2.2333662E-03
   6.00000  2.7760179E-03  3.0271863E-03  2.5397359E-03
   6.20000  3.0452587E-03  3.2913372E-03  2.8938470E-03
   6.40000  3.3397087E-03  3.5950635E-03  3.3019279E-03
   6.60000  3.6665600E-03  3.9933333E-03  3.7689949E-03
   6.80000  4.0416368E-03  4.5398115E-03  4.2975707E-03
   7.00000  4.5008830E-03  5.2464372E-03  4.8952990E-03
   7.20000  5.0753381E-03  6.1014385E-03  5.5922329E-03
   7.40000  5.7673763E-03  7.1168461E-03  6.4494021E-03
   7.60000  6.5506410E-03  8.3383086E-03  7.5461036E-03
   7.80000  7.4032558E-03  9.8263405E-03  8.9523915E-03
   8.00000  8.3256238E-03  1.1638537E-02  1.0708451E-02
   8.20000  9.3303747E-03  1.3801548E-02  1.2784130E-02
   8.40000  1.0426622E-02  1.6256047E-02  1.4991980E-02
   8.60000  1.1611012E-02  1.8799900E-02  1.6917141E-02
   8.80000  1.2869154E-02  2.1140765E-02  1.8128170E-02
   9.00000  1.4234265E-02  2.3180516E-02  1.8334509E-02
   9.20000  1.5755783E-02  2.5092137E-02  1.7943883E-02
   9.40000  1.7547073E-02  2.7262973E-02  1.7519503E-02
   9.60000  1.9655714E-02  2.9825478E-02  1.7717784E-02
   9.80000  2.2195789E-02  3.3091753E-02  1.8720220E-02
   10.0000  2.5300543E-02  3.7097680E-02  2.0595946E-02
   10.2500  3.0195125E-02  4.2971151E-02  2.4164244E-02
   10.5000  3.6407642E-02  4.9356212E-02  2.9057779E-02
   10.7500  4.3871716E-02  5.5535722E-02  3.5223039E-02
   11.0000  5.1948665E-02  6.0701220E-02  4.2521158E-02
   11.2500  5.9228571E-02  6.4333127E-02  5.0539999E-02
   11.5000  6.3867179E-02  6.6513526E-02  5.8337704E-02
   11.7500  6.4653456E-02  6.7705864E-02  6.4481094E-02
   12.0000  6.2017978E-02  6.8026412E-02  6.6869802E-02
   12.2500  5.7635478E-02  6.7573254E-02  6.6972384E-02
   12.5000  5.2660506E-02  6.5608321E-02  6.4467492E-02
   12.7500  4.8094442E-02  6.2234512E-02  6.0339595E-02
   13.0000  4.4254204E-02  5.7904703E-02  5.5532513E-02
   13.2500  4.1155004E-02  5.3229503E-02  5.0707697E-02
   13.5000  3.8677030E-02  4.8976378E-02  4.6133983E-02
   13.7500  3.6697896E-02  4.4284351E-02  4.1903267E-02
   14.0000  3.5275317E-02  4.0976890E-02  3.8173271E-02
   14.2500  3.4251938E-02  3.8097660E-02  3.5463192E-02
   14.5000  3.3574611E-02  3.5648025E-02  3.3295307E-02
   14.7500  3.3181480E-02  3.3576579E-02  3.1599763E-02
   15.0000  3.3011729E-02  3.1835322E-02  3.0309376E-02
   15.2500  3.3011885E-02  3.0384154E-02  2.9366869E-02
   15.5000  3.3124242E-02  2.9184104E-02  2.8715962E-02
   15.7500  3.3307136E-02  2.8205826E-02  2.8315184E-02
   16.0000  3.3522362E-02  2.7422366E-02  2.8126583E-02
   16.2500  3.3737447E-02  2.6809564E-02  2.8119164E-02
   16.5000  3.3925444E-02  2.6345063E-02  2.8264856E-02
   16.7500  3.4064025E-02  2.6008528E-02  2.8537738E-02
   17.0000  3.4137885E-02  2.5781061E-02  2.8913040E-02
   17.2500  3.4142206E-02  2.5644475E-02  2.9367818E-02
   17.5000  3.4083339E-02  2.5582004E-02  2.9881925E-02
   17.7500  3.3978408E-02  2.5577000E-02  3.0439271E-02
   18.0000  3.3851236E-02  2.5614194E-02  3.1028875E-02
   18.2500  3.3727784E-02  2.5679386E-02  3.1645119E-02
   18.5000  3.3631644E-02  2.5760135E-02  3.2287883E-02
   18.7500  3.3581912E-02  2.5846644E-02  3.2961455E-02
   19.0000  3.3591394E-02  2.5931548E-02  3.3665537E-02
   19.2500  3.3666361E-02  2.6010330E-02  3.4402430E-02
   19.5000  3.3809334E-02  2.6082913E-02  3.5170092E-02
   19.7500  3.4017656E-02  2.6151691E-02  3.5959393E-02
   20.0000  3.4285381E-02  2.6221615E-02  3.6753885E-02
   21.0000  3.5676505E-02  2.6659440E-02  3.9375312E-02
   22.0000  3.6555541E-02  2.7689987E-02  3.9419014E-02
   23.0000  3.6217365E-02  2.9592330E-02  3.6899625E-02
   24.0000  3.4823705E-02  3.1947598E-02  3.4014778E-02
   25.0000  3.3774703E-02  3.4524909E-02  3.2520901E-02
   26.0000  3.2686244E-02  3.5905086E-02  3.1661082E-02
   27.0000  3.1930539E-02  3.5281325E-02  3.0944925E-02
   28.0000  3.1744658E-02  3.3118247E-02  3.0172097E-02
   29.0000  3.2014047E-02  3.0643139E-02  2.9358446E-02
   30.0000  3.2305581E-02  2.8720920E-02  2.8568698E-02
   31.0000  3.2186070E-02  2.7560161E-02  2.7831108E-02
   32.0000  3.1496941E-02  2.7022440E-02  2.7157350E-02
   33.0000  3.0316188E-02  2.6910839E-02  2.6583587E-02
   34.0000  2.8802262E-02  2.7076878E-02  2.6156442E-02
   35.0000  2.7126816E-02  2.7413200E-02  2.5907719E-02
   36.0000  2.5453583E-02  2.7789328E-02  2.5803559E-02
   37.0000  2.3910455E-02  2.8033472E-02  2.5738819E-02
   38.0000  2.2592166E-02  2.7971739E-02  2.5591330E-02
   39.0000  2.1558262E-02  2.7520281E-02  2.5285194E-02
   40.0000  2.0824775E-02  2.6708538E-02  2.4815290E-02
