  7709.000   27  1  1  1.9222038E-02 -4.8788017E+00 -3.5744497E-01  1  1  7.5662953E+03  8.0000000E+03  0.0000000E+00  1.1792254E+00  1.0000000E+00  0.0000000E+00  = E_edge, Z, n_edge, j_edge, Abs_before_edge, VO_interstitial, E_cut, ninit, ninit1, Epsii, UnitCell_Volume, Surface_ref, f0_forward, natomsym_f, abs_u_iso
    Energy   (100,001)      (010,001)      (001,110)   
  -25.0000  6.9141116E-09  3.3331535E-10  8.2223779E-10
  -24.0000  1.8307753E-08  6.1207425E-10  1.8649378E-09
  -23.0000  5.7262726E-08  1.1724366E-09  4.6973757E-09
  -22.0000  2.4142700E-07  2.3808405E-09  1.3891856E-08
  -21.0000  2.2052427E-06  5.4157218E-09  5.5763410E-08
  -20.0000  1.7812924E-04  1.9057591E-08  5.0085870E-07
  -19.0000  5.5363749E-06  3.6334486E-06  3.2012194E-04
  -18.0000  2.7769628E-06  6.6576399E-08  9.9733650E-07
  -17.0000  3.4411313E-06  2.0041179E-07  5.4440804E-07
  -16.0000  8.1645003E-06  9.9214820E-07  5.6650184E-07
  -15.0000  2.2617480E-03  3.0719701E-05  1.3205386E-06
  -14.0000  1.5521438E-06  1.7530227E-05  1.5542111E-06
  -13.0000  5.2500200E-07  4.1947205E-06  5.7331155E-06
  -12.0000  4.8271999E-06  2.7103825E-06  1.4589147E-03
  -11.0000  2.2882814E-05  3.0523053E-06  1.3796257E-05
  -10.0000  2.8876194E-04  7.4803383E-06  1.3801426E-05
  -9.00000  5.3156850E-03  5.7493787E-05  5.4935992E-05
  -8.00000  1.4406173E-04  7.7319967E-05  3.4532276E-05
  -7.00000  2.2690985E-03  1.3035913E-04  1.4556967E-03
  -6.00000  7.6319520E-04  4.0306163E-05  9.7253822E-05
  -5.00000  6.3443119E-04  1.7866622E-04  2.3496660E-04
  -4.00000  6.0612287E-02  1.0667441E-03  9.3059745E-04
  -3.00000  9.3011842E-04  4.4869641E-02  1.5769704E-03
  -2.00000  4.4920350E-04  2.8028740E-03  3.9156675E-04
  -1.00000  2.7405708E-04  1.4067461E-03  1.7523118E-04
   0.00000  7.4024356E-04  1.5987948E-03  3.6266074E-04
   1.00000  3.6283055E-04  8.8150478E-04  2.4718734E-04
   2.00000  3.1887098E-04  9.6572448E-04  2.5258901E-04
   3.00000  4.3676749E-04  1.2737408E-03  3.8985082E-04
   4.00000  6.7052733E-04  2.0174612E-03  6.8805452E-04
   5.00000  1.0226652E-03  3.3365489E-03  1.4414784E-03
   5.20000  1.0972888E-03  3.6674703E-03  1.7329256E-03
   5.40000  1.1674475E-03  4.0231020E-03  2.1165895E-03
   5.60000  1.2299437E-03  4.4078103E-03  2.6280927E-03
   5.80000  1.2842064E-03  4.8300862E-03  3.3144821E-03
   6.00000  1.3426308E-03  5.3040121E-03  4.2316349E-03
   6.20000  1.4559715E-03  5.8536050E-03  5.4327997E-03
   6.40000  1.7301236E-03  6.5216231E-03  6.9387438E-03
   6.60000  2.2280256E-03  7.3444270E-03  8.7075217E-03
   6.80000  2.8168993E-03  8.3706356E-03  1.0577942E-02
   7.00000  3.3313637E-03  9.6265432E-03  1.2290278E-02
   7.20000  3.7616421E-03  1.1123497E-02  1.3587493E-02
   7.40000  4.1608301E-03  1.2862880E-02  1.4357946E-02
   7.60000  4.5786277E-03  1.4771184E-02  1.4626071E-02
   7.80000  5.0565263E-03  1.6834869E-02  1.4448369E-02
   8.00000  5.6296297E-03  1.9039753E-02  1.3872004E-02
   8.20000  6.3342529E-03  2.1419242E-02  1.3069044E-02
   8.40000  7.2116525E-03  2.4017241E-02  1.2298246E-02
   8.60000  8.3005564E-03  2.6900139E-02  1.1714083E-02
   8.80000  9.5956787E-03  3.0202914E-02  1.1440731E-02
   9.00000  1.0945783E-02  3.4098710E-02  1.1600248E-02
   9.20000  1.2001805E-02  3.8726240E-02  1.2298443E-02
   9.40000  1.2561983E-02  4.4301665E-02  1.3600435E-02
   9.60000  1.2941483E-02  5.1293375E-02  1.5524775E-02
   9.80000  1.3194869E-02  6.0029413E-02  1.8024514E-02
   10.0000  1.4236113E-02  7.1493760E-02  2.0997801E-02
   10.2500  1.6111899E-02  8.9349669E-02  2.5164995E-02
   10.5000  1.8572860E-02  1.0889165E-01  2.9636525E-02
   10.7500  2.1610334E-02  1.2322511E-01  3.4322703E-02
   11.0000  2.5220639E-02  1.2336930E-01  3.9217015E-02
   11.2500  2.9346138E-02  1.0835164E-01  4.4318663E-02
   11.5000  3.3815334E-02  8.6978641E-02  4.9528985E-02
   11.7500  3.8056982E-02  6.7319140E-02  5.4352432E-02
   12.0000  4.1950805E-02  5.2455065E-02  5.8933127E-02
   12.2500  4.4900490E-02  4.1723445E-02  6.2198433E-02
   12.5000  4.6650875E-02  3.4134426E-02  6.3650474E-02
   12.7500  4.7242171E-02  2.8755791E-02  6.3094362E-02
   13.0000  4.6954797E-02  2.4889777E-02  6.0752892E-02
   13.2500  4.6158457E-02  2.2054057E-02  5.7172314E-02
   13.5000  4.5182697E-02  1.9925553E-02  5.2992260E-02
   13.7500  4.3739203E-02  1.8267959E-02  4.7520190E-02
   14.0000  4.3083339E-02  1.6975252E-02  4.3691445E-02
   14.2500  4.2662415E-02  1.5946353E-02  4.0373036E-02
   14.5000  4.2506308E-02  1.5117828E-02  3.7627170E-02
   14.7500  4.2620121E-02  1.4446112E-02  3.5454170E-02
   15.0000  4.2995754E-02  1.3901995E-02  3.3825396E-02
   15.2500  4.3622841E-02  1.3465369E-02  3.2704567E-02
   15.5000  4.4466660E-02  1.3122025E-02  3.2052174E-02
   15.7500  4.5500441E-02  1.2863090E-02  3.1836470E-02
   16.0000  4.6683784E-02  1.2682322E-02  3.2027042E-02
   16.2500  4.7963125E-02  1.2575585E-02  3.2591864E-02
   16.5000  4.9266254E-02  1.2540281E-02  3.3490470E-02
   16.7500  5.0503554E-02  1.2575163E-02  3.4665878E-02
   17.0000  5.1569708E-02  1.2679159E-02  3.6034507E-02
   17.2500  5.2350673E-02  1.2851619E-02  3.7485906E-02
   17.5000  5.2738610E-02  1.3091822E-02  3.8887603E-02
   17.7500  5.2653715E-02  1.3398605E-02  4.0104031E-02
   18.0000  5.2066660E-02  1.3771574E-02  4.1021662E-02
   18.2500  5.1009669E-02  1.4208861E-02  4.1572189E-02
   18.5000  4.9575542E-02  1.4709266E-02  4.1747163E-02
   18.7500  4.7898597E-02  1.5271398E-02  4.1585896E-02
   19.0000  4.6129508E-02  1.5894246E-02  4.1160028E-02
   19.2500  4.4406804E-02  1.6576892E-02  4.0555695E-02
   19.5000  4.2839401E-02  1.7317952E-02  3.9853710E-02
   19.7500  4.1498928E-02  1.8116621E-02  3.9121147E-02
   20.0000  4.0422359E-02  1.8971161E-02  3.8407418E-02
   21.0000  3.8708914E-02  2.2907754E-02  3.6210017E-02
   22.0000  3.9839267E-02  2.7509878E-02  3.5156496E-02
   23.0000  4.1512298E-02  3.2389411E-02  3.4682049E-02
   24.0000  4.1597960E-02  3.7473461E-02  3.4039306E-02
   25.0000  3.9465428E-02  4.0599378E-02  3.3123238E-02
   26.0000  3.5504568E-02  4.1982766E-02  3.1871410E-02
   27.0000  3.1271532E-02  4.1695892E-02  3.0379825E-02
   28.0000  2.8160236E-02  4.0198121E-02  2.8868033E-02
   29.0000  2.6401614E-02  3.8066965E-02  2.7689132E-02
   30.0000  2.5550047E-02  3.5796412E-02  2.7087308E-02
   31.0000  2.5163365E-02  3.3706270E-02  2.6981439E-02
   32.0000  2.4992749E-02  3.1953661E-02  2.7096648E-02
   33.0000  2.4890112E-02  3.0537960E-02  2.7174581E-02
   34.0000  2.4752047E-02  2.9362720E-02  2.7085016E-02
   35.0000  2.4482786E-02  2.8302948E-02  2.6779977E-02
   36.0000  2.3979429E-02  2.7244880E-02  2.6225160E-02
   37.0000  2.3170721E-02  2.6115142E-02  2.5375977E-02
   38.0000  2.2076107E-02  2.4876933E-02  2.4191364E-02
   39.0000  2.0835253E-02  2.3529229E-02  2.2675652E-02
   40.0000  1.9626279E-02  2.2107591E-02  2.0934992E-02
