  7709.000   27  1  1  1.9222038E-02 -4.8196621E+00 -3.1446671E-01  1  1  7.5664019E+03  8.0000000E+03  0.0000000E+00  1.1792254E+00  1.0000000E+00  0.0000000E+00  = E_edge, Z, n_edge, j_edge, Abs_before_edge, VO_interstitial, E_cut, ninit, ninit1, Epsii, UnitCell_Volume, Surface_ref, f0_forward, natomsym_f, abs_u_iso
    Energy   (100,001)      (010,001)      (001,110)   
  -25.0000  5.5196402E-09  3.3730112E-10  8.5149622E-10
  -24.0000  1.4085521E-08  6.1819434E-10  1.9243851E-09
  -23.0000  4.1574947E-08  1.1823932E-09  4.8149699E-09
  -22.0000  1.5712060E-07  2.3991947E-09  1.4040340E-08
  -21.0000  1.0444375E-06  5.4630610E-09  5.3649203E-08
  -20.0000  1.0918825E-04  5.0136768E-08  6.2743080E-07
  -19.0000  7.8583653E-06  3.4480252E-07  2.9516265E-05
  -18.0000  3.0168685E-06  6.9771694E-08  1.3930069E-06
  -17.0000  3.0929243E-06  1.9703435E-07  6.4973964E-07
  -16.0000  5.7017168E-06  9.5368884E-07  6.5459997E-07
  -15.0000  1.3835298E-04  1.8219225E-04  2.4844430E-05
  -14.0000  2.6088245E-06  1.8843370E-05  1.9084657E-06
  -13.0000  6.0229838E-07  4.3680894E-06  5.4076417E-06
  -12.0000  4.6746534E-06  3.0950850E-06  2.3738399E-04
  -11.0000  2.1173020E-05  3.1354929E-06  1.7068590E-05
  -10.0000  1.7836051E-04  4.7024303E-06  8.1631281E-06
  -9.00000  3.8714916E-02  2.7441147E-04  3.3048546E-04
  -8.00000  4.0460024E-04  3.0918246E-05  1.0245471E-05
  -7.00000  2.8912214E-03  9.8407528E-05  1.2786200E-03
  -6.00000  8.5447516E-04  4.0488246E-05  2.4895433E-04
  -5.00000  7.7184544E-04  2.0275283E-04  9.2205217E-04
  -4.00000  1.1022548E-02  1.0325280E-03  3.3129600E-04
  -3.00000  1.4405541E-03  7.6248763E-02  3.5607969E-03
  -2.00000  3.7283369E-04  3.0911078E-03  4.0441279E-04
  -1.00000  2.3578152E-04  1.4354543E-03  1.6053276E-04
   0.00000  8.0847019E-04  1.6644858E-03  5.8769758E-04
   1.00000  4.7718369E-04  9.3384520E-04  3.2643887E-04
   2.00000  3.3997721E-04  9.9586855E-04  2.5281108E-04
   3.00000  4.7759044E-04  1.3080252E-03  3.7242762E-04
   4.00000  7.5283564E-04  2.0855122E-03  6.4317677E-04
   5.00000  1.1389935E-03  3.5175642E-03  1.3938338E-03
   5.20000  1.2099661E-03  3.8771749E-03  1.7127469E-03
   5.40000  1.2713419E-03  4.2624545E-03  2.1547710E-03
   5.60000  1.3261855E-03  4.6789795E-03  2.7778653E-03
   5.80000  1.4038364E-03  5.1399649E-03  3.6596536E-03
   6.00000  1.5939868E-03  5.6718922E-03  4.8758245E-03
   6.20000  2.0091098E-03  6.3206149E-03  6.4263903E-03
   6.40000  2.5872236E-03  7.1412465E-03  8.1050551E-03
   6.60000  3.1132271E-03  8.1672860E-03  9.4660576E-03
   6.80000  3.5054084E-03  9.3426257E-03  1.0152963E-02
   7.00000  3.8143666E-03  1.0611714E-02  1.0164817E-02
   7.20000  4.1028963E-03  1.1947943E-02  9.7924161E-03
   7.40000  4.4057544E-03  1.3327962E-02  9.2885107E-03
   7.60000  4.7514126E-03  1.4759013E-02  8.7450071E-03
   7.80000  5.1462019E-03  1.6197041E-02  8.1925458E-03
   8.00000  5.6064024E-03  1.7644304E-02  7.7040574E-03
   8.20000  6.1562785E-03  1.9125906E-02  7.3176430E-03
   8.40000  6.8193876E-03  2.0718589E-02  7.0768738E-03
   8.60000  7.6190433E-03  2.2545093E-02  7.0457226E-03
   8.80000  8.5817454E-03  2.4757190E-02  7.2935986E-03
   9.00000  9.7347554E-03  2.7529339E-02  7.8852400E-03
   9.20000  1.1080793E-02  3.1046841E-02  8.8671253E-03
   9.40000  1.2545138E-02  3.5521657E-02  1.0235374E-02
   9.60000  1.3937275E-02  4.1177996E-02  1.1885886E-02
   9.80000  1.5046819E-02  4.8266902E-02  1.3641951E-02
   10.0000  1.5878099E-02  5.7071281E-02  1.5405365E-02
   10.2500  1.6888839E-02  7.0787326E-02  1.7719770E-02
   10.5000  1.8250916E-02  8.6893620E-02  2.0347687E-02
   10.7500  2.0104277E-02  1.0215276E-01  2.3398677E-02
   11.0000  2.2427795E-02  1.1034098E-01  2.6890513E-02
   11.2500  2.5130434E-02  1.0669228E-01  3.0740688E-02
   11.5000  2.8060236E-02  9.3443715E-02  3.4793524E-02
   11.7500  3.0476658E-02  7.7239424E-02  3.8420125E-02
   12.0000  3.3111514E-02  6.2578871E-02  4.2614078E-02
   12.2500  3.5279893E-02  5.0967013E-02  4.6566168E-02
   12.5000  3.6877971E-02  4.2254387E-02  4.9989510E-02
   12.7500  3.7934306E-02  3.5811062E-02  5.2530406E-02
   13.0000  3.8576847E-02  3.1018551E-02  5.3890395E-02
   13.2500  3.8968217E-02  2.7397722E-02  5.3953787E-02
   13.5000  3.9191845E-02  2.4607295E-02  5.2858737E-02
   13.7500  3.8966536E-02  2.2313185E-02  5.0422255E-02
   14.0000  3.9357090E-02  2.0538284E-02  4.7971041E-02
   14.2500  3.9848999E-02  1.9096390E-02  4.5374700E-02
   14.5000  4.0462551E-02  1.7913634E-02  4.2901450E-02
   14.7500  4.1208379E-02  1.6939190E-02  4.0724895E-02
   15.0000  4.2090042E-02  1.6136795E-02  3.8938581E-02
   15.2500  4.3111389E-02  1.5481346E-02  3.7586955E-02
   15.5000  4.4249418E-02  1.4951734E-02  3.6679715E-02
   15.7500  4.5491820E-02  1.4536008E-02  3.6215442E-02
   16.0000  4.6808243E-02  1.4223950E-02  3.6182573E-02
   16.2500  4.8154481E-02  1.4008113E-02  3.6564543E-02
   16.5000  4.9467559E-02  1.3882753E-02  3.7334969E-02
   16.7500  5.0668373E-02  1.3842866E-02  3.8454396E-02
   17.0000  5.1665033E-02  1.3885096E-02  3.9860544E-02
   17.2500  5.2357795E-02  1.4005736E-02  4.1463334E-02
   17.5000  5.2656187E-02  1.4201687E-02  4.3140563E-02
   17.7500  5.2495476E-02  1.4470024E-02  4.4746080E-02
   18.0000  5.1852004E-02  1.4807863E-02  4.6127879E-02
   18.2500  5.0755519E-02  1.5212574E-02  4.7155816E-02
   18.5000  4.9288411E-02  1.5681353E-02  4.7751676E-02
   18.7500  4.7570469E-02  1.6211599E-02  4.7899086E-02
   19.0000  4.5740898E-02  1.6800404E-02  4.7640451E-02
   19.2500  4.3932999E-02  1.7445330E-02  4.7059784E-02
   19.5000  4.2256232E-02  1.8143719E-02  4.6255543E-02
   19.7500  4.0789923E-02  1.8893639E-02  4.5324100E-02
   20.0000  3.9581228E-02  1.9693004E-02  4.4345219E-02
   21.0000  3.7456601E-02  2.3321608E-02  4.0849541E-02
   22.0000  3.8612033E-02  2.7442640E-02  3.8556717E-02
   23.0000  4.0824630E-02  3.1683945E-02  3.7020644E-02
   24.0000  4.2202588E-02  3.5569461E-02  3.5632592E-02
   25.0000  4.1962054E-02  3.8622748E-02  3.4148103E-02
   26.0000  3.9870779E-02  4.0469224E-02  3.2561586E-02
   27.0000  3.6325948E-02  4.0917726E-02  3.0886013E-02
   28.0000  3.2031270E-02  3.9897224E-02  2.9016671E-02
   29.0000  2.9087758E-02  3.8167741E-02  2.7607874E-02
   30.0000  2.7098378E-02  3.6146446E-02  2.6691049E-02
   31.0000  2.5862454E-02  3.4202110E-02  2.6267694E-02
   32.0000  2.5147257E-02  3.2538240E-02  2.6153243E-02
   33.0000  2.4753343E-02  3.1186851E-02  2.6128270E-02
   34.0000  2.4540182E-02  3.0088529E-02  2.6070504E-02
   35.0000  2.4397382E-02  2.9140386E-02  2.5914868E-02
   36.0000  2.4219150E-02  2.8234920E-02  2.5618397E-02
   37.0000  2.3887344E-02  2.7283561E-02  2.5129065E-02
   38.0000  2.3301329E-02  2.6226119E-02  2.4402826E-02
   39.0000  2.2434131E-02  2.5033205E-02  2.3427323E-02
   40.0000  2.1362293E-02  2.3699019E-02  2.2230909E-02
