  7709.000   27  1  1  1.9222038E-02 -4.8186006E+00 -3.4240551E-01  1  1  7.5663322E+03  8.0000000E+03  0.0000000E+00  1.1792254E+00  1.0000000E+00  0.0000000E+00  = E_edge, Z, n_edge, j_edge, Abs_before_edge, VO_interstitial, E_cut, ninit, ninit1, Epsii, UnitCell_Volume, Surface_ref, f0_forward, natomsym_f, abs_u_iso
    Energy   (100,001)      (010,001)      (001,110)   
  -25.0000  5.6450316E-09  3.2770967E-10  7.8218974E-10
  -24.0000  1.4488794E-08  5.9772678E-10  1.7622532E-09
  -23.0000  4.3079219E-08  1.1383777E-09  4.3973342E-09
  -22.0000  1.6432607E-07  2.3015971E-09  1.2831616E-08
  -21.0000  1.0929947E-06  5.1910559E-09  5.0484450E-08
  -20.0000  2.1674547E-04  6.0739514E-08  2.5343151E-06
  -19.0000  2.3959317E-05  5.2031322E-05  3.2945764E-03
  -18.0000  2.8512971E-06  6.6639014E-08  1.2814102E-06
  -17.0000  3.0150204E-06  1.7140965E-07  5.9927809E-07
  -16.0000  5.4630815E-06  7.6181852E-07  6.0344537E-07
  -15.0000  4.0895854E-05  1.0276542E-05  3.4020678E-06
  -14.0000  4.9147181E-06  2.7913042E-05  2.0146903E-06
  -13.0000  4.3958265E-07  4.8212161E-06  4.0603503E-06
  -12.0000  4.1283124E-06  3.2077890E-06  5.0342915E-05
  -11.0000  2.2738092E-05  2.9635199E-06  3.3609127E-05
  -10.0000  2.0930054E-04  4.0419458E-06  9.5114017E-06
  -9.00000  7.5164318E-03  1.4699374E-04  1.6723141E-04
  -8.00000  3.2469645E-04  2.4710552E-05  8.0948761E-06
  -7.00000  3.2305450E-04  4.3436156E-04  2.3305529E-04
  -6.00000  7.9147971E-04  3.0457645E-05  2.0049125E-04
  -5.00000  4.4699327E-02  1.7574195E-04  6.4773574E-04
  -4.00000  1.7535088E-02  7.1386998E-04  1.8344056E-04
  -3.00000  7.8189917E-04  3.7176464E-01  8.7030418E-03
  -2.00000  5.4767896E-04  3.6419730E-03  4.8209995E-04
  -1.00000  2.8479244E-04  1.5475603E-03  1.7576568E-04
   0.00000  5.0009392E-04  1.1843507E-03  4.2680410E-04
   1.00000  4.8796395E-04  9.0836133E-04  2.6843807E-04
   2.00000  3.7079221E-04  9.9520352E-04  2.4555808E-04
   3.00000  5.2590075E-04  1.3091200E-03  3.6740032E-04
   4.00000  8.3629226E-04  2.1138608E-03  6.1870080E-04
   5.00000  1.2749229E-03  3.5957020E-03  1.2222572E-03
   5.20000  1.3634531E-03  3.9715532E-03  1.4522057E-03
   5.40000  1.4469523E-03  4.3782096E-03  1.7550761E-03
   5.60000  1.5224484E-03  4.8218987E-03  2.1625264E-03
   5.80000  1.5867826E-03  5.3124799E-03  2.7221722E-03
   6.00000  1.6392089E-03  5.8655268E-03  3.5023660E-03
   6.20000  1.6857847E-03  6.5044664E-03  4.5988326E-03
   6.40000  1.7566126E-03  7.2608592E-03  6.1275200E-03
   6.60000  1.9391888E-03  8.1685702E-03  8.1777856E-03
   6.80000  2.3598522E-03  9.2422385E-03  1.0669374E-02
   7.00000  2.9669689E-03  1.0476237E-02  1.3127494E-02
   7.20000  3.4905783E-03  1.1723688E-02  1.4790529E-02
   7.40000  3.8443331E-03  1.2879399E-02  1.5125932E-02
   7.60000  4.1060409E-03  1.3929268E-02  1.4329437E-02
   7.80000  4.3477364E-03  1.4958007E-02  1.3003708E-02
   8.00000  4.6072302E-03  1.6071211E-02  1.1651027E-02
   8.20000  4.9015742E-03  1.7353451E-02  1.0524187E-02
   8.40000  5.2397278E-03  1.8870440E-02  9.7080432E-03
   8.60000  5.6309096E-03  2.0689114E-02  9.2216718E-03
   8.80000  6.0819396E-03  2.2892274E-02  9.0689911E-03
   9.00000  6.5976191E-03  2.5585721E-02  9.2550807E-03
   9.20000  7.1831285E-03  2.8889640E-02  9.7878186E-03
   9.40000  7.8458288E-03  3.2969542E-02  1.0666075E-02
   9.60000  8.5929745E-03  3.8020774E-02  1.1851903E-02
   9.80000  9.4326152E-03  4.4268447E-02  1.3238072E-02
   10.0000  1.0374528E-02  5.1940342E-02  1.4654408E-02
   10.2500  1.1715526E-02  6.3769325E-02  1.6261725E-02
   10.5000  1.3270067E-02  7.7784073E-02  1.7695650E-02
   10.7500  1.5078245E-02  9.2071300E-02  1.9153257E-02
   11.0000  1.7176916E-02  1.0241939E-01  2.0641375E-02
   11.2500  1.9589109E-02  1.0419837E-01  2.2635855E-02
   11.5000  2.2291302E-02  9.6598806E-02  2.4944200E-02
   11.7500  2.5192711E-02  8.3520609E-02  2.7499756E-02
   12.0000  2.8007983E-02  6.9689416E-02  2.9766952E-02
   12.2500  3.0704631E-02  5.7610975E-02  3.2779019E-02
   12.5000  3.3010961E-02  4.7961061E-02  3.5821637E-02
   12.7500  3.4821577E-02  4.0546757E-02  3.8764301E-02
   13.0000  3.6152418E-02  3.4916669E-02  4.1430083E-02
   13.2500  3.7112455E-02  3.0634151E-02  4.3623069E-02
   13.5000  3.7435876E-02  2.7417693E-02  4.5349625E-02
   13.7500  3.7800528E-02  2.5012467E-02  4.6426810E-02
   14.0000  3.8475863E-02  2.2972661E-02  4.6475817E-02
   14.2500  3.9229386E-02  2.1333807E-02  4.5930615E-02
   14.5000  4.0092657E-02  2.0001410E-02  4.5002032E-02
   14.7500  4.1081353E-02  1.8908509E-02  4.3908912E-02
   15.0000  4.2200224E-02  1.8007479E-02  4.2841307E-02
   15.2500  4.3451126E-02  1.7265955E-02  4.1946545E-02
   15.5000  4.4810186E-02  1.6657246E-02  4.1325160E-02
   15.7500  4.6265573E-02  1.6167702E-02  4.1048379E-02
   16.0000  4.7783706E-02  1.5786723E-02  4.1156358E-02
   16.2500  4.9318089E-02  1.5506299E-02  4.1667756E-02
   16.5000  5.0807277E-02  1.5320044E-02  4.2581385E-02
   16.7500  5.2172285E-02  1.5223047E-02  4.3869184E-02
   17.0000  5.3325384E-02  1.5210535E-02  4.5472472E-02
   17.2500  5.4175634E-02  1.5278292E-02  4.7290781E-02
   17.5000  5.4642077E-02  1.5422898E-02  4.9179774E-02
   17.7500  5.4667839E-02  1.5641830E-02  5.0958773E-02
   18.0000  5.4229939E-02  1.5931222E-02  5.2435786E-02
   18.2500  5.3348373E-02  1.6288328E-02  5.3439443E-02
   18.5000  5.2086927E-02  1.6710017E-02  5.3865348E-02
   18.7500  5.0542733E-02  1.7192340E-02  5.3696996E-02
   19.0000  4.8831091E-02  1.7731835E-02  5.2999930E-02
   19.2500  4.7068300E-02  1.8325326E-02  5.1894580E-02
   19.5000  4.5357285E-02  1.8970916E-02  5.0521512E-02
   19.7500  4.3780150E-02  1.9665831E-02  4.9013563E-02
   20.0000  4.2395693E-02  2.0406769E-02  4.7476439E-02
   21.0000  3.9233632E-02  2.3781036E-02  4.2178183E-02
   22.0000  3.9489440E-02  2.7665727E-02  3.8771642E-02
   23.0000  4.1469494E-02  3.1757772E-02  3.6640946E-02
   24.0000  4.3229217E-02  3.5551206E-02  3.5079206E-02
   25.0000  4.3675937E-02  3.8445444E-02  3.3764020E-02
   26.0000  4.2234653E-02  4.0012261E-02  3.2566617E-02
   27.0000  3.8215037E-02  4.0116793E-02  3.1130251E-02
   28.0000  3.4023636E-02  3.9147589E-02  2.9730690E-02
   29.0000  3.0429667E-02  3.7591138E-02  2.8351804E-02
   30.0000  2.7910870E-02  3.5811065E-02  2.7275601E-02
   31.0000  2.6348616E-02  3.4087663E-02  2.6620010E-02
   32.0000  2.5476185E-02  3.2601795E-02  2.6300244E-02
   33.0000  2.5036306E-02  3.1395904E-02  2.6144532E-02
   34.0000  2.4841213E-02  3.0418850E-02  2.6037091E-02
   35.0000  2.4746271E-02  2.9572201E-02  2.5904351E-02
   36.0000  2.4619034E-02  2.8738762E-02  2.5688900E-02
   37.0000  2.4321779E-02  2.7817079E-02  2.5333088E-02
   38.0000  2.3734626E-02  2.6732450E-02  2.4784096E-02
   39.0000  2.2809553E-02  2.5453794E-02  2.4002079E-02
   40.0000  2.1628184E-02  2.3993372E-02  2.2972424E-02
