  7709.000   27  1  1  1.9222038E-02 -4.7832125E+00 -3.7518579E-01  1  1  7.5663890E+03  8.0000000E+03  0.0000000E+00  1.1792254E+00  1.0000000E+00  0.0000000E+00  = E_edge, Z, n_edge, j_edge, Abs_before_edge, VO_interstitial, E_cut, ninit, ninit1, Epsii, UnitCell_Volume, Surface_ref, f0_forward, natomsym_f, abs_u_iso
    Energy   (100,001)      (010,001)      (001,110)   
  -25.0000  7.1448302E-09  3.4933286E-10  8.1781547E-10
  -24.0000  1.8900868E-08  6.3995024E-10  1.8350316E-09
  -23.0000  5.8875030E-08  1.2210585E-09  4.5565111E-09
  -22.0000  2.4433347E-07  2.4591099E-09  1.3189494E-08
  -21.0000  2.0483586E-06  5.4278300E-09  5.0477901E-08
  -20.0000  6.1532574E-04  4.7512327E-08  1.5782935E-06
  -19.0000  6.8765169E-05  2.0542735E-04  2.1080908E-02
  -18.0000  3.7297120E-06  7.1431679E-08  1.1490333E-06
  -17.0000  5.3076950E-06  2.1769738E-07  5.8753577E-07
  -16.0000  2.3264777E-05  1.1072158E-06  9.4314815E-07
  -15.0000  2.3741771E-05  2.6438119E-05  1.4853946E-06
  -14.0000  5.3804627E-07  1.5235680E-05  1.4873540E-06
  -13.0000  5.9479187E-07  4.1576351E-06  4.8573542E-06
  -12.0000  4.6842701E-06  2.7424364E-06  2.9584337E-04
  -11.0000  2.0218116E-05  3.2156337E-06  1.6301254E-05
  -10.0000  2.6664514E-04  7.3088712E-06  1.7476332E-05
  -9.00000  3.4312226E-04  3.2375447E-05  1.1472331E-05
  -8.00000  9.0777175E-05  1.0485900E-04  6.4093747E-05
  -7.00000  9.4600672E-03  4.9504171E-05  3.1741940E-04
  -6.00000  1.0362248E-03  4.2627890E-05  7.6946636E-05
  -5.00000  5.6383235E-04  1.8071229E-04  2.2878404E-04
  -4.00000  7.4310772E-02  1.2763221E-03  7.4783665E-04
  -3.00000  2.2387280E-03  7.2402874E-02  6.3908045E-03
  -2.00000  4.6737908E-04  2.7077851E-03  4.6712282E-04
  -1.00000  3.0503876E-04  1.2875433E-03  1.7883381E-04
   0.00000  2.1716691E-03  1.2544478E-03  1.2886597E-03
   1.00000  4.1227215E-04  8.6566287E-04  2.8388826E-04
   2.00000  3.6330634E-04  9.8159247E-04  2.9469087E-04
   3.00000  4.9094561E-04  1.3217939E-03  4.6895510E-04
   4.00000  7.3480467E-04  2.1300053E-03  8.6949431E-04
   5.00000  1.0585407E-03  3.5124198E-03  2.0425525E-03
   5.20000  1.1042300E-03  3.8499841E-03  2.5496086E-03
   5.40000  1.1258396E-03  4.2108672E-03  3.2454308E-03
   5.60000  1.1235384E-03  4.6025142E-03  4.1950615E-03
   5.80000  1.1560155E-03  5.0416491E-03  5.4423986E-03
   6.00000  1.3906498E-03  5.5583480E-03  6.9234683E-03
   6.20000  1.8744970E-03  6.1919350E-03  8.3883745E-03
   6.40000  2.3728516E-03  6.9731116E-03  9.5236525E-03
   6.60000  2.7663517E-03  7.9040531E-03  1.0150057E-02
   6.80000  3.0895544E-03  8.9672751E-03  1.0318286E-02
   7.00000  3.3892912E-03  1.0177356E-02  1.0213816E-02
   7.20000  3.7137633E-03  1.1524842E-02  1.0066472E-02
   7.40000  4.0766301E-03  1.3042137E-02  9.8868743E-03
   7.60000  4.4937174E-03  1.4766487E-02  9.5974443E-03
   7.80000  4.9844945E-03  1.6750540E-02  9.3663262E-03
   8.00000  5.5778755E-03  1.9036018E-02  9.3082698E-03
   8.20000  6.3088436E-03  2.1667908E-02  9.4404291E-03
   8.40000  7.2170613E-03  2.4709552E-02  9.8172005E-03
   8.60000  8.3354321E-03  2.8259846E-02  1.0541930E-02
   8.80000  9.6380801E-03  3.2464882E-02  1.1713979E-02
   9.00000  1.0941554E-02  3.7536703E-02  1.3298147E-02
   9.20000  1.1925564E-02  4.3719044E-02  1.5050143E-02
   9.40000  1.2515905E-02  5.1303741E-02  1.6818726E-02
   9.60000  1.3047459E-02  6.0559169E-02  1.8810399E-02
   9.80000  1.3843590E-02  7.1634828E-02  2.1243348E-02
   10.0000  1.4680338E-02  8.4428918E-02  2.3767636E-02
   10.2500  1.6763506E-02  1.0190272E-01  2.7869767E-02
   10.5000  1.9477838E-02  1.1783621E-01  3.2344149E-02
   10.7500  2.2848263E-02  1.2607526E-01  3.7127328E-02
   11.0000  2.6885070E-02  1.2099017E-01  4.2058026E-02
   11.2500  3.1514473E-02  1.0399615E-01  4.6893477E-02
   11.5000  3.6496925E-02  8.2798192E-02  5.1494231E-02
   11.7500  4.1107452E-02  6.3507871E-02  5.5873730E-02
   12.0000  4.5080203E-02  4.8996006E-02  5.9729361E-02
   12.2500  4.7843858E-02  3.8690114E-02  6.2558159E-02
   12.5000  4.9168667E-02  3.1429924E-02  6.3722773E-02
   12.7500  4.9219535E-02  2.6322394E-02  6.2964560E-02
   13.0000  4.8391104E-02  2.2697573E-02  6.0440516E-02
   13.2500  4.7116944E-02  2.0084957E-02  5.6669282E-02
   13.5000  4.5168436E-02  1.8227651E-02  5.0482069E-02
   13.7500  4.3996120E-02  1.6765238E-02  4.6236837E-02
   14.0000  4.3046122E-02  1.5648978E-02  4.2393331E-02
   14.2500  4.2379952E-02  1.4784136E-02  3.9108409E-02
   14.5000  4.2015392E-02  1.4106361E-02  3.6427406E-02
   14.7500  4.1945612E-02  1.3571546E-02  3.4335499E-02
   15.0000  4.2152523E-02  1.3150272E-02  3.2793325E-02
   15.2500  4.2616919E-02  1.2822069E-02  3.1756548E-02
   15.5000  4.3295347E-02  1.2573407E-02  3.1179495E-02
   15.7500  4.4159265E-02  1.2395359E-02  3.1026817E-02
   16.0000  4.5165388E-02  1.2282236E-02  3.1264665E-02
   16.2500  4.6259049E-02  1.2230898E-02  3.1856579E-02
   16.5000  4.7372160E-02  1.2239117E-02  3.2756602E-02
   16.7500  4.8419236E-02  1.2305936E-02  3.3901599E-02
   17.0000  4.9304042E-02  1.2431614E-02  3.5205306E-02
   17.2500  4.9924978E-02  1.2616725E-02  3.6559599E-02
   17.5000  5.0191333E-02  1.2861430E-02  3.7841913E-02
   17.7500  5.0041855E-02  1.3165968E-02  3.8935596E-02
   18.0000  4.9462354E-02  1.3530663E-02  3.9749216E-02
   18.2500  4.8492020E-02  1.3955002E-02  4.0234383E-02
   18.5000  4.7220062E-02  1.4438809E-02  4.0390599E-02
   18.7500  4.5766020E-02  1.4981486E-02  4.0255024E-02
   19.0000  4.4256026E-02  1.5582242E-02  3.9890818E-02
   19.2500  4.2801797E-02  1.6240856E-02  3.9370567E-02
   19.5000  4.1489679E-02  1.6957096E-02  3.8762735E-02
   19.7500  4.0375810E-02  1.7730262E-02  3.8124464E-02
   20.0000  3.9488837E-02  1.8559669E-02  3.7498822E-02
   21.0000  3.8179959E-02  2.2415727E-02  3.5567476E-02
   22.0000  3.9473323E-02  2.7043115E-02  3.4711413E-02
   23.0000  4.1462506E-02  3.2166598E-02  3.4488361E-02
   24.0000  4.2238157E-02  3.7110026E-02  3.4267791E-02
   25.0000  4.0154878E-02  4.1209532E-02  3.3450404E-02
   26.0000  3.6086623E-02  4.2678606E-02  3.2209648E-02
   27.0000  3.1545530E-02  4.2225706E-02  3.0587533E-02
   28.0000  2.8130641E-02  4.0517626E-02  2.8956808E-02
   29.0000  2.6178752E-02  3.8246899E-02  2.7759481E-02
   30.0000  2.5283096E-02  3.5918160E-02  2.7243837E-02
   31.0000  2.4966166E-02  3.3826008E-02  2.7292155E-02
   32.0000  2.4908979E-02  3.2086170E-02  2.7574680E-02
   33.0000  2.4915255E-02  3.0662839E-02  2.7794778E-02
   34.0000  2.4867754E-02  2.9455548E-02  2.7807838E-02
   35.0000  2.4670391E-02  2.8330086E-02  2.7555351E-02
   36.0000  2.4234571E-02  2.7166524E-02  2.7001089E-02
   37.0000  2.3506048E-02  2.5893992E-02  2.6108554E-02
   38.0000  2.2505981E-02  2.4494154E-02  2.4850517E-02
   39.0000  2.1346778E-02  2.3001939E-02  2.3246733E-02
   40.0000  2.0181814E-02  2.1493487E-02  2.1428096E-02
