  7709.000   27  1  1  1.9222038E-02 -4.8487927E+00 -3.3351969E-01  1  1  7.5663389E+03  8.0000000E+03  0.0000000E+00  1.1792254E+00  1.0000000E+00  0.0000000E+00  = E_edge, Z, n_edge, j_edge, Abs_before_edge, VO_interstitial, E_cut, ninit, ninit1, Epsii, UnitCell_Volume, Surface_ref, f0_forward, natomsym_f, abs_u_iso
    Energy   (100,001)      (010,001)      (001,110)   
  -25.0000  7.6241195E-09  3.3949964E-10  8.6842273E-10
  -24.0000  2.1048641E-08  6.2267978E-10  2.0230531E-09
  -23.0000  7.1125611E-08  1.1961203E-09  5.3303123E-09
  -22.0000  3.5888049E-07  2.4794552E-09  1.7264415E-08
  -21.0000  7.2930507E-06  8.3387663E-09  1.0510088E-07
  -20.0000  7.3588604E-06  2.5905096E-08  1.2496346E-06
  -19.0000  2.1022705E-06  4.3898438E-08  2.4565341E-06
  -18.0000  1.6667771E-06  6.3938801E-08  4.5891707E-07
  -17.0000  2.2475673E-06  2.0446451E-07  3.2676197E-07
  -16.0000  5.8643045E-06  1.0185062E-06  3.9994602E-07
  -15.0000  1.2264991E-04  2.7211475E-05  1.4579917E-06
  -14.0000  1.8851788E-07  1.6172942E-05  1.0849906E-06
  -13.0000  1.3264862E-06  4.0550946E-06  3.5348952E-06
  -12.0000  6.7160260E-06  2.6003629E-06  5.8169472E-04
  -11.0000  3.0245163E-05  2.8807428E-06  8.9801110E-06
  -10.0000  5.0620023E-04  2.8383937E-05  6.5613872E-05
  -9.00000  7.0484028E-04  1.5937894E-05  3.8044770E-06
  -8.00000  1.6166304E-04  1.7533765E-04  1.1048088E-05
  -7.00000  6.5838684E-04  4.8435408E-05  2.5292790E-04
  -6.00000  5.4588206E-04  4.1630386E-05  1.6576557E-04
  -5.00000  6.2690205E-04  1.7889761E-04  9.4322412E-04
  -4.00000  8.6556991E-03  1.2643413E-03  6.6259416E-04
  -3.00000  1.7758093E-03  4.9289691E-02  2.0915009E-03
  -2.00000  6.0629437E-04  2.6722139E-03  3.0648609E-04
  -1.00000  3.0406268E-04  1.3672902E-03  1.5772817E-04
   0.00000  1.3818420E-03  1.5508335E-03  7.9233871E-04
   1.00000  3.2596610E-04  8.8160235E-04  1.8469348E-04
   2.00000  3.2162327E-04  9.6192688E-04  2.0253084E-04
   3.00000  4.5316953E-04  1.2523662E-03  3.0855938E-04
   4.00000  7.2416321E-04  1.9544465E-03  5.4123523E-04
   5.00000  1.1872797E-03  3.2542790E-03  1.1088863E-03
   5.20000  1.3028686E-03  3.5935056E-03  1.3160748E-03
   5.40000  1.4234832E-03  3.9637403E-03  1.5803617E-03
   5.60000  1.5470014E-03  4.3696039E-03  1.9214501E-03
   5.80000  1.6704836E-03  4.8182493E-03  2.3660854E-03
   6.00000  1.7901612E-03  5.3200706E-03  2.9493259E-03
   6.20000  1.9024658E-03  5.8898237E-03  3.7141880E-03
   6.40000  2.0072439E-03  6.5506810E-03  4.7101456E-03
   6.60000  2.1202604E-03  7.3368499E-03  5.9857488E-03
   6.80000  2.2994260E-03  8.3083731E-03  7.5627918E-03
   7.00000  2.6704170E-03  9.4953956E-03  9.4463581E-03
   7.20000  3.3753621E-03  1.0971893E-02  1.1530918E-02
   7.40000  4.4062981E-03  1.2759754E-02  1.3638394E-02
   7.60000  5.5603361E-03  1.4825270E-02  1.5504733E-02
   7.80000  6.7100155E-03  1.7107687E-02  1.6850840E-02
   8.00000  7.8816287E-03  1.9378716E-02  1.7473880E-02
   8.20000  9.2143798E-03  2.1564137E-02  1.7408257E-02
   8.40000  1.0824618E-02  2.3672032E-02  1.6910264E-02
   8.60000  1.2685052E-02  2.5819549E-02  1.6340542E-02
   8.80000  1.4386033E-02  2.8182418E-02  1.5977714E-02
   9.00000  1.5303659E-02  3.0968005E-02  1.5963979E-02
   9.20000  1.5596456E-02  3.4426521E-02  1.6547088E-02
   9.40000  1.6032025E-02  3.8863581E-02  1.8058432E-02
   9.60000  1.7001576E-02  4.4612342E-02  2.0703946E-02
   9.80000  1.8159148E-02  5.1942293E-02  2.4336729E-02
   10.0000  2.0296207E-02  6.1404957E-02  2.9207465E-02
   10.2500  2.3677629E-02  7.6354938E-02  3.6071047E-02
   10.5000  2.7861538E-02  9.3795456E-02  4.2625519E-02
   10.7500  3.2836984E-02  1.0969245E-01  4.7894832E-02
   11.0000  3.8455493E-02  1.1694425E-01  5.1683596E-02
   11.2500  4.4313349E-02  1.1090045E-01  5.4352580E-02
   11.5000  4.9697189E-02  9.4975000E-02  5.6316544E-02
   11.7500  5.3719145E-02  7.6563735E-02  5.7730936E-02
   12.0000  5.4785930E-02  6.0194445E-02  5.9278282E-02
   12.2500  5.4477214E-02  4.7845419E-02  5.9271469E-02
   12.5000  5.2593585E-02  3.8789411E-02  5.8071676E-02
   12.7500  4.9895214E-02  3.2256667E-02  5.5781842E-02
   13.0000  4.7044831E-02  2.7532326E-02  5.2709884E-02
   13.2500  4.4468367E-02  2.4070782E-02  4.9253680E-02
   13.5000  4.2376644E-02  2.1488862E-02  4.5774978E-02
   13.7500  4.0940567E-02  1.9562037E-02  4.1990799E-02
   14.0000  3.9724268E-02  1.7956638E-02  3.8623395E-02
   14.2500  3.9221698E-02  1.6748070E-02  3.6348435E-02
   14.5000  3.9162569E-02  1.5784599E-02  3.4532259E-02
   14.7500  3.9496097E-02  1.5010933E-02  3.3158235E-02
   15.0000  4.0168780E-02  1.4388115E-02  3.2200776E-02
   15.2500  4.1127355E-02  1.3889949E-02  3.1634206E-02
   15.5000  4.2299417E-02  1.3496782E-02  3.1432564E-02
   15.7500  4.3619438E-02  1.3196351E-02  3.1577369E-02
   16.0000  4.5007823E-02  1.2980496E-02  3.2048174E-02
   16.2500  4.6374332E-02  1.2843422E-02  3.2819335E-02
   16.5000  4.7620863E-02  1.2781355E-02  3.3854066E-02
   16.7500  4.8645612E-02  1.2791779E-02  3.5097344E-02
   17.0000  4.9349608E-02  1.2872659E-02  3.6469085E-02
   17.2500  4.9648698E-02  1.3022603E-02  3.7866876E-02
   17.5000  4.9488062E-02  1.3239838E-02  3.9175233E-02
   17.7500  4.8852587E-02  1.3522464E-02  4.0282046E-02
   18.0000  4.7774232E-02  1.3868625E-02  4.1100208E-02
   18.2500  4.6329447E-02  1.4276399E-02  4.1582824E-02
   18.5000  4.4630053E-02  1.4744362E-02  4.1730207E-02
   18.7500  4.2801918E-02  1.5270778E-02  4.1580790E-02
   19.0000  4.0968808E-02  1.5854593E-02  4.1197913E-02
   19.2500  3.9236845E-02  1.6495194E-02  4.0653767E-02
   19.5000  3.7686518E-02  1.7191375E-02  4.0016569E-02
   19.7500  3.6369108E-02  1.7942525E-02  3.9343211E-02
   20.0000  3.5310973E-02  1.8747557E-02  3.8676929E-02
   21.0000  3.3603683E-02  2.2478222E-02  3.6513455E-02
   22.0000  3.4852030E-02  2.6903767E-02  3.5304618E-02
   23.0000  3.6972043E-02  3.1743598E-02  3.4598240E-02
   24.0000  3.7708747E-02  3.7050222E-02  3.3659566E-02
   25.0000  3.6300861E-02  4.0555828E-02  3.2450792E-02
   26.0000  3.3295869E-02  4.2281066E-02  3.0900205E-02
   27.0000  3.0152140E-02  4.2168594E-02  2.9189445E-02
   28.0000  2.7829267E-02  4.0722982E-02  2.7581483E-02
   29.0000  2.6427277E-02  3.8601551E-02  2.6382929E-02
   30.0000  2.5651724E-02  3.6333625E-02  2.5751744E-02
   31.0000  2.5222972E-02  3.4241471E-02  2.5570517E-02
   32.0000  2.4975001E-02  3.2486006E-02  2.5588947E-02
   33.0000  2.4789044E-02  3.1082027E-02  2.5583758E-02
   34.0000  2.4563871E-02  2.9937656E-02  2.5430376E-02
   35.0000  2.4218857E-02  2.8927667E-02  2.5065152E-02
   36.0000  2.3700148E-02  2.7933037E-02  2.4436782E-02
   37.0000  2.3003687E-02  2.6867450E-02  2.3499834E-02
   38.0000  2.2196949E-02  2.5684087E-02  2.2255918E-02
   39.0000  2.1384482E-02  2.4373920E-02  2.0806287E-02
   40.0000  2.0649226E-02  2.2960388E-02  1.9391215E-02
