  7709.000   27  1  1  1.9222038E-02 -4.9600341E+00 -3.9422352E-01  1  1  7.5661935E+03  8.0000000E+03  0.0000000E+00  1.1792254E+00  1.0000000E+00  0.0000000E+00  = E_edge, Z, n_edge, j_edge, Abs_before_edge, VO_interstitial, E_cut, ninit, ninit1, Epsii, UnitCell_Volume, Surface_ref, f0_forward, natomsym_f, abs_u_iso
    Energy   (100,001)      (010,001)      (001,110)   
  -25.0000  6.4196188E-09  3.2871223E-10  6.6651639E-10
  -24.0000  1.6951728E-08  5.9805116E-10  1.4897344E-09
  -23.0000  5.2713975E-08  1.1330961E-09  3.6755821E-09
  -22.0000  2.1894540E-07  2.2643418E-09  1.0509972E-08
  -21.0000  1.8580924E-06  4.9261773E-09  3.8699216E-08
  -20.0000  1.4462269E-04  1.3460755E-08  2.5367497E-07
  -19.0000  4.3591973E-06  2.7869584E-06  2.1542662E-04
  -18.0000  2.6412898E-06  6.2679878E-08  1.0134446E-06
  -17.0000  3.2329150E-06  1.7659787E-07  4.7884957E-07
  -16.0000  7.4330367E-06  7.9891498E-07  4.6132331E-07
  -15.0000  6.5991298E-04  1.1120746E-05  7.8776783E-07
  -14.0000  1.6552943E-06  2.7439049E-05  1.1548132E-06
  -13.0000  4.6606963E-07  4.9005821E-06  3.1764234E-06
  -12.0000  3.9716062E-06  3.2121617E-06  6.2607521E-05
  -11.0000  2.2031555E-05  3.0949902E-06  1.8299169E-05
  -10.0000  2.8711183E-04  4.3096520E-06  1.1373648E-05
  -9.00000  9.9986906E-04  2.8397331E-05  1.5544863E-05
  -8.00000  1.3934814E-04  3.5751191E-05  6.1525580E-06
  -7.00000  3.2244216E-03  6.8603272E-05  9.0313416E-05
  -6.00000  7.1430308E-04  3.4451721E-05  1.4055646E-04
  -5.00000  2.2741306E-03  1.4465567E-04  2.2338520E-04
  -4.00000  2.9904991E-01  7.6169302E-04  5.1205009E-04
  -3.00000  1.2210874E-03  3.4151609E-01  8.0943557E-03
  -2.00000  6.5171141E-04  3.5116846E-03  4.2460236E-04
  -1.00000  3.2595315E-04  1.5760473E-03  1.8435640E-04
   0.00000  4.6300815E-04  9.9473133E-04  2.4745489E-04
   1.00000  3.5028620E-04  9.0433352E-04  2.0168535E-04
   2.00000  3.2021277E-04  9.7253946E-04  2.1478954E-04
   3.00000  4.3193857E-04  1.2334883E-03  3.2597714E-04
   4.00000  6.5557063E-04  1.9026921E-03  5.6119256E-04
   5.00000  1.0008192E-03  3.1147051E-03  1.1115277E-03
   5.20000  1.0797265E-03  3.4149623E-03  1.3078754E-03
   5.40000  1.1596259E-03  3.7359978E-03  1.5558358E-03
   5.60000  1.2391884E-03  4.0813663E-03  1.8728016E-03
   5.80000  1.3168919E-03  4.4569449E-03  2.2828035E-03
   6.00000  1.3917633E-03  4.8706126E-03  2.8171494E-03
   6.20000  1.4635685E-03  5.3339806E-03  3.5177790E-03
   6.40000  1.5344944E-03  5.8622768E-03  4.4380473E-03
   6.60000  1.6133878E-03  6.4743629E-03  5.6405714E-03
   6.80000  1.7266595E-03  7.1912858E-03  7.1861785E-03
   7.00000  1.9414339E-03  8.0403067E-03  9.1030717E-03
   7.20000  2.3769611E-03  9.0583389E-03  1.1321911E-02
   7.40000  3.0871375E-03  1.0211674E-02  1.3679996E-02
   7.60000  3.8476515E-03  1.1488892E-02  1.5783711E-02
   7.80000  4.4189006E-03  1.2843344E-02  1.7184267E-02
   8.00000  4.8321002E-03  1.4237639E-02  1.7596848E-02
   8.20000  5.2024439E-03  1.5677606E-02  1.7078068E-02
   8.40000  5.6021641E-03  1.7220411E-02  1.5965089E-02
   8.60000  6.0645152E-03  1.8954207E-02  1.4667193E-02
   8.80000  6.6052139E-03  2.0984419E-02  1.3515873E-02
   9.00000  7.2318133E-03  2.3423711E-02  1.2740116E-02
   9.20000  7.9518760E-03  2.6404798E-02  1.2475572E-02
   9.40000  8.7702891E-03  3.0084359E-02  1.2812337E-02
   9.60000  9.7043103E-03  3.4656443E-02  1.3823123E-02
   9.80000  1.0765719E-02  4.0331483E-02  1.5540288E-02
   10.0000  1.1976596E-02  4.7307589E-02  1.7931419E-02
   10.2500  1.3741432E-02  5.8047801E-02  2.1656383E-02
   10.5000  1.5845517E-02  7.0935137E-02  2.5748231E-02
   10.7500  1.8363398E-02  8.5171430E-02  2.9713994E-02
   11.0000  2.1368393E-02  9.8639467E-02  3.3294225E-02
   11.2500  2.4901176E-02  1.0747820E-01  3.6485490E-02
   11.5000  2.8929366E-02  1.0761414E-01  3.9425351E-02
   11.7500  3.3292838E-02  9.8391800E-02  4.2305476E-02
   12.0000  3.7487715E-02  8.2563910E-02  4.4781647E-02
   12.2500  4.1325381E-02  6.7257658E-02  4.8021971E-02
   12.5000  4.4267775E-02  5.4302433E-02  5.0820245E-02
   12.7500  4.6079028E-02  4.4292802E-02  5.2765024E-02
   13.0000  4.6810892E-02  3.6859076E-02  5.3557518E-02
   13.2500  4.6728799E-02  3.1397945E-02  5.3119850E-02
   13.5000  4.6175653E-02  2.7365361E-02  5.1617567E-02
   13.7500  4.4808887E-02  2.4234911E-02  4.8730637E-02
   14.0000  4.4132403E-02  2.1940035E-02  4.6127438E-02
   14.2500  4.3604699E-02  2.0156033E-02  4.3499046E-02
   14.5000  4.3284453E-02  1.8745804E-02  4.1067394E-02
   14.7500  4.3194802E-02  1.7616949E-02  3.8966886E-02
   15.0000  4.3337523E-02  1.6705606E-02  3.7265939E-02
   15.2500  4.3710553E-02  1.5968366E-02  3.5993210E-02
   15.5000  4.4284950E-02  1.5372708E-02  3.5151193E-02
   15.7500  4.5048275E-02  1.4898519E-02  3.4732727E-02
   16.0000  4.5975179E-02  1.4530166E-02  3.4724826E-02
   16.2500  4.7035124E-02  1.4257481E-02  3.5110206E-02
   16.5000  4.8185958E-02  1.4071976E-02  3.5865017E-02
   16.7500  4.9372961E-02  1.3966618E-02  3.6950803E-02
   17.0000  5.0528956E-02  1.3936720E-02  3.8306205E-02
   17.2500  5.1571053E-02  1.3978814E-02  3.9843111E-02
   17.5000  5.2405511E-02  1.4089164E-02  4.1442727E-02
   17.7500  5.2938780E-02  1.4264591E-02  4.2962963E-02
   18.0000  5.3092976E-02  1.4502659E-02  4.4259903E-02
   18.2500  5.2819683E-02  1.4800245E-02  4.5211289E-02
   18.5000  5.2116134E-02  1.5153814E-02  4.5741793E-02
   18.7500  5.1030875E-02  1.5561491E-02  4.5839387E-02
   19.0000  4.9656243E-02  1.6021701E-02  4.5547377E-02
   19.2500  4.8110456E-02  1.6530744E-02  4.4945179E-02
   19.5000  4.6513494E-02  1.7088209E-02  4.4130076E-02
   19.7500  4.4970799E-02  1.7692509E-02  4.3191313E-02
   20.0000  4.3563787E-02  1.8342904E-02  4.2207295E-02
   21.0000  4.0037117E-02  2.1387083E-02  3.8713671E-02
   22.0000  3.9784397E-02  2.5104466E-02  3.6522856E-02
   23.0000  4.1284223E-02  2.9387985E-02  3.5277659E-02
   24.0000  4.2333788E-02  3.4641403E-02  3.4242287E-02
   25.0000  4.1506624E-02  3.8602109E-02  3.3239706E-02
   26.0000  3.8359179E-02  4.1233785E-02  3.2086389E-02
   27.0000  3.3923438E-02  4.2143522E-02  3.0742558E-02
   28.0000  2.9905748E-02  4.1528015E-02  2.9259004E-02
   29.0000  2.7145157E-02  3.9924532E-02  2.7847423E-02
   30.0000  2.5520150E-02  3.7898825E-02  2.6793831E-02
   31.0000  2.4640442E-02  3.5869349E-02  2.6222982E-02
   32.0000  2.4199273E-02  3.4080260E-02  2.6018131E-02
   33.0000  2.3994471E-02  3.2631238E-02  2.5976331E-02
   34.0000  2.3872603E-02  3.1461708E-02  2.5923430E-02
   35.0000  2.3715759E-02  3.0462129E-02  2.5759126E-02
   36.0000  2.3413971E-02  2.9492571E-02  2.5416972E-02
   37.0000  2.2871660E-02  2.8442955E-02  2.4832131E-02
   38.0000  2.2050324E-02  2.7246791E-02  2.3955085E-02
   39.0000  2.1015653E-02  2.5883816E-02  2.2760913E-02
   40.0000  1.9919703E-02  2.4376620E-02  2.1286018E-02
