  7709.000   27  1  1  1.9222038E-02 -4.7975902E+00 -3.6102516E-01  1  1  7.5662266E+03  8.0000000E+03  0.0000000E+00  1.1792254E+00  1.0000000E+00  0.0000000E+00  = E_edge, Z, n_edge, j_edge, Abs_before_edge, VO_interstitial, E_cut, ninit, ninit1, Epsii, UnitCell_Volume, Surface_ref, f0_forward, natomsym_f, abs_u_iso
    Energy   (100,001)      (010,001)      (001,110)   
  -25.0000  7.0473356E-09  3.0797976E-10  7.8612166E-10
  -24.0000  1.9113884E-08  5.6399250E-10  1.8036043E-09
  -23.0000  6.2417130E-08  1.0773723E-09  4.6389739E-09
  -22.0000  2.8966455E-07  2.1854754E-09  1.4346583E-08
  -21.0000  3.8575109E-06  5.0850230E-09  7.0834724E-08
  -20.0000  1.5869284E-05  1.7348952E-08  7.1562438E-07
  -19.0000  2.7012152E-06  8.6307258E-08  7.1015553E-06
  -18.0000  2.0027939E-06  5.6601588E-08  5.6074395E-07
  -17.0000  2.6698726E-06  1.7283030E-07  3.5352952E-07
  -16.0000  7.2944085E-06  8.0057601E-07  3.8125001E-07
  -15.0000  1.6288466E-04  1.3786244E-05  8.7200798E-07
  -14.0000  2.7320205E-07  2.5031985E-05  1.0558131E-06
  -13.0000  1.0722450E-06  4.4776190E-06  3.1016743E-06
  -12.0000  5.8263043E-06  2.6674364E-06  1.5322024E-04
  -11.0000  2.7547311E-05  3.1272398E-06  1.0045732E-05
  -10.0000  4.4107209E-04  5.6633396E-06  1.2067476E-05
  -9.00000  1.3073620E-03  1.8738896E-05  8.2864203E-06
  -8.00000  1.1609958E-04  4.1278672E-05  6.4917792E-06
  -7.00000  1.5601955E-01  1.2416130E-04  3.0190513E-04
  -6.00000  6.6180141E-04  3.7083959E-05  1.4135094E-04
  -5.00000  2.3287504E-03  2.1475491E-04  5.3978640E-03
  -4.00000  9.6804521E-02  9.9255569E-04  1.1091405E-03
  -3.00000  1.1659952E-03  9.7919593E-02  2.2528430E-03
  -2.00000  5.2742142E-04  3.1033988E-03  3.6811783E-04
  -1.00000  3.2206940E-04  1.5072511E-03  1.6860410E-04
   0.00000  1.6080323E-03  1.9590132E-03  7.4191820E-04
   1.00000  3.6223164E-04  8.9824500E-04  2.1239203E-04
   2.00000  3.6563741E-04  9.7549254E-04  2.4035719E-04
   3.00000  5.1353314E-04  1.2678326E-03  3.7391652E-04
   4.00000  8.0974755E-04  1.9797333E-03  6.5076184E-04
   5.00000  1.2802980E-03  3.2766241E-03  1.2908211E-03
   5.20000  1.3917107E-03  3.6138009E-03  1.5223879E-03
   5.40000  1.5073647E-03  3.9837191E-03  1.8168081E-03
   5.60000  1.6265945E-03  4.3930948E-03  2.1948456E-03
   5.80000  1.7487673E-03  4.8513743E-03  2.6835124E-03
   6.00000  1.8742457E-03  5.3709176E-03  3.3153496E-03
   6.20000  2.0035677E-03  5.9690590E-03  4.1282083E-03
   6.40000  2.1379495E-03  6.6742526E-03  5.1573955E-03
   6.60000  2.2817410E-03  7.5039418E-03  6.4381056E-03
   6.80000  2.4492810E-03  8.4932421E-03  7.9726079E-03
   7.00000  2.6857284E-03  9.6876146E-03  9.7135810E-03
   7.20000  3.0955700E-03  1.1116470E-02  1.1558558E-02
   7.40000  3.8301729E-03  1.2819352E-02  1.3335109E-02
   7.60000  4.8876132E-03  1.4746838E-02  1.4827800E-02
   7.80000  6.0050897E-03  1.6873971E-02  1.5832671E-02
   8.00000  7.0022003E-03  1.9146764E-02  1.6241371E-02
   8.20000  7.9705701E-03  2.1536926E-02  1.6093177E-02
   8.40000  9.0731750E-03  2.4070634E-02  1.5556008E-02
   8.60000  1.0411119E-02  2.6838656E-02  1.4886845E-02
   8.80000  1.1926400E-02  2.9960827E-02  1.4378005E-02
   9.00000  1.3248710E-02  3.3530819E-02  1.4280180E-02
   9.20000  1.3907412E-02  3.7657247E-02  1.4778667E-02
   9.40000  1.4066924E-02  4.2663611E-02  1.5999195E-02
   9.60000  1.3920046E-02  4.8858541E-02  1.8013638E-02
   9.80000  1.4634190E-02  5.6901372E-02  2.0830875E-02
   10.0000  1.5817676E-02  6.6829810E-02  2.4295894E-02
   10.2500  1.7880426E-02  8.1601377E-02  2.9068691E-02
   10.5000  2.0556255E-02  9.7168979E-02  3.3655222E-02
   10.7500  2.3847002E-02  1.0902807E-01  3.7573610E-02
   11.0000  2.7734972E-02  1.1143343E-01  4.0791421E-02
   11.2500  3.2123108E-02  1.0255767E-01  4.3592942E-02
   11.5000  3.6767548E-02  8.6812092E-02  4.6275413E-02
   11.7500  4.1244898E-02  7.0173374E-02  4.8930911E-02
   12.0000  4.5025197E-02  5.6001207E-02  5.1410972E-02
   12.2500  4.6928602E-02  4.4723182E-02  5.3660154E-02
   12.5000  4.8090332E-02  3.6807956E-02  5.4957298E-02
   12.7500  4.8155602E-02  3.1054722E-02  5.5049833E-02
   13.0000  4.7501616E-02  2.6862030E-02  5.3959143E-02
   13.2500  4.6519158E-02  2.3769877E-02  5.1928119E-02
   13.5000  4.5507976E-02  2.1448234E-02  4.9317837E-02
   13.7500  4.4655315E-02  1.9670430E-02  4.6494396E-02
   14.0000  4.3556732E-02  1.8312662E-02  4.2692527E-02
   14.2500  4.3260199E-02  1.7205885E-02  4.0292526E-02
   14.5000  4.3232820E-02  1.6323386E-02  3.8292842E-02
   14.7500  4.3461553E-02  1.5616696E-02  3.6734288E-02
   15.0000  4.3923587E-02  1.5052455E-02  3.5626223E-02
   15.2500  4.4600373E-02  1.4608712E-02  3.4963358E-02
   15.5000  4.5446029E-02  1.4267316E-02  3.4728707E-02
   15.7500  4.6433901E-02  1.4018608E-02  3.4906279E-02
   16.0000  4.7523156E-02  1.3855324E-02  3.5472750E-02
   16.2500  4.8662477E-02  1.3772585E-02  3.6395429E-02
   16.5000  4.9787216E-02  1.3767050E-02  3.7623013E-02
   16.7500  5.0817876E-02  1.3836293E-02  3.9077625E-02
   17.0000  5.1660254E-02  1.3978437E-02  4.0649081E-02
   17.2500  5.2213170E-02  1.4191699E-02  4.2197654E-02
   17.5000  5.2381242E-02  1.4474278E-02  4.3571923E-02
   17.7500  5.2093689E-02  1.4824635E-02  4.4636147E-02
   18.0000  5.1324155E-02  1.5240375E-02  4.5298228E-02
   18.2500  5.0101520E-02  1.5720158E-02  4.5527046E-02
   18.5000  4.8507293E-02  1.6261947E-02  4.5352120E-02
   18.7500  4.6663825E-02  1.6862764E-02  4.4846681E-02
   19.0000  4.4708835E-02  1.7520609E-02  4.4103261E-02
   19.2500  4.2771091E-02  1.8233299E-02  4.3214673E-02
   19.5000  4.0956490E-02  1.8998343E-02  4.2260471E-02
   19.7500  3.9340004E-02  1.9813184E-02  4.1302000E-02
   20.0000  3.7966169E-02  2.0673915E-02  4.0380530E-02
   21.0000  3.5056805E-02  2.4502206E-02  3.7413892E-02
   22.0000  3.5487200E-02  2.8740915E-02  3.5588032E-02
   23.0000  3.7400618E-02  3.3080502E-02  3.4374940E-02
   24.0000  3.8613008E-02  3.7593047E-02  3.3139126E-02
   25.0000  3.7868542E-02  4.0359131E-02  3.1907077E-02
   26.0000  3.5057676E-02  4.1480616E-02  3.0542024E-02
   27.0000  3.1509095E-02  4.0965656E-02  2.9074274E-02
   28.0000  2.8601103E-02  3.9317619E-02  2.7664875E-02
   29.0000  2.6704158E-02  3.7153571E-02  2.6587449E-02
   30.0000  2.5573767E-02  3.4940277E-02  2.6005571E-02
   31.0000  2.4915029E-02  3.2944198E-02  2.5816512E-02
   32.0000  2.4536335E-02  3.1291222E-02  2.5800719E-02
   33.0000  2.4281236E-02  2.9967161E-02  2.5763179E-02
   34.0000  2.4031138E-02  2.8887701E-02  2.5610313E-02
   35.0000  2.3680020E-02  2.7937673E-02  2.5292565E-02
   36.0000  2.3144014E-02  2.7005610E-02  2.4762224E-02
   37.0000  2.2404033E-02  2.6009034E-02  2.3966425E-02
   38.0000  2.1527145E-02  2.4901731E-02  2.2872972E-02
   39.0000  2.0626715E-02  2.3666668E-02  2.1513815E-02
   40.0000  1.9800105E-02  2.2322577E-02  2.0040155E-02
