  7709.000   27  1  1  1.9222038E-02 -4.4455353E+00 -2.9470164E-01  1  1  7.5663657E+03  8.0000000E+03  0.0000000E+00  1.1792254E+00  1.0000000E+00  0.0000000E+00  = E_edge, Z, n_edge, j_edge, Abs_before_edge, VO_interstitial, E_cut, ninit, ninit1, Epsii, UnitCell_Volume, Surface_ref, f0_forward, natomsym_f, abs_u_iso
    Energy   (100,001)      (010,001)      (001,110)   
  -25.0000  4.4945031E-09  1.0943793E-09  6.0954019E-10
  -24.0000  1.1666279E-08  2.7129514E-09  1.3851337E-09
  -23.0000  3.5441800E-08  7.8861751E-09  3.5699054E-09
  -22.0000  1.4132826E-07  3.0416742E-08  1.1440288E-08
  -21.0000  1.0646710E-06  2.3989655E-07  6.2491619E-08
  -20.0000  3.3920623E-03  2.8141537E-05  1.6770694E-04
  -19.0000  5.8105999E-06  1.1097748E-05  2.3517980E-05
  -18.0000  2.0946941E-06  6.5286442E-07  7.5680743E-07
  -17.0000  2.5348325E-06  5.2759735E-07  3.9245951E-07
  -16.0000  6.0110531E-06  8.7581657E-07  5.6075249E-07
  -15.0000  5.1607759E-04  3.5915768E-05  1.4495690E-05
  -14.0000  5.8785060E-06  1.0273639E-05  7.7122063E-06
  -13.0000  1.0597086E-06  1.8123433E-06  2.6533855E-06
  -12.0000  5.5225151E-06  1.2832251E-05  3.0173061E-05
  -11.0000  1.6728199E-05  9.1816332E-06  1.3466143E-05
  -10.0000  2.1013724E-04  6.1236166E-05  1.4724063E-05
  -9.00000  1.2897444E-03  1.8435803E-04  8.3299089E-05
  -8.00000  1.0521634E-04  2.4958829E-05  6.9502830E-06
  -7.00000  1.4938944E-01  1.9816300E-03  3.7887174E-03
  -6.00000  6.3374004E-04  2.7186675E-04  1.9638331E-04
  -5.00000  3.4634751E-02  1.0368110E-01  8.4582914E-03
  -4.00000  3.7303484E-03  9.7606219E-04  1.6494426E-03
  -3.00000  3.0309474E-03  6.5126132E-03  2.8991710E-03
  -2.00000  9.8706579E-04  1.5072849E-03  1.2968789E-03
  -1.00000  4.4861700E-04  6.6611416E-04  3.6026453E-04
   0.00000  1.5714215E-03  5.1598908E-03  3.5852730E-03
   1.00000  3.9880096E-04  5.1617641E-04  4.2617309E-04
   2.00000  4.1031591E-04  5.8996641E-04  4.2208167E-04
   3.00000  5.5578703E-04  8.4507422E-04  5.6615132E-04
   4.00000  8.3918949E-04  1.3306308E-03  9.0572838E-04
   5.00000  1.3170614E-03  2.3036185E-03  1.7548928E-03
   5.20000  1.4363555E-03  2.6263680E-03  2.0478857E-03
   5.40000  1.5611021E-03  3.0227408E-03  2.4068031E-03
   5.60000  1.6899032E-03  3.5163090E-03  2.8510206E-03
   5.80000  1.8225579E-03  4.1407332E-03  3.4093785E-03
   6.00000  1.9625664E-03  4.9449704E-03  4.1253587E-03
   6.20000  2.1229961E-03  5.9941912E-03  5.0598823E-03
   6.40000  2.3349150E-03  7.3615375E-03  6.2882037E-03
   6.60000  2.6450992E-03  9.0818665E-03  7.8742502E-03
   6.80000  3.0754940E-03  1.1109748E-02  9.8221924E-03
   7.00000  3.5824248E-03  1.3354400E-02  1.2011817E-02
   7.20000  4.1030166E-03  1.5682553E-02  1.4082225E-02
   7.40000  4.6028830E-03  1.7867404E-02  1.5444641E-02
   7.60000  5.0861670E-03  1.9705102E-02  1.5655441E-02
   7.80000  5.5524965E-03  2.1220719E-02  1.4904332E-02
   8.00000  6.0312049E-03  2.2647156E-02  1.3730245E-02
   8.20000  6.5484865E-03  2.4281844E-02  1.2606974E-02
   8.40000  7.1282133E-03  2.6126445E-02  1.1794583E-02
   8.60000  7.7857299E-03  2.7456019E-02  1.1421209E-02
   8.80000  8.5334176E-03  2.6993344E-02  1.1545959E-02
   9.00000  9.4099592E-03  2.4783076E-02  1.2187919E-02
   9.20000  1.0480653E-02  2.2712523E-02  1.3362590E-02
   9.40000  1.1824593E-02  2.2821508E-02  1.5152515E-02
   9.60000  1.3476587E-02  2.3211157E-02  1.7556040E-02
   9.80000  1.5513311E-02  2.5024509E-02  2.0696479E-02
   10.0000  1.8024536E-02  2.7970422E-02  2.4702149E-02
   10.2500  2.1998825E-02  3.2853485E-02  3.1139286E-02
   10.5000  2.7105975E-02  3.8691010E-02  3.9351913E-02
   10.7500  3.3439513E-02  4.5160133E-02  4.9234792E-02
   11.0000  4.0663641E-02  5.1982827E-02  5.9893502E-02
   11.2500  4.7627812E-02  5.8821361E-02  6.9156326E-02
   11.5000  5.2542439E-02  6.5078204E-02  7.4137749E-02
   11.7500  5.4266200E-02  6.9750984E-02  7.3490029E-02
   12.0000  5.3599799E-02  7.1318603E-02  6.8378146E-02
   12.2500  5.1447899E-02  6.9906963E-02  6.2069242E-02
   12.5000  4.8947229E-02  6.5958770E-02  5.6207699E-02
   12.7500  4.6742293E-02  6.0753566E-02  5.1150784E-02
   13.0000  4.4967642E-02  5.5305419E-02  4.6915705E-02
   13.2500  4.3583959E-02  5.0189582E-02  4.3359983E-02
   13.5000  4.2513323E-02  4.5633284E-02  4.0350683E-02
   13.7500  4.1744364E-02  4.1717985E-02  3.7637466E-02
   14.0000  4.1043495E-02  3.8600106E-02  3.5198922E-02
   14.2500  4.0586212E-02  3.6079343E-02  3.3071922E-02
   14.5000  4.0273213E-02  3.3689858E-02  3.1586221E-02
   14.7500  4.0125161E-02  3.1646471E-02  3.0386099E-02
   15.0000  4.0121086E-02  2.9909766E-02  2.9445756E-02
   15.2500  4.0238072E-02  2.8446427E-02  2.8743327E-02
   15.5000  4.0450850E-02  2.7227995E-02  2.8258913E-02
   15.7500  4.0732217E-02  2.6232745E-02  2.7976347E-02
   16.0000  4.1039406E-02  2.5435252E-02  2.7875008E-02
   16.2500  4.1336931E-02  2.4819018E-02  2.7938631E-02
   16.5000  4.1586717E-02  2.4368323E-02  2.8147436E-02
   16.7500  4.1759826E-02  2.4069163E-02  2.8480419E-02
   17.0000  4.1840882E-02  2.3908348E-02  2.8915987E-02
   17.2500  4.1831199E-02  2.3872321E-02  2.9432852E-02
   17.5000  4.1746885E-02  2.3948368E-02  3.0011138E-02
   17.7500  4.1615609E-02  2.4123356E-02  3.0634042E-02
   18.0000  4.1465482E-02  2.4383179E-02  3.1287236E-02
   18.2500  4.1321617E-02  2.4712918E-02  3.1957939E-02
   18.5000  4.1202342E-02  2.5097197E-02  3.2635889E-02
   18.7500  4.1117628E-02  2.5522047E-02  3.3311055E-02
   19.0000  4.1070950E-02  2.5975650E-02  3.3972314E-02
   19.2500  4.1060208E-02  2.6449183E-02  3.4607802E-02
   19.5000  4.1077700E-02  2.6936217E-02  3.5201165E-02
   19.7500  4.1114018E-02  2.7435065E-02  3.5736414E-02
   20.0000  4.1154575E-02  2.7946651E-02  3.6195535E-02
   21.0000  4.1004641E-02  3.0213436E-02  3.6965923E-02
   22.0000  3.9869437E-02  3.2990882E-02  3.6034446E-02
   23.0000  3.7889243E-02  3.5625147E-02  3.4441858E-02
   24.0000  3.6826092E-02  3.7600528E-02  3.3699367E-02
   25.0000  3.5575972E-02  3.7753916E-02  3.3404621E-02
   26.0000  3.3983503E-02  3.6289843E-02  3.3079997E-02
   27.0000  3.2519660E-02  3.4205077E-02  3.2487507E-02
   28.0000  3.1476631E-02  3.2252524E-02  3.1700794E-02
   29.0000  3.0539842E-02  3.0656471E-02  3.0845934E-02
   30.0000  2.9300931E-02  2.9411788E-02  2.9979902E-02
   31.0000  2.7712274E-02  2.8452382E-02  2.9115676E-02
   32.0000  2.5955291E-02  2.7699810E-02  2.8258715E-02
   33.0000  2.4218713E-02  2.7064674E-02  2.7421288E-02
   34.0000  2.2625955E-02  2.6468088E-02  2.6613182E-02
   35.0000  2.1254209E-02  2.5827465E-02  2.5828829E-02
   36.0000  2.0160265E-02  2.5076879E-02  2.5040223E-02
   37.0000  1.9384183E-02  2.4187827E-02  2.4191258E-02
   38.0000  1.8919066E-02  2.3178527E-02  2.3223516E-02
   39.0000  1.8660590E-02  2.2101269E-02  2.2113527E-02
   40.0000  1.8415961E-02  2.1024520E-02  2.0894993E-02
