  7709.000   27  1  1  1.9222038E-02 -4.6420897E+00 -2.8749831E-01  1  1  7.5662248E+03  8.0000000E+03  0.0000000E+00  1.1792254E+00  1.0000000E+00  0.0000000E+00  = E_edge, Z, n_edge, j_edge, Abs_before_edge, VO_interstitial, E_cut, ninit, ninit1, Epsii, UnitCell_Volume, Surface_ref, f0_forward, natomsym_f, abs_u_iso
    Energy   (100,001)      (010,001)      (001,110)   
  -25.0000  5.1057835E-09  1.9932738E-09  7.4651740E-10
  -24.0000  1.4883401E-08  5.8442787E-09  1.7636790E-09
  -23.0000  5.8101448E-08  2.3471662E-08  4.9880495E-09
  -22.0000  5.2433186E-07  2.2747022E-07  2.4430053E-08
  -21.0000  4.7354280E-06  2.1493875E-06  1.4516859E-07
  -20.0000  1.8531775E-04  3.6397643E-05  8.9053174E-07
  -19.0000  2.5461194E-06  1.9618630E-06  7.8107363E-06
  -18.0000  1.1572302E-06  2.9611552E-07  4.7837681E-07
  -17.0000  1.4899803E-06  3.8373011E-07  4.0852450E-07
  -16.0000  5.8709910E-06  1.1310519E-06  1.3381383E-06
  -15.0000  3.2597795E-06  7.4564939E-06  4.0773607E-06
  -14.0000  3.7633196E-06  4.7057298E-06  5.7666519E-06
  -13.0000  2.0046040E-06  1.5262890E-06  2.0513672E-06
  -12.0000  1.2357856E-05  7.5401691E-06  3.0805564E-05
  -11.0000  3.8011017E-05  1.4212101E-05  9.6816639E-06
  -10.0000  9.6266812E-04  5.1070585E-03  1.1790896E-03
  -9.00000  4.0936294E-03  1.2811612E-02  1.4429644E-03
  -8.00000  8.5092889E-05  2.1393423E-05  2.0323080E-05
  -7.00000  2.8905804E-04  1.0956339E-04  6.4507454E-05
  -6.00000  2.6641514E-04  1.3970245E-04  1.7611246E-04
  -5.00000  1.3310866E-02  1.0653020E-02  1.0151061E-02
  -4.00000  8.7903569E-02  1.5516568E-02  1.9836236E-01
  -3.00000  2.0231912E-02  2.1567575E-02  8.9301986E-03
  -2.00000  1.0775415E-03  1.1293173E-03  8.3756203E-04
  -1.00000  4.6172838E-04  6.4419801E-04  3.0320918E-04
   0.00000  6.2793528E-03  9.7617212E-03  1.9197824E-02
   1.00000  5.3961822E-04  5.0317818E-04  5.0832897E-04
   2.00000  5.2889875E-04  5.5609035E-04  4.3934035E-04
   3.00000  7.3709611E-04  7.7778692E-04  5.3595922E-04
   4.00000  1.2013533E-03  1.2128482E-03  7.7804718E-04
   5.00000  2.1555309E-03  2.0288402E-03  1.3154764E-03
   5.20000  2.4409540E-03  2.2745447E-03  1.4830036E-03
   5.40000  2.7678976E-03  2.5608426E-03  1.6784601E-03
   5.60000  3.1403146E-03  2.8959745E-03  1.9069178E-03
   5.80000  3.5599377E-03  3.2905298E-03  2.1752652E-03
   6.00000  4.0229897E-03  3.7575593E-03  2.4927525E-03
   6.20000  4.5161247E-03  4.3136727E-03  2.8709633E-03
   6.40000  5.0118636E-03  4.9827353E-03  3.3267971E-03
   6.60000  5.4876039E-03  5.7974626E-03  3.8829889E-03
   6.80000  6.0123979E-03  6.7999372E-03  4.5742067E-03
   7.00000  6.8439329E-03  8.0321003E-03  5.4566989E-03
   7.20000  8.3408009E-03  9.5485642E-03  6.6232038E-03
   7.40000  1.0713967E-02  1.1344774E-02  8.2245771E-03
   7.60000  1.3968785E-02  1.3268858E-02  1.0430110E-02
   7.80000  1.7788216E-02  1.5427880E-02  1.3533403E-02
   8.00000  2.1387514E-02  1.7507407E-02  1.7386021E-02
   8.20000  2.3570444E-02  1.9026666E-02  2.0926802E-02
   8.40000  2.3640595E-02  1.9799380E-02  2.2888501E-02
   8.60000  2.2582347E-02  2.0475327E-02  2.3765466E-02
   8.80000  2.1792232E-02  2.1737649E-02  2.5048839E-02
   9.00000  2.1848318E-02  2.3816830E-02  2.7551671E-02
   9.20000  2.2778094E-02  2.6695237E-02  3.1213835E-02
   9.40000  2.4436120E-02  3.0165148E-02  3.5215869E-02
   9.60000  2.6628694E-02  3.3837146E-02  3.8215443E-02
   9.80000  2.9141314E-02  3.7365514E-02  3.9296225E-02
   10.0000  3.1789323E-02  4.0689407E-02  3.8715693E-02
   10.2500  3.5157205E-02  4.4658272E-02  3.7218840E-02
   10.5000  3.8626167E-02  4.8326359E-02  3.6581244E-02
   10.7500  4.2532539E-02  5.1307484E-02  3.7660862E-02
   11.0000  4.5874549E-02  5.3625555E-02  4.0976514E-02
   11.2500  4.8438410E-02  5.5541953E-02  4.5719594E-02
   11.5000  4.9537565E-02  5.7637938E-02  5.0739781E-02
   11.7500  4.8894519E-02  6.0333338E-02  5.4555073E-02
   12.0000  4.6972194E-02  6.3631979E-02  5.5741031E-02
   12.2500  4.4324116E-02  6.6114814E-02  5.4689928E-02
   12.5000  4.1704485E-02  6.6606512E-02  5.2043567E-02
   12.7500  3.9460547E-02  6.4652475E-02  4.8481174E-02
   13.0000  3.7631679E-02  6.0148220E-02  4.5093294E-02
   13.2500  3.6180454E-02  5.4482416E-02  4.1981072E-02
   13.5000  3.5041175E-02  4.8659508E-02  3.9229097E-02
   13.7500  3.4232918E-02  4.3292111E-02  3.6771272E-02
   14.0000  3.3573796E-02  3.8640273E-02  3.4674703E-02
   14.2500  3.3125913E-02  3.4999116E-02  3.3083064E-02
   14.5000  3.3036981E-02  3.2331865E-02  3.1793753E-02
   14.7500  3.3044670E-02  3.0006324E-02  3.0920234E-02
   15.0000  3.3235090E-02  2.8176802E-02  3.0343485E-02
   15.2500  3.3563471E-02  2.6756199E-02  3.0025037E-02
   15.5000  3.3980504E-02  2.5675235E-02  2.9929435E-02
   15.7500  3.4429664E-02  2.4876803E-02  3.0020349E-02
   16.0000  3.4865976E-02  2.4317203E-02  3.0273665E-02
   16.2500  3.5248452E-02  2.3960406E-02  3.0664706E-02
   16.5000  3.5546019E-02  2.3776316E-02  3.1171536E-02
   16.7500  3.5739942E-02  2.3738103E-02  3.1771455E-02
   17.0000  3.5824100E-02  2.3820438E-02  3.2441258E-02
   17.2500  3.5805955E-02  2.3999712E-02  3.3156391E-02
   17.5000  3.5703581E-02  2.4252949E-02  3.3893609E-02
   17.7500  3.5540257E-02  2.4558113E-02  3.4632615E-02
   18.0000  3.5340383E-02  2.4895394E-02  3.5357599E-02
   18.2500  3.5127084E-02  2.5249014E-02  3.6057422E-02
   18.5000  3.4920028E-02  2.5608663E-02  3.6722407E-02
   18.7500  3.4732542E-02  2.5968441E-02  3.7341985E-02
   19.0000  3.4575385E-02  2.6329395E-02  3.7906355E-02
   19.2500  3.4454657E-02  2.6696147E-02  3.8399034E-02
   19.5000  3.4374921E-02  2.7078103E-02  3.8802792E-02
   19.7500  3.4335962E-02  2.7485768E-02  3.9094556E-02
   20.0000  3.4332392E-02  2.7929691E-02  3.9251118E-02
   21.0000  3.4420988E-02  3.0186183E-02  3.8234430E-02
   22.0000  3.3874570E-02  3.3126651E-02  3.5348254E-02
   23.0000  3.2422642E-02  3.6064430E-02  3.2968932E-02
   24.0000  3.0708811E-02  3.7947204E-02  3.1874007E-02
   25.0000  2.9520145E-02  3.8042321E-02  3.1381517E-02
   26.0000  2.9216547E-02  3.6312395E-02  3.0814425E-02
   27.0000  3.0099371E-02  3.3756867E-02  3.0239551E-02
   28.0000  3.1452781E-02  3.1263328E-02  2.9609070E-02
   29.0000  3.2736422E-02  2.9425257E-02  2.9012527E-02
   30.0000  3.3531778E-02  2.8250231E-02  2.8448371E-02
   31.0000  3.3643814E-02  2.7510973E-02  2.7910794E-02
   32.0000  3.3074936E-02  2.7018271E-02  2.7443418E-02
   33.0000  3.1919622E-02  2.6672378E-02  2.7076682E-02
   34.0000  3.0333073E-02  2.6406855E-02  2.6804497E-02
   35.0000  2.8512115E-02  2.6143297E-02  2.6569759E-02
   36.0000  2.6624305E-02  2.5783786E-02  2.6276515E-02
   37.0000  2.4797655E-02  2.5240035E-02  2.5821560E-02
   38.0000  2.3127757E-02  2.4471752E-02  2.5144061E-02
   39.0000  2.1693495E-02  2.3504331E-02  2.4243079E-02
   40.0000  2.0556466E-02  2.2422988E-02  2.3184882E-02
