  7709.000   27  1  1  1.9222038E-02 -4.5414983E+00 -2.8722833E-01  1  1  7.5659930E+03  8.0000000E+03  0.0000000E+00  1.1792254E+00  1.0000000E+00  0.0000000E+00  = E_edge, Z, n_edge, j_edge, Abs_before_edge, VO_interstitial, E_cut, ninit, ninit1, Epsii, UnitCell_Volume, Surface_ref, f0_forward, natomsym_f, abs_u_iso
    Energy   (100,001)      (010,001)      (001,110)   
  -25.0000  4.7459539E-09  1.6293975E-09  7.0118420E-10
  -24.0000  1.2328413E-08  4.1649451E-09  1.5793227E-09
  -23.0000  3.7557100E-08  1.2605069E-08  4.0054649E-09
  -22.0000  1.5109932E-07  5.1543478E-08  1.2495231E-08
  -21.0000  1.1960454E-06  4.5322285E-07  6.9511010E-08
  -20.0000  1.7174437E-03  1.6987123E-04  6.3546214E-06
  -19.0000  2.2883817E-05  3.3929747E-05  7.5350578E-05
  -18.0000  2.6567180E-06  7.4310863E-07  1.0906102E-06
  -17.0000  3.1769375E-06  8.0506324E-07  5.6169387E-07
  -16.0000  9.3612948E-06  1.7690940E-06  8.1794760E-07
  -15.0000  2.9453187E-03  7.6291739E-05  3.5560006E-04
  -14.0000  5.8067654E-06  1.0011869E-05  7.1410142E-06
  -13.0000  9.1905473E-07  3.9358166E-06  5.0261643E-06
  -12.0000  4.3766959E-03  6.0499884E-02  6.9059712E-02
  -11.0000  1.3997326E-05  1.0735419E-05  1.3050548E-05
  -10.0000  1.5625447E-04  3.6312279E-05  4.4268886E-05
  -9.00000  1.2618213E-02  1.6204983E-03  3.7415998E-05
  -8.00000  1.2642235E-04  7.5646318E-04  1.4557027E-05
  -7.00000  7.6661366E-04  7.4312952E-05  7.1954512E-05
  -6.00000  1.1094450E-03  2.4260373E-04  3.7394759E-04
  -5.00000  5.1173023E-03  4.0925346E-03  3.8945380E-03
  -4.00000  3.2743703E-03  3.6135936E-03  2.9405286E-03
  -3.00000  1.7324138E-02  4.6072686E-02  2.5227572E-02
  -2.00000  7.9027674E-04  1.4241165E-03  9.4051467E-04
  -1.00000  4.9410800E-04  6.8233100E-04  4.3788463E-04
   0.00000  1.3833363E-02  1.9087016E-03  1.2557253E-02
   1.00000  4.2523195E-04  6.0791309E-04  5.3392505E-04
   2.00000  4.8781576E-04  7.3020786E-04  5.4814658E-04
   3.00000  7.1102672E-04  1.0462284E-03  7.8229694E-04
   4.00000  8.6332647E-04  1.6777093E-03  1.4339700E-03
   5.00000  1.8202192E-03  3.9254810E-03  3.1047593E-03
   5.20000  2.1324952E-03  4.7616670E-03  3.6145521E-03
   5.40000  2.4649755E-03  5.6473888E-03  4.2123487E-03
   5.60000  2.8357244E-03  6.5985057E-03  4.9470388E-03
   5.80000  3.2815823E-03  7.6738285E-03  5.8664570E-03
   6.00000  3.8590714E-03  8.9057493E-03  7.0069140E-03
   6.20000  4.6237908E-03  1.0305149E-02  8.3698127E-03
   6.40000  5.6840487E-03  1.1809496E-02  9.9092788E-03
   6.60000  7.2031476E-03  1.3356022E-02  1.1490618E-02
   6.80000  9.4463302E-03  1.4946377E-02  1.2889429E-02
   7.00000  1.2823802E-02  1.6720309E-02  1.3896978E-02
   7.20000  1.7479566E-02  1.8636370E-02  1.4465341E-02
   7.40000  2.1979265E-02  1.9907701E-02  1.4696021E-02
   7.60000  2.2871965E-02  1.9297632E-02  1.4736067E-02
   7.80000  1.9886725E-02  1.7511788E-02  1.4763064E-02
   8.00000  1.6399164E-02  1.6305568E-02  1.5012693E-02
   8.20000  1.4087474E-02  1.6225229E-02  1.5689706E-02
   8.40000  1.2946059E-02  1.7179989E-02  1.6965108E-02
   8.60000  1.2629714E-02  1.9132407E-02  1.9004902E-02
   8.80000  1.2987127E-02  2.2212981E-02  2.2042408E-02
   9.00000  1.3878316E-02  2.6705975E-02  2.6291476E-02
   9.20000  1.5284730E-02  3.2879874E-02  3.1959707E-02
   9.40000  1.7242779E-02  4.0715819E-02  3.9140006E-02
   9.60000  1.9831916E-02  4.9680113E-02  4.7680893E-02
   9.80000  2.3152675E-02  5.8685773E-02  5.7029803E-02
   10.0000  2.7537451E-02  6.6309075E-02  6.6113669E-02
   10.2500  3.3802832E-02  7.3047833E-02  7.5507596E-02
   10.5000  4.0820021E-02  7.6492447E-02  8.1013266E-02
   10.7500  4.7414741E-02  7.7583160E-02  8.1956350E-02
   11.0000  5.2039697E-02  7.7081452E-02  7.8566562E-02
   11.2500  5.4296561E-02  7.4657892E-02  7.2510332E-02
   11.5000  5.3711819E-02  6.9965059E-02  6.4808390E-02
   11.7500  5.1678163E-02  6.4071150E-02  5.7482358E-02
   12.0000  4.9216580E-02  5.7654165E-02  5.1081422E-02
   12.2500  4.6892130E-02  5.1482911E-02  4.5832395E-02
   12.5000  4.4905803E-02  4.6000028E-02  4.1631711E-02
   12.7500  4.3284701E-02  4.1345156E-02  3.8271626E-02
   13.0000  4.1998921E-02  3.7485486E-02  3.5542817E-02
   13.2500  4.0767762E-02  3.5188515E-02  3.2752018E-02
   13.5000  3.9996196E-02  3.2571931E-02  3.0877790E-02
   13.7500  3.9395976E-02  3.0421180E-02  2.9273194E-02
   14.0000  3.9005009E-02  2.8631752E-02  2.7973420E-02
   14.2500  3.8746389E-02  2.7141425E-02  2.6933486E-02
   14.5000  3.8577988E-02  2.5899076E-02  2.6140472E-02
   14.7500  3.8463490E-02  2.4867085E-02  2.5583416E-02
   15.0000  3.8372413E-02  2.4019448E-02  2.5249241E-02
   15.2500  3.8279639E-02  2.3338044E-02  2.5122466E-02
   15.5000  3.8164504E-02  2.2811095E-02  2.5185494E-02
   15.7500  3.8001840E-02  2.2430563E-02  2.5411412E-02
   16.0000  3.7780317E-02  2.2190632E-02  2.5774608E-02
   16.2500  3.7503508E-02  2.2086010E-02  2.6244138E-02
   16.5000  3.7196280E-02  2.2111073E-02  2.6790060E-02
   16.7500  3.6904796E-02  2.2260030E-02  2.7383764E-02
   17.0000  3.6685071E-02  2.2525145E-02  2.7998346E-02
   17.2500  3.6588361E-02  2.2895931E-02  2.8609167E-02
   17.5000  3.6648357E-02  2.3359170E-02  2.9194647E-02
   17.7500  3.6874571E-02  2.3898222E-02  2.9734543E-02
   18.0000  3.7252595E-02  2.4494126E-02  3.0210467E-02
   18.2500  3.7747342E-02  2.5125764E-02  3.0604828E-02
   18.5000  3.8310175E-02  2.5774246E-02  3.0902861E-02
   18.7500  3.8883224E-02  2.6423721E-02  3.1092967E-02
   19.0000  3.9407831E-02  2.7064373E-02  3.1170335E-02
   19.2500  3.9829942E-02  2.7690761E-02  3.1134637E-02
   19.5000  4.0109835E-02  2.8304751E-02  3.0994568E-02
   19.7500  4.0224918E-02  2.8911956E-02  3.0768578E-02
   20.0000  4.0173151E-02  2.9518577E-02  3.0481037E-02
   21.0000  3.8725202E-02  3.1975270E-02  2.9282568E-02
   22.0000  3.6621844E-02  3.4106465E-02  2.8987922E-02
   23.0000  3.4865132E-02  3.5012016E-02  2.9720926E-02
   24.0000  3.3582682E-02  3.4271075E-02  3.0784188E-02
   25.0000  3.2305243E-02  3.2497428E-02  3.1558239E-02
   26.0000  3.1023922E-02  3.0869662E-02  3.2222208E-02
   27.0000  2.9753193E-02  2.9813459E-02  3.2494208E-02
   28.0000  2.8534688E-02  2.9298388E-02  3.2226164E-02
   29.0000  2.7184234E-02  2.9054402E-02  3.1452111E-02
   30.0000  2.5703078E-02  2.8784462E-02  3.0372959E-02
   31.0000  2.4238930E-02  2.8321396E-02  2.9200851E-02
   32.0000  2.2938138E-02  2.7677412E-02  2.8081880E-02
   33.0000  2.1888287E-02  2.6942172E-02  2.7085445E-02
   34.0000  2.1127694E-02  2.6188477E-02  2.6224423E-02
   35.0000  2.0652330E-02  2.5434299E-02  2.5470375E-02
   36.0000  2.0400827E-02  2.4644017E-02  2.4760292E-02
   37.0000  2.0249797E-02  2.3781580E-02  2.4026678E-02
   38.0000  2.0100315E-02  2.2873456E-02  2.3260012E-02
   39.0000  1.9955975E-02  2.2006155E-02  2.2513847E-02
   40.0000  1.9891211E-02  2.1284874E-02  2.1873974E-02
