  7709.000   27  1  1  1.9222038E-02 -4.2625240E+00 -2.5255108E-01  1  1  7.5663692E+03  8.0000000E+03  0.0000000E+00  1.1792254E+00  1.0000000E+00  0.0000000E+00  = E_edge, Z, n_edge, j_edge, Abs_before_edge, VO_interstitial, E_cut, ninit, ninit1, Epsii, UnitCell_Volume, Surface_ref, f0_forward, natomsym_f, abs_u_iso
    Energy   (100,001)      (010,001)      (001,110)   
  -25.0000  5.1442177E-09  1.4772049E-09  6.0670872E-10
  -24.0000  1.3591652E-08  3.8168815E-09  1.3594490E-09
  -23.0000  4.2574765E-08  1.1824602E-08  3.3980329E-09
  -22.0000  1.8221796E-07  5.1544719E-08  1.0093902E-08
  -21.0000  1.9173595E-06  6.2098713E-07  4.2707862E-08
  -20.0000  3.0415329E-05  7.4980025E-06  1.4152860E-06
  -19.0000  5.0831491E-06  7.0367339E-06  1.2054456E-05
  -18.0000  2.4697044E-06  8.8084716E-07  7.3180589E-07
  -17.0000  3.1379009E-06  8.1117396E-07  3.7395520E-07
  -16.0000  9.1023058E-06  1.8601849E-06  5.2729255E-07
  -15.0000  2.1509540E-03  9.2803937E-06  8.5368919E-05
  -14.0000  9.3834701E-03  8.5234301E-03  1.7131208E-02
  -13.0000  1.2280012E-06  3.1564812E-06  4.1265308E-06
  -12.0000  6.9154863E-06  5.1559990E-05  7.9242807E-05
  -11.0000  1.6102692E-05  1.7620229E-05  2.6346311E-05
  -10.0000  2.6214884E-04  6.7851855E-05  1.7454798E-05
  -9.00000  1.2549425E-03  5.0689646E-04  4.8287827E-05
  -8.00000  1.2248314E-04  2.1578246E-05  1.4899508E-05
  -7.00000  8.6602738E-04  9.9383714E-04  6.7369450E-05
  -6.00000  8.2777026E-04  4.8615458E-04  1.1752283E-04
  -5.00000  2.1411894E-02  2.2453796E-03  1.8859892E-02
  -4.00000  2.9560161E-03  8.4405223E-04  1.8463895E-03
  -3.00000  6.1349588E-03  3.4402407E-03  5.5896711E-03
  -2.00000  1.3876707E-03  2.5146007E-03  1.6875742E-03
  -1.00000  7.2541676E-04  9.3119433E-04  6.1432782E-04
   0.00000  3.7326418E-02  1.2056617E-02  1.3800060E-02
   1.00000  4.1669442E-04  7.0625280E-04  2.9661692E-04
   2.00000  4.1214365E-04  6.4747736E-04  3.7488803E-04
   3.00000  5.7075728E-04  8.8979092E-04  5.9390773E-04
   4.00000  8.6853677E-04  1.3906130E-03  1.1202862E-03
   5.00000  1.2997442E-03  2.5690022E-03  2.5680983E-03
   5.20000  1.3793233E-03  3.0015561E-03  3.1112989E-03
   5.40000  1.4485348E-03  3.5685269E-03  3.8124824E-03
   5.60000  1.5235763E-03  4.3186570E-03  4.7109505E-03
   5.80000  1.6656592E-03  5.3063913E-03  5.8083095E-03
   6.00000  1.9698559E-03  6.5556899E-03  7.0387761E-03
   6.20000  2.4400301E-03  8.0627847E-03  8.4233265E-03
   6.40000  2.9661051E-03  9.8582645E-03  1.0209610E-02
   6.60000  3.4710272E-03  1.2016310E-02  1.2674294E-02
   6.80000  3.9479135E-03  1.4630246E-02  1.5936641E-02
   7.00000  4.4193626E-03  1.7698092E-02  1.9798968E-02
   7.20000  4.9108505E-03  2.1059175E-02  2.3555249E-02
   7.40000  5.4318177E-03  2.4594559E-02  2.6214636E-02
   7.60000  6.0006883E-03  2.8432642E-02  2.6953176E-02
   7.80000  6.6722081E-03  3.2304578E-02  2.5154509E-02
   8.00000  7.4711578E-03  3.5542511E-02  2.1585890E-02
   8.20000  8.2751027E-03  3.7760712E-02  1.8513373E-02
   8.40000  8.7812169E-03  3.6517805E-02  1.6637817E-02
   8.60000  8.9003701E-03  3.0558792E-02  1.5243472E-02
   8.80000  8.9911368E-03  2.3365144E-02  1.4190983E-02
   9.00000  9.3533170E-03  1.7872188E-02  1.3709087E-02
   9.20000  1.0055401E-02  1.4409753E-02  1.3864103E-02
   9.40000  1.1096913E-02  1.2437512E-02  1.4614490E-02
   9.60000  1.2491636E-02  1.1469507E-02  1.5927456E-02
   9.80000  1.4282382E-02  1.1212685E-02  1.7801080E-02
   10.0000  1.6527937E-02  1.1502751E-02  2.0257303E-02
   10.2500  2.0061340E-02  1.2501858E-02  2.4209484E-02
   10.5000  2.4454519E-02  1.4138111E-02  2.9234382E-02
   10.7500  2.9633011E-02  1.6411907E-02  3.5399712E-02
   11.0000  3.5286677E-02  1.9395103E-02  4.2622265E-02
   11.2500  4.0809863E-02  2.3228088E-02  5.0461290E-02
   11.5000  4.5600848E-02  2.7833745E-02  5.7857422E-02
   11.7500  4.8495305E-02  3.3859822E-02  6.3424680E-02
   12.0000  4.9688131E-02  4.1266643E-02  6.5703323E-02
   12.2500  4.9601236E-02  4.9607037E-02  6.4944599E-02
   12.5000  4.8768284E-02  5.7515376E-02  6.2055659E-02
   12.7500  4.7729314E-02  6.3508749E-02  5.7808634E-02
   13.0000  4.6705522E-02  6.6119278E-02  5.3154521E-02
   13.2500  4.5768078E-02  6.5041022E-02  4.8698709E-02
   13.5000  4.4938736E-02  6.1208599E-02  4.4733047E-02
   13.7500  4.4224051E-02  5.6016932E-02  4.1336616E-02
   14.0000  4.3498638E-02  5.0433582E-02  3.7967010E-02
   14.2500  4.2986122E-02  4.5748682E-02  3.5548717E-02
   14.5000  4.2535015E-02  4.1526329E-02  3.3640608E-02
   14.7500  4.2180199E-02  3.7966107E-02  3.2109957E-02
   15.0000  4.1897630E-02  3.5021156E-02  3.0909876E-02
   15.2500  4.1660607E-02  3.2611566E-02  3.0001705E-02
   15.5000  4.1441937E-02  3.0657165E-02  2.9353970E-02
   15.7500  4.1217401E-02  2.9086722E-02  2.8941091E-02
   16.0000  4.0964531E-02  2.7838995E-02  2.8739598E-02
   16.2500  4.0668834E-02  2.6865898E-02  2.8726268E-02
   16.5000  4.0328780E-02  2.6130649E-02  2.8879509E-02
   16.7500  3.9958239E-02  2.5603669E-02  2.9176850E-02
   17.0000  3.9586194E-02  2.5262325E-02  2.9593577E-02
   17.2500  3.9251302E-02  2.5087030E-02  3.0103584E-02
   17.5000  3.8992287E-02  2.5060473E-02  3.0679988E-02
   17.7500  3.8841865E-02  2.5167405E-02  3.1295361E-02
   18.0000  3.8817185E-02  2.5392657E-02  3.1923282E-02
   18.2500  3.8916950E-02  2.5720810E-02  3.2536836E-02
   18.5000  3.9120994E-02  2.6137787E-02  3.3110750E-02
   18.7500  3.9394289E-02  2.6630694E-02  3.3619828E-02
   19.0000  3.9691570E-02  2.7188943E-02  3.4042549E-02
   19.2500  3.9964373E-02  2.7804565E-02  3.4361738E-02
   19.5000  4.0166496E-02  2.8470606E-02  3.4564160E-02
   19.7500  4.0261511E-02  2.9184534E-02  3.4646972E-02
   20.0000  4.0225133E-02  2.9943833E-02  3.4614024E-02
   21.0000  3.8805268E-02  3.3341150E-02  3.3628236E-02
   22.0000  3.6549841E-02  3.6762408E-02  3.2313765E-02
   23.0000  3.4888605E-02  3.9068404E-02  3.1545056E-02
   24.0000  3.4155812E-02  3.9483305E-02  3.1449179E-02
   25.0000  3.4086074E-02  3.8252802E-02  3.1883646E-02
   26.0000  3.4188295E-02  3.6323643E-02  3.2451813E-02
   27.0000  3.3961535E-02  3.4500630E-02  3.2569925E-02
   28.0000  3.3634046E-02  3.3163734E-02  3.2394323E-02
   29.0000  3.2820336E-02  3.2154159E-02  3.1819395E-02
   30.0000  3.1508078E-02  3.1295917E-02  3.0954953E-02
   31.0000  2.9880160E-02  3.0477539E-02  2.9914247E-02
   32.0000  2.8175826E-02  2.9657532E-02  2.8800367E-02
   33.0000  2.6555234E-02  2.8837591E-02  2.7698650E-02
   34.0000  2.5086686E-02  2.8035416E-02  2.6659833E-02
   35.0000  2.3771655E-02  2.7270619E-02  2.5707400E-02
   36.0000  2.2582784E-02  2.6550451E-02  2.4832251E-02
   37.0000  2.1510276E-02  2.5861439E-02  2.4001282E-02
   38.0000  2.0577574E-02  2.5157893E-02  2.3160732E-02
   39.0000  1.9816511E-02  2.4365357E-02  2.2269622E-02
   40.0000  1.9235926E-02  2.3441765E-02  2.1359933E-02
