  7709.000   27  1  1  1.9222038E-02 -4.6324131E+00 -3.8078906E-01  1  1  7.5665115E+03  8.0000000E+03  0.0000000E+00  1.1792254E+00  1.0000000E+00  0.0000000E+00  = E_edge, Z, n_edge, j_edge, Abs_before_edge, VO_interstitial, E_cut, ninit, ninit1, Epsii, UnitCell_Volume, Surface_ref, f0_forward, natomsym_f, abs_u_iso
    Energy   (100,001)      (010,001)      (001,110)   
  -25.0000  5.2654731E-09  2.3455801E-09  7.2138643E-10
  -24.0000  1.4063808E-08  6.4074449E-09  1.5989288E-09
  -23.0000  4.5023116E-08  2.1587749E-08  3.9190291E-09
  -22.0000  2.0430158E-07  1.0979500E-07  1.1150021E-08
  -21.0000  3.0571418E-06  2.2049078E-06  4.0906154E-08
  -20.0000  1.3878782E-04  8.4726475E-06  7.7598563E-07
  -19.0000  4.3351478E-04  2.2733450E-04  1.6194591E-03
  -18.0000  2.3543935E-06  5.5089682E-07  8.9007523E-07
  -17.0000  2.7694520E-06  6.4706389E-07  5.4161996E-07
  -16.0000  7.2363777E-06  1.2818370E-06  1.1732203E-06
  -15.0000  1.3848832E-04  4.2373096E-04  2.3173959E-04
  -14.0000  9.5368460E-06  2.0265850E-05  7.7103338E-06
  -13.0000  1.4341721E-06  3.5642517E-06  3.1611262E-06
  -12.0000  5.9074667E-06  1.0831948E-05  2.3854884E-05
  -11.0000  3.0132848E-05  2.5908115E-05  3.6342422E-05
  -10.0000  1.1041716E-03  1.8603356E-04  8.8860879E-05
  -9.00000  1.0509543E-03  3.8334376E-04  2.6757703E-04
  -8.00000  2.9875938E-04  2.1596761E-04  3.2508630E-05
  -7.00000  4.2078944E-03  8.9197513E-04  9.0598598E-05
  -6.00000  5.6252105E-04  8.7962427E-04  1.0595777E-03
  -5.00000  9.3765631E-03  1.1124124E-02  3.9379656E-02
  -4.00000  7.0752050E-03  1.6168659E-02  5.3505780E-03
  -3.00000  2.1895018E-03  9.7322848E-03  2.0315049E-03
  -2.00000  3.6225695E-03  8.7592677E-03  6.3321444E-03
  -1.00000  5.5782737E-04  1.1585078E-03  4.2903418E-04
   0.00000  2.8308898E-03  5.5506140E-03  6.5638406E-03
   1.00000  5.7828184E-04  2.7816526E-03  1.0905657E-03
   2.00000  6.1144141E-04  1.1482976E-03  7.4057240E-04
   3.00000  8.6376450E-04  1.3491069E-03  9.2874925E-04
   4.00000  1.3955279E-03  1.9599880E-03  1.6010637E-03
   5.00000  2.4767159E-03  3.2781285E-03  4.0618038E-03
   5.20000  2.8188170E-03  3.7139909E-03  5.2020000E-03
   5.40000  3.2486693E-03  4.2340607E-03  6.8174256E-03
   5.60000  3.8109647E-03  4.8342839E-03  9.0257681E-03
   5.80000  4.5227085E-03  5.4727165E-03  1.1595461E-02
   6.00000  5.2733633E-03  6.1070105E-03  1.3654674E-02
   6.20000  5.9106588E-03  6.7407561E-03  1.4471462E-02
   6.40000  6.4254701E-03  7.2772436E-03  1.3917399E-02
   6.60000  6.8960723E-03  7.5767043E-03  1.2303793E-02
   6.80000  7.3806654E-03  7.7074898E-03  1.0390182E-02
   7.00000  7.9405832E-03  7.8385047E-03  8.7810252E-03
   7.20000  8.6261196E-03  8.0650959E-03  7.6366895E-03
   7.40000  9.5309402E-03  8.4111221E-03  6.9193191E-03
   7.60000  1.0715974E-02  8.8685380E-03  6.5542842E-03
   7.80000  1.2222309E-02  9.4521438E-03  6.4907360E-03
   8.00000  1.4134657E-02  1.0199540E-02  6.7085460E-03
   8.20000  1.6586723E-02  1.1153434E-02  7.2114394E-03
   8.40000  1.9721948E-02  1.2356031E-02  8.0173190E-03
   8.60000  2.3595498E-02  1.3836931E-02  9.1366914E-03
   8.80000  2.7961680E-02  1.5557838E-02  1.0525482E-02
   9.00000  3.2031576E-02  1.7319090E-02  1.2024920E-02
   9.20000  3.4662291E-02  1.8766128E-02  1.3392798E-02
   9.40000  3.5211630E-02  1.9652930E-02  1.4486449E-02
   9.60000  3.4104250E-02  2.0053495E-02  1.5405593E-02
   9.80000  3.2284620E-02  2.0242026E-02  1.6383991E-02
   10.0000  3.0495713E-02  2.0464677E-02  1.7617293E-02
   10.2500  2.8805719E-02  2.0984472E-02  1.9650815E-02
   10.5000  2.7826151E-02  2.1831789E-02  2.2222122E-02
   10.7500  2.7438485E-02  2.2984471E-02  2.5204374E-02
   11.0000  2.7459594E-02  2.4398023E-02  2.8429161E-02
   11.2500  2.7734968E-02  2.6147269E-02  3.1639451E-02
   11.5000  2.8062530E-02  2.8100782E-02  3.5153512E-02
   11.7500  2.8463716E-02  3.0404293E-02  3.8470969E-02
   12.0000  2.8788574E-02  3.3190330E-02  4.1667373E-02
   12.2500  2.9161891E-02  3.6145763E-02  4.4848942E-02
   12.5000  2.9453989E-02  3.9189174E-02  4.7463058E-02
   12.7500  2.9606199E-02  4.2083437E-02  4.9151045E-02
   13.0000  2.9865506E-02  4.4565198E-02  4.9920512E-02
   13.2500  2.9702934E-02  4.6182553E-02  4.9344572E-02
   13.5000  2.9564669E-02  4.7337151E-02  4.7891675E-02
   13.7500  2.9262650E-02  4.7817450E-02  4.6024957E-02
   14.0000  2.9026213E-02  4.7501041E-02  4.4016117E-02
   14.2500  2.8999300E-02  4.6092484E-02  4.1985443E-02
   14.5000  2.8882846E-02  4.4637149E-02  4.0304316E-02
   14.7500  2.8868181E-02  4.2812078E-02  3.8872703E-02
   15.0000  2.8938960E-02  4.0797503E-02  3.7707054E-02
   15.2500  2.9077454E-02  3.8759448E-02  3.6797528E-02
   15.5000  2.9271309E-02  3.6826052E-02  3.6123569E-02
   15.7500  2.9509436E-02  3.5075242E-02  3.5651097E-02
   16.0000  2.9787389E-02  3.3543630E-02  3.5353045E-02
   16.2500  3.0100878E-02  3.2237666E-02  3.5201570E-02
   16.5000  3.0445047E-02  3.1145066E-02  3.5169823E-02
   16.7500  3.0813477E-02  3.0243090E-02  3.5234496E-02
   17.0000  3.1197970E-02  2.9505329E-02  3.5377266E-02
   17.2500  3.1589884E-02  2.8905660E-02  3.5580111E-02
   17.5000  3.1980956E-02  2.8418466E-02  3.5826103E-02
   17.7500  3.2365002E-02  2.8021928E-02  3.6101979E-02
   18.0000  3.2740597E-02  2.7698474E-02  3.6398083E-02
   18.2500  3.3110467E-02  2.7435296E-02  3.6707765E-02
   18.5000  3.3481586E-02  2.7223833E-02  3.7026877E-02
   18.7500  3.3864624E-02  2.7059894E-02  3.7354037E-02
   19.0000  3.4272561E-02  2.6942224E-02  3.7688641E-02
   19.2500  3.4719601E-02  2.6871095E-02  3.8027296E-02
   19.5000  3.5219539E-02  2.6849007E-02  3.8367259E-02
   19.7500  3.5785706E-02  2.6879801E-02  3.8701698E-02
   20.0000  3.6429140E-02  2.6966473E-02  3.9020643E-02
   21.0000  3.9849249E-02  2.7896024E-02  3.9815375E-02
   22.0000  4.3861867E-02  2.9692392E-02  3.8971999E-02
   23.0000  4.5544508E-02  3.2078503E-02  3.6111200E-02
   24.0000  4.3734615E-02  3.4651326E-02  3.2658909E-02
   25.0000  4.1369157E-02  3.6895150E-02  3.0272380E-02
   26.0000  3.9897876E-02  3.8196494E-02  2.9089628E-02
   27.0000  3.8841058E-02  3.8112739E-02  2.8558053E-02
   28.0000  3.7640574E-02  3.6711272E-02  2.8244500E-02
   29.0000  3.6083762E-02  3.4550474E-02  2.7977063E-02
   30.0000  3.4205899E-02  3.2287591E-02  2.7727943E-02
   31.0000  3.2152161E-02  3.0357851E-02  2.7513625E-02
   32.0000  3.0065474E-02  2.8929628E-02  2.7359951E-02
   33.0000  2.8068167E-02  2.8004537E-02  2.7299476E-02
   34.0000  2.6154644E-02  2.7428644E-02  2.7213894E-02
   35.0000  2.4617413E-02  2.7299399E-02  2.7400683E-02
   36.0000  2.3377739E-02  2.7427974E-02  2.7675849E-02
   37.0000  2.2414067E-02  2.7694644E-02  2.7957499E-02
   38.0000  2.1678592E-02  2.8005104E-02  2.8152367E-02
   39.0000  2.1139094E-02  2.8331414E-02  2.8186749E-02
   40.0000  2.0800153E-02  2.8719611E-02  2.8033761E-02
