  7709.000   27  1  1  1.9222038E-02 -4.4933504E+00 -2.2698740E-01  1  1  7.5663475E+03  8.0000000E+03  0.0000000E+00  1.1792254E+00  1.0000000E+00  0.0000000E+00  = E_edge, Z, n_edge, j_edge, Abs_before_edge, VO_interstitial, E_cut, ninit, ninit1, Epsii, UnitCell_Volume, Surface_ref, f0_forward, natomsym_f, abs_u_iso
    Energy   (100,001)      (010,001)      (001,110)   
  -25.0000  4.4345031E-09  8.6917886E-10  7.8340516E-10
  -24.0000  1.1528700E-08  2.0888028E-09  1.8439422E-09
  -23.0000  3.5242735E-08  5.8442882E-09  5.0127634E-09
  -22.0000  1.4400614E-07  2.1558964E-08  1.7779269E-08
  -21.0000  1.2743980E-06  1.7087927E-07  1.3730395E-07
  -20.0000  7.8722626E-05  1.6581651E-06  8.2752117E-06
  -19.0000  5.7059832E-06  1.1204389E-05  3.9419444E-05
  -18.0000  1.8896311E-06  5.4111238E-07  7.2361080E-07
  -17.0000  2.1727269E-06  3.6756867E-07  4.4993850E-07
  -16.0000  4.6852773E-06  5.4087529E-07  7.5891477E-07
  -15.0000  7.5632216E-04  5.4596362E-04  5.2613562E-05
  -14.0000  4.6956311E-04  3.5586719E-04  5.1987207E-04
  -13.0000  1.4580908E-06  2.1387558E-06  3.6165004E-06
  -12.0000  4.8483077E-06  1.2948287E-05  2.9352657E-05
  -11.0000  2.3541656E-05  1.1933667E-05  1.9471387E-05
  -10.0000  3.3804628E-04  3.5775304E-05  1.7391733E-05
  -9.00000  2.2530709E-03  2.4000091E-03  1.1306258E-04
  -8.00000  7.6467650E-05  2.8909220E-05  8.3288119E-06
  -7.00000  1.8893092E-02  8.2222469E-04  1.6089107E-03
  -6.00000  5.2453534E-04  1.5853132E-04  2.8930424E-04
  -5.00000  3.0426308E-03  5.5506705E-04  1.2425183E-03
  -4.00000  4.3236366E-03  1.1696777E-03  2.5736072E-03
  -3.00000  2.3561529E-03  2.1016859E-03  1.4290588E-03
  -2.00000  1.4365121E-03  2.8104783E-03  1.8865684E-03
  -1.00000  4.9072088E-04  7.8240940E-04  5.4489443E-04
   0.00000  1.5576368E-03  2.2302318E-02  6.8425836E-03
   1.00000  6.9439920E-04  6.6409761E-04  1.1227717E-03
   2.00000  4.7288224E-04  6.3454725E-04  4.8407045E-04
   3.00000  6.5642822E-04  9.0539504E-04  5.5088826E-04
   4.00000  1.0733351E-03  1.4412304E-03  8.0417911E-04
   5.00000  1.8978297E-03  2.4752911E-03  1.4366934E-03
   5.20000  2.1416633E-03  2.8107692E-03  1.6487958E-03
   5.40000  2.4251640E-03  3.2233059E-03  1.9051704E-03
   5.60000  2.7617202E-03  3.7445443E-03  2.2183520E-03
   5.80000  3.1757193E-03  4.4266428E-03  2.6068771E-03
   6.00000  3.7129728E-03  5.3542851E-03  3.0968236E-03
   6.20000  4.4500425E-03  6.6385775E-03  3.7192084E-03
   6.40000  5.4363430E-03  8.3570741E-03  4.5056914E-03
   6.60000  6.4996360E-03  1.0436255E-02  5.4993352E-03
   6.80000  7.3580442E-03  1.2729984E-02  6.7805281E-03
   7.00000  8.0912676E-03  1.5260680E-02  8.4537882E-03
   7.20000  9.0278753E-03  1.8115683E-02  1.0546903E-02
   7.40000  1.0441148E-02  2.1111824E-02  1.2830387E-02
   7.60000  1.2546263E-02  2.3719397E-02  1.4649496E-02
   7.80000  1.5573973E-02  2.5450568E-02  1.5260313E-02
   8.00000  1.9751071E-02  2.6348062E-02  1.4615676E-02
   8.20000  2.5072392E-02  2.6793809E-02  1.3338252E-02
   8.40000  3.0825755E-02  2.6966923E-02  1.2062982E-02
   8.60000  3.5035721E-02  2.6782740E-02  1.1182871E-02
   8.80000  3.5606492E-02  2.6004777E-02  1.0890929E-02
   9.00000  3.2159522E-02  2.5153316E-02  1.1103477E-02
   9.20000  2.7206475E-02  2.4964772E-02  1.1743689E-02
   9.40000  2.3084415E-02  2.5848497E-02  1.2821988E-02
   9.60000  2.0486410E-02  2.7902914E-02  1.4387592E-02
   9.80000  1.9263727E-02  3.1100151E-02  1.6497575E-02
   10.0000  1.9135423E-02  3.5340569E-02  1.9219180E-02
   10.2500  2.0195011E-02  4.1814996E-02  2.3600988E-02
   10.5000  2.2351566E-02  4.9055352E-02  2.9218732E-02
   10.7500  2.5349519E-02  5.6322613E-02  3.6144343E-02
   11.0000  2.8827400E-02  6.2798995E-02  4.4147484E-02
   11.2500  3.2209510E-02  6.7653519E-02  5.2380100E-02
   11.5000  3.4717855E-02  7.0142793E-02  5.9268286E-02
   11.7500  3.5687338E-02  6.9877814E-02  6.3121593E-02
   12.0000  3.5181825E-02  6.6475991E-02  6.2646473E-02
   12.2500  3.3482075E-02  6.2053484E-02  6.0148111E-02
   12.5000  3.1503571E-02  5.6982240E-02  5.6217501E-02
   12.7500  2.9809549E-02  5.1976241E-02  5.2037854E-02
   13.0000  2.8487490E-02  4.7267685E-02  4.8108995E-02
   13.2500  2.7840767E-02  4.3318224E-02  4.4851686E-02
   13.5000  2.7638045E-02  3.9937449E-02  4.2063064E-02
   13.7500  2.7967732E-02  3.8074344E-02  3.9449428E-02
   14.0000  2.8372444E-02  3.5407630E-02  3.6808399E-02
   14.2500  2.8892854E-02  3.3394791E-02  3.5200776E-02
   14.5000  2.9462905E-02  3.1679983E-02  3.3522951E-02
   14.7500  3.0107898E-02  3.0231894E-02  3.2077990E-02
   15.0000  3.0822346E-02  2.9012196E-02  3.0861490E-02
   15.2500  3.1602912E-02  2.7990001E-02  2.9868340E-02
   15.5000  3.2445251E-02  2.7142467E-02  2.9093384E-02
   15.7500  3.3330768E-02  2.6446435E-02  2.8525657E-02
   16.0000  3.4237692E-02  2.5888592E-02  2.8153969E-02
   16.2500  3.5132305E-02  2.5457594E-02  2.7963078E-02
   16.5000  3.5971982E-02  2.5144413E-02  2.7933626E-02
   16.7500  3.6711833E-02  2.4940445E-02  2.8043376E-02
   17.0000  3.7315233E-02  2.4836301E-02  2.8267848E-02
   17.2500  3.7765121E-02  2.4821909E-02  2.8582840E-02
   17.5000  3.8067875E-02  2.4885614E-02  2.8965793E-02
   17.7500  3.8251535E-02  2.5015624E-02  2.9399240E-02
   18.0000  3.8355694E-02  2.5199234E-02  2.9870344E-02
   18.2500  3.8422988E-02  2.5424630E-02  3.0370995E-02
   18.5000  3.8489357E-02  2.5681267E-02  3.0896445E-02
   18.7500  3.8580685E-02  2.5961384E-02  3.1444162E-02
   19.0000  3.8712516E-02  2.6259894E-02  3.2010049E-02
   19.2500  3.8893189E-02  2.6575468E-02  3.2590427E-02
   19.5000  3.9121139E-02  2.6908692E-02  3.3176697E-02
   19.7500  3.9394031E-02  2.7263355E-02  3.3760345E-02
   20.0000  3.9704171E-02  2.7644863E-02  3.4329859E-02
   21.0000  4.1015877E-02  2.9513449E-02  3.6139239E-02
   22.0000  4.1520523E-02  3.1858637E-02  3.6515640E-02
   23.0000  4.0661881E-02  3.4063046E-02  3.5712139E-02
   24.0000  3.8996754E-02  3.5317905E-02  3.4977084E-02
   25.0000  3.7140364E-02  3.5190143E-02  3.4651796E-02
   26.0000  3.5374818E-02  3.3956760E-02  3.4225859E-02
   27.0000  3.3909693E-02  3.2370147E-02  3.3392965E-02
   28.0000  3.2954594E-02  3.0970497E-02  3.2309017E-02
   29.0000  3.2392947E-02  2.9906472E-02  3.1197697E-02
   30.0000  3.1839062E-02  2.9138631E-02  3.0136045E-02
   31.0000  3.0849845E-02  2.8481644E-02  2.9026114E-02
   32.0000  2.9718797E-02  2.8028628E-02  2.8102622E-02
   33.0000  2.8375932E-02  2.7664765E-02  2.7317503E-02
   34.0000  2.6931140E-02  2.7369731E-02  2.6742512E-02
   35.0000  2.5478260E-02  2.7118753E-02  2.6421491E-02
   36.0000  2.4092673E-02  2.6876919E-02  2.6331332E-02
   37.0000  2.2838043E-02  2.6594372E-02  2.6372781E-02
   38.0000  2.1776972E-02  2.6200151E-02  2.6413317E-02
   39.0000  2.0961819E-02  2.5615406E-02  2.6363467E-02
   40.0000  2.0422505E-02  2.4797390E-02  2.6206683E-02
