  7709.000   27  1  1  1.9222038E-02 -4.7255684E+00 -2.8457311E-01  1  1  7.5657941E+03  8.0000000E+03  0.0000000E+00  1.1792254E+00  1.0000000E+00  0.0000000E+00  = E_edge, Z, n_edge, j_edge, Abs_before_edge, VO_interstitial, E_cut, ninit, ninit1, Epsii, UnitCell_Volume, Surface_ref, f0_forward, natomsym_f, abs_u_iso
    Energy   (100,001)      (010,001)      (001,110)   
  -25.0000  4.8216188E-09  1.4212042E-09  9.1284662E-10
  -24.0000  1.2483149E-08  3.5891555E-09  2.0682229E-09
  -23.0000  3.7932070E-08  1.0763428E-08  5.2653020E-09
  -22.0000  1.5285359E-07  4.4194836E-08  1.6309041E-08
  -21.0000  1.2442218E-06  4.2485277E-07  8.4929492E-08
  -20.0000  3.2254590E-04  8.2048800E-06  2.8363549E-06
  -19.0000  1.5631616E-05  1.2346752E-05  4.9497058E-05
  -18.0000  2.2823059E-06  5.2748605E-07  9.2245503E-07
  -17.0000  2.6526115E-06  5.2825650E-07  5.7378182E-07
  -16.0000  6.8890480E-06  1.0163729E-06  8.6054264E-07
  -15.0000  9.1609486E-03  5.8277125E-03  1.7777973E-03
  -14.0000  3.9784606E-06  8.7472722E-06  5.3969767E-06
  -13.0000  1.2630731E-06  4.0955892E-06  6.2796637E-06
  -12.0000  3.3736701E-05  4.0592794E-04  5.8539995E-04
  -11.0000  1.7138164E-05  9.5266485E-06  1.0635417E-05
  -10.0000  1.8808993E-04  5.5982087E-05  1.1041374E-04
  -9.00000  6.7426609E-04  2.2983235E-04  1.1771957E-05
  -8.00000  4.7957310E-03  4.1685123E-04  9.9246819E-05
  -7.00000  5.6032136E-04  2.1831972E-04  7.6908874E-05
  -6.00000  8.0713704E-04  2.1629633E-04  3.6773558E-04
  -5.00000  1.1803577E-03  4.6080948E-04  1.6487758E-03
  -4.00000  2.3805323E-03  1.8149661E-03  2.3162492E-03
  -3.00000  8.4214159E-03  2.5237160E-02  8.1749884E-03
  -2.00000  8.0914101E-04  2.1154962E-03  1.4833339E-03
  -1.00000  4.7892650E-04  6.6957069E-04  4.4556489E-04
   0.00000  4.8680351E-03  1.6591648E-02  1.3402266E-02
   1.00000  6.0104423E-04  7.6045547E-04  7.1340874E-04
   2.00000  5.8339524E-04  8.1783782E-04  5.5666243E-04
   3.00000  8.3847835E-04  1.1880928E-03  6.9824428E-04
   4.00000  1.1116662E-03  1.7799112E-03  1.0811675E-03
   5.00000  2.3869330E-03  3.3237192E-03  2.0841443E-03
   5.20000  2.7700549E-03  3.9265581E-03  2.4399302E-03
   5.40000  3.1571892E-03  4.6077118E-03  2.8739604E-03
   5.60000  3.5982518E-03  5.3705099E-03  3.4054585E-03
   5.80000  4.1565996E-03  6.2502000E-03  4.0623977E-03
   6.00000  4.9026463E-03  7.2940261E-03  4.8809498E-03
   6.20000  5.9191949E-03  8.5462778E-03  5.8987718E-03
   6.40000  7.2984090E-03  1.0034087E-02  7.1315867E-03
   6.60000  9.1187683E-03  1.1737135E-02  8.5188634E-03
   6.80000  1.1430342E-02  1.3555412E-02  9.8573806E-03
   7.00000  1.4318190E-02  1.5339839E-02  1.0850170E-02
   7.20000  1.8016168E-02  1.6978453E-02  1.1329660E-02
   7.40000  2.2926726E-02  1.8476467E-02  1.1401745E-02
   7.60000  2.9042536E-02  1.9862143E-02  1.1313883E-02
   7.80000  3.4760938E-02  2.1048272E-02  1.1249318E-02
   8.00000  3.6802403E-02  2.1952654E-02  1.1294319E-02
   8.20000  3.3837495E-02  2.2861451E-02  1.1511259E-02
   8.40000  2.8535230E-02  2.4357380E-02  1.1985487E-02
   8.60000  2.3643685E-02  2.6876586E-02  1.2831118E-02
   8.80000  2.0454641E-02  3.0615703E-02  1.4136224E-02
   9.00000  1.8711734E-02  3.5594789E-02  1.6019621E-02
   9.20000  1.8099011E-02  4.1590493E-02  1.8578933E-02
   9.40000  1.8348004E-02  4.8126747E-02  2.1888948E-02
   9.60000  1.9277441E-02  5.4587432E-02  2.6000599E-02
   9.80000  2.0781515E-02  6.0428857E-02  3.0952147E-02
   10.0000  2.2810669E-02  6.5312550E-02  3.6769267E-02
   10.2500  2.6062202E-02  6.9855564E-02  4.5219085E-02
   10.5000  3.0004152E-02  7.2701552E-02  5.4781304E-02
   10.7500  3.4605741E-02  7.3606089E-02  6.4419034E-02
   11.0000  3.9421563E-02  7.2767973E-02  7.2396927E-02
   11.2500  4.3587125E-02  7.0293236E-02  7.7313252E-02
   11.5000  4.5691180E-02  6.6182703E-02  7.7153131E-02
   11.7500  4.5843813E-02  6.1222220E-02  7.3204680E-02
   12.0000  4.4369203E-02  5.5760319E-02  6.6908756E-02
   12.2500  4.2107780E-02  5.0322159E-02  6.0051909E-02
   12.5000  3.9734758E-02  4.5296558E-02  5.3707798E-02
   12.7500  3.7785881E-02  4.1326182E-02  4.7759362E-02
   13.0000  3.5960141E-02  3.7561340E-02  4.3283145E-02
   13.2500  3.4523385E-02  3.4404898E-02  3.9595404E-02
   13.5000  3.3331609E-02  3.1376500E-02  3.5626878E-02
   13.7500  3.2493125E-02  2.9621889E-02  3.3141816E-02
   14.0000  3.1996618E-02  2.7902164E-02  3.1068176E-02
   14.2500  3.1726361E-02  2.6478412E-02  2.9318281E-02
   14.5000  3.1641315E-02  2.5296999E-02  2.7854708E-02
   14.7500  3.1705216E-02  2.4315916E-02  2.6655098E-02
   15.0000  3.1885058E-02  2.3502447E-02  2.5704889E-02
   15.2500  3.2152171E-02  2.2835030E-02  2.4993672E-02
   15.5000  3.2476231E-02  2.2296229E-02  2.4505464E-02
   15.7500  3.2829410E-02  2.1876775E-02  2.4227684E-02
   16.0000  3.3182486E-02  2.1570435E-02  2.4143502E-02
   16.2500  3.3508779E-02  2.1372107E-02  2.4232380E-02
   16.5000  3.3793312E-02  2.1278427E-02  2.4473317E-02
   16.7500  3.4037563E-02  2.1285492E-02  2.4843674E-02
   17.0000  3.4262151E-02  2.1388469E-02  2.5320068E-02
   17.2500  3.4503104E-02  2.1582119E-02  2.5880540E-02
   17.5000  3.4801634E-02  2.1860172E-02  2.6504541E-02
   17.7500  3.5189848E-02  2.2215496E-02  2.7172907E-02
   18.0000  3.5679659E-02  2.2638789E-02  2.7866129E-02
   18.2500  3.6262102E-02  2.3119831E-02  2.8565390E-02
   18.5000  3.6909119E-02  2.3646526E-02  2.9252514E-02
   18.7500  3.7582066E-02  2.4206659E-02  2.9911355E-02
   19.0000  3.8239676E-02  2.4785986E-02  3.0526763E-02
   19.2500  3.8844776E-02  2.5373068E-02  3.1088187E-02
   19.5000  3.9368565E-02  2.5959790E-02  3.1586102E-02
   19.7500  3.9791751E-02  2.6542975E-02  3.2012764E-02
   20.0000  4.0102499E-02  2.7123931E-02  3.2360160E-02
   21.0000  4.0226212E-02  2.9528344E-02  3.2857922E-02
   22.0000  3.9234287E-02  3.2197850E-02  3.2257738E-02
   23.0000  3.8159523E-02  3.4562275E-02  3.1636057E-02
   24.0000  3.6992053E-02  3.5525985E-02  3.1493131E-02
   25.0000  3.5279391E-02  3.4802074E-02  3.1656070E-02
   26.0000  3.3167487E-02  3.3213087E-02  3.2011358E-02
   27.0000  3.1344852E-02  3.1603209E-02  3.2465644E-02
   28.0000  3.0148174E-02  3.0290839E-02  3.2609837E-02
   29.0000  2.9374763E-02  2.9601272E-02  3.2444402E-02
   30.0000  2.8551934E-02  2.9342134E-02  3.1844943E-02
   31.0000  2.7541969E-02  2.9262312E-02  3.1017142E-02
   32.0000  2.6401421E-02  2.9174173E-02  3.0185299E-02
   33.0000  2.5247918E-02  2.9013213E-02  2.9493990E-02
   34.0000  2.4193436E-02  2.8802807E-02  2.8980419E-02
   35.0000  2.3325760E-02  2.8562736E-02  2.8581400E-02
   36.0000  2.2701292E-02  2.8280965E-02  2.8173444E-02
   37.0000  2.2333422E-02  2.7901387E-02  2.7627079E-02
   38.0000  2.2185191E-02  2.7335338E-02  2.6888541E-02
   39.0000  2.2157516E-02  2.6511447E-02  2.5991779E-02
   40.0000  2.2133088E-02  2.5450628E-02  2.5014834E-02
