  7709.000   27  1  1  1.9222038E-02 -4.9455790E+00 -2.3301708E-01  1  1  7.5663460E+03  8.0000000E+03  0.0000000E+00  1.1792254E+00  1.0000000E+00  0.0000000E+00  = E_edge, Z, n_edge, j_edge, Abs_before_edge, VO_interstitial, E_cut, ninit, ninit1, Epsii, UnitCell_Volume, Surface_ref, f0_forward, natomsym_f, abs_u_iso
    Energy   (100,001)      (010,001)      (001,110)   
  -25.0000  5.8138646E-09  1.3081011E-09  7.5571134E-10
  -24.0000  1.5678046E-08  3.4242287E-09  1.7090091E-09
  -23.0000  5.1019543E-08  1.0974479E-08  4.3195292E-09
  -22.0000  2.3904486E-07  5.2376082E-08  1.2996606E-08
  -21.0000  3.7329603E-06  9.1207987E-07  5.5229765E-08
  -20.0000  9.2486364E-06  2.1733663E-06  8.7182107E-07
  -19.0000  6.5669452E-06  3.2869049E-04  8.4715271E-04
  -18.0000  3.6594349E-06  2.3954412E-06  2.2575317E-06
  -17.0000  4.0421308E-06  8.3659636E-07  6.1269533E-07
  -16.0000  1.6648226E-05  2.1601166E-06  7.0386441E-07
  -15.0000  5.2045132E-05  5.6318782E-06  4.4282261E-06
  -14.0000  5.4119320E-05  7.9304123E-05  8.7086674E-05
  -13.0000  1.3255941E-06  3.8117582E-06  6.6365440E-06
  -12.0000  8.3620073E-03  7.9897095E-03  1.6078928E-01
  -11.0000  1.1906674E-05  1.0542160E-05  1.0934661E-05
  -10.0000  1.6105593E-04  3.7875787E-05  2.9149704E-05
  -9.00000  3.6274699E-03  3.0064851E-04  1.6383694E-04
  -8.00000  1.3629992E-03  4.7172363E-05  3.6244298E-05
  -7.00000  4.7049391E-04  1.9613604E-04  5.9917357E-05
  -6.00000  1.2767263E-03  4.9183462E-04  1.7230162E-04
  -5.00000  9.1874825E-04  2.5003592E-04  2.6317300E-04
  -4.00000  1.0798623E-02  1.5356829E-03  1.1555959E-02
  -3.00000  1.5461769E-02  6.1436196E-03  1.7276040E-02
  -2.00000  1.5596060E-03  3.3571330E-03  2.2956580E-03
  -1.00000  8.5141086E-04  1.0014032E-03  7.9095594E-04
   0.00000  2.5613415E-03  2.8011422E-03  2.8992745E-03
   1.00000  4.3648699E-04  6.6493797E-04  3.8872579E-04
   2.00000  4.7752124E-04  7.4287464E-04  3.9613789E-04
   3.00000  7.0117049E-04  1.0703334E-03  6.0856482E-04
   4.00000  1.0209755E-03  1.7962458E-03  1.1345513E-03
   5.00000  2.1502183E-03  3.8888675E-03  2.6559421E-03
   5.20000  2.5955329E-03  4.7089491E-03  3.2369961E-03
   5.40000  3.1584300E-03  5.7242566E-03  3.9319547E-03
   5.60000  3.8011373E-03  6.9210317E-03  4.7046615E-03
   5.80000  4.4378088E-03  8.2948599E-03  5.5118001E-03
   6.00000  5.0474946E-03  9.9627693E-03  6.3725532E-03
   6.20000  5.6984361E-03  1.2251233E-02  7.3352721E-03
   6.40000  6.4798035E-03  1.5649126E-02  8.3548470E-03
   6.60000  7.4853252E-03  2.0707379E-02  9.2758516E-03
   6.80000  8.8796700E-03  2.7793663E-02  9.9616987E-03
   7.00000  1.0932704E-02  3.6252481E-02  1.0288430E-02
   7.20000  1.3783031E-02  4.2873643E-02  1.0084824E-02
   7.40000  1.6924730E-02  4.3149371E-02  9.4484233E-03
   7.60000  1.8921018E-02  3.6812440E-02  8.9100738E-03
   7.80000  1.8747997E-02  2.8806612E-02  8.9100840E-03
   8.00000  1.7220103E-02  2.3309767E-02  9.5414946E-03
   8.20000  1.5742589E-02  2.0962908E-02  1.0764065E-02
   8.40000  1.4993781E-02  2.0955146E-02  1.2551637E-02
   8.60000  1.5102988E-02  2.2588714E-02  1.4906259E-02
   8.80000  1.6058227E-02  2.5461488E-02  1.7839843E-02
   9.00000  1.7857475E-02  2.9297222E-02  2.1357661E-02
   9.20000  2.0508055E-02  3.3843872E-02  2.5451811E-02
   9.40000  2.3946708E-02  3.8789366E-02  3.0071164E-02
   9.60000  2.7925137E-02  4.3696038E-02  3.5086034E-02
   9.80000  3.1925488E-02  4.7995004E-02  4.0293554E-02
   10.0000  3.5248145E-02  5.1158240E-02  4.5513025E-02
   10.2500  3.7594683E-02  5.3241633E-02  5.2048920E-02
   10.5000  3.7779469E-02  5.3773679E-02  5.8889642E-02
   10.7500  3.6319754E-02  5.2942367E-02  6.5708430E-02
   11.0000  3.4786012E-02  5.2902988E-02  7.2777951E-02
   11.2500  3.3500431E-02  5.2699281E-02  7.6950942E-02
   11.5000  3.3169438E-02  5.1231775E-02  7.6686371E-02
   11.7500  3.3507469E-02  4.9546842E-02  7.2577816E-02
   12.0000  3.4402206E-02  4.7085545E-02  6.6350633E-02
   12.2500  3.5536050E-02  4.4157987E-02  5.9618796E-02
   12.5000  3.6833307E-02  4.2151221E-02  5.2863952E-02
   12.7500  3.7713727E-02  3.9329165E-02  4.7443699E-02
   13.0000  3.8617486E-02  3.6997903E-02  4.2556834E-02
   13.2500  3.8845366E-02  3.3851632E-02  3.8071577E-02
   13.5000  3.8806869E-02  3.1677866E-02  3.5092285E-02
   13.7500  3.8661397E-02  2.9733894E-02  3.2648699E-02
   14.0000  3.8499444E-02  2.8022542E-02  3.0650867E-02
   14.2500  3.8385437E-02  2.6541922E-02  2.9034417E-02
   14.5000  3.8357368E-02  2.5286645E-02  2.7755120E-02
   14.7500  3.8432671E-02  2.4246165E-02  2.6782041E-02
   15.0000  3.8612281E-02  2.3408682E-02  2.6090505E-02
   15.2500  3.8881583E-02  2.2763481E-02  2.5660862E-02
   15.5000  3.9215771E-02  2.2299667E-02  2.5472457E-02
   15.7500  3.9577572E-02  2.2009363E-02  2.5508484E-02
   16.0000  3.9929691E-02  2.1886113E-02  2.5749972E-02
   16.2500  4.0243390E-02  2.1922589E-02  2.6173427E-02
   16.5000  4.0508185E-02  2.2110207E-02  2.6751129E-02
   16.7500  4.0734007E-02  2.2438882E-02  2.7448431E-02
   17.0000  4.0943138E-02  2.2896521E-02  2.8224021E-02
   17.2500  4.1156642E-02  2.3467707E-02  2.9029918E-02
   17.5000  4.1376727E-02  2.4134758E-02  2.9815607E-02
   17.7500  4.1582013E-02  2.4877600E-02  3.0532682E-02
   18.0000  4.1732380E-02  2.5673931E-02  3.1140274E-02
   18.2500  4.1778556E-02  2.6500425E-02  3.1610045E-02
   18.5000  4.1679994E-02  2.7335776E-02  3.1930564E-02
   18.7500  4.1416387E-02  2.8162769E-02  3.2107050E-02
   19.0000  4.0989397E-02  2.8965200E-02  3.2156652E-02
   19.2500  4.0421601E-02  2.9734967E-02  3.2102396E-02
   19.5000  3.9749899E-02  3.0468786E-02  3.1969600E-02
   19.7500  3.9016683E-02  3.1165900E-02  3.1781798E-02
   20.0000  3.8263834E-02  3.1827621E-02  3.1558328E-02
   21.0000  3.5677536E-02  3.4131792E-02  3.0609755E-02
   22.0000  3.4419411E-02  3.5637248E-02  3.0051695E-02
   23.0000  3.4263465E-02  3.5932248E-02  3.0111651E-02
   24.0000  3.4427692E-02  3.5093209E-02  3.0638129E-02
   25.0000  3.4342080E-02  3.3600854E-02  3.1251058E-02
   26.0000  3.3963618E-02  3.2033861E-02  3.1578805E-02
   27.0000  3.3416226E-02  3.0801505E-02  3.1522556E-02
   28.0000  3.2539928E-02  2.9861701E-02  3.1034426E-02
   29.0000  3.1312231E-02  2.9233305E-02  3.0327502E-02
   30.0000  2.9676886E-02  2.8596575E-02  2.9395785E-02
   31.0000  2.7883234E-02  2.7893142E-02  2.8357582E-02
   32.0000  2.6131321E-02  2.7155600E-02  2.7295894E-02
   33.0000  2.4507943E-02  2.6421705E-02  2.6256099E-02
   34.0000  2.3030160E-02  2.5716177E-02  2.5265767E-02
   35.0000  2.1708863E-02  2.5052870E-02  2.4359190E-02
   36.0000  2.0570082E-02  2.4443019E-02  2.3582961E-02
   37.0000  1.9643974E-02  2.3897885E-02  2.2974369E-02
   38.0000  1.8964012E-02  2.3423235E-02  2.2526497E-02
   39.0000  1.8575114E-02  2.3030737E-02  2.2206003E-02
   40.0000  1.8504091E-02  2.2750530E-02  2.2027748E-02
