  7709.000   27  1  1  1.9222038E-02 -4.3020306E+00 -2.4418404E-01  1  1  7.5663453E+03  8.0000000E+03  0.0000000E+00  1.1792254E+00  1.0000000E+00  0.0000000E+00  = E_edge, Z, n_edge, j_edge, Abs_before_edge, VO_interstitial, E_cut, ninit, ninit1, Epsii, UnitCell_Volume, Surface_ref, f0_forward, natomsym_f, abs_u_iso
    Energy   (100,001)      (010,001)      (001,110)   
  -25.0000  3.7895441E-09  9.5621278E-10  6.0326730E-10
  -24.0000  9.4989549E-09  2.2927090E-09  1.3539071E-09
  -23.0000  2.7374401E-08  6.3495642E-09  3.3870958E-09
  -22.0000  9.9850347E-08  2.2622027E-08  1.0038634E-08
  -21.0000  6.2730698E-07  1.4824323E-07  4.1208551E-08
  -20.0000  5.8395845E-04  1.8653758E-04  2.9655817E-06
  -19.0000  1.8798307E-05  3.5982927E-06  9.1820661E-06
  -18.0000  5.2745594E-06  7.0911142E-06  4.8563808E-06
  -17.0000  3.3139694E-06  9.9842285E-07  6.2375439E-07
  -16.0000  5.8624822E-06  1.2046337E-06  6.5142938E-07
  -15.0000  3.8002594E-04  2.5897261E-05  6.9538801E-06
  -14.0000  1.1648768E-04  1.5079819E-04  1.2665699E-04
  -13.0000  1.6552319E-06  3.1274141E-06  4.3454474E-06
  -12.0000  9.1543800E-06  2.0782834E-05  6.1713449E-05
  -11.0000  1.1959888E-05  1.1728103E-05  2.1265377E-05
  -10.0000  1.3243775E-04  3.7018369E-05  1.1214274E-05
  -9.00000  2.9907646E-03  3.0753755E-03  4.0259247E-05
  -8.00000  4.3090871E-04  3.7560193E-04  3.1276247E-05
  -7.00000  4.2148437E-04  4.0407247E-04  1.6457153E-04
  -6.00000  6.5107359E-04  4.0478338E-04  1.9274263E-04
  -5.00000  1.6855018E+00  2.1383583E-01  1.1593971E-01
  -4.00000  4.6649247E-03  5.2561235E-04  2.6364492E-03
  -3.00000  2.6171139E-02  3.2629257E-02  3.2499460E-02
  -2.00000  1.5114870E-03  3.0522530E-03  2.0533986E-03
  -1.00000  7.2386554E-04  9.7268856E-04  7.4465809E-04
   0.00000  1.4577807E-02  1.0145298E-02  1.5484472E-02
   1.00000  3.8671364E-04  4.7436407E-04  3.1036650E-04
   2.00000  4.1654103E-04  6.1833501E-04  4.2070083E-04
   3.00000  5.9277885E-04  9.2761135E-04  8.0254430E-04
   4.00000  8.8200814E-04  1.5237004E-03  1.9805233E-03
   5.00000  1.4923346E-03  3.3556415E-03  3.0417914E-03
   5.20000  1.6259768E-03  4.1457853E-03  3.7435773E-03
   5.40000  1.7577674E-03  5.2303625E-03  4.7608575E-03
   5.60000  1.8836872E-03  6.7437703E-03  6.2162320E-03
   5.80000  2.0022863E-03  8.7341222E-03  8.1303621E-03
   6.00000  2.1300429E-03  1.0930893E-02  1.0027034E-02
   6.20000  2.3209255E-03  1.2839428E-02  1.0839536E-02
   6.40000  2.6475623E-03  1.4603287E-02  1.0307384E-02
   6.60000  3.0978315E-03  1.6858553E-02  9.2744222E-03
   6.80000  3.5871344E-03  1.9653154E-02  8.3389314E-03
   7.00000  4.0610081E-03  2.2734184E-02  7.6310472E-03
   7.20000  4.5232709E-03  2.6010962E-02  7.0581368E-03
   7.40000  4.9822864E-03  2.9634523E-02  6.5303273E-03
   7.60000  5.4653222E-03  3.4175096E-02  6.0862362E-03
   7.80000  6.0056423E-03  4.0170598E-02  5.8332029E-03
   8.00000  6.6171180E-03  4.6113678E-02  5.8489212E-03
   8.20000  7.2405341E-03  4.6274426E-02  6.1641830E-03
   8.40000  7.8068174E-03  3.7664422E-02  6.7923060E-03
   8.60000  8.4067370E-03  2.6973196E-02  7.7558113E-03
   8.80000  9.1764730E-03  1.9336022E-02  9.0991425E-03
   9.00000  1.0188422E-02  1.4833865E-02  1.0896935E-02
   9.20000  1.1488066E-02  1.2365219E-02  1.3261550E-02
   9.40000  1.3128526E-02  1.1130174E-02  1.6349116E-02
   9.60000  1.5173634E-02  1.0679367E-02  2.0356429E-02
   9.80000  1.7697660E-02  1.0780121E-02  2.5512179E-02
   10.0000  2.0758102E-02  1.1315358E-02  3.2032736E-02
   10.2500  2.5309334E-02  1.2523625E-02  4.2210224E-02
   10.5000  3.0290918E-02  1.4341569E-02  5.3962384E-02
   10.7500  3.5013930E-02  1.6425326E-02  6.5121874E-02
   11.0000  3.7862527E-02  1.9794251E-02  7.2148357E-02
   11.2500  3.8883280E-02  2.4380154E-02  7.3595656E-02
   11.5000  3.9062272E-02  3.0459372E-02  7.0677794E-02
   11.7500  3.9148977E-02  3.8250498E-02  6.5944577E-02
   12.0000  3.9907932E-02  4.7615496E-02  6.0763015E-02
   12.2500  4.1118716E-02  5.6758972E-02  5.6223803E-02
   12.5000  4.2581433E-02  6.3400265E-02  5.2528983E-02
   12.7500  4.3998005E-02  6.5971736E-02  4.9284258E-02
   13.0000  4.5134774E-02  6.4380792E-02  4.6320584E-02
   13.2500  4.5880659E-02  6.0011512E-02  4.3536111E-02
   13.5000  4.6470428E-02  5.4671002E-02  4.0906028E-02
   13.7500  4.6490257E-02  4.9745752E-02  3.8344998E-02
   14.0000  4.6312698E-02  4.4749891E-02  3.5487125E-02
   14.2500  4.5851664E-02  4.0713362E-02  3.3561347E-02
   14.5000  4.5404833E-02  3.7347245E-02  3.1948971E-02
   14.7500  4.5013510E-02  3.4586559E-02  3.0644582E-02
   15.0000  4.4689985E-02  3.2349367E-02  2.9633864E-02
   15.2500  4.4424252E-02  3.0555659E-02  2.8897856E-02
   15.5000  4.4189848E-02  2.9136395E-02  2.8414859E-02
   15.7500  4.3951634E-02  2.8037291E-02  2.8162487E-02
   16.0000  4.3679250E-02  2.7210386E-02  2.8118809E-02
   16.2500  4.3352561E-02  2.6623353E-02  2.8261120E-02
   16.5000  4.2973526E-02  2.6249659E-02  2.8564843E-02
   16.7500  4.2559890E-02  2.6067252E-02  2.9006235E-02
   17.0000  4.2142636E-02  2.6057852E-02  2.9559275E-02
   17.2500  4.1754815E-02  2.6203646E-02  3.0196580E-02
   17.5000  4.1421139E-02  2.6485723E-02  3.0889523E-02
   17.7500  4.1151010E-02  2.6884495E-02  3.1608960E-02
   18.0000  4.0939055E-02  2.7380024E-02  3.2327453E-02
   18.2500  4.0766863E-02  2.7951065E-02  3.3019159E-02
   18.5000  4.0610273E-02  2.8577028E-02  3.3659952E-02
   18.7500  4.0445048E-02  2.9239614E-02  3.4229630E-02
   19.0000  4.0252046E-02  2.9924040E-02  3.4712675E-02
   19.2500  4.0020822E-02  3.0622233E-02  3.5099471E-02
   19.5000  3.9746651E-02  3.1326109E-02  3.5383151E-02
   19.7500  3.9432022E-02  3.2034218E-02  3.5560331E-02
   20.0000  3.9081659E-02  3.2746121E-02  3.5632536E-02
   21.0000  3.7455779E-02  3.5580907E-02  3.5060373E-02
   22.0000  3.5960491E-02  3.8005104E-02  3.3959828E-02
   23.0000  3.5150998E-02  3.9279971E-02  3.3270236E-02
   24.0000  3.5015496E-02  3.9018186E-02  3.3181972E-02
   25.0000  3.5250123E-02  3.7525051E-02  3.3402512E-02
   26.0000  3.5299676E-02  3.5449683E-02  3.3322923E-02
   27.0000  3.5060117E-02  3.3523749E-02  3.2897469E-02
   28.0000  3.4089938E-02  3.1894359E-02  3.2070989E-02
   29.0000  3.2438855E-02  3.0534942E-02  3.1031731E-02
   30.0000  3.0447330E-02  2.9365035E-02  2.9919903E-02
   31.0000  2.8473090E-02  2.8303393E-02  2.8810786E-02
   32.0000  2.6722261E-02  2.7298657E-02  2.7756502E-02
   33.0000  2.5235625E-02  2.6317566E-02  2.6793965E-02
   34.0000  2.3944671E-02  2.5345009E-02  2.5944909E-02
   35.0000  2.2736677E-02  2.4382281E-02  2.5221944E-02
   36.0000  2.1526614E-02  2.3429569E-02  2.4597124E-02
   37.0000  2.0308890E-02  2.2476488E-02  2.3952363E-02
   38.0000  1.9146662E-02  2.1519842E-02  2.3087186E-02
   39.0000  1.8105079E-02  2.0595980E-02  2.1885639E-02
   40.0000  1.7244873E-02  1.9796300E-02  2.0520230E-02
