  7709.000   27  1  1  1.9222038E-02 -4.8300233E+00 -3.2541184E-01  1  1  7.5664756E+03  8.0000000E+03  0.0000000E+00  1.1792254E+00  1.0000000E+00  0.0000000E+00  = E_edge, Z, n_edge, j_edge, Abs_before_edge, VO_interstitial, E_cut, ninit, ninit1, Epsii, UnitCell_Volume, Surface_ref, f0_forward, natomsym_f, abs_u_iso
    Energy   (100,001)      (010,001)      (001,110)   
  -25.0000  6.0577907E-09  3.4661517E-10  8.5852095E-10
  -24.0000  1.5495338E-08  6.3906949E-10  1.9344734E-09
  -23.0000  4.5713129E-08  1.2324663E-09  4.8186519E-09
  -22.0000  1.7118546E-07  2.5355274E-09  1.4010832E-08
  -21.0000  1.0734501E-06  5.9532702E-09  5.5430336E-08
  -20.0000  1.0955211E-04  1.7461953E-07  3.4297067E-06
  -19.0000  1.0131965E-05  4.9281394E-07  2.3425914E-05
  -18.0000  3.4929932E-06  8.8767427E-08  2.1145914E-06
  -17.0000  3.4377864E-06  1.9767660E-07  8.5027270E-07
  -16.0000  5.6387387E-06  8.9968345E-07  8.4730517E-07
  -15.0000  2.2365246E-05  1.4526761E-05  3.4767348E-06
  -14.0000  3.5611544E-05  2.3629087E-05  5.9244961E-06
  -13.0000  4.1434312E-07  4.9389477E-06  5.5939412E-06
  -12.0000  3.9083004E-06  3.5411767E-06  3.6520246E-05
  -11.0000  3.1578581E-05  2.8675451E-06  1.5472059E-04
  -10.0000  2.5314154E-04  4.2078929E-06  2.0517188E-05
  -9.00000  1.2770477E-02  1.4772637E-03  3.0193676E-03
  -8.00000  5.5475382E-04  3.3207090E-05  5.4715568E-05
  -7.00000  1.4523239E-03  1.2120428E-04  3.0594338E-04
  -6.00000  1.1385159E-03  1.6116572E-04  1.3885404E-03
  -5.00000  2.2016617E-02  1.0474762E-03  2.0480975E-02
  -4.00000  6.2864095E-03  6.6788346E-04  1.9771588E-04
  -3.00000  7.8257471E-04  1.9258651E-01  7.8050148E-03
  -2.00000  7.3559730E-04  4.0154173E-03  8.1341206E-04
  -1.00000  2.9258120E-04  1.5974730E-03  2.0699594E-04
   0.00000  4.5703351E-04  1.2084548E-03  4.9332697E-04
   1.00000  2.1781040E-02  1.1588021E-03  5.8500347E-03
   2.00000  5.3975897E-04  1.0394077E-03  3.2554073E-04
   3.00000  6.7515189E-04  1.4266684E-03  4.2345295E-04
   4.00000  1.0496065E-03  2.4783879E-03  6.6553926E-04
   5.00000  1.5064713E-03  4.3801617E-03  1.2518737E-03
   5.20000  1.5857639E-03  4.8408588E-03  1.4758600E-03
   5.40000  1.6576739E-03  5.3293695E-03  1.7719416E-03
   5.60000  1.7227112E-03  5.8519449E-03  2.1737020E-03
   5.80000  1.7844011E-03  6.4187484E-03  2.7354590E-03
   6.00000  1.8563858E-03  7.0490352E-03  3.5445645E-03
   6.20000  1.9762150E-03  7.7727251E-03  4.7460209E-03
   6.40000  2.2399178E-03  8.6313718E-03  6.5530337E-03
   6.60000  2.8152677E-03  9.6553798E-03  9.1505172E-03
   6.80000  3.6804555E-03  1.0795229E-02  1.2262406E-02
   7.00000  4.3236087E-03  1.1848164E-02  1.4689633E-02
   7.20000  4.5065204E-03  1.2562722E-02  1.5143518E-02
   7.40000  4.4742018E-03  1.2932650E-02  1.3783613E-02
   7.60000  4.4211294E-03  1.3270714E-02  1.1810619E-02
   7.80000  4.4121414E-03  1.3757999E-02  1.0068322E-02
   8.00000  4.4582168E-03  1.4455882E-02  8.7808156E-03
   8.20000  4.5517399E-03  1.5374626E-02  7.9090721E-03
   8.40000  4.6780274E-03  1.6519641E-02  7.3596605E-03
   8.60000  4.8396757E-03  1.7910000E-02  7.0567845E-03
   8.80000  5.0442104E-03  1.9574323E-02  6.9560860E-03
   9.00000  5.2923069E-03  2.1553141E-02  7.0344826E-03
   9.20000  5.5823549E-03  2.3887599E-02  7.2812405E-03
   9.40000  5.9145368E-03  2.6637861E-02  7.6951652E-03
   9.60000  6.2898255E-03  2.9871818E-02  8.2781885E-03
   9.80000  6.7093812E-03  3.3665494E-02  9.0294768E-03
   10.0000  7.1746110E-03  3.8097768E-02  9.9403888E-03
   10.2500  7.8245514E-03  4.4622448E-02  1.1271011E-02
   10.5000  8.5582606E-03  5.2237991E-02  1.2754861E-02
   10.7500  9.3879192E-03  6.0688957E-02  1.4311265E-02
   11.0000  1.0328693E-02  6.9286965E-02  1.5856524E-02
   11.2500  1.1396287E-02  7.6830868E-02  1.7324867E-02
   11.5000  1.2600827E-02  8.1824640E-02  1.8678189E-02
   11.7500  1.3886267E-02  8.3062589E-02  1.9684631E-02
   12.0000  1.5350773E-02  8.0295076E-02  2.0597960E-02
   12.2500  1.6864186E-02  7.4537585E-02  2.1715442E-02
   12.5000  1.8382039E-02  6.7102698E-02  2.2778518E-02
   12.7500  1.9841069E-02  5.9297589E-02  2.3813057E-02
   13.0000  2.0991419E-02  5.1817626E-02  2.4422040E-02
   13.2500  2.2200825E-02  4.5627107E-02  2.5452373E-02
   13.5000  2.3299009E-02  4.0291671E-02  2.6600008E-02
   13.7500  2.4367292E-02  3.5824109E-02  2.7771877E-02
   14.0000  2.5450153E-02  3.2128684E-02  2.8297676E-02
   14.2500  2.6564478E-02  2.9112908E-02  2.9514706E-02
   14.5000  2.7740626E-02  2.6655495E-02  3.0666276E-02
   14.7500  2.8994592E-02  2.4654533E-02  3.1724230E-02
   15.0000  3.0336701E-02  2.3022039E-02  3.2677477E-02
   15.2500  3.1777648E-02  2.1687192E-02  3.3536782E-02
   15.5000  3.3313804E-02  2.0585502E-02  3.4329716E-02
   15.7500  3.4947544E-02  1.9677026E-02  3.5104548E-02
   16.0000  3.6671824E-02  1.8929166E-02  3.5921560E-02
   16.2500  3.8469269E-02  1.8319161E-02  3.6846173E-02
   16.5000  4.0312574E-02  1.7832528E-02  3.7944534E-02
   16.7500  4.2162917E-02  1.7457377E-02  3.9277697E-02
   17.0000  4.3972557E-02  1.7184421E-02  4.0896669E-02
   17.2500  4.5687008E-02  1.7006562E-02  4.2837224E-02
   17.5000  4.7246527E-02  1.6917094E-02  4.5108751E-02
   17.7500  4.8589596E-02  1.6909373E-02  4.7684206E-02
   18.0000  4.9659894E-02  1.6977504E-02  5.0486306E-02
   18.2500  5.0410802E-02  1.7116657E-02  5.3376347E-02
   18.5000  5.0812727E-02  1.7322620E-02  5.6153187E-02
   18.7500  5.0858790E-02  1.7590917E-02  5.8572407E-02
   19.0000  5.0569001E-02  1.7916853E-02  6.0386659E-02
   19.2500  4.9989688E-02  1.8297613E-02  6.1405325E-02
   19.5000  4.9184662E-02  1.8730469E-02  6.1545391E-02
   19.7500  4.8228300E-02  1.9212673E-02  6.0851157E-02
   20.0000  4.7196031E-02  1.9741944E-02  5.9472273E-02
   21.0000  4.3534841E-02  2.2289699E-02  5.1114835E-02
   22.0000  4.2147560E-02  2.5465892E-02  4.4032306E-02
   23.0000  4.3014709E-02  2.9135776E-02  3.9714129E-02
   24.0000  4.4772679E-02  3.2947330E-02  3.7169998E-02
   25.0000  4.6198510E-02  3.6278801E-02  3.5575135E-02
   26.0000  4.6722731E-02  3.8482030E-02  3.4502303E-02
   27.0000  4.5765436E-02  3.9378872E-02  3.3692066E-02
   28.0000  4.2866572E-02  3.9223761E-02  3.2847816E-02
   29.0000  3.8565661E-02  3.8370759E-02  3.1746629E-02
   30.0000  3.4222533E-02  3.7131543E-02  3.0462879E-02
   31.0000  3.0824050E-02  3.5777665E-02  2.9282128E-02
   32.0000  2.8566566E-02  3.4523791E-02  2.8424454E-02
   33.0000  2.7207775E-02  3.3263788E-02  2.7884811E-02
   34.0000  2.6535512E-02  3.2444236E-02  2.7640402E-02
   35.0000  2.6194615E-02  3.1764963E-02  2.7541046E-02
   36.0000  2.6059251E-02  3.1131977E-02  2.7522883E-02
   37.0000  2.6044913E-02  3.0444597E-02  2.7527614E-02
   38.0000  2.6084930E-02  2.9617100E-02  2.7505895E-02
   39.0000  2.6104591E-02  2.8587526E-02  2.7419489E-02
   40.0000  2.6008992E-02  2.7319522E-02  2.7236243E-02
