  7709.000   27  1  1  1.9222038E-02 -5.2234867E+00 -4.2341156E-01  1  1  7.5664122E+03  8.0000000E+03  0.0000000E+00  1.1792254E+00  1.0000000E+00  0.0000000E+00  = E_edge, Z, n_edge, j_edge, Abs_before_edge, VO_interstitial, E_cut, ninit, ninit1, Epsii, UnitCell_Volume, Surface_ref, f0_forward, natomsym_f, abs_u_iso
    Energy   (100,001)      (010,001)      (001,110)   
  -25.0000  5.7384775E-09  3.4508670E-10  9.0835137E-10
  -24.0000  1.4889570E-08  6.3329726E-10  2.0703351E-09
  -23.0000  4.5218675E-08  1.2120125E-09  5.2475574E-09
  -22.0000  1.8105686E-07  2.4551905E-09  1.5639938E-08
  -21.0000  1.4140339E-06  5.4791215E-09  6.2301503E-08
  -20.0000  3.0610536E-04  1.6835827E-08  5.1837519E-07
  -19.0000  3.6898994E-06  2.5857857E-07  2.4464800E-05
  -18.0000  2.0652823E-06  6.7568508E-08  8.9059324E-07
  -17.0000  2.2328023E-06  2.0805369E-07  5.1130271E-07
  -16.0000  3.9848451E-06  1.0217669E-06  5.2723331E-07
  -15.0000  3.4795195E-05  2.1195776E-05  1.0537781E-06
  -14.0000  8.4136599E-07  1.7507401E-05  1.2573737E-06
  -13.0000  1.1789552E-06  4.4212961E-06  3.5808021E-06
  -12.0000  5.9200988E-06  3.0981697E-06  5.8284795E-05
  -11.0000  2.5683588E-05  3.2216372E-06  2.1014894E-05
  -10.0000  2.1647644E-04  4.2539163E-06  9.1484813E-06
  -9.00000  7.4808248E-03  6.2895136E-05  6.9735702E-05
  -8.00000  3.6730740E-04  2.8509777E-05  6.3232046E-06
  -7.00000  1.5210517E-04  1.3032599E-04  3.8028694E-04
  -6.00000  7.0414218E-04  4.2237566E-05  4.8189466E-04
  -5.00000  3.2801828E-03  1.8684855E-04  1.3215612E-03
  -4.00000  3.6851006E-02  1.1216227E-03  4.4488645E-04
  -3.00000  1.3512428E-03  1.1429389E-01  1.7902243E-02
  -2.00000  5.7140650E-04  3.2497370E-03  4.9644127E-04
  -1.00000  3.0018382E-04  1.5167083E-03  1.7883825E-04
   0.00000  4.3098759E-04  9.6231537E-04  2.4630831E-04
   1.00000  3.7935857E-04  8.9435909E-04  2.2186658E-04
   2.00000  3.5521038E-04  9.8109426E-04  2.1659200E-04
   3.00000  5.4068046E-04  1.2838934E-03  3.1312026E-04
   4.00000  9.1262482E-04  2.0719497E-03  5.0229485E-04
   5.00000  1.4363435E-03  3.5334726E-03  9.3195534E-04
   5.20000  1.5356948E-03  3.8956217E-03  1.0874679E-03
   5.40000  1.6244527E-03  4.2799781E-03  1.2864826E-03
   5.60000  1.6990082E-03  4.6886977E-03  1.5453046E-03
   5.80000  1.7591007E-03  5.1256734E-03  1.8861523E-03
   6.00000  1.8150778E-03  5.5987648E-03  2.3371150E-03
   6.20000  1.9029260E-03  6.1222386E-03  2.9315379E-03
   6.40000  2.1073575E-03  6.7188494E-03  3.7003034E-03
   6.60000  2.5443495E-03  7.4195929E-03  4.6548322E-03
   6.80000  3.2161346E-03  8.2578380E-03  5.7606063E-03
   7.00000  3.9304662E-03  9.2673230E-03  6.9124747E-03
   7.20000  4.5121322E-03  1.0439738E-02  7.9416306E-03
   7.40000  4.9510528E-03  1.1754580E-02  8.7403276E-03
   7.60000  5.3140758E-03  1.3148197E-02  9.2295428E-03
   7.80000  5.6589897E-03  1.4564874E-02  9.4245661E-03
   8.00000  6.0231054E-03  1.5966970E-02  9.3892546E-03
   8.20000  6.4294742E-03  1.7344677E-02  9.2062584E-03
   8.40000  6.8927210E-03  1.8721690E-02  8.9630698E-03
   8.60000  7.4224042E-03  2.0154877E-02  8.7474183E-03
   8.80000  8.0253215E-03  2.1728319E-02  8.6465509E-03
   9.00000  8.7058376E-03  2.3546053E-02  8.7352391E-03
   9.20000  9.4667202E-03  2.5723581E-02  9.0751173E-03
   9.40000  1.0310804E-02  2.8385192E-02  9.7120379E-03
   9.60000  1.1243797E-02  3.1667392E-02  1.0673862E-02
   9.80000  1.2273904E-02  3.5722558E-02  1.1962155E-02
   10.0000  1.3422434E-02  4.0713488E-02  1.3547438E-02
   10.2500  1.5056221E-02  4.8500201E-02  1.5838233E-02
   10.5000  1.6958073E-02  5.8174647E-02  1.8311911E-02
   10.7500  1.9175307E-02  6.9495266E-02  2.0830962E-02
   11.0000  2.1742140E-02  8.1288227E-02  2.3369829E-02
   11.2500  2.4649259E-02  9.0998873E-02  2.6011492E-02
   11.5000  2.7814537E-02  9.5302698E-02  2.8894215E-02
   11.7500  3.0848445E-02  9.1463391E-02  3.2213797E-02
   12.0000  3.3804799E-02  8.2824464E-02  3.5961671E-02
   12.2500  3.6236048E-02  7.1526533E-02  3.9878975E-02
   12.5000  3.7914632E-02  6.0376758E-02  4.3665459E-02
   12.7500  3.8788426E-02  5.0782736E-02  4.6940484E-02
   13.0000  3.8991126E-02  4.3075627E-02  4.9339419E-02
   13.2500  3.7939011E-02  3.7054581E-02  5.0474932E-02
   13.5000  3.7626056E-02  3.2497678E-02  5.0516362E-02
   13.7500  3.7357872E-02  2.8934020E-02  4.9587416E-02
   14.0000  3.7258177E-02  2.6111306E-02  4.8011309E-02
   14.2500  3.7398068E-02  2.3843912E-02  4.6117048E-02
   14.5000  3.7807604E-02  2.1999417E-02  4.4174828E-02
   14.7500  3.8492692E-02  2.0483961E-02  4.2374394E-02
   15.0000  3.9447441E-02  1.9235014E-02  4.0838127E-02
   15.2500  4.0641845E-02  1.8199671E-02  3.9630564E-02
   15.5000  4.2047804E-02  1.7347600E-02  3.8791431E-02
   15.7500  4.3625886E-02  1.6654803E-02  3.8341284E-02
   16.0000  4.5324284E-02  1.6102689E-02  3.8288830E-02
   16.2500  4.7078368E-02  1.5677066E-02  3.8635869E-02
   16.5000  4.8811513E-02  1.5366490E-02  3.9378627E-02
   16.7500  5.0437614E-02  1.5161407E-02  4.0501788E-02
   17.0000  5.1857082E-02  1.5054082E-02  4.1970838E-02
   17.2500  5.2967051E-02  1.5037530E-02  4.3724370E-02
   17.5000  5.3672274E-02  1.5105137E-02  4.5665551E-02
   17.7500  5.3897278E-02  1.5251444E-02  4.7659148E-02
   18.0000  5.3600810E-02  1.5470564E-02  4.9537142E-02
   18.2500  5.2785855E-02  1.5757949E-02  5.1124138E-02
   18.5000  5.1508470E-02  1.6108760E-02  5.2270473E-02
   18.7500  4.9868795E-02  1.6519064E-02  5.2881830E-02
   19.0000  4.7998778E-02  1.6984280E-02  5.2942127E-02
   19.2500  4.6038209E-02  1.7500207E-02  5.2508886E-02
   19.5000  4.4116331E-02  1.8063259E-02  5.1685886E-02
   19.7500  4.2336279E-02  1.8669742E-02  5.0598813E-02
   20.0000  4.0771661E-02  1.9316780E-02  4.9363722E-02
   21.0000  3.7179727E-02  2.2261203E-02  4.4470552E-02
   22.0000  3.7275862E-02  2.5685310E-02  4.0939802E-02
   23.0000  3.9159455E-02  2.9406475E-02  3.8560128E-02
   24.0000  4.0968172E-02  3.3096533E-02  3.6692983E-02
   25.0000  4.1616021E-02  3.6928266E-02  3.4724050E-02
   26.0000  4.0854090E-02  3.9096028E-02  3.2950904E-02
   27.0000  3.8674975E-02  4.0200930E-02  3.1139122E-02
   28.0000  3.5490846E-02  4.0201634E-02  2.9310034E-02
   29.0000  3.2174383E-02  3.9275624E-02  2.7626268E-02
   30.0000  2.9426605E-02  3.7790424E-02  2.6343366E-02
   31.0000  2.7472882E-02  3.6131446E-02  2.5571079E-02
   32.0000  2.6216193E-02  3.4587746E-02  2.5199828E-02
   33.0000  2.5458472E-02  3.3289141E-02  2.5050483E-02
   34.0000  2.5019896E-02  3.2254429E-02  2.4981564E-02
   35.0000  2.4741270E-02  3.1400117E-02  2.4899869E-02
   36.0000  2.4490028E-02  3.0612040E-02  2.4741763E-02
   37.0000  2.4144971E-02  2.9773532E-02  2.4443612E-02
   38.0000  2.3584292E-02  2.8790479E-02  2.3948598E-02
   39.0000  2.2720102E-02  2.7605684E-02  2.3217991E-02
   40.0000  2.1555232E-02  2.6207232E-02  2.2241220E-02
