  7709.000   27  1  1  1.9222038E-02 -4.5431812E+00 -3.1975309E-01  1  1  7.5664322E+03  8.0000000E+03  0.0000000E+00  1.1792254E+00  1.0000000E+00  0.0000000E+00  = E_edge, Z, n_edge, j_edge, Abs_before_edge, VO_interstitial, E_cut, ninit, ninit1, Epsii, UnitCell_Volume, Surface_ref, f0_forward, natomsym_f, abs_u_iso
    Energy   (100,001)      (010,001)      (001,110)   
  -25.0000  5.6973505E-09  3.0092814E-10  7.0924970E-10
  -24.0000  1.4865952E-08  5.4948830E-10  1.6032329E-09
  -23.0000  4.5555030E-08  1.0460289E-09  4.0388451E-09
  -22.0000  1.8557098E-07  2.1123870E-09  1.2112216E-08
  -21.0000  1.5406127E-06  4.8795432E-09  5.4629564E-08
  -20.0000  1.8141835E-03  3.7302052E-07  4.3768491E-06
  -19.0000  7.5543926E-06  1.1703612E-06  1.7394388E-04
  -18.0000  2.2107450E-06  5.6699179E-08  8.0382129E-07
  -17.0000  2.5422714E-06  1.7097005E-07  4.3502759E-07
  -16.0000  5.3625478E-06  8.0571312E-07  5.0930338E-07
  -15.0000  2.1780707E-04  2.8328264E-05  1.4054239E-05
  -14.0000  1.0860487E-06  2.6996589E-05  1.5374518E-06
  -13.0000  9.1738263E-07  4.2868724E-06  3.1368331E-06
  -12.0000  5.2558324E-06  2.5140181E-06  9.7826476E-05
  -11.0000  2.2598256E-05  3.3849835E-06  1.0592484E-05
  -10.0000  2.3857790E-04  4.5640998E-06  7.9215081E-06
  -9.00000  2.7546896E-03  3.3776079E-05  5.0503108E-05
  -8.00000  1.7824824E-04  3.6598450E-05  1.1753254E-05
  -7.00000  1.9407736E-03  7.1169852E-05  3.3573069E-04
  -6.00000  7.7366652E-04  3.7386830E-05  1.6271389E-04
  -5.00000  5.9205548E-02  2.5777221E-03  1.8230720E-01
  -4.00000  1.6936349E-01  2.6430480E-03  7.0529358E-04
  -3.00000  7.4508893E-04  1.4887651E-01  2.0245229E-03
  -2.00000  5.5456718E-04  3.1045665E-03  3.3818862E-04
  -1.00000  2.6403418E-04  1.4724625E-03  1.5541760E-04
   0.00000  6.8482154E-03  1.8600754E-03  5.3057266E-03
   1.00000  3.5761263E-04  9.3618250E-04  2.2723391E-04
   2.00000  3.6657774E-04  9.9762087E-04  2.5153822E-04
   3.00000  5.3281265E-04  1.2898937E-03  4.1486385E-04
   4.00000  8.6766291E-04  1.9704873E-03  7.9046488E-04
   5.00000  1.4692388E-03  3.2572781E-03  1.7845838E-03
   5.20000  1.6304353E-03  3.6111164E-03  2.1771856E-03
   5.40000  1.8058497E-03  4.0076861E-03  2.6952270E-03
   5.60000  1.9947173E-03  4.4566594E-03  3.3796436E-03
   5.80000  2.1946005E-03  4.9736014E-03  4.2699329E-03
   6.00000  2.4020052E-03  5.5817807E-03  5.3819225E-03
   6.20000  2.6224379E-03  6.3222966E-03  6.6718424E-03
   6.40000  2.8905435E-03  7.2272286E-03  8.0324119E-03
   6.60000  3.3421980E-03  8.3518754E-03  9.3336965E-03
   6.80000  4.1799189E-03  9.7436413E-03  1.0494459E-02
   7.00000  5.3933255E-03  1.1445478E-02  1.1434066E-02
   7.20000  6.7149644E-03  1.3511644E-02  1.2087331E-02
   7.40000  8.0519709E-03  1.5904144E-02  1.2450722E-02
   7.60000  9.5508123E-03  1.8531245E-02  1.2366602E-02
   7.80000  1.1451439E-02  2.1370432E-02  1.1835050E-02
   8.00000  1.4021507E-02  2.4464321E-02  1.1224284E-02
   8.20000  1.7244295E-02  2.7743250E-02  1.0817420E-02
   8.40000  1.9772812E-02  3.0706936E-02  1.0756740E-02
   8.60000  1.9765869E-02  3.2966642E-02  1.1196953E-02
   8.80000  1.7971787E-02  3.5083401E-02  1.2264998E-02
   9.00000  1.6563660E-02  3.8052157E-02  1.4100352E-02
   9.20000  1.6291596E-02  4.2399121E-02  1.6839108E-02
   9.40000  1.7015127E-02  4.8421162E-02  2.0536315E-02
   9.60000  1.8470673E-02  5.6447761E-02  2.5061168E-02
   9.80000  2.0444489E-02  6.6773334E-02  3.0025313E-02
   10.0000  2.2772815E-02  7.9382404E-02  3.4874986E-02
   10.2500  2.5590834E-02  9.6772686E-02  4.0153802E-02
   10.5000  2.9106813E-02  1.1109417E-01  4.4480490E-02
   10.7500  3.2756089E-02  1.1403197E-01  4.8187780E-02
   11.0000  3.6356282E-02  1.0286399E-01  5.1297286E-02
   11.2500  3.9618345E-02  8.4326019E-02  5.3572277E-02
   11.5000  4.2255665E-02  6.6336156E-02  5.4961476E-02
   11.7500  4.4099320E-02  5.2187057E-02  5.5613927E-02
   12.0000  4.4446767E-02  4.2381044E-02  5.6424122E-02
   12.2500  4.4722240E-02  3.5065411E-02  5.5824053E-02
   12.5000  4.4536225E-02  2.9835917E-02  5.4511217E-02
   12.7500  4.4082943E-02  2.6034471E-02  5.2530813E-02
   13.0000  4.3529556E-02  2.3209121E-02  5.0045368E-02
   13.2500  4.3007361E-02  2.1061971E-02  4.7298209E-02
   13.5000  4.2606835E-02  1.9398547E-02  4.4535515E-02
   13.7500  4.2382918E-02  1.8064321E-02  4.1750699E-02
   14.0000  4.2138758E-02  1.7008668E-02  3.8878506E-02
   14.2500  4.2309580E-02  1.6183867E-02  3.7091911E-02
   14.5000  4.2660714E-02  1.5529563E-02  3.5712411E-02
   14.7500  4.3173898E-02  1.5014961E-02  3.4738648E-02
   15.0000  4.3827113E-02  1.4617938E-02  3.4159674E-02
   15.2500  4.4594477E-02  1.4322440E-02  3.3959437E-02
   15.5000  4.5452616E-02  1.4118411E-02  3.4120411E-02
   15.7500  4.6346478E-02  1.3998194E-02  3.4615877E-02
   16.0000  4.7236794E-02  1.3957608E-02  3.5412637E-02
   16.2500  4.8061999E-02  1.3994218E-02  3.6459963E-02
   16.5000  4.8747583E-02  1.4106124E-02  3.7686625E-02
   16.7500  4.9208141E-02  1.4291949E-02  3.8997023E-02
   17.0000  4.9357309E-02  1.4549697E-02  4.0277431E-02
   17.2500  4.9124218E-02  1.4877272E-02  4.1412969E-02
   17.5000  4.8469671E-02  1.5272985E-02  4.2307913E-02
   17.7500  4.7396833E-02  1.5735077E-02  4.2903237E-02
   18.0000  4.5961389E-02  1.6261580E-02  4.3180100E-02
   18.2500  4.4260827E-02  1.6850752E-02  4.3156933E-02
   18.5000  4.2418566E-02  1.7500112E-02  4.2877875E-02
   18.7500  4.0561954E-02  1.8207273E-02  4.2400847E-02
   19.0000  3.8804155E-02  1.8968704E-02  4.1784600E-02
   19.2500  3.7231911E-02  1.9780209E-02  4.1083786E-02
   19.5000  3.5902356E-02  2.0636699E-02  4.0344652E-02
   19.7500  3.4844258E-02  2.1531531E-02  3.9601620E-02
   20.0000  3.4065180E-02  2.2457952E-02  3.8880077E-02
   21.0000  3.3462664E-02  2.6329129E-02  3.6433959E-02
   22.0000  3.5529713E-02  3.0189274E-02  3.4664212E-02
   23.0000  3.7983781E-02  3.3873016E-02  3.3188166E-02
   24.0000  3.8762130E-02  3.7189067E-02  3.1698955E-02
   25.0000  3.6697944E-02  3.9802917E-02  2.9996027E-02
   26.0000  3.3254114E-02  4.0453456E-02  2.8432589E-02
   27.0000  2.9885080E-02  3.9569574E-02  2.7013633E-02
   28.0000  2.7456862E-02  3.7688294E-02  2.5912857E-02
   29.0000  2.5919276E-02  3.5449167E-02  2.5276342E-02
   30.0000  2.4969361E-02  3.3298289E-02  2.5073638E-02
   31.0000  2.4381359E-02  3.1459341E-02  2.5099425E-02
   32.0000  2.3993108E-02  2.9988026E-02  2.5133180E-02
   33.0000  2.3673890E-02  2.8846144E-02  2.5047418E-02
   34.0000  2.3321663E-02  2.7943440E-02  2.4798708E-02
   35.0000  2.2861012E-02  2.7180982E-02  2.4366529E-02
   36.0000  2.2274758E-02  2.6471249E-02  2.3748947E-02
   37.0000  2.1614765E-02  2.5732437E-02  2.2971969E-02
   38.0000  2.0954313E-02  2.4876190E-02  2.2102467E-02
   39.0000  2.0339306E-02  2.3831689E-02  2.1245696E-02
   40.0000  1.9796166E-02  2.2619766E-02  2.0528324E-02
