  7709.000   27  1  1  1.9222038E-02 -4.8193286E+00 -3.8884012E-01  1  1  7.5663805E+03  8.0000000E+03  0.0000000E+00  1.1792254E+00  1.0000000E+00  0.0000000E+00  = E_edge, Z, n_edge, j_edge, Abs_before_edge, VO_interstitial, E_cut, ninit, ninit1, Epsii, UnitCell_Volume, Surface_ref, f0_forward, natomsym_f, abs_u_iso
    Energy   (100,001)      (010,001)      (001,110)   
  -25.0000  7.3439427E-09  3.4283644E-10  7.8028458E-10
  -24.0000  1.9481340E-08  6.2544204E-10  1.7545071E-09
  -23.0000  6.0877944E-08  1.1896449E-09  4.3565733E-09
  -22.0000  2.5471804E-07  2.3927140E-09  1.2536800E-08
  -21.0000  2.2945350E-06  5.2712180E-09  4.6404366E-08
  -20.0000  1.6220241E-03  1.7207182E-08  3.2402596E-07
  -19.0000  6.7143664E-06  6.7856427E-06  5.7932301E-04
  -18.0000  3.4252449E-06  6.8569463E-08  1.3508052E-06
  -17.0000  4.0167736E-06  1.8494101E-07  6.3223750E-07
  -16.0000  8.2667382E-06  8.3972170E-07  6.1594443E-07
  -15.0000  4.8994256E-04  1.2014834E-05  1.0513896E-06
  -14.0000  1.1253833E-05  2.7317410E-05  1.5734368E-06
  -13.0000  2.9836589E-07  5.0566077E-06  4.6550241E-06
  -12.0000  4.3108038E-06  3.3332330E-06  8.2888238E-05
  -11.0000  3.2621191E-05  3.3359277E-06  4.3512213E-05
  -10.0000  1.4582795E-03  5.5948811E-06  1.4769380E-05
  -9.00000  1.9011702E-03  1.4861981E-04  1.8089321E-04
  -8.00000  3.5724441E-04  2.7582678E-05  2.8321431E-05
  -7.00000  2.1751506E-04  2.3052230E-04  5.5104184E-04
  -6.00000  1.6296103E-03  3.6667221E-05  3.4493077E-04
  -5.00000  1.2932711E-02  1.5479242E-04  5.4491058E-04
  -4.00000  7.9529287E-03  6.8029141E-04  2.7044466E-04
  -3.00000  9.5813802E-04  1.0270765E-01  2.4402439E-03
  -2.00000  6.5123604E-04  4.0182631E-03  7.1994446E-04
  -1.00000  3.4782134E-04  1.5668674E-03  1.9295167E-04
   0.00000  7.7119900E-04  1.2078410E-03  2.5846819E-04
   1.00000  1.8361668E-03  9.4463607E-04  2.0786511E-03
   2.00000  4.6236810E-04  1.0347114E-03  3.7329220E-04
   3.00000  5.8906718E-04  1.4144927E-03  5.0927915E-04
   4.00000  8.8065241E-04  2.3898223E-03  8.7470696E-04
   5.00000  1.2871952E-03  4.0846740E-03  2.0195019E-03
   5.20000  1.3736330E-03  4.5153389E-03  2.5497711E-03
   5.40000  1.4606983E-03  4.9956897E-03  3.3142844E-03
   5.60000  1.5481957E-03  5.5488174E-03  4.4390912E-03
   5.80000  1.6360350E-03  6.2116646E-03  6.1006360E-03
   6.00000  1.7226995E-03  7.0335898E-03  8.4776999E-03
   6.20000  1.8031210E-03  8.0467992E-03  1.1527515E-02
   6.40000  1.8751600E-03  9.1809237E-03  1.4523981E-02
   6.60000  1.9682644E-03  1.0210932E-02  1.6056618E-02
   6.80000  2.1733328E-03  1.0992161E-02  1.5437538E-02
   7.00000  2.5652536E-03  1.1560603E-02  1.3458993E-02
   7.20000  3.0182447E-03  1.2098623E-02  1.1239181E-02
   7.40000  3.3542920E-03  1.2729080E-02  9.3279156E-03
   7.60000  3.5877191E-03  1.3510049E-02  7.8368760E-03
   7.80000  3.7902885E-03  1.4468949E-02  6.7287623E-03
   8.00000  4.0082412E-03  1.5620306E-02  5.9436194E-03
   8.20000  4.2684044E-03  1.6983463E-02  5.4202251E-03
   8.40000  4.5857238E-03  1.8596225E-02  5.1081148E-03
   8.60000  4.9702113E-03  2.0514857E-02  4.9724164E-03
   8.80000  5.4322981E-03  2.2813266E-02  4.9923988E-03
   9.00000  5.9849755E-03  2.5590608E-02  5.1623815E-03
   9.20000  6.6432431E-03  2.8957116E-02  5.4894782E-03
   9.40000  7.4236384E-03  3.3069064E-02  5.9863579E-03
   9.60000  8.3388036E-03  3.8114963E-02  6.6639770E-03
   9.80000  9.3900066E-03  4.4318001E-02  7.5248245E-03
   10.0000  1.0554252E-02  5.1894104E-02  8.5570520E-03
   10.2500  1.2057002E-02  6.3486004E-02  1.0052380E-02
   10.5000  1.3387857E-02  7.7093290E-02  1.1726274E-02
   10.7500  1.4336442E-02  9.1041070E-02  1.3538553E-02
   11.0000  1.4907043E-02  1.0184231E-01  1.5457283E-02
   11.2500  1.5294823E-02  1.0537790E-01  1.7438919E-02
   11.5000  1.5708506E-02  1.0002043E-01  1.9436455E-02
   11.7500  1.6361836E-02  8.8320395E-02  2.1118572E-02
   12.0000  1.7118618E-02  7.4483889E-02  2.2855243E-02
   12.2500  1.8133622E-02  6.1789382E-02  2.5050673E-02
   12.5000  1.8438932E-02  5.1284556E-02  2.7326196E-02
   12.7500  1.9886386E-02  4.3054391E-02  2.9653427E-02
   13.0000  2.1469742E-02  3.6743193E-02  3.1974811E-02
   13.2500  2.3127392E-02  3.1923390E-02  3.4195522E-02
   13.5000  2.4676769E-02  2.8368645E-02  3.6406898E-02
   13.7500  2.5784467E-02  2.5628385E-02  3.7941329E-02
   14.0000  2.7291468E-02  2.3355172E-02  3.9252808E-02
   14.2500  2.8711779E-02  2.1551055E-02  4.0096684E-02
   14.5000  3.0040557E-02  2.0103253E-02  4.0505916E-02
   14.7500  3.1285654E-02  1.8930389E-02  4.0570496E-02
   15.0000  3.2464615E-02  1.7973068E-02  4.0416832E-02
   15.2500  3.3606750E-02  1.7192036E-02  4.0181057E-02
   15.5000  3.4730592E-02  1.6555887E-02  3.9991803E-02
   15.7500  3.5871389E-02  1.6046302E-02  3.9954801E-02
   16.0000  3.7058532E-02  1.5650221E-02  4.0152244E-02
   16.2500  3.8318009E-02  1.5357621E-02  4.0641918E-02
   16.5000  3.9669896E-02  1.5160868E-02  4.1458693E-02
   16.7500  4.1126411E-02  1.5052740E-02  4.2614197E-02
   17.0000  4.2687813E-02  1.5028318E-02  4.4093216E-02
   17.2500  4.4340787E-02  1.5082714E-02  4.5846801E-02
   17.5000  4.6055949E-02  1.5211286E-02  4.7787450E-02
   17.7500  4.7787072E-02  1.5409609E-02  4.9785529E-02
   18.0000  4.9469274E-02  1.5673806E-02  5.1675362E-02
   18.2500  5.1022190E-02  1.5999413E-02  5.3273910E-02
   18.5000  5.2357443E-02  1.6382510E-02  5.4416547E-02
   18.7500  5.3389842E-02  1.6818844E-02  5.4989458E-02
   19.0000  5.4051163E-02  1.7304957E-02  5.4956777E-02
   19.2500  5.4304260E-02  1.7837460E-02  5.4363521E-02
   19.5000  5.4151766E-02  1.8414908E-02  5.3314883E-02
   19.7500  5.3637060E-02  1.9035980E-02  5.1948166E-02
   20.0000  5.2838580E-02  1.9698990E-02  5.0401013E-02
   21.0000  4.8730123E-02  2.2744965E-02  4.4312926E-02
   22.0000  4.6389256E-02  2.6369869E-02  4.0092208E-02
   23.0000  4.6777844E-02  3.0467428E-02  3.7570047E-02
   24.0000  4.8379684E-02  3.4729521E-02  3.5932516E-02
   25.0000  4.9304669E-02  3.8471207E-02  3.4673471E-02
   26.0000  4.8213617E-02  4.0817871E-02  3.3586173E-02
   27.0000  4.4476987E-02  4.1352738E-02  3.2511277E-02
   28.0000  3.8989561E-02  4.0376776E-02  3.1309058E-02
   29.0000  3.3713832E-02  3.8559586E-02  3.0036609E-02
   30.0000  2.9594378E-02  3.6256578E-02  2.8828874E-02
   31.0000  2.7467554E-02  3.4349805E-02  2.8138997E-02
   32.0000  2.6300727E-02  3.2737277E-02  2.7787037E-02
   33.0000  2.5719527E-02  3.1444613E-02  2.7650304E-02
   34.0000  2.5479973E-02  3.0415789E-02  2.7624696E-02
   35.0000  2.5415124E-02  2.9548864E-02  2.7641203E-02
   36.0000  2.5402416E-02  2.8723465E-02  2.7661358E-02
   37.0000  2.5336720E-02  2.7834107E-02  2.7654166E-02
   38.0000  2.5131198E-02  2.6806457E-02  2.7586586E-02
   39.0000  2.4731934E-02  2.5602786E-02  2.7416822E-02
   40.0000  2.4117785E-02  2.4229363E-02  2.7101973E-02
