  7709.000   27  1  1  1.9222038E-02 -4.8350960E+00 -4.3262563E-01  1  1  7.5665465E+03  8.0000000E+03  0.0000000E+00  1.1792254E+00  1.0000000E+00  0.0000000E+00  = E_edge, Z, n_edge, j_edge, Abs_before_edge, VO_interstitial, E_cut, ninit, ninit1, Epsii, UnitCell_Volume, Surface_ref, f0_forward, natomsym_f, abs_u_iso
    Energy   (100,001)      (010,001)      (001,110)   
  -25.0000  8.6672161E-09  3.9605433E-10  8.8279414E-10
  -24.0000  2.3956411E-08  7.2894481E-10  2.0270710E-09
  -23.0000  8.0416391E-08  1.4032688E-09  5.2109474E-09
  -22.0000  3.9093890E-07  2.8780330E-09  1.5969841E-08
  -21.0000  5.9046877E-06  6.6616133E-09  6.7777923E-08
  -20.0000  1.6513084E-05  2.4200281E-08  7.0187269E-07
  -19.0000  3.5278979E-06  1.1257872E-07  6.3551496E-06
  -18.0000  3.1025086E-06  8.1382610E-08  6.7456647E-07
  -17.0000  5.4180374E-06  2.6368118E-07  4.4808033E-07
  -16.0000  4.2016343E-05  1.4509143E-06  5.1811526E-07
  -15.0000  9.7609197E-06  6.9109363E-05  1.6255096E-06
  -14.0000  3.9107380E-07  1.1642414E-05  1.7560220E-06
  -13.0000  4.1555400E-07  4.0985540E-06  1.1507244E-05
  -12.0000  3.1125527E-06  2.6979549E-06  6.6945531E-05
  -11.0000  1.4699607E-05  2.9339982E-06  7.3208214E-06
  -10.0000  2.1154416E-04  8.2614057E-06  3.1692334E-05
  -9.00000  2.3627581E-05  2.4110392E-04  1.1889373E-04
  -8.00000  2.4043369E-05  9.7949858E-03  8.0911222E-04
  -7.00000  4.4962113E-04  7.3742042E-05  6.7429053E-06
  -6.00000  4.1825971E-04  6.8958289E-05  2.3512571E-05
  -5.00000  1.9979173E-03  2.1623621E-04  7.2976396E-04
  -4.00000  8.8356259E-02  2.4367883E-03  8.7859557E-04
  -3.00000  1.2742883E-03  1.3939188E-02  1.0556820E-03
  -2.00000  5.7244471E-04  2.4560865E-03  3.6016747E-04
  -1.00000  3.8231852E-04  1.2931569E-03  1.8195778E-04
   0.00000  1.6262716E-03  1.1577434E-03  9.3400903E-04
   1.00000  3.3774379E-04  9.0411739E-04  2.2542818E-04
   2.00000  3.9450960E-04  1.0344645E-03  3.4839873E-04
   3.00000  5.4962738E-04  1.3860977E-03  6.7891932E-04
   4.00000  8.3488372E-04  2.1540725E-03  1.4625694E-03
   5.00000  1.2587140E-03  3.3115890E-03  3.4539921E-03
   5.20000  1.3444300E-03  3.5829460E-03  4.1753697E-03
   5.40000  1.4205990E-03  3.8776969E-03  5.0595278E-03
   5.60000  1.4820035E-03  4.2097745E-03  6.1206423E-03
   5.80000  1.5291722E-03  4.6028367E-03  7.3571135E-03
   6.00000  1.5823498E-03  5.0873340E-03  8.7460103E-03
   6.20000  1.7081841E-03  5.6991524E-03  1.0250478E-02
   6.40000  2.0314814E-03  6.4753600E-03  1.1830412E-02
   6.60000  2.6528150E-03  7.4507984E-03  1.3451451E-02
   6.80000  3.5042675E-03  8.6587743E-03  1.5082428E-02
   7.00000  4.4001139E-03  1.0130689E-02  1.6676895E-02
   7.20000  5.2400284E-03  1.1895555E-02  1.8191724E-02
   7.40000  6.0316915E-03  1.4016114E-02  1.9534778E-02
   7.60000  6.8211303E-03  1.6307368E-02  2.0536050E-02
   7.80000  7.6628177E-03  1.8720463E-02  2.1118066E-02
   8.00000  8.6071672E-03  2.1163833E-02  2.1376417E-02
   8.20000  9.6989932E-03  2.3643765E-02  2.1629437E-02
   8.40000  1.0996268E-02  2.6311136E-02  2.2339138E-02
   8.60000  1.2555771E-02  2.9400749E-02  2.3948721E-02
   8.80000  1.4456932E-02  3.3205782E-02  2.6826840E-02
   9.00000  1.6802087E-02  3.8064173E-02  3.1198859E-02
   9.20000  1.9722929E-02  4.4335420E-02  3.7042602E-02
   9.40000  2.3386804E-02  5.2454726E-02  4.3906731E-02
   9.60000  2.7990690E-02  6.2864552E-02  5.0896089E-02
   9.80000  3.3732758E-02  7.5851394E-02  5.6976570E-02
   10.0000  4.0719927E-02  9.1091003E-02  6.1425202E-02
   10.2500  5.0890968E-02  1.1043847E-01  6.4490697E-02
   10.5000  6.1118841E-02  1.2267049E-01  6.5561452E-02
   10.7500  6.8413489E-02  1.1993225E-01  6.6114840E-02
   11.0000  7.0243332E-02  1.0351404E-01  6.7148036E-02
   11.2500  6.6890575E-02  8.2341218E-02  6.8304091E-02
   11.5000  6.0837183E-02  6.3497663E-02  6.8543592E-02
   11.7500  5.3533960E-02  4.9285922E-02  6.8240561E-02
   12.0000  4.8122154E-02  3.9540436E-02  6.4860234E-02
   12.2500  4.3898095E-02  3.2921845E-02  6.0104244E-02
   12.5000  4.0811406E-02  2.8372669E-02  5.4736382E-02
   12.7500  3.8692058E-02  2.5133916E-02  4.9394778E-02
   13.0000  3.7390325E-02  2.2756306E-02  4.2618319E-02
   13.2500  3.6609105E-02  2.0825080E-02  3.8765301E-02
   13.5000  3.6339428E-02  1.9299369E-02  3.5532466E-02
   13.7500  3.6493125E-02  1.8069690E-02  3.2906230E-02
   14.0000  3.7001208E-02  1.7066619E-02  3.0841785E-02
   14.2500  3.7808934E-02  1.6241965E-02  2.9284575E-02
   14.5000  3.8867207E-02  1.5561946E-02  2.8180136E-02
   14.7500  4.0127603E-02  1.5000953E-02  2.7482188E-02
   15.0000  4.1539035E-02  1.4540078E-02  2.7152598E-02
   15.2500  4.3046849E-02  1.4164024E-02  2.7161657E-02
   15.5000  4.4571476E-02  1.3865845E-02  2.7480551E-02
   15.7500  4.6029118E-02  1.3638252E-02  2.8078751E-02
   16.0000  4.7316552E-02  1.3477032E-02  2.8916647E-02
   16.2500  4.8326430E-02  1.3380400E-02  2.9941314E-02
   16.5000  4.8958750E-02  1.3347143E-02  3.1083002E-02
   16.7500  4.9134965E-02  1.3376315E-02  3.2257190E-02
   17.0000  4.8821293E-02  1.3466284E-02  3.3371512E-02
   17.2500  4.8042358E-02  1.3615292E-02  3.4339138E-02
   17.5000  4.6881144E-02  1.3821849E-02  3.5093927E-02
   17.7500  4.5460130E-02  1.4084483E-02  3.5595997E-02
   18.0000  4.3925227E-02  1.4401152E-02  3.5841564E-02
   18.2500  4.2410000E-02  1.4770499E-02  3.5852556E-02
   18.5000  4.1022506E-02  1.5191826E-02  3.5670539E-02
   18.7500  3.9833973E-02  1.5664566E-02  3.5345056E-02
   19.0000  3.8881406E-02  1.6188432E-02  3.4925674E-02
   19.2500  3.8175652E-02  1.6762786E-02  3.4453858E-02
   19.5000  3.7710315E-02  1.7387817E-02  3.3963119E-02
   19.7500  3.7464276E-02  1.8063628E-02  3.3477235E-02
   20.0000  3.7411251E-02  1.8789455E-02  3.3013720E-02
   21.0000  3.8422734E-02  2.2625455E-02  3.1618248E-02
   22.0000  3.9365926E-02  2.6879292E-02  3.0550323E-02
   23.0000  3.7385185E-02  3.1591893E-02  2.9865265E-02
   24.0000  3.2464192E-02  3.6327329E-02  2.9474700E-02
   25.0000  2.7079584E-02  4.0243677E-02  2.9116664E-02
   26.0000  2.3179963E-02  4.2333087E-02  2.8373451E-02
   27.0000  2.1175304E-02  4.2273593E-02  2.7201604E-02
   28.0000  2.0597005E-02  4.0665804E-02  2.6021182E-02
   29.0000  2.0796439E-02  3.8393771E-02  2.5277393E-02
   30.0000  2.1268117E-02  3.6112861E-02  2.5078029E-02
   31.0000  2.1755494E-02  3.4167404E-02  2.5224379E-02
   32.0000  2.2153136E-02  3.2620737E-02  2.5412737E-02
   33.0000  2.2407685E-02  3.1379493E-02  2.5409848E-02
   34.0000  2.2487048E-02  3.0293833E-02  2.5056589E-02
   35.0000  2.2370668E-02  2.9211129E-02  2.4228077E-02
   36.0000  2.2072753E-02  2.8020012E-02  2.2864067E-02
   37.0000  2.1639539E-02  2.6663748E-02  2.1073164E-02
   38.0000  2.1124588E-02  2.5148243E-02  1.9272153E-02
   39.0000  2.0572660E-02  2.3542000E-02  1.8151594E-02
   40.0000  2.0023537E-02  2.1943620E-02  1.8241942E-02
