  7709.000   27  1  1  1.9222038E-02 -4.8745529E+00 -3.8581348E-01  1  1  7.5662298E+03  8.0000000E+03  0.0000000E+00  1.1792254E+00  1.0000000E+00  0.0000000E+00  = E_edge, Z, n_edge, j_edge, Abs_before_edge, VO_interstitial, E_cut, ninit, ninit1, Epsii, UnitCell_Volume, Surface_ref, f0_forward, natomsym_f, abs_u_iso
    Energy   (100,001)      (010,001)      (001,110)   
  -25.0000  6.6270159E-09  3.2617933E-10  6.5748715E-10
  -24.0000  1.7601717E-08  5.9249643E-10  1.4683182E-09
  -23.0000  5.5269623E-08  1.1196405E-09  3.6192365E-09
  -22.0000  2.3433572E-07  2.2265653E-09  1.0340824E-08
  -21.0000  2.1346515E-06  4.7889431E-09  3.8062981E-08
  -20.0000  7.6606715E-05  1.2534940E-08  2.4972550E-07
  -19.0000  4.2375140E-06  3.9798205E-06  3.9957081E-04
  -18.0000  2.5370748E-06  6.0843940E-08  9.8086956E-07
  -17.0000  3.1490451E-06  1.7902653E-07  4.6341307E-07
  -16.0000  7.2801579E-06  8.2307776E-07  4.4659904E-07
  -15.0000  5.6242544E-04  1.2141218E-05  7.8421594E-07
  -14.0000  1.6217953E-06  2.4746975E-05  1.0928033E-06
  -13.0000  4.9318576E-07  4.7094230E-06  2.9996271E-06
  -12.0000  4.1812733E-06  2.9743404E-06  6.1381609E-05
  -11.0000  2.3615390E-05  3.2457483E-06  1.6356599E-05
  -10.0000  3.4105347E-04  4.6932889E-06  1.1295956E-05
  -9.00000  7.7847112E-04  1.9390114E-05  9.8286524E-06
  -8.00000  1.4096570E-04  3.5127377E-05  7.6941523E-06
  -7.00000  2.5080533E-03  7.8663017E-05  1.6001689E-04
  -6.00000  7.1822529E-04  3.4882101E-05  1.3447018E-04
  -5.00000  9.4684979E-04  1.4176225E-04  2.4635025E-04
  -4.00000  4.2581292E-01  7.9704595E-04  6.4264540E-04
  -3.00000  1.0532575E-03  2.5203089E-01  5.7305143E-03
  -2.00000  5.4662566E-04  3.2936599E-03  3.7325313E-04
  -1.00000  3.0348554E-04  1.5241966E-03  1.7656572E-04
   0.00000  4.6944532E-04  9.7357496E-04  2.5214675E-04
   1.00000  3.3261772E-04  8.8956963E-04  1.9162022E-04
   2.00000  3.1286867E-04  9.6199372E-04  2.0976780E-04
   3.00000  4.2440502E-04  1.2188666E-03  3.2275932E-04
   4.00000  6.4674331E-04  1.8728558E-03  5.6781183E-04
   5.00000  9.9593989E-04  3.0807973E-03  1.1595753E-03
   5.20000  1.0769790E-03  3.3854100E-03  1.3761188E-03
   5.40000  1.1597013E-03  3.7130211E-03  1.6530803E-03
   5.60000  1.2429470E-03  4.0675501E-03  2.0115560E-03
   5.80000  1.3252539E-03  4.4557110E-03  2.4804511E-03
   6.00000  1.4058022E-03  4.8860616E-03  3.0962344E-03
   6.20000  1.4843623E-03  5.3717751E-03  3.9044467E-03
   6.40000  1.5624676E-03  5.9301287E-03  4.9563302E-03
   6.60000  1.6462213E-03  6.5823478E-03  6.2994681E-03
   6.80000  1.7532884E-03  7.3514925E-03  7.9570716E-03
   7.00000  1.9289032E-03  8.2634120E-03  9.8911764E-03
   7.20000  2.2686320E-03  9.3388784E-03  1.1968966E-02
   7.40000  2.8859484E-03  1.0606134E-02  1.3937742E-02
   7.60000  3.7095189E-03  1.1992398E-02  1.5537445E-02
   7.80000  4.4415085E-03  1.3484321E-02  1.6495678E-02
   8.00000  4.9662132E-03  1.5050490E-02  1.6712434E-02
   8.20000  5.3864807E-03  1.6682912E-02  1.6280029E-02
   8.40000  5.8079454E-03  1.8406753E-02  1.5431743E-02
   8.60000  6.2852155E-03  2.0277496E-02  1.4448382E-02
   8.80000  6.8426352E-03  2.2375336E-02  1.3586745E-02
   9.00000  7.4924264E-03  2.4807824E-02  1.3050096E-02
   9.20000  8.2408393E-03  2.7703622E-02  1.2996900E-02
   9.40000  9.0931701E-03  3.1223995E-02  1.3540786E-02
   9.60000  1.0066672E-02  3.5574956E-02  1.4784331E-02
   9.80000  1.1174243E-02  4.0990405E-02  1.6789636E-02
   10.0000  1.2437827E-02  4.7720179E-02  1.9555419E-02
   10.2500  1.4277992E-02  5.8291055E-02  2.3892971E-02
   10.5000  1.6468420E-02  7.1294994E-02  2.8709601E-02
   10.7500  1.9081737E-02  8.5910202E-02  3.3363712E-02
   11.0000  2.2180737E-02  9.9723737E-02  3.7446911E-02
   11.2500  2.5790533E-02  1.0845825E-01  4.0908550E-02
   11.5000  2.9860777E-02  1.0789895E-01  4.3926835E-02
   11.7500  3.4210553E-02  9.7775516E-02  4.6710083E-02
   12.0000  3.8248430E-02  8.1274031E-02  4.9207531E-02
   12.2500  4.1923546E-02  6.5785568E-02  5.1833933E-02
   12.5000  4.4700566E-02  5.2905359E-02  5.3693563E-02
   12.7500  4.6396176E-02  4.3074718E-02  5.4497384E-02
   13.0000  4.7084881E-02  3.5831547E-02  5.4132798E-02
   13.2500  4.7023800E-02  3.0533128E-02  5.2705336E-02
   13.5000  4.6525680E-02  2.6625773E-02  5.0493019E-02
   13.7500  4.5695400E-02  2.3692191E-02  4.7701205E-02
   14.0000  4.4532333E-02  2.1440061E-02  4.4544357E-02
   14.2500  4.4009298E-02  1.9690126E-02  4.1940859E-02
   14.5000  4.3673363E-02  1.8305971E-02  3.9615943E-02
   14.7500  4.3549828E-02  1.7197950E-02  3.7659058E-02
   15.0000  4.3641503E-02  1.6305126E-02  3.6111677E-02
   15.2500  4.3950384E-02  1.5586357E-02  3.4986114E-02
   15.5000  4.4450197E-02  1.5010155E-02  3.4276897E-02
   15.7500  4.5134179E-02  1.4556920E-02  3.3972709E-02
   16.0000  4.5983237E-02  1.4211515E-02  3.4057884E-02
   16.2500  4.6973274E-02  1.3962759E-02  3.4515131E-02
   16.5000  4.8070327E-02  1.3802152E-02  3.5318226E-02
   16.7500  4.9230169E-02  1.3722723E-02  3.6426545E-02
   17.0000  5.0392655E-02  1.3719399E-02  3.7778604E-02
   17.2500  5.1482105E-02  1.3788752E-02  3.9286722E-02
   17.5000  5.2404952E-02  1.3927076E-02  4.0834872E-02
   17.7500  5.3062638E-02  1.4130349E-02  4.2289944E-02
   18.0000  5.3362411E-02  1.4395633E-02  4.3519649E-02
   18.2500  5.3234115E-02  1.4719634E-02  4.4415998E-02
   18.5000  5.2647278E-02  1.5098900E-02  4.4917104E-02
   18.7500  5.1630973E-02  1.5531639E-02  4.5019750E-02
   19.0000  5.0264104E-02  1.6015909E-02  4.4767325E-02
   19.2500  4.8662736E-02  1.6549082E-02  4.4234842E-02
   19.5000  4.6956192E-02  1.7129935E-02  4.3507416E-02
   19.7500  4.5266891E-02  1.7756798E-02  4.2668121E-02
   20.0000  4.3695141E-02  1.8428562E-02  4.1784393E-02
   21.0000  3.9571367E-02  2.1541450E-02  3.8596060E-02
   22.0000  3.9064573E-02  2.5279709E-02  3.6515571E-02
   23.0000  4.0627545E-02  2.9524650E-02  3.5245613E-02
   24.0000  4.1841545E-02  3.4702022E-02  3.4115732E-02
   25.0000  4.1035543E-02  3.8643189E-02  3.2987593E-02
   26.0000  3.7823710E-02  4.1302217E-02  3.1718691E-02
   27.0000  3.3411270E-02  4.2227642E-02  3.0307733E-02
   28.0000  2.9518391E-02  4.1561876E-02  2.8816198E-02
   29.0000  2.6882364E-02  3.9869287E-02  2.7448881E-02
   30.0000  2.5324573E-02  3.7758189E-02  2.6464132E-02
   31.0000  2.4465304E-02  3.5658856E-02  2.5945920E-02
   32.0000  2.4018723E-02  3.3826246E-02  2.5769549E-02
   33.0000  2.3785016E-02  3.2339996E-02  2.5729921E-02
   34.0000  2.3616052E-02  3.1146843E-02  2.5663550E-02
   35.0000  2.3397842E-02  3.0137678E-02  2.5477369E-02
   36.0000  2.3024252E-02  2.9181250E-02  2.5110416E-02
   37.0000  2.2412327E-02  2.8165267E-02  2.4498688E-02
   38.0000  2.1540148E-02  2.7015316E-02  2.3592815E-02
   39.0000  2.0490638E-02  2.5706888E-02  2.2372018E-02
   40.0000  1.9416217E-02  2.4250988E-02  2.0882022E-02
