  7709.000   27  1  1  1.9222038E-02 -4.6752451E+00 -3.6972066E-01  1  1  7.5663209E+03  8.0000000E+03  0.0000000E+00  1.1792254E+00  1.0000000E+00  0.0000000E+00  = E_edge, Z, n_edge, j_edge, Abs_before_edge, VO_interstitial, E_cut, ninit, ninit1, Epsii, UnitCell_Volume, Surface_ref, f0_forward, natomsym_f, abs_u_iso
    Energy   (100,001)      (010,001)      (001,110)   
  -25.0000  6.7231219E-09  3.2246569E-10  7.7616919E-10
  -24.0000  1.7765054E-08  5.8908026E-10  1.7542794E-09
  -23.0000  5.5380856E-08  1.1205506E-09  4.3992348E-09
  -22.0000  2.3179120E-07  2.2501434E-09  1.2919070E-08
  -21.0000  2.0449387E-06  4.9606798E-09  5.0581343E-08
  -20.0000  1.4235007E-04  1.8635229E-08  5.6171924E-07
  -19.0000  7.6302671E-06  1.0473808E-06  1.1751592E-04
  -18.0000  2.6340142E-06  6.1164876E-08  9.2762453E-07
  -17.0000  3.1804597E-06  1.8443649E-07  5.0558933E-07
  -16.0000  7.0158307E-06  8.7177947E-07  5.5392348E-07
  -15.0000  2.8362369E-04  1.4869998E-05  5.9023874E-06
  -14.0000  1.9229299E-06  2.0177954E-05  1.4944300E-06
  -13.0000  5.6604864E-07  4.3526709E-06  4.3196945E-06
  -12.0000  4.9236827E-06  2.6772940E-06  1.7257042E-04
  -11.0000  2.4459716E-05  3.2363888E-06  1.5526312E-05
  -10.0000  3.3764907E-04  5.2404883E-06  1.1085335E-05
  -9.00000  1.7324866E-03  2.7422353E-05  2.0012827E-05
  -8.00000  1.8597050E-04  3.6950264E-05  1.5663194E-05
  -7.00000  1.2681437E-03  1.0314203E-04  3.3061802E-04
  -6.00000  8.9333178E-04  3.5313482E-05  1.2277321E-04
  -5.00000  5.8634741E-04  1.5065243E-04  2.9450542E-04
  -4.00000  4.8976062E-02  9.1001542E-04  8.7184384E-04
  -3.00000  7.8630137E-04  6.6242450E-02  1.7485262E-03
  -2.00000  4.5437098E-04  2.9297166E-03  4.1315538E-04
  -1.00000  2.8987411E-04  1.3621945E-03  1.6734192E-04
   0.00000  1.8628360E-03  1.2259911E-03  1.0179190E-03
   1.00000  3.9117918E-04  8.6827340E-04  2.6005551E-04
   2.00000  3.4675146E-04  9.6877411E-04  2.6466093E-04
   3.00000  4.7885739E-04  1.2748557E-03  4.1674441E-04
   4.00000  7.3986723E-04  2.0139437E-03  7.4966765E-04
   5.00000  1.1365785E-03  3.3682658E-03  1.6177116E-03
   5.20000  1.2227785E-03  3.7161500E-03  1.9674652E-03
   5.40000  1.3069107E-03  4.0954629E-03  2.4383668E-03
   5.60000  1.3867342E-03  4.5138034E-03  3.0813707E-03
   5.80000  1.4601963E-03  4.9847152E-03  3.9643778E-03
   6.00000  1.5281915E-03  5.5293586E-03  5.1640868E-03
   6.20000  1.6005979E-03  6.1805414E-03  6.7350836E-03
   6.40000  1.7139787E-03  6.9808013E-03  8.6397493E-03
   6.60000  1.9575819E-03  7.9692863E-03  1.0658080E-02
   6.80000  2.4303495E-03  9.1592627E-03  1.2387292E-02
   7.00000  3.0569486E-03  1.0550012E-02  1.3442661E-02
   7.20000  3.6287980E-03  1.2114028E-02  1.3748864E-02
   7.40000  4.0854123E-03  1.3784310E-02  1.3469487E-02
   7.60000  4.4853532E-03  1.5555354E-02  1.2809482E-02
   7.80000  4.8945969E-03  1.7419483E-02  1.1943240E-02
   8.00000  5.3573698E-03  1.9388294E-02  1.1023183E-02
   8.20000  5.9076655E-03  2.1478403E-02  1.0212250E-02
   8.40000  6.5791344E-03  2.3722283E-02  9.6323685E-03
   8.60000  7.4043526E-03  2.6211854E-02  9.3776360E-03
   8.80000  8.4041270E-03  2.9099689E-02  9.5398222E-03
   9.00000  9.5481202E-03  3.2578851E-02  1.0183157E-02
   9.20000  1.0677567E-02  3.6877633E-02  1.1276582E-02
   9.40000  1.1529398E-02  4.2272508E-02  1.2667214E-02
   9.60000  1.2053250E-02  4.9151480E-02  1.4269656E-02
   9.80000  1.2532467E-02  5.7967863E-02  1.6210931E-02
   10.0000  1.3231302E-02  6.9129882E-02  1.8603995E-02
   10.2500  1.4271514E-02  8.6424339E-02  2.1898133E-02
   10.5000  1.6083368E-02  1.0544682E-01  2.5723745E-02
   10.7500  1.8338644E-02  1.1985799E-01  2.9583093E-02
   11.0000  2.1023593E-02  1.2118360E-01  3.3426452E-02
   11.2500  2.4112229E-02  1.0784532E-01  3.7300088E-02
   11.5000  2.7527240E-02  8.7639389E-02  4.1213508E-02
   11.7500  3.1114234E-02  6.8530162E-02  4.5083193E-02
   12.0000  3.4477876E-02  5.3373902E-02  4.8571544E-02
   12.2500  3.7587604E-02  4.2683906E-02  5.1846019E-02
   12.5000  4.0124480E-02  3.5085234E-02  5.4238630E-02
   12.7500  4.1983914E-02  2.9666879E-02  5.5479491E-02
   13.0000  4.3196018E-02  2.5745538E-02  5.5451178E-02
   13.2500  4.3891827E-02  2.2849241E-02  5.4246403E-02
   13.5000  4.4242581E-02  2.0660418E-02  5.2140038E-02
   13.7500  4.4412035E-02  1.8970091E-02  4.9497365E-02
   14.0000  4.3888454E-02  1.7757710E-02  4.5605834E-02
   14.2500  4.4057395E-02  1.6680788E-02  4.2856003E-02
   14.5000  4.4310712E-02  1.5815499E-02  4.0433045E-02
   14.7500  4.4678300E-02  1.5116745E-02  3.8423388E-02
   15.0000  4.5175106E-02  1.4554538E-02  3.6861051E-02
   15.2500  4.5806115E-02  1.4107454E-02  3.5749659E-02
   15.5000  4.6575822E-02  1.3760267E-02  3.5079248E-02
   15.7500  4.7458423E-02  1.3502568E-02  3.4828289E-02
   16.0000  4.8446697E-02  1.3328538E-02  3.4976513E-02
   16.2500  4.9512487E-02  1.3233829E-02  3.5494749E-02
   16.5000  5.0613920E-02  1.3215619E-02  3.6341731E-02
   16.7500  5.1693209E-02  1.3271519E-02  3.7460315E-02
   17.0000  5.2672087E-02  1.3399752E-02  3.8767974E-02
   17.2500  5.3458080E-02  1.3598718E-02  4.0157400E-02
   17.5000  5.3952692E-02  1.3866229E-02  4.1501944E-02
   17.7500  5.4063863E-02  1.4199921E-02  4.2671923E-02
   18.0000  5.3727150E-02  1.4598289E-02  4.3558665E-02
   18.2500  5.2922523E-02  1.5059741E-02  4.4093735E-02
   18.5000  5.1686786E-02  1.5582092E-02  4.4261213E-02
   18.7500  5.0110296E-02  1.6164390E-02  4.4092118E-02
   19.0000  4.8319456E-02  1.6804162E-02  4.3650431E-02
   19.2500  4.6453348E-02  1.7499784E-02  4.3014600E-02
   19.5000  4.4639627E-02  1.8249058E-02  4.2260844E-02
   19.7500  4.2978980E-02  1.9049596E-02  4.1454567E-02
   20.0000  4.1540228E-02  1.9898895E-02  4.0647569E-02
   21.0000  3.8442150E-02  2.3726397E-02  3.7946952E-02
   22.0000  3.8925007E-02  2.8082040E-02  3.6309455E-02
   23.0000  4.0893552E-02  3.2672739E-02  3.5295939E-02
   24.0000  4.2075755E-02  3.6982915E-02  3.4351662E-02
   25.0000  4.0681739E-02  4.0636340E-02  3.3077168E-02
   26.0000  3.7235033E-02  4.2037537E-02  3.1747376E-02
   27.0000  3.2962054E-02  4.1689447E-02  3.0281318E-02
   28.0000  2.9407346E-02  4.0063355E-02  2.8817695E-02
   29.0000  2.7092458E-02  3.7817214E-02  2.7634170E-02
   30.0000  2.5766684E-02  3.5472600E-02  2.6940300E-02
   31.0000  2.5059644E-02  3.3350907E-02  2.6703925E-02
   32.0000  2.4707363E-02  3.1581769E-02  2.6703424E-02
   33.0000  2.4523445E-02  3.0154617E-02  2.6722743E-02
   34.0000  2.4378654E-02  2.8984004E-02  2.6646930E-02
   35.0000  2.4159395E-02  2.7951958E-02  2.6422865E-02
   36.0000  2.3752465E-02  2.6943331E-02  2.6019454E-02
   37.0000  2.3072042E-02  2.5866728E-02  2.5395456E-02
   38.0000  2.2111259E-02  2.4671051E-02  2.4504543E-02
   39.0000  2.0974312E-02  2.3356909E-02  2.3322131E-02
   40.0000  1.9819410E-02  2.1967252E-02  2.1886172E-02
