  7709.000   27  1  1  1.9222038E-02 -5.0424248E+00 -3.8225723E-01  1  1  7.5663108E+03  8.0000000E+03  0.0000000E+00  1.1792254E+00  1.0000000E+00  0.0000000E+00  = E_edge, Z, n_edge, j_edge, Abs_before_edge, VO_interstitial, E_cut, ninit, ninit1, Epsii, UnitCell_Volume, Surface_ref, f0_forward, natomsym_f, abs_u_iso
    Energy   (100,001)      (010,001)      (001,110)   
  -25.0000  6.4852979E-09  3.4485556E-10  9.6540109E-10
  -24.0000  1.6992027E-08  6.3066872E-10  2.2044953E-09
  -23.0000  5.2190796E-08  1.2046536E-09  5.5968395E-09
  -22.0000  2.1177319E-07  2.4428642E-09  1.6696290E-08
  -21.0000  1.6773182E-06  5.5023192E-09  6.6327765E-08
  -20.0000  4.4120430E-04  1.7536124E-08  5.3865757E-07
  -19.0000  4.7252387E-06  4.8011323E-07  4.2756399E-05
  -18.0000  2.7255211E-06  6.4473779E-08  1.0536552E-06
  -17.0000  3.1430244E-06  1.8985921E-07  6.0223815E-07
  -16.0000  6.3686233E-06  8.9318627E-07  6.2747531E-07
  -15.0000  1.0676690E-04  1.4823400E-05  1.1460720E-06
  -14.0000  2.2764086E-06  2.1606882E-05  1.6232483E-06
  -13.0000  6.5940746E-07  4.6372310E-06  5.0842180E-06
  -12.0000  5.2990112E-06  3.0393411E-06  1.1888728E-04
  -11.0000  2.7966578E-05  3.4333482E-06  2.4389295E-05
  -10.0000  3.3262168E-04  5.1011834E-06  8.0455640E-06
  -9.00000  2.3327158E-03  1.5133700E-04  1.0411182E-04
  -8.00000  2.8787416E-04  2.6190594E-05  1.6226420E-05
  -7.00000  1.9325696E-04  3.0378962E-04  1.5831435E-03
  -6.00000  1.1181439E-03  4.1980097E-05  1.5999637E-04
  -5.00000  6.0724733E-02  3.3826427E-04  1.7147986E-03
  -4.00000  7.3401483E-03  6.7711127E-04  2.9280549E-04
  -3.00000  9.2334357E-04  2.9409149E-01  1.7558423E-02
  -2.00000  5.1054580E-04  3.5800182E-03  6.5029111E-04
  -1.00000  2.8080482E-04  1.5397260E-03  2.0636045E-04
   0.00000  3.3649478E-04  1.1600835E-03  2.3630368E-04
   1.00000  7.2710961E-04  8.8847721E-04  4.1454223E-04
   2.00000  4.0426937E-04  9.7727981E-04  2.7189430E-04
   3.00000  5.9202001E-04  1.3011310E-03  3.9794601E-04
   4.00000  9.8143665E-04  2.1436077E-03  6.4993193E-04
   5.00000  1.5378483E-03  3.6695418E-03  1.2220078E-03
   5.20000  1.6484645E-03  4.0473738E-03  1.4373808E-03
   5.40000  1.7515720E-03  4.4519222E-03  1.7215851E-03
   5.60000  1.8433432E-03  4.8888366E-03  2.1056453E-03
   5.80000  1.9201003E-03  5.3674230E-03  2.6361584E-03
   6.00000  1.9819639E-03  5.9034462E-03  3.3782700E-03
   6.20000  2.0392971E-03  6.5215238E-03  4.4169689E-03
   6.40000  2.1368424E-03  7.2544474E-03  5.8368869E-03
   6.60000  2.3918321E-03  8.1364648E-03  7.6564377E-03
   6.80000  2.9137279E-03  9.1911274E-03  9.7043305E-03
   7.00000  3.5271824E-03  1.0379395E-02  1.1557393E-02
   7.20000  3.9664814E-03  1.1631476E-02  1.2729143E-02
   7.40000  4.2443466E-03  1.2883563E-02  1.3041461E-02
   7.60000  4.4595266E-03  1.4134047E-02  1.2695172E-02
   7.80000  4.6707180E-03  1.5426675E-02  1.2013460E-02
   8.00000  4.9051355E-03  1.6815735E-02  1.1235614E-02
   8.20000  5.1751507E-03  1.8350811E-02  1.0487545E-02
   8.40000  5.4869494E-03  2.0082868E-02  9.8255359E-03
   8.60000  5.8444747E-03  2.2073443E-02  9.2809585E-03
   8.80000  6.2506629E-03  2.4405303E-02  8.8799921E-03
   9.00000  6.7044397E-03  2.7180007E-02  8.6506090E-03
   9.20000  7.2039596E-03  3.0533844E-02  8.6118474E-03
   9.40000  7.7473067E-03  3.4630893E-02  8.7740440E-03
   9.60000  8.3335802E-03  3.9664267E-02  9.1313483E-03
   9.80000  8.9630606E-03  4.5843123E-02  9.6542270E-03
   10.0000  9.6384563E-03  5.3366063E-02  1.0297437E-02
   10.2500  1.0560025E-02  6.4836093E-02  1.1207757E-02
   10.5000  1.1594669E-02  7.8295612E-02  1.2203772E-02
   10.7500  1.2777715E-02  9.2083600E-02  1.3310983E-02
   11.0000  1.4151668E-02  1.0251948E-01  1.4597880E-02
   11.2500  1.5746457E-02  1.0514415E-01  1.6120225E-02
   11.5000  1.7575718E-02  9.8473479E-02  1.7904120E-02
   11.7500  1.9626430E-02  8.5660169E-02  1.9965396E-02
   12.0000  2.1768218E-02  7.0890382E-02  2.2050781E-02
   12.2500  2.4072083E-02  5.8374733E-02  2.4847033E-02
   12.5000  2.6364231E-02  4.8307934E-02  2.7955478E-02
   12.7500  2.8542668E-02  4.0583056E-02  3.1318116E-02
   13.0000  3.0532185E-02  3.4760242E-02  3.4801750E-02
   13.2500  3.2296601E-02  3.0384403E-02  3.8194382E-02
   13.5000  3.3301256E-02  2.7448414E-02  4.1815616E-02
   13.7500  3.4479960E-02  2.4860162E-02  4.4275898E-02
   14.0000  3.5525332E-02  2.2837474E-02  4.5793763E-02
   14.2500  3.6463961E-02  2.1228500E-02  4.6328725E-02
   14.5000  3.7319772E-02  1.9926664E-02  4.6017470E-02
   14.7500  3.8113788E-02  1.8857556E-02  4.5117874E-02
   15.0000  3.8878252E-02  1.7973013E-02  4.3925299E-02
   15.2500  3.9624428E-02  1.7236503E-02  4.2697589E-02
   15.5000  4.0389251E-02  1.6630114E-02  4.1637593E-02
   15.7500  4.1200773E-02  1.6140868E-02  4.0880857E-02
   16.0000  4.2082652E-02  1.5760249E-02  4.0514023E-02
   16.2500  4.3053236E-02  1.5480948E-02  4.0587895E-02
   16.5000  4.4119169E-02  1.5297224E-02  4.1128309E-02
   16.7500  4.5272467E-02  1.5204090E-02  4.2141149E-02
   17.0000  4.6488962E-02  1.5196714E-02  4.3610669E-02
   17.2500  4.7728146E-02  1.5270832E-02  4.5491731E-02
   17.5000  4.8932592E-02  1.5422772E-02  4.7698503E-02
   17.7500  5.0026549E-02  1.5647783E-02  5.0089566E-02
   18.0000  5.0924777E-02  1.5941742E-02  5.2466798E-02
   18.2500  5.1540582E-02  1.6301001E-02  5.4595757E-02
   18.5000  5.1799994E-02  1.6721151E-02  5.6243093E-02
   18.7500  5.1658828E-02  1.7198945E-02  5.7234590E-02
   19.0000  5.1115626E-02  1.7730457E-02  5.7493698E-02
   19.2500  5.0215391E-02  1.8311965E-02  5.7060223E-02
   19.5000  4.9038341E-02  1.8940005E-02  5.6058098E-02
   19.7500  4.7688916E-02  1.9610023E-02  5.4654521E-02
   20.0000  4.6271257E-02  2.0319496E-02  5.3016177E-02
   21.0000  4.1558905E-02  2.3499219E-02  4.6381883E-02
   22.0000  3.9966107E-02  2.7087868E-02  4.1536702E-02
   23.0000  4.0974283E-02  3.0872610E-02  3.8367784E-02
   24.0000  4.2873195E-02  3.4526025E-02  3.6185468E-02
   25.0000  4.4415582E-02  3.7594942E-02  3.4620714E-02
   26.0000  4.4848457E-02  3.9586272E-02  3.3418937E-02
   27.0000  4.2793026E-02  4.0145980E-02  3.2070530E-02
   28.0000  3.9074921E-02  3.9429472E-02  3.0755717E-02
   29.0000  3.4799457E-02  3.7989348E-02  2.9429904E-02
   30.0000  3.1281991E-02  3.6249305E-02  2.8421980E-02
   31.0000  2.8914436E-02  3.4527005E-02  2.7898234E-02
   32.0000  2.7510188E-02  3.3005605E-02  2.7757423E-02
   33.0000  2.6766279E-02  3.1758973E-02  2.7797203E-02
   34.0000  2.6420352E-02  3.0745388E-02  2.7870034E-02
   35.0000  2.6285185E-02  2.9875735E-02  2.7905132E-02
   36.0000  2.6205539E-02  2.9033069E-02  2.7860286E-02
   37.0000  2.6031801E-02  2.8113566E-02  2.7694590E-02
   38.0000  2.5627080E-02  2.7033068E-02  2.7348336E-02
   39.0000  2.4881028E-02  2.5755618E-02  2.6747909E-02
   40.0000  2.3757342E-02  2.4290736E-02  2.5824072E-02
