  7709.000   27  1  1  1.9222038E-02 -4.7434938E+00 -3.5949018E-01  1  1  7.5663765E+03  8.0000000E+03  0.0000000E+00  1.1792254E+00  1.0000000E+00  0.0000000E+00  = E_edge, Z, n_edge, j_edge, Abs_before_edge, VO_interstitial, E_cut, ninit, ninit1, Epsii, UnitCell_Volume, Surface_ref, f0_forward, natomsym_f, abs_u_iso
    Energy   (100,001)      (010,001)      (001,110)   
  -25.0000  5.0023514E-09  3.2618068E-10  7.9127940E-10
  -24.0000  1.2568707E-08  5.9659305E-10  1.7714233E-09
  -23.0000  3.6177978E-08  1.1372820E-09  4.3720546E-09
  -22.0000  1.3042186E-07  2.2920883E-09  1.2478684E-08
  -21.0000  7.6270353E-07  5.0750532E-09  4.5778893E-08
  -20.0000  6.2761368E-04  1.5957644E-07  3.2370453E-07
  -19.0000  6.7997818E-05  4.3100190E-05  3.7806839E-03
  -18.0000  3.4626889E-06  7.4225301E-08  2.0550232E-06
  -17.0000  3.2063424E-06  1.8120503E-07  7.2681760E-07
  -16.0000  5.2401267E-06  8.3269544E-07  6.6499603E-07
  -15.0000  2.6858325E-05  1.4913633E-05  1.2037223E-06
  -14.0000  9.0479433E-06  2.5182410E-05  1.7988617E-06
  -13.0000  3.9721786E-07  4.7484862E-06  4.6214290E-06
  -12.0000  3.8853656E-06  3.2308451E-06  9.0077152E-05
  -11.0000  1.9371705E-05  3.1562641E-06  2.3866367E-05
  -10.0000  1.5903686E-04  4.2967829E-06  7.8703974E-06
  -9.00000  7.3589454E-02  5.7846422E-04  6.8039377E-04
  -8.00000  4.7330941E-04  2.5521757E-05  8.7058347E-06
  -7.00000  2.9663268E-03  1.8104232E-02  2.0611518E-02
  -6.00000  9.8991668E-04  3.2666443E-05  2.6407102E-04
  -5.00000  3.9726755E-03  1.9358926E-04  9.1326398E-04
  -4.00000  8.8984478E-03  8.8877932E-04  2.3578171E-04
  -3.00000  7.3333800E-04  6.6071439E-02  1.5177017E-03
  -2.00000  4.4519177E-04  3.5076846E-03  4.8979212E-04
  -1.00000  2.6011644E-04  1.5364282E-03  1.7106927E-04
   0.00000  9.6151009E-04  1.7280865E-03  7.2143942E-04
   1.00000  4.7859712E-04  9.6958997E-04  3.1964427E-04
   2.00000  3.7815899E-04  1.0295270E-03  2.7533345E-04
   3.00000  5.4296886E-04  1.3545870E-03  4.1551371E-04
   4.00000  8.6006355E-04  2.1742066E-03  7.2063147E-04
   5.00000  1.2915236E-03  3.6586438E-03  1.5794216E-03
   5.20000  1.3764055E-03  4.0365671E-03  1.9539273E-03
   5.40000  1.4560296E-03  4.4500143E-03  2.4796271E-03
   5.60000  1.5291319E-03  4.9113724E-03  3.2301979E-03
   5.80000  1.5993682E-03  5.4426420E-03  4.3012689E-03
   6.00000  1.6880529E-03  6.0799864E-03  5.7760611E-03
   6.20000  1.8627321E-03  6.8694160E-03  7.6098419E-03
   6.40000  2.2432552E-03  7.8335308E-03  9.4386619E-03
   6.60000  2.8404497E-03  8.9282041E-03  1.0617701E-02
   6.80000  3.4132886E-03  1.0031750E-02  1.0786818E-02
   7.00000  3.8177971E-03  1.1114448E-02  1.0182336E-02
   7.20000  4.1018945E-03  1.2167396E-02  9.2690470E-03
   7.40000  4.3487190E-03  1.3223401E-02  8.3471689E-03
   7.60000  4.6098446E-03  1.4339068E-02  7.5017269E-03
   7.80000  4.9050014E-03  1.5480914E-02  6.7523679E-03
   8.00000  5.2554616E-03  1.6698727E-02  6.1617694E-03
   8.20000  5.6763932E-03  1.8039158E-02  5.7482023E-03
   8.40000  6.1817581E-03  1.9576901E-02  5.5096719E-03
   8.60000  6.7858195E-03  2.1407698E-02  5.4513432E-03
   8.80000  7.5062517E-03  2.3645805E-02  5.5844088E-03
   9.00000  8.3641197E-03  2.6429297E-02  5.9220687E-03
   9.20000  9.3766975E-03  2.9904534E-02  6.4767491E-03
   9.40000  1.0539835E-02  3.4243179E-02  7.2586941E-03
   9.60000  1.1801009E-02  3.9619777E-02  8.2711563E-03
   9.80000  1.3042947E-02  4.6202889E-02  9.5075311E-03
   10.0000  1.4127668E-02  5.4141477E-02  1.0954427E-02
   10.2500  1.5210931E-02  6.6098740E-02  1.3040139E-02
   10.5000  1.6216951E-02  7.9866030E-02  1.5428777E-02
   10.7500  1.7445098E-02  9.3174979E-02  1.8142754E-02
   11.0000  1.9035588E-02  1.0147278E-01  2.1183514E-02
   11.2500  2.0986383E-02  1.0066192E-01  2.4447895E-02
   11.5000  2.2880603E-02  9.1335950E-02  2.7775579E-02
   11.7500  2.5236004E-02  7.7991013E-02  3.0877596E-02
   12.0000  2.7513432E-02  6.4943432E-02  3.3873726E-02
   12.2500  2.9728830E-02  5.3805006E-02  3.7276272E-02
   12.5000  3.1675746E-02  4.5081888E-02  4.0596480E-02
   12.7500  3.3316566E-02  3.8431668E-02  4.3660945E-02
   13.0000  3.4682207E-02  3.3383115E-02  4.6235666E-02
   13.2500  3.5844018E-02  2.9521382E-02  4.8087942E-02
   13.5000  3.6777854E-02  2.6588929E-02  4.9034391E-02
   13.7500  3.7210256E-02  2.4354073E-02  4.8968639E-02
   14.0000  3.8175665E-02  2.2420356E-02  4.8279812E-02
   14.2500  3.9161955E-02  2.0845777E-02  4.7044625E-02
   14.5000  4.0183628E-02  1.9551087E-02  4.5529340E-02
   14.7500  4.1250288E-02  1.8480534E-02  4.3970271E-02
   15.0000  4.2370388E-02  1.7594612E-02  4.2550389E-02
   15.2500  4.3558369E-02  1.6867988E-02  4.1395568E-02
   15.5000  4.4801053E-02  1.6277296E-02  4.0582974E-02
   15.7500  4.6104831E-02  1.5810476E-02  4.0157769E-02
   16.0000  4.7456495E-02  1.5456475E-02  4.0138734E-02
   16.2500  4.8829303E-02  1.5206711E-02  4.0527466E-02
   16.5000  5.0179402E-02  1.5054518E-02  4.1309601E-02
   16.7500  5.1444236E-02  1.4993726E-02  4.2451623E-02
   17.0000  5.2545132E-02  1.5020012E-02  4.3895819E-02
   17.2500  5.3391869E-02  1.5128306E-02  4.5552524E-02
   17.5000  5.3893505E-02  1.5314484E-02  4.7299651E-02
   17.7500  5.3975402E-02  1.5574846E-02  4.8986271E-02
   18.0000  5.3592502E-02  1.5905377E-02  5.0449227E-02
   18.2500  5.2743589E-02  1.6302329E-02  5.1542462E-02
   18.5000  5.1479139E-02  1.6761516E-02  5.2164965E-02
   18.7500  4.9893393E-02  1.7280216E-02  5.2282309E-02
   19.0000  4.8108153E-02  1.7855333E-02  5.1926378E-02
   19.2500  4.6252435E-02  1.8483974E-02  5.1180787E-02
   19.5000  4.4444188E-02  1.9162893E-02  5.0154881E-02
   19.7500  4.2777908E-02  1.9888611E-02  4.8957919E-02
   20.0000  4.1320123E-02  2.0658122E-02  4.7686613E-02
   21.0000  3.8068053E-02  2.4099986E-02  4.2986468E-02
   22.0000  3.8495169E-02  2.7919934E-02  3.9690790E-02
   23.0000  4.0782741E-02  3.1808341E-02  3.7446204E-02
   24.0000  4.2903785E-02  3.5383253E-02  3.5659773E-02
   25.0000  4.3691769E-02  3.8209506E-02  3.4051673E-02
   26.0000  4.2499250E-02  3.9898172E-02  3.2536262E-02
   27.0000  3.9225401E-02  4.0245602E-02  3.1015211E-02
   28.0000  3.4294131E-02  3.9190698E-02  2.9245211E-02
   29.0000  3.0529511E-02  3.7547666E-02  2.7845707E-02
   30.0000  2.7851983E-02  3.5662537E-02  2.6834584E-02
   31.0000  2.6177461E-02  3.3864160E-02  2.6281929E-02
   32.0000  2.5223187E-02  3.2324184E-02  2.6054639E-02
   33.0000  2.4722255E-02  3.1078532E-02  2.5982297E-02
   34.0000  2.4485462E-02  3.0075866E-02  2.5956737E-02
   35.0000  2.4368031E-02  2.9219940E-02  2.5909939E-02
   36.0000  2.4241005E-02  2.8405258E-02  2.5792287E-02
   37.0000  2.3979540E-02  2.7539532E-02  2.5541566E-02
   38.0000  2.3478787E-02  2.6561068E-02  2.5090783E-02
   39.0000  2.2693355E-02  2.5431633E-02  2.4387282E-02
   40.0000  2.1660003E-02  2.4138339E-02  2.3407246E-02
