  7709.000   27  1  1  1.9222038E-02 -4.6355217E+00 -3.3464155E-01  1  1  7.5663147E+03  8.0000000E+03  0.0000000E+00  1.1792254E+00  1.0000000E+00  0.0000000E+00  = E_edge, Z, n_edge, j_edge, Abs_before_edge, VO_interstitial, E_cut, ninit, ninit1, Epsii, UnitCell_Volume, Surface_ref, f0_forward, natomsym_f, abs_u_iso
    Energy   (100,001)      (010,001)      (001,110)   
  -25.0000  6.6867750E-09  3.4979357E-10  8.4797372E-10
  -24.0000  1.7896597E-08  6.3781643E-10  1.9344089E-09
  -23.0000  5.7053984E-08  1.2126572E-09  4.9232985E-09
  -22.0000  2.5049471E-07  2.4395271E-09  1.4841871E-08
  -21.0000  2.6055917E-06  5.4253480E-09  6.1079785E-08
  -20.0000  3.3694156E-05  1.7202325E-08  5.6968426E-07
  -19.0000  4.0177050E-06  1.0958295E-07  9.9827800E-06
  -18.0000  2.3660077E-06  6.6092725E-08  7.0704473E-07
  -17.0000  3.1474548E-06  2.0767521E-07  4.4503599E-07
  -16.0000  9.2912727E-06  1.0253457E-06  5.6908708E-07
  -15.0000  9.1650360E-05  2.1761808E-05  1.8440114E-06
  -14.0000  3.9334572E-07  1.6701228E-05  1.3633694E-06
  -13.0000  7.4027030E-07  4.2713788E-06  5.0096426E-06
  -12.0000  4.7527514E-05  2.6571514E-06  1.6583756E-01
  -11.0000  2.1420757E-05  3.0390563E-06  9.3970576E-06
  -10.0000  2.9369462E-04  6.6612572E-06  1.8114822E-05
  -9.00000  9.8753937E-03  7.9278444E-05  1.0565596E-05
  -8.00000  2.1113889E-04  1.9284431E-04  4.7101726E-05
  -7.00000  1.2470616E-03  5.5746698E-05  8.9110258E-05
  -6.00000  5.8307317E-04  4.0605398E-05  1.0936360E-04
  -5.00000  6.2528384E-04  1.5873763E-04  5.7898191E-04
  -4.00000  2.8998793E-01  1.2431796E-03  7.5116528E-03
  -3.00000  9.7501649E-04  2.5657798E-02  1.3703611E-03
  -2.00000  4.8582738E-04  2.7299004E-03  3.2082684E-04
  -1.00000  2.9788239E-04  1.3846390E-03  1.6685879E-04
   0.00000  2.9864470E-03  1.1533726E-03  1.7090781E-03
   1.00000  3.5608478E-04  8.8299105E-04  2.3037742E-04
   2.00000  3.5044137E-04  9.8712326E-04  2.5872940E-04
   3.00000  4.8190891E-04  1.2974012E-03  4.1314209E-04
   4.00000  7.4003421E-04  2.0330954E-03  7.6914239E-04
   5.00000  1.1671592E-03  3.3099740E-03  1.7650922E-03
   5.20000  1.2715955E-03  3.6248489E-03  2.1703137E-03
   5.40000  1.3790443E-03  3.9612920E-03  2.7095859E-03
   5.60000  1.4866538E-03  4.3245175E-03  3.4275099E-03
   5.80000  1.5907934E-03  4.7265226E-03  4.3699476E-03
   6.00000  1.6882810E-03  5.1882114E-03  5.5632194E-03
   6.20000  1.7814891E-03  5.7427108E-03  6.9805084E-03
   6.40000  1.8930244E-03  6.4326799E-03  8.5150383E-03
   6.60000  2.0948612E-03  7.2973778E-03  9.9935812E-03
   6.80000  2.5195926E-03  8.3593327E-03  1.1242486E-02
   7.00000  3.2447275E-03  9.6248978E-03  1.2152548E-02
   7.20000  4.1245106E-03  1.1107479E-02  1.2725473E-02
   7.40000  4.9597468E-03  1.2824582E-02  1.3043584E-02
   7.60000  5.7225795E-03  1.4737507E-02  1.3177230E-02
   7.80000  6.5066775E-03  1.6770829E-02  1.3103986E-02
   8.00000  7.4214296E-03  1.8901813E-02  1.2863587E-02
   8.20000  8.5728164E-03  2.1085207E-02  1.2626815E-02
   8.40000  1.0046984E-02  2.3329238E-02  1.2595119E-02
   8.60000  1.1807182E-02  2.5716200E-02  1.2931265E-02
   8.80000  1.3474103E-02  2.8377681E-02  1.3647056E-02
   9.00000  1.4473905E-02  3.1492159E-02  1.4616839E-02
   9.20000  1.4902350E-02  3.5336116E-02  1.5943814E-02
   9.40000  1.5420356E-02  4.0243839E-02  1.7976801E-02
   9.60000  1.6413318E-02  4.6584352E-02  2.0921753E-02
   9.80000  1.7541896E-02  5.4741051E-02  2.4488615E-02
   10.0000  1.9681735E-02  6.5156957E-02  2.9002470E-02
   10.2500  2.3112471E-02  8.1624382E-02  3.5056235E-02
   10.5000  2.7406695E-02  1.0075533E-01  4.0966979E-02
   10.7500  3.2542338E-02  1.1751902E-01  4.6354285E-02
   11.0000  3.8320053E-02  1.2323294E-01  5.1189711E-02
   11.2500  4.4233663E-02  1.1344370E-01  5.5654116E-02
   11.5000  4.9456418E-02  9.3987827E-02  5.9781877E-02
   11.7500  5.3094247E-02  7.3728245E-02  6.3233713E-02
   12.0000  5.3467887E-02  5.7187099E-02  6.6249909E-02
   12.2500  5.2922823E-02  4.5085019E-02  6.6797644E-02
   12.5000  5.1113972E-02  3.6507752E-02  6.5217536E-02
   12.7500  4.8741162E-02  3.0472752E-02  6.1838242E-02
   13.0000  4.6342067E-02  2.6178902E-02  5.7321842E-02
   13.2500  4.4232993E-02  2.3057619E-02  5.2386098E-02
   13.5000  4.2555991E-02  2.0729564E-02  4.7591951E-02
   13.7500  4.1307557E-02  1.8951888E-02  4.2414074E-02
   14.0000  4.0452609E-02  1.7544971E-02  3.8524857E-02
   14.2500  4.0055136E-02  1.6426239E-02  3.5691661E-02
   14.5000  4.0002306E-02  1.5529579E-02  3.3473095E-02
   14.7500  4.0250930E-02  1.4805140E-02  3.1814450E-02
   15.0000  4.0759477E-02  1.4219276E-02  3.0659056E-02
   15.2500  4.1486355E-02  1.3748480E-02  2.9955877E-02
   15.5000  4.2394284E-02  1.3375053E-02  2.9663968E-02
   15.7500  4.3424164E-02  1.3088475E-02  2.9746258E-02
   16.0000  4.4529533E-02  1.2880070E-02  3.0173502E-02
   16.2500  4.5646154E-02  1.2744456E-02  3.0911874E-02
   16.5000  4.6697698E-02  1.2677935E-02  3.1919357E-02
   16.7500  4.7594483E-02  1.2677963E-02  3.3138570E-02
   17.0000  4.8240640E-02  1.2742706E-02  3.4491536E-02
   17.2500  4.8543682E-02  1.2870426E-02  3.5880842E-02
   17.5000  4.8432912E-02  1.3059637E-02  3.7198213E-02
   17.7500  4.7873907E-02  1.3308456E-02  3.8337976E-02
   18.0000  4.6881086E-02  1.3613994E-02  3.9215248E-02
   18.2500  4.5524889E-02  1.3974298E-02  3.9781303E-02
   18.5000  4.3917720E-02  1.4387315E-02  4.0029875E-02
   18.7500  4.2191456E-02  1.4851320E-02  3.9989571E-02
   19.0000  4.0474630E-02  1.5365829E-02  3.9712934E-02
   19.2500  3.8874028E-02  1.5930383E-02  3.9264761E-02
   19.5000  3.7466303E-02  1.6545115E-02  3.8708511E-02
   19.7500  3.6297511E-02  1.7209840E-02  3.8099547E-02
   20.0000  3.5389028E-02  1.7924392E-02  3.7479920E-02
   21.0000  3.4260414E-02  2.1286238E-02  3.5376773E-02
   22.0000  3.6192858E-02  2.5453228E-02  3.4200363E-02
   23.0000  3.9199480E-02  3.0379740E-02  3.3706195E-02
   24.0000  4.0555873E-02  3.6359998E-02  3.3268496E-02
   25.0000  3.8798532E-02  4.0854753E-02  3.2638333E-02
   26.0000  3.4649321E-02  4.3337015E-02  3.1532239E-02
   27.0000  3.0252466E-02  4.3467268E-02  3.0013606E-02
   28.0000  2.7070077E-02  4.1864217E-02  2.8413973E-02
   29.0000  2.5278175E-02  3.9436217E-02  2.7152495E-02
   30.0000  2.4452397E-02  3.6883883E-02  2.6485870E-02
   31.0000  2.4151962E-02  3.4605092E-02  2.6347297E-02
   32.0000  2.4092138E-02  3.2730027E-02  2.6460683E-02
   33.0000  2.4097810E-02  3.1234100E-02  2.6569104E-02
   34.0000  2.4063123E-02  3.0019620E-02  2.6514803E-02
   35.0000  2.3901222E-02  2.8953878E-02  2.6197219E-02
   36.0000  2.3553012E-02  2.7912039E-02  2.5540930E-02
   37.0000  2.3007051E-02  2.6800375E-02  2.4490255E-02
   38.0000  2.2307426E-02  2.5566509E-02  2.3048811E-02
   39.0000  2.1529931E-02  2.4205487E-02  2.1335675E-02
   40.0000  2.0747290E-02  2.2760026E-02  1.9634854E-02
