    Energy   (100,001)      (010,001)      (001,110)   
  -25.0000  1.6937159E-04  1.8699318E-04  1.6984025E-04
  -24.0000  1.7565479E-04  1.9397299E-04  1.7613653E-04
  -23.0000  1.8237203E-04  2.0145264E-04  1.8286731E-04
  -22.0000  1.8956825E-04  2.0948667E-04  1.9007752E-04
  -21.0000  1.9729470E-04  2.1813777E-04  1.9781838E-04
  -20.0000  2.0561010E-04  2.2747833E-04  2.0614853E-04
  -19.0000  2.1458202E-04  2.3759239E-04  2.1513545E-04
  -18.0000  2.2428856E-04  2.4857803E-04  2.2485713E-04
  -17.0000  2.3482056E-04  2.6055045E-04  2.3540422E-04
  -16.0000  2.4628418E-04  2.7364579E-04  2.4688269E-04
  -15.0000  2.5880437E-04  2.8802610E-04  2.5941715E-04
  -14.0000  2.7252909E-04  3.0388575E-04  2.7315520E-04
  -13.0000  2.8763489E-04  3.2145983E-04  2.8827290E-04
  -12.0000  3.0433414E-04  3.4103526E-04  3.0498202E-04
  -11.0000  3.2288457E-04  3.6296584E-04  3.2353956E-04
  -10.0000  3.4360207E-04  3.8769268E-04  3.4426055E-04
  -9.00000  3.6687805E-04  4.1577267E-04  3.6753554E-04
  -8.00000  3.9320362E-04  4.4791874E-04  3.9385484E-04
  -7.00000  4.2320358E-04  4.8505823E-04  4.2384300E-04
  -6.00000  4.5768574E-04  5.2841930E-04  4.5830895E-04
  -5.00000  4.9771418E-04  5.7966301E-04  4.9832116E-04
  -4.00000  5.4472165E-04  6.4109158E-04  5.4532418E-04
  -3.00000  6.0068878E-04  7.1599064E-04  6.0132704E-04
  -2.00000  6.6844363E-04  8.0921929E-04  6.6922429E-04
  -1.00000  7.5219293E-04  9.2829143E-04  7.5338005E-04
   0.00000  8.5854037E-04  1.0855188E-03  8.6078673E-04
   1.00000  9.9865544E-04  1.3027306E-03  1.0036498E-03
   2.00000  1.1936461E-03  1.6233423E-03  1.2061950E-03
   3.00000  1.4913100E-03  2.1510432E-03  1.5276189E-03
   4.00000  2.0414986E-03  3.2274629E-03  2.1751030E-03
   5.00000  3.4926537E-03  6.3760375E-03  4.1184600E-03
   5.20000  3.9461509E-03  7.3805003E-03  4.7080430E-03
   5.40000  4.4040773E-03  8.3836595E-03  5.2406902E-03
   5.60000  4.8524080E-03  9.3478923E-03  5.6734617E-03
   5.80000  5.2939796E-03  1.0280094E-02  6.0082207E-03
   6.00000  5.7374462E-03  1.1207037E-02  6.2740264E-03
   6.20000  6.1918455E-03  1.2159944E-02  6.5092001E-03
   6.40000  6.6653697E-03  1.3166653E-02  6.7492538E-03
   6.60000  7.1656769E-03  1.4247755E-02  7.0217700E-03
   6.80000  7.7006387E-03  1.5416308E-02  7.3465112E-03
   7.00000  8.2789256E-03  1.6680815E-02  7.7378202E-03
   7.20000  8.9101693E-03  1.8050071E-02  8.2071618E-03
   7.40000  9.6048053E-03  1.9537320E-02  8.7649237E-03
   7.60000  1.0373802E-02  2.1161458E-02  9.4213802E-03
   7.80000  1.1228383E-02  2.2944879E-02  1.0186946E-02
   8.00000  1.2179692E-02  2.4909037E-02  1.1071770E-02
   8.20000  1.3238245E-02  2.7069157E-02  1.2084633E-02
   8.40000  1.4413033E-02  2.9429247E-02  1.3231105E-02
   8.60000  1.5710224E-02  3.1978515E-02  1.4511157E-02
   8.80000  1.7131586E-02  3.4689978E-02  1.5916696E-02
   9.00000  1.8672885E-02  3.7520987E-02  1.7429717E-02
   9.20000  2.0322629E-02  4.0413885E-02  1.9021570E-02
   9.40000  2.2061783E-02  4.3294973E-02  2.0654096E-02
   9.60000  2.3864724E-02  4.6072560E-02  2.2283683E-02
   9.80000  2.5700554E-02  4.8637699E-02  2.3868625E-02
   10.0000  2.7534501E-02  5.0870005E-02  2.5377784E-02
   10.2500  2.9769000E-02  5.3009135E-02  2.7137058E-02
   10.5000  3.1875831E-02  5.4243368E-02  2.8764199E-02
   10.7500  3.3792869E-02  5.4470434E-02  3.0291362E-02
   11.0000  3.5462204E-02  5.3713624E-02  3.1747200E-02
   11.2500  3.6832606E-02  5.2107971E-02  3.3134386E-02
   11.5000  3.7869419E-02  4.9857536E-02  3.4424125E-02
   11.7500  3.8565057E-02  4.7189876E-02  3.5567338E-02
   12.0000  3.8942716E-02  4.4318708E-02  3.6513880E-02
   12.2500  3.9051394E-02  4.1420323E-02  3.7230375E-02
   12.5000  3.8955441E-02  3.8625108E-02  3.7710629E-02
   12.7500  3.8723404E-02  3.6019069E-02  3.7976940E-02
   13.0000  3.8419256E-02  3.3650525E-02  3.8073881E-02
   13.2500  3.8096751E-02  3.1538874E-02  3.8057103E-02
   13.5000  3.7796434E-02  2.9683370E-02  3.7981953E-02
   13.7500  3.7544636E-02  2.8070901E-02  3.7896302E-02
   14.0000  3.7354391E-02  2.6682045E-02  3.7837596E-02
   14.2500  3.7228522E-02  2.5495057E-02  3.7832439E-02
   14.5000  3.7163150E-02  2.4488183E-02  3.7897388E-02
   14.7500  3.7149450E-02  2.3640906E-02  3.8040063E-02
   15.0000  3.7174079E-02  2.2934519E-02  3.8260282E-02
   15.2500  3.7219692E-02  2.2352324E-02  3.8551244E-02
   15.5000  3.7266068E-02  2.1879601E-02  3.8900740E-02
   15.7500  3.7291801E-02  2.1503469E-02  3.9292406E-02
   16.0000  3.7276334E-02  2.1212674E-02  3.9706994E-02
   16.2500  3.7202075E-02  2.0997390E-02  4.0123690E-02
   16.5000  3.7056282E-02  2.0849027E-02  4.0521446E-02
   16.7500  3.6832427E-02  2.0760074E-02  4.0880273E-02
   17.0000  3.6530799E-02  2.0723978E-02  4.1182456E-02
   17.2500  3.6158282E-02  2.0735039E-02  4.1413571E-02
   17.5000  3.5727380E-02  2.0788324E-02  4.1563240E-02
   17.7500  3.5254712E-02  2.0879591E-02  4.1625545E-02
   18.0000  3.4759249E-02  2.1005220E-02  4.1599066E-02
   18.2500  3.4260585E-02  2.1162151E-02  4.1486552E-02
   18.5000  3.3777449E-02  2.1347833E-02  4.1294294E-02
   18.7500  3.3326594E-02  2.1560177E-02  4.1031269E-02
   19.0000  3.2922087E-02  2.1797533E-02  4.0708173E-02
   19.2500  3.2574973E-02  2.2058682E-02  4.0336428E-02
   19.5000  3.2293214E-02  2.2342838E-02  3.9927256E-02
   19.7500  3.2081831E-02  2.2649600E-02  3.9490974E-02
   20.0000  3.1943206E-02  2.2978779E-02  3.9036711E-02
   21.0000  3.2100148E-02  2.4509454E-02  3.7193294E-02
   22.0000  3.3233203E-02  2.6343119E-02  3.5532683E-02
   23.0000  3.4936260E-02  2.8381659E-02  3.4106801E-02
   24.0000  3.6583087E-02  3.0424016E-02  3.2825059E-02
   25.0000  3.7436676E-02  3.2196322E-02  3.1585634E-02
   26.0000  3.6977501E-02  3.3458043E-02  3.0339527E-02
   27.0000  3.5260777E-02  3.4106636E-02  2.9115198E-02
   28.0000  3.2864303E-02  3.4196779E-02  2.7995412E-02
   29.0000  3.0411625E-02  3.3870451E-02  2.7041473E-02
   30.0000  2.8289968E-02  3.3273673E-02  2.6273397E-02
   31.0000  2.6637741E-02  3.2520054E-02  2.5676322E-02
   32.0000  2.5432702E-02  3.1687784E-02  2.5210615E-02
   33.0000  2.4582230E-02  3.0827114E-02  2.4825506E-02
   34.0000  2.3979338E-02  2.9969632E-02  2.4470829E-02
   35.0000  2.3528094E-02  2.9136715E-02  2.4105871E-02
   36.0000  2.3153395E-02  2.8346537E-02  2.3706940E-02
   37.0000  2.2805623E-02  2.7617431E-02  2.3272753E-02
   38.0000  2.2463852E-02  2.6967117E-02  2.2825314E-02
   39.0000  2.2137012E-02  2.6413918E-02  2.2405532E-02
   40.0000  2.1858315E-02  2.5982732E-02  2.2062181E-02
