    Energy   (100,001)      (010,001)      (001,110)   
  -25.0000  1.6933407E-04  1.8897533E-04  1.8376327E-04
  -24.0000  1.7550270E-04  1.9605365E-04  1.9040709E-04
  -23.0000  1.8208928E-04  2.0364013E-04  1.9750771E-04
  -22.0000  1.8913621E-04  2.1179032E-04  2.0511271E-04
  -21.0000  1.9669170E-04  2.2056809E-04  2.1327645E-04
  -20.0000  2.0481084E-04  2.3004722E-04  2.2206129E-04
  -19.0000  2.1355682E-04  2.4031335E-04  2.3153909E-04
  -18.0000  2.2300249E-04  2.5146645E-04  2.4179312E-04
  -17.0000  2.3323222E-04  2.6362397E-04  2.5292036E-04
  -16.0000  2.4434435E-04  2.7692469E-04  2.6503447E-04
  -15.0000  2.5645411E-04  2.9153386E-04  2.7826947E-04
  -14.0000  2.6969741E-04  3.0764966E-04  2.9278455E-04
  -13.0000  2.8423573E-04  3.2551175E-04  3.0877019E-04
  -12.0000  3.0026239E-04  3.4541267E-04  3.2645627E-04
  -11.0000  3.1801084E-04  3.6771298E-04  3.4612277E-04
  -10.0000  3.3776565E-04  3.9286210E-04  3.6811421E-04
  -9.00000  3.5987744E-04  4.2142707E-04  3.9285943E-04
  -8.00000  3.8478340E-04  4.5413332E-04  4.2089914E-04
  -7.00000  4.1303613E-04  4.9192337E-04  4.5292518E-04
  -6.00000  4.4534512E-04  5.3604376E-04  4.8983785E-04
  -5.00000  4.8263805E-04  5.8817706E-04  5.3283189E-04
  -4.00000  5.2615432E-04  6.5064927E-04  5.8353006E-04
  -3.00000  5.7759351E-04  7.2676828E-04  6.4419891E-04
  -2.00000  6.3936241E-04  8.2140293E-04  7.1811550E-04
  -1.00000  7.1501204E-04  9.4203370E-04  8.1023088E-04
   0.00000  8.1007438E-04  1.1008095E-03  9.2847368E-04
   1.00000  9.3384715E-04  1.3190075E-03  1.0866148E-03
   2.00000  1.1038346E-03  1.6382242E-03  1.3116490E-03
   3.00000  1.3597073E-03  2.1554579E-03  1.6679774E-03
   4.00000  1.8268712E-03  3.1805277E-03  2.3726181E-03
   5.00000  3.0455667E-03  6.0595953E-03  4.4097159E-03
   5.20000  3.4163453E-03  6.9732484E-03  5.0323115E-03
   5.40000  3.7845691E-03  7.8987484E-03  5.6188204E-03
   5.60000  4.1436181E-03  8.8114938E-03  6.1386107E-03
   5.80000  4.5024116E-03  9.7225381E-03  6.6000323E-03
   6.00000  4.8726554E-03  1.0654756E-02  7.0302851E-03
   6.20000  5.2632836E-03  1.1631143E-02  7.4602946E-03
   6.40000  5.6799335E-03  1.2671910E-02  7.9167293E-03
   6.60000  6.1258211E-03  1.3794376E-02  8.4188038E-03
   6.80000  6.6025312E-03  1.5013566E-02  8.9776661E-03
   7.00000  7.1105509E-03  1.6343094E-02  9.5970925E-03
   7.20000  7.6498941E-03  1.7796477E-02  1.0275674E-02
   7.40000  8.2210989E-03  1.9389136E-02  1.1011012E-02
   7.60000  8.8263852E-03  2.1140541E-02  1.1804979E-02
   7.80000  9.4702837E-03  2.3075143E-02  1.2667657E-02
   8.00000  1.0159173E-02  2.5221284E-02  1.3618376E-02
   8.20000  1.0899834E-02  2.7608065E-02  1.4683156E-02
   8.40000  1.1697670E-02  3.0260491E-02  1.5888832E-02
   8.60000  1.2555196E-02  3.3193324E-02  1.7256905E-02
   8.80000  1.3471397E-02  3.6403719E-02  1.8799947E-02
   9.00000  1.4442500E-02  3.9862521E-02  2.0520693E-02
   9.20000  1.5464246E-02  4.3505247E-02  2.2412395E-02
   9.40000  1.6534767E-02  4.7225607E-02  2.4458976E-02
   9.60000  1.7656313E-02  5.0875013E-02  2.6634534E-02
   9.80000  1.8834460E-02  5.4269958E-02  2.8902707E-02
   10.0000  2.0074892E-02  5.7207464E-02  3.1216248E-02
   10.2500  2.1714621E-02  5.9934511E-02  3.4081893E-02
   10.5000  2.3439415E-02  6.1327420E-02  3.6790567E-02
   10.7500  2.5216178E-02  6.1245200E-02  3.9193925E-02
   11.0000  2.6999418E-02  5.9760438E-02  4.1154691E-02
   11.2500  2.8734797E-02  5.7134169E-02  4.2576578E-02
   11.5000  3.0362368E-02  5.3735085E-02  4.3422085E-02
   11.7500  3.1829020E-02  4.9942630E-02  4.3713265E-02
   12.0000  3.3101348E-02  4.6073154E-02  4.3520412E-02
   12.2500  3.4169350E-02  4.2347750E-02  4.2943928E-02
   12.5000  3.5041555E-02  3.8897329E-02  4.2095317E-02
   12.7500  3.5737518E-02  3.5785540E-02  4.1081909E-02
   13.0000  3.6282557E-02  3.3031342E-02  3.9996867E-02
   13.2500  3.6705051E-02  3.0625922E-02  3.8914369E-02
   13.5000  3.7035351E-02  2.8544831E-02  3.7889325E-02
   13.7500  3.7304704E-02  2.6756283E-02  3.6959660E-02
   14.0000  3.7543294E-02  2.5226515E-02  3.6149254E-02
   14.2500  3.7777900E-02  2.3922961E-02  3.5470713E-02
   14.5000  3.8029922E-02  2.2815918E-02  3.4927777E-02
   14.7500  3.8314165E-02  2.1879239E-02  3.4517291E-02
   15.0000  3.8638437E-02  2.1090436E-02  3.4230783E-02
   15.2500  3.9003787E-02  2.0430452E-02  3.4055702E-02
   15.5000  3.9405205E-02  1.9883287E-02  3.3976450E-02
   15.7500  3.9832584E-02  1.9435567E-02  3.3975315E-02
   16.0000  4.0271854E-02  1.9076131E-02  3.4033422E-02
   16.2500  4.0706208E-02  1.8795660E-02  3.4131732E-02
   16.5000  4.1117430E-02  1.8586360E-02  3.4252082E-02
   16.7500  4.1487285E-02  1.8441704E-02  3.4378179E-02
   17.0000  4.1798945E-02  1.8356221E-02  3.4496419E-02
   17.2500  4.2038352E-02  1.8325322E-02  3.4596446E-02
   17.5000  4.2195399E-02  1.8345157E-02  3.4671361E-02
   17.7500  4.2264785E-02  1.8412496E-02  3.4717588E-02
   18.0000  4.2246417E-02  1.8524627E-02  3.4734445E-02
   18.2500  4.2145303E-02  1.8679278E-02  3.4723530E-02
   18.5000  4.1970935E-02  1.8874540E-02  3.4688022E-02
   18.7500  4.1736261E-02  1.9108821E-02  3.4632011E-02
   19.0000  4.1456383E-02  1.9380808E-02  3.4559894E-02
   19.2500  4.1147145E-02  1.9689464E-02  3.4475915E-02
   19.5000  4.0823783E-02  2.0034024E-02  3.4383809E-02
   19.7500  4.0499824E-02  2.0413943E-02  3.4286599E-02
   20.0000  4.0186468E-02  2.0828686E-02  3.4186529E-02
   21.0000  3.9186079E-02  2.2809440E-02  3.3780899E-02
   22.0000  3.8666968E-02  2.5214723E-02  3.3365839E-02
   23.0000  3.8294059E-02  2.7880822E-02  3.2881042E-02
   24.0000  3.7514825E-02  3.0558139E-02  3.2261502E-02
   25.0000  3.5979796E-02  3.2935902E-02  3.1477942E-02
   26.0000  3.3774303E-02  3.4723889E-02  3.0548427E-02
   27.0000  3.1323479E-02  3.5753331E-02  2.9550990E-02
   28.0000  2.9091425E-02  3.6038479E-02  2.8612139E-02
   29.0000  2.7305646E-02  3.5750843E-02  2.7836580E-02
   30.0000  2.5988739E-02  3.5104592E-02  2.7283861E-02
   31.0000  2.5069862E-02  3.4276313E-02  2.6966346E-02
   32.0000  2.4448732E-02  3.3382437E-02  2.6852149E-02
   33.0000  2.4028141E-02  3.2482431E-02  2.6878451E-02
   34.0000  2.3727343E-02  3.1593122E-02  2.6968393E-02
   35.0000  2.3484705E-02  3.0707855E-02  2.7045594E-02
   36.0000  2.3256652E-02  2.9815308E-02  2.7045081E-02
   37.0000  2.3017314E-02  2.8914782E-02  2.6922323E-02
   38.0000  2.2758858E-02  2.8027179E-02  2.6665256E-02
   39.0000  2.2494656E-02  2.7204802E-02  2.6311930E-02
   40.0000  2.2260357E-02  2.6531792E-02  2.5959483E-02
