    Energy   (100,001)      (010,001)      (001,110)   
  -25.0000  1.7261894E-04  1.8337241E-04  1.8108339E-04
  -24.0000  1.7880412E-04  1.9045098E-04  1.8763331E-04
  -23.0000  1.8540478E-04  1.9804744E-04  1.9463254E-04
  -22.0000  1.9246298E-04  2.0621912E-04  2.0212776E-04
  -21.0000  2.0002656E-04  2.1503201E-04  2.1017231E-04
  -20.0000  2.0815019E-04  2.2456240E-04  2.1882735E-04
  -19.0000  2.1689662E-04  2.3489897E-04  2.2816338E-04
  -18.0000  2.2633822E-04  2.4614540E-04  2.3826207E-04
  -17.0000  2.3655893E-04  2.5842361E-04  2.4921856E-04
  -16.0000  2.4765661E-04  2.7187789E-04  2.6114435E-04
  -15.0000  2.5974609E-04  2.8668027E-04  2.7417100E-04
  -14.0000  2.7296302E-04  3.0303737E-04  2.8845480E-04
  -13.0000  2.8746879E-04  3.2119947E-04  3.0418288E-04
  -12.0000  3.0345701E-04  3.4147249E-04  3.2158129E-04
  -11.0000  3.2116202E-04  3.6423418E-04  3.4092564E-04
  -10.0000  3.4087026E-04  3.8995617E-04  3.6255559E-04
  -9.00000  3.6293582E-04  4.1923465E-04  3.8689471E-04
  -8.00000  3.8780194E-04  4.5283380E-04  4.1447840E-04
  -7.00000  4.1603146E-04  4.9174860E-04  4.4599388E-04
  -6.00000  4.4835110E-04  5.3729781E-04  4.8233904E-04
  -5.00000  4.8571747E-04  5.9126568E-04  5.2471153E-04
  -4.00000  5.2941917E-04  6.5612490E-04  5.7474867E-04
  -3.00000  5.8124084E-04  7.3540123E-04  6.3475628E-04
  -2.00000  6.4374090E-04  8.3429868E-04  7.0810295E-04
  -1.00000  7.2075150E-04  9.6083610E-04  7.9994449E-04
   0.00000  8.1835572E-04  1.1280763E-03  9.1867014E-04
   1.00000  9.4701885E-04  1.3589698E-03  1.0791283E-03
   2.00000  1.1270163E-03  1.6985393E-03  1.3110292E-03
   3.00000  1.4058713E-03  2.2522584E-03  1.6865128E-03
   4.00000  1.9389843E-03  3.3599031E-03  2.4497163E-03
   5.00000  3.4196431E-03  6.4915991E-03  4.7195652E-03
   5.20000  3.8872474E-03  7.4595448E-03  5.4519343E-03
   5.40000  4.3567644E-03  8.4138883E-03  6.1848364E-03
   5.60000  4.8116848E-03  9.3325098E-03  6.8851156E-03
   5.80000  5.2511463E-03  1.0239422E-02  7.5457691E-03
   6.00000  5.6781783E-03  1.1172854E-02  8.1690172E-03
   6.20000  6.0965927E-03  1.2169847E-02  8.7608779E-03
   6.40000  6.5132605E-03  1.3262739E-02  9.3334405E-03
   6.60000  6.9399952E-03  1.4479664E-02  9.9064358E-03
   6.80000  7.3922918E-03  1.5846241E-02  1.0504149E-02
   7.00000  7.8857900E-03  1.7387639E-02  1.1149467E-02
   7.20000  8.4330761E-03  1.9130375E-02  1.1859262E-02
   7.40000  9.0424111E-03  2.1103332E-02  1.2643062E-02
   7.60000  9.7181283E-03  2.3337145E-02  1.3503813E-02
   7.80000  1.0461608E-02  2.5860521E-02  1.4438706E-02
   8.00000  1.1271935E-02  2.8692630E-02  1.5439087E-02
   8.20000  1.2145720E-02  3.1832915E-02  1.6490149E-02
   8.40000  1.3076086E-02  3.5252756E-02  1.7572083E-02
   8.60000  1.4051400E-02  3.8894165E-02  1.8663613E-02
   8.80000  1.5054674E-02  4.2676091E-02  1.9746553E-02
   9.00000  1.6064452E-02  4.6501811E-02  2.0808648E-02
   9.20000  1.7057877E-02  5.0259113E-02  2.1843623E-02
   9.40000  1.8016108E-02  5.3812324E-02  2.2849906E-02
   9.60000  1.8930604E-02  5.6995579E-02  2.3829412E-02
   9.80000  1.9806843E-02  5.9619576E-02  2.4785657E-02
   10.0000  2.0662422E-02  6.1496415E-02  2.5721180E-02
   10.2500  2.1736766E-02  6.2569399E-02  2.6862703E-02
   10.5000  2.2846740E-02  6.2119411E-02  2.7973111E-02
   10.7500  2.3998230E-02  6.0252183E-02  2.9047085E-02
   11.0000  2.5166194E-02  5.7273619E-02  3.0071075E-02
   11.2500  2.6304310E-02  5.3589921E-02  3.1028821E-02
   11.5000  2.7363072E-02  4.9597231E-02  3.1907840E-02
   11.7500  2.8307229E-02  4.5609949E-02  3.2700999E-02
   12.0000  2.9122644E-02  4.1839676E-02  3.3404446E-02
   12.2500  2.9813839E-02  3.8405247E-02  3.4015246E-02
   12.5000  3.0400180E-02  3.5355196E-02  3.4533041E-02
   12.7500  3.0912100E-02  3.2692529E-02  3.4963233E-02
   13.0000  3.1385468E-02  3.0395091E-02  3.5317104E-02
   13.2500  3.1855435E-02  2.8429170E-02  3.5610013E-02
   13.5000  3.2351880E-02  2.6757449E-02  3.5859832E-02
   13.7500  3.2896981E-02  2.5343278E-02  3.6085721E-02
   14.0000  3.3504446E-02  2.4152754E-02  3.6306802E-02
   14.2500  3.4179758E-02  2.3155588E-02  3.6540678E-02
   14.5000  3.4920909E-02  2.2325292E-02  3.6801979E-02
   14.7500  3.5719296E-02  2.1639039E-02  3.7101126E-02
   15.0000  3.6560630E-02  2.1077338E-02  3.7443431E-02
   15.2500  3.7425841E-02  2.0623664E-02  3.7828540E-02
   15.5000  3.8292029E-02  2.0264050E-02  3.8250221E-02
   15.7500  3.9133549E-02  1.9986729E-02  3.8696481E-02
   16.0000  3.9923320E-02  1.9781803E-02  3.9150109E-02
   16.2500  4.0634384E-02  1.9640984E-02  3.9589710E-02
   16.5000  4.1241657E-02  1.9557389E-02  3.9991325E-02
   16.7500  4.1723748E-02  1.9525371E-02  4.0330576E-02
   17.0000  4.2064638E-02  1.9540385E-02  4.0585124E-02
   17.2500  4.2255002E-02  1.9598854E-02  4.0737093E-02
   17.5000  4.2292966E-02  1.9698030E-02  4.0775000E-02
   17.7500  4.2184168E-02  1.9835842E-02  4.0694834E-02
   18.0000  4.1941123E-02  2.0010724E-02  4.0500093E-02
   18.2500  4.1581979E-02  2.0221447E-02  4.0200835E-02
   18.5000  4.1128846E-02  2.0466968E-02  3.9812023E-02
   18.7500  4.0605953E-02  2.0746311E-02  3.9351535E-02
   19.0000  4.0037822E-02  2.1058495E-02  3.8838197E-02
   19.2500  3.9447654E-02  2.1402522E-02  3.8290085E-02
   19.5000  3.8856035E-02  2.1777400E-02  3.7723244E-02
   19.7500  3.8280107E-02  2.2182123E-02  3.7150944E-02
   20.0000  3.7733444E-02  2.2615485E-02  3.6583629E-02
   21.0000  3.6023689E-02  2.4589163E-02  3.4509737E-02
   22.0000  3.5266707E-02  2.6806479E-02  3.2918851E-02
   23.0000  3.5327544E-02  2.9064216E-02  3.1792499E-02
   24.0000  3.5770919E-02  3.1133242E-02  3.0986117E-02
   25.0000  3.6019835E-02  3.2797654E-02  3.0341496E-02
   26.0000  3.5601156E-02  3.3911655E-02  2.9750072E-02
   27.0000  3.4417115E-02  3.4433207E-02  2.9177032E-02
   28.0000  3.2765500E-02  3.4420605E-02  2.8644836E-02
   29.0000  3.1068786E-02  3.4003492E-02  2.8201144E-02
   30.0000  2.9608591E-02  3.3332815E-02  2.7883789E-02
   31.0000  2.8458953E-02  3.2521724E-02  2.7688674E-02
   32.0000  2.7576790E-02  3.1635348E-02  2.7580073E-02
   33.0000  2.6885927E-02  3.0704707E-02  2.7510548E-02
   34.0000  2.6314111E-02  2.9741474E-02  2.7432121E-02
   35.0000  2.5806375E-02  2.8751482E-02  2.7301914E-02
   36.0000  2.5328741E-02  2.7745282E-02  2.7086240E-02
   37.0000  2.4868150E-02  2.6744832E-02  2.6766937E-02
   38.0000  2.4430549E-02  2.5787490E-02  2.6351999E-02
   39.0000  2.4037717E-02  2.4929772E-02  2.5889539E-02
   40.0000  2.3720922E-02  2.4244598E-02  2.5470962E-02
