    Energy   (100,001)      (010,001)      (001,110)   
  -25.0000  1.6975806E-04  1.8209706E-04  1.8020935E-04
  -24.0000  1.7590246E-04  1.8897725E-04  1.8674663E-04
  -23.0000  1.8246237E-04  1.9635186E-04  1.9373351E-04
  -22.0000  1.8948004E-04  2.0427481E-04  2.0121681E-04
  -21.0000  1.9700353E-04  2.1280806E-04  2.0925003E-04
  -20.0000  2.0508781E-04  2.2202310E-04  2.1789452E-04
  -19.0000  2.1379597E-04  2.3200292E-04  2.2722103E-04
  -18.0000  2.2320083E-04  2.4284433E-04  2.3731154E-04
  -17.0000  2.3338685E-04  2.5466097E-04  2.4826155E-04
  -16.0000  2.4445253E-04  2.6758706E-04  2.6018307E-04
  -15.0000  2.5651352E-04  2.8178228E-04  2.7320824E-04
  -14.0000  2.6970644E-04  2.9743800E-04  2.8749413E-04
  -13.0000  2.8419390E-04  3.1478551E-04  3.0322889E-04
  -12.0000  3.0017100E-04  3.3410684E-04  3.2063987E-04
  -11.0000  3.1787392E-04  3.5574941E-04  3.4000446E-04
  -10.0000  3.3759138E-04  3.8014586E-04  3.6166467E-04
  -9.00000  3.5968025E-04  4.0784170E-04  3.8604740E-04
  -8.00000  3.8458715E-04  4.3953426E-04  4.1369276E-04
  -7.00000  4.1287896E-04  4.7612899E-04  4.4529487E-04
  -6.00000  4.4528707E-04  5.1882273E-04  4.8176216E-04
  -5.00000  4.8277315E-04  5.6923036E-04  5.2430905E-04
  -4.00000  5.2663032E-04  6.2958400E-04  5.7460088E-04
  -3.00000  5.7864510E-04  7.0305878E-04  6.3499314E-04
  -2.00000  6.4136941E-04  7.9433195E-04  7.0894861E-04
  -1.00000  7.1860628E-04  9.1060151E-04  8.0181636E-04
   0.00000  8.1634926E-04  1.0635924E-03  9.2242189E-04
   1.00000  9.4480612E-04  1.2739434E-03  1.0867224E-03
   2.00000  1.1234804E-03  1.5823468E-03  1.3277238E-03
   3.00000  1.3972599E-03  2.0850522E-03  1.7298081E-03
   4.00000  1.9099008E-03  3.0966149E-03  2.6009331E-03
   5.00000  3.2920661E-03  6.0018306E-03  5.4076010E-03
   5.20000  3.7234749E-03  6.9101293E-03  6.2688889E-03
   5.40000  4.1552641E-03  7.8079253E-03  7.0559361E-03
   5.60000  4.5734250E-03  8.6683035E-03  7.7126434E-03
   5.80000  4.9806494E-03  9.5056590E-03  8.2286093E-03
   6.00000  5.3852924E-03  1.0348234E-02  8.6169222E-03
   6.20000  5.7965121E-03  1.1224712E-02  8.9096956E-03
   6.40000  6.2234772E-03  1.2160648E-02  9.1551699E-03
   6.60000  6.6754157E-03  1.3177645E-02  9.4065724E-03
   6.80000  7.1615237E-03  1.4293356E-02  9.7090366E-03
   7.00000  7.6907624E-03  1.5522415E-02  1.0092570E-02
   7.20000  8.2716856E-03  1.6878132E-02  1.0572155E-02
   7.40000  8.9122998E-03  1.8374342E-02  1.1151541E-02
   7.60000  9.6198321E-03  2.0026688E-02  1.1827470E-02
   7.80000  1.0400265E-02  2.1852837E-02  1.2592868E-02
   8.00000  1.1257565E-02  2.3871574E-02  1.3438824E-02
   8.20000  1.2192584E-02  2.6100872E-02  1.4355794E-02
   8.40000  1.3201720E-02  2.8554797E-02  1.5334711E-02
   8.60000  1.4275800E-02  3.1239275E-02  1.6368365E-02
   8.80000  1.5399975E-02  3.4146865E-02  1.7452903E-02
   9.00000  1.6555352E-02  3.7250621E-02  1.8588867E-02
   9.20000  1.7722349E-02  4.0497086E-02  1.9780949E-02
   9.40000  1.8884668E-02  4.3798967E-02  2.1036068E-02
   9.60000  2.0032325E-02  4.7030326E-02  2.2360014E-02
   9.80000  2.1162787E-02  5.0029290E-02  2.3753616E-02
   10.0000  2.2279814E-02  5.2612135E-02  2.5209951E-02
   10.2500  2.3667880E-02  5.4984224E-02  2.7094448E-02
   10.5000  2.5057959E-02  5.6164256E-02  2.9007017E-02
   10.7500  2.6453230E-02  5.6061580E-02  3.0889812E-02
   11.0000  2.7842003E-02  5.4782964E-02  3.2676855E-02
   11.2500  2.9191301E-02  5.2586039E-02  3.4300662E-02
   11.5000  3.0446301E-02  4.9793671E-02  3.5701740E-02
   11.7500  3.1544820E-02  4.6714272E-02  3.6839081E-02
   12.0000  3.2438309E-02  4.3593452E-02  3.7697053E-02
   12.2500  3.3105704E-02  4.0598330E-02  3.8285255E-02
   12.5000  3.3554867E-02  3.7825950E-02  3.8633901E-02
   12.7500  3.3815424E-02  3.5322331E-02  3.8787405E-02
   13.0000  3.3930036E-02  3.3099815E-02  3.8796288E-02
   13.2500  3.3946538E-02  3.1149686E-02  3.8709794E-02
   13.5000  3.3911219E-02  2.9451650E-02  3.8572449E-02
   13.7500  3.3863961E-02  2.7980734E-02  3.8423320E-02
   14.0000  3.3835428E-02  2.6711441E-02  3.8294357E-02
   14.2500  3.3846088E-02  2.5619772E-02  3.8208034E-02
   14.5000  3.3906650E-02  2.4684071E-02  3.8176023E-02
   14.7500  3.4019380E-02  2.3885287E-02  3.8199291E-02
   15.0000  3.4179827E-02  2.3206919E-02  3.8269265E-02
   15.2500  3.4378665E-02  2.2634814E-02  3.8369767E-02
   15.5000  3.4603523E-02  2.2156894E-02  3.8479545E-02
   15.7500  3.4840704E-02  2.1762886E-02  3.8575187E-02
   16.0000  3.5076785E-02  2.1444059E-02  3.8634186E-02
   16.2500  3.5300015E-02  2.1193004E-02  3.8637760E-02
   16.5000  3.5501474E-02  2.1003430E-02  3.8573031E-02
   16.7500  3.5675883E-02  2.0869985E-02  3.8434203E-02
   17.0000  3.5822016E-02  2.0788099E-02  3.8222629E-02
   17.2500  3.5942665E-02  2.0753838E-02  3.7945853E-02
   17.5000  3.6044166E-02  2.0763785E-02  3.7615956E-02
   17.7500  3.6135568E-02  2.0814941E-02  3.7247625E-02
   18.0000  3.6227574E-02  2.0904644E-02  3.6856325E-02
   18.2500  3.6331398E-02  2.1030517E-02  3.6456819E-02
   18.5000  3.6457704E-02  2.1190435E-02  3.6062153E-02
   18.7500  3.6615721E-02  2.1382508E-02  3.5683083E-02
   19.0000  3.6812626E-02  2.1605083E-02  3.5327863E-02
   19.2500  3.7053195E-02  2.1856768E-02  3.5002276E-02
   19.5000  3.7339679E-02  2.2136456E-02  3.4709808E-02
   19.7500  3.7671772E-02  2.2443303E-02  3.4451906E-02
   20.0000  3.8046465E-02  2.2776576E-02  3.4228306E-02
   21.0000  3.9812055E-02  2.4350124E-02  3.3634571E-02
   22.0000  4.1442018E-02  2.6240074E-02  3.3357523E-02
   23.0000  4.2121971E-02  2.8330205E-02  3.3126731E-02
   24.0000  4.1316751E-02  3.0428922E-02  3.2703115E-02
   25.0000  3.9103100E-02  3.2289346E-02  3.1964110E-02
   26.0000  3.6083171E-02  3.3693666E-02  3.0937736E-02
   27.0000  3.2994915E-02  3.4532967E-02  2.9779900E-02
   28.0000  3.0366855E-02  3.4824905E-02  2.8693429E-02
   29.0000  2.8357394E-02  3.4672026E-02  2.7813895E-02
   30.0000  2.6907167E-02  3.4201625E-02  2.7188184E-02
   31.0000  2.5897803E-02  3.3523789E-02  2.6797646E-02
   32.0000  2.5211365E-02  3.2713134E-02  2.6584338E-02
   33.0000  2.4746159E-02  3.1810607E-02  2.6475082E-02
   34.0000  2.4418457E-02  3.0837215E-02  2.6398658E-02
   35.0000  2.4160556E-02  2.9808919E-02  2.6296902E-02
   36.0000  2.3919418E-02  2.8746575E-02  2.6132472E-02
   37.0000  2.3658667E-02  2.7680683E-02  2.5893705E-02
   38.0000  2.3364703E-02  2.6654713E-02  2.5595247E-02
   39.0000  2.3054168E-02  2.5731072E-02  2.5275837E-02
   40.0000  2.2774346E-02  2.4991110E-02  2.4993582E-02
