    Energy   (100,001)      (010,001)      (001,110)   
  -25.0000  1.6130263E-04  1.8426284E-04  1.7509429E-04
  -24.0000  1.6724824E-04  1.9124681E-04  1.8151375E-04
  -23.0000  1.7359611E-04  1.9873412E-04  1.8837501E-04
  -22.0000  1.8038669E-04  2.0677978E-04  1.9572380E-04
  -21.0000  1.8766597E-04  2.1544697E-04  2.0361231E-04
  -20.0000  1.9548637E-04  2.2480867E-04  2.1210030E-04
  -19.0000  2.0390793E-04  2.3494953E-04  2.2125656E-04
  -18.0000  2.1299977E-04  2.4596836E-04  2.3116065E-04
  -17.0000  2.2284177E-04  2.5798109E-04  2.4190506E-04
  -16.0000  2.3352685E-04  2.7112469E-04  2.5359797E-04
  -15.0000  2.4516362E-04  2.8556206E-04  2.6636664E-04
  -14.0000  2.5787993E-04  3.0148840E-04  2.8036187E-04
  -13.0000  2.7182722E-04  3.1913957E-04  2.9576356E-04
  -12.0000  2.8718630E-04  3.3880305E-04  3.1278817E-04
  -11.0000  3.0417481E-04  3.6083278E-04  3.3169838E-04
  -10.0000  3.2305717E-04  3.8566922E-04  3.5281614E-04
  -9.00000  3.4415793E-04  4.1386720E-04  3.7654035E-04
  -8.00000  3.6788015E-04  4.4613513E-04  4.0337134E-04
  -7.00000  3.9473102E-04  4.8339138E-04  4.3394541E-04
  -6.00000  4.2535859E-04  5.2684741E-04  4.6908462E-04
  -5.00000  4.6060578E-04  5.7813359E-04  5.0987065E-04
  -4.00000  5.0159246E-04  6.3949579E-04  5.5775747E-04
  -3.00000  5.4984507E-04  7.1411460E-04  6.1475005E-04
  -2.00000  6.0751192E-04  8.0664804E-04  6.8370028E-04
  -1.00000  6.7774331E-04  9.2420910E-04  7.6882588E-04
   0.00000  7.6542039E-04  1.0782632E-03  8.7668834E-04
   1.00000  8.7871769E-04  1.2887040E-03  1.0182274E-03
   2.00000  1.0330321E-03  1.5939764E-03  1.2136335E-03
   3.00000  1.2635431E-03  2.0825165E-03  1.5068389E-03
   4.00000  1.6836260E-03  3.0330190E-03  2.0268495E-03
   5.00000  2.7939234E-03  5.6388628E-03  3.3054051E-03
   5.20000  3.1332529E-03  6.4516306E-03  3.7117339E-03
   5.40000  3.4660902E-03  7.2687333E-03  4.1411855E-03
   5.60000  3.7808197E-03  8.0721849E-03  4.5857723E-03
   5.80000  4.0805115E-03  8.8769768E-03  5.0488215E-03
   6.00000  4.3728476E-03  9.7073114E-03  5.5378815E-03
   6.20000  4.6653304E-03  1.0585828E-02  6.0609430E-03
   6.40000  4.9643076E-03  1.1531981E-02  6.6252484E-03
   6.60000  5.2751677E-03  1.2563168E-02  7.2370085E-03
   6.80000  5.6027194E-03  1.3696164E-02  7.9014721E-03
   7.00000  5.9515019E-03  1.4948329E-02  8.6232466E-03
   7.20000  6.3259755E-03  1.6338548E-02  9.4067739E-03
   7.40000  6.7306460E-03  1.7887993E-02  1.0256753E-02
   7.60000  7.1702026E-03  1.9620790E-02  1.1178221E-02
   7.80000  7.6496505E-03  2.1564422E-02  1.2176141E-02
   8.00000  8.1743776E-03  2.3749344E-02  1.3254748E-02
   8.20000  8.7501490E-03  2.6207469E-02  1.4417053E-02
   8.40000  9.3830399E-03  2.8969055E-02  1.5664680E-02
   8.60000  1.0079306E-02  3.2057388E-02  1.6997999E-02
   8.80000  1.0845202E-02  3.5480633E-02  1.8416377E-02
   9.00000  1.1686761E-02  3.9220572E-02  1.9918378E-02
   9.20000  1.2609453E-02  4.3219026E-02  2.1501495E-02
   9.40000  1.3617611E-02  4.7364766E-02  2.3160787E-02
   9.60000  1.4713700E-02  5.1485913E-02  2.4887057E-02
   9.80000  1.5897701E-02  5.5354112E-02  2.6666127E-02
   10.0000  1.7166353E-02  5.8705284E-02  2.8479123E-02
   10.2500  1.8858946E-02  6.1771605E-02  3.0756212E-02
   10.5000  2.0644777E-02  6.3238021E-02  3.2987980E-02
   10.7500  2.2486240E-02  6.2978491E-02  3.5095584E-02
   11.0000  2.4337036E-02  6.1161168E-02  3.6988356E-02
   11.2500  2.6144608E-02  5.8164510E-02  3.8579468E-02
   11.5000  2.7855964E-02  5.4443867E-02  3.9799528E-02
   11.7500  2.9424909E-02  5.0417102E-02  4.0607120E-02
   12.0000  3.0818342E-02  4.6402006E-02  4.0996793E-02
   12.2500  3.2021321E-02  4.2604176E-02  4.0999315E-02
   12.5000  3.3038304E-02  3.9134658E-02  4.0673097E-02
   12.7500  3.3888266E-02  3.6037532E-02  4.0092779E-02
   13.0000  3.4597471E-02  3.3315632E-02  3.9340554E-02
   13.2500  3.5195222E-02  3.0949200E-02  3.8498857E-02
   13.5000  3.5711878E-02  2.8907479E-02  3.7642463E-02
   13.7500  3.6176992E-02  2.7155592E-02  3.6832580E-02
   14.0000  3.6617364E-02  2.5658583E-02  3.6114776E-02
   14.2500  3.7055465E-02  2.4383648E-02  3.5519766E-02
   14.5000  3.7508428E-02  2.3301206E-02  3.5065501E-02
   14.7500  3.7987591E-02  2.2385269E-02  3.4759518E-02
   15.0000  3.8498495E-02  2.1613408E-02  3.4601041E-02
   15.2500  3.9041175E-02  2.0966530E-02  3.4582644E-02
   15.5000  3.9610644E-02  2.0428579E-02  3.4691474E-02
   15.7500  4.0197495E-02  1.9986216E-02  3.4910158E-02
   16.0000  4.0788631E-02  1.9628503E-02  3.5217549E-02
   16.2500  4.1368147E-02  1.9346591E-02  3.5589517E-02
   16.5000  4.1918375E-02  1.9133405E-02  3.5999908E-02
   16.7500  4.2421148E-02  1.8983328E-02  3.6421795E-02
   17.0000  4.2859229E-02  1.8891894E-02  3.6828980E-02
   17.2500  4.3217846E-02  1.8855517E-02  3.7197658E-02
   17.5000  4.3486153E-02  1.8871243E-02  3.7507998E-02
   17.7500  4.3658400E-02  1.8936564E-02  3.7745418E-02
   18.0000  4.3734591E-02  1.9049280E-02  3.7901305E-02
   18.2500  4.3720467E-02  1.9207394E-02  3.7973074E-02
   18.5000  4.3626763E-02  1.9409066E-02  3.7963578E-02
   18.7500  4.3467878E-02  1.9652579E-02  3.7880008E-02
   19.0000  4.3260173E-02  1.9936351E-02  3.7732500E-02
   19.2500  4.3020182E-02  2.0258963E-02  3.7532670E-02
   19.5000  4.2763034E-02  2.0619201E-02  3.7292286E-02
   19.7500  4.2501278E-02  2.1016030E-02  3.7022244E-02
   20.0000  4.2244330E-02  2.1448396E-02  3.6732057E-02
   21.0000  4.1357305E-02  2.3495344E-02  3.5516502E-02
   22.0000  4.0674932E-02  2.5937508E-02  3.4403974E-02
   23.0000  3.9901905E-02  2.8600922E-02  3.3419639E-02
   24.0000  3.8671162E-02  3.1245430E-02  3.2480051E-02
   25.0000  3.6811927E-02  3.3550765E-02  3.1517962E-02
   26.0000  3.4492069E-02  3.5190896E-02  3.0526668E-02
   27.0000  3.2052565E-02  3.6019634E-02  2.9543382E-02
   28.0000  2.9806423E-02  3.6087707E-02  2.8633145E-02
   29.0000  2.7929385E-02  3.5571906E-02  2.7863155E-02
   30.0000  2.6461506E-02  3.4689112E-02  2.7271339E-02
   31.0000  2.5359563E-02  3.3626882E-02  2.6852453E-02
   32.0000  2.4543821E-02  3.2513227E-02  2.6567374E-02
   33.0000  2.3927003E-02  3.1417277E-02  2.6361033E-02
   34.0000  2.3428155E-02  3.0364209E-02  2.6175936E-02
   35.0000  2.2978024E-02  2.9353700E-02  2.5959342E-02
   36.0000  2.2523105E-02  2.8377043E-02  2.5668688E-02
   37.0000  2.2032211E-02  2.7430961E-02  2.5279695E-02
   38.0000  2.1505759E-02  2.6529220E-02  2.4798458E-02
   39.0000  2.0983237E-02  2.5713372E-02  2.4275400E-02
   40.0000  2.0535804E-02  2.5053597E-02  2.3806794E-02
