    Energy   (100,001)      (010,001)      (001,110)   
  -25.0000  1.6916082E-04  1.8541543E-04  1.8291310E-04
  -24.0000  1.7520245E-04  1.9251954E-04  1.8933843E-04
  -23.0000  1.8164634E-04  2.0014173E-04  1.9619360E-04
  -22.0000  1.8853273E-04  2.0833929E-04  2.0352228E-04
  -21.0000  1.9590733E-04  2.1717811E-04  2.1137419E-04
  -20.0000  2.0382228E-04  2.2673440E-04  2.1980619E-04
  -19.0000  2.1233734E-04  2.3709673E-04  2.2888361E-04
  -18.0000  2.2152131E-04  2.4836863E-04  2.3868190E-04
  -17.0000  2.3145379E-04  2.6067184E-04  2.4928864E-04
  -16.0000  2.4222743E-04  2.7415043E-04  2.6080608E-04
  -15.0000  2.5395070E-04  2.8897615E-04  2.7335439E-04
  -14.0000  2.6675141E-04  3.0535528E-04  2.8707571E-04
  -13.0000  2.8078128E-04  3.2353766E-04  3.0213950E-04
  -12.0000  2.9622179E-04  3.4382868E-04  3.1874939E-04
  -11.0000  3.1329200E-04  3.6660541E-04  3.3715240E-04
  -10.0000  3.3225888E-04  3.9233863E-04  3.5765125E-04
  -9.00000  3.5345135E-04  4.2162343E-04  3.8062117E-04
  -8.00000  3.7727979E-04  4.5522261E-04  4.0653341E-04
  -7.00000  4.0426345E-04  4.9412933E-04  4.3598876E-04
  -6.00000  4.3507030E-04  5.3965999E-04  4.6976662E-04
  -5.00000  4.7057628E-04  5.9359568E-04  5.0889896E-04
  -4.00000  5.1195680E-04  6.5840464E-04  5.5478631E-04
  -3.00000  5.6083394E-04  7.3760604E-04  6.0938745E-04
  -2.00000  6.1952582E-04  8.3639311E-04  6.7554774E-04
  -1.00000  6.9149768E-04  9.6276430E-04  7.5760828E-04
   0.00000  7.8225117E-04  1.1297365E-03  8.6264476E-04
   1.00000  9.0129309E-04  1.3601343E-03  1.0033161E-03
   2.00000  1.0672733E-03  1.6985553E-03  1.2056456E-03
   3.00000  1.3251280E-03  2.2486315E-03  1.5364009E-03
   4.00000  1.8296646E-03  3.3388826E-03  2.2443853E-03
   5.00000  3.2835738E-03  6.3849437E-03  4.4864771E-03
   5.20000  3.7119154E-03  7.3501021E-03  5.1069818E-03
   5.40000  4.1038303E-03  8.3292337E-03  5.6212376E-03
   5.60000  4.4442776E-03  9.2964424E-03  6.0159477E-03
   5.80000  4.7441904E-03  1.0261546E-02  6.3242212E-03
   6.00000  5.0217217E-03  1.1246638E-02  6.5830324E-03
   6.20000  5.2938809E-03  1.2277268E-02  6.8187365E-03
   6.40000  5.5751407E-03  1.3382617E-02  7.0485349E-03
   6.60000  5.8778812E-03  1.4596520E-02  7.2850136E-03
   6.80000  6.2128028E-03  1.5956738E-02  7.5393964E-03
   7.00000  6.5890343E-03  1.7502922E-02  7.8231444E-03
   7.20000  7.0141266E-03  1.9274385E-02  8.1485386E-03
   7.40000  7.4941442E-03  2.1308117E-02  8.5286370E-03
   7.60000  8.0339160E-03  2.3636693E-02  8.9766105E-03
   7.80000  8.6373395E-03  2.6285556E-02  9.5044634E-03
   8.00000  9.3075632E-03  2.9269361E-02  1.0121430E-02
   8.20000  1.0046837E-02  3.2586927E-02  1.0832548E-02
   8.40000  1.0855871E-02  3.6214159E-02  1.1637852E-02
   8.60000  1.1732747E-02  4.0095338E-02  1.2532408E-02
   8.80000  1.2671649E-02  4.4134373E-02  1.3507195E-02
   9.00000  1.3661899E-02  4.8188724E-02  1.4550685E-02
   9.20000  1.4687940E-02  5.2069934E-02  1.5650736E-02
   9.40000  1.5730933E-02  5.5555099E-02  1.6796306E-02
   9.60000  1.6772138E-02  5.8411412E-02  1.7978744E-02
   9.80000  1.7797190E-02  6.0431240E-02  1.9192964E-02
   10.0000  1.8799275E-02  6.1470980E-02  2.0437974E-02
   10.2500  2.0021233E-02  6.1328950E-02  2.2040421E-02
   10.5000  2.1218769E-02  5.9721381E-02  2.3697174E-02
   10.7500  2.2398868E-02  5.6978604E-02  2.5403913E-02
   11.0000  2.3555543E-02  5.3515161E-02  2.7143385E-02
   11.2500  2.4669348E-02  4.9722842E-02  2.8884628E-02
   11.5000  2.5715159E-02  4.5908823E-02  3.0586284E-02
   11.7500  2.6671809E-02  4.2279119E-02  3.2203261E-02
   12.0000  2.7527926E-02  3.8951159E-02  3.3696589E-02
   12.2500  2.8282404E-02  3.5977336E-02  3.5040881E-02
   12.5000  2.8943314E-02  3.3367448E-02  3.6223470E-02
   12.7500  2.9525663E-02  3.1106326E-02  3.7239938E-02
   13.0000  3.0047865E-02  2.9166324E-02  3.8091466E-02
   13.2500  3.0529058E-02  2.7515076E-02  3.8783940E-02
   13.5000  3.0987626E-02  2.6119776E-02  3.9328058E-02
   13.7500  3.1440271E-02  2.4949359E-02  3.9739838E-02
   14.0000  3.1901349E-02  2.3975511E-02  4.0040562E-02
   14.2500  3.2382391E-02  2.3173009E-02  4.0255509E-02
   14.5000  3.2891700E-02  2.2519712E-02  4.0411542E-02
   14.7500  3.3433972E-02  2.1996357E-02  4.0534115E-02
   15.0000  3.4009987E-02  2.1586290E-02  4.0644345E-02
   15.2500  3.4616432E-02  2.1275147E-02  4.0756695E-02
   15.5000  3.5245943E-02  2.1050557E-02  4.0877574E-02
   15.7500  3.5887439E-02  2.0901847E-02  4.1004972E-02
   16.0000  3.6526823E-02  2.0819799E-02  4.1129166E-02
   16.2500  3.7148103E-02  2.0796453E-02  4.1234459E-02
   16.5000  3.7734895E-02  2.0824959E-02  4.1301773E-02
   16.7500  3.8272184E-02  2.0899479E-02  4.1311803E-02
   17.0000  3.8748085E-02  2.1015096E-02  4.1248227E-02
   17.2500  3.9155279E-02  2.1167724E-02  4.1100357E-02
   17.5000  3.9491814E-02  2.1353988E-02  4.0864703E-02
   17.7500  3.9761102E-02  2.1571088E-02  4.0545182E-02
   18.0000  3.9971135E-02  2.1816647E-02  4.0152040E-02
   18.2500  4.0133147E-02  2.2088563E-02  3.9699914E-02
   18.5000  4.0260048E-02  2.2384900E-02  3.9205559E-02
   18.7500  4.0364937E-02  2.2703810E-02  3.8685764E-02
   19.0000  4.0459910E-02  2.3043514E-02  3.8155751E-02
   19.2500  4.0555260E-02  2.3402334E-02  3.7628171E-02
   19.5000  4.0659045E-02  2.3778756E-02  3.7112647E-02
   19.7500  4.0776923E-02  2.4171468E-02  3.6615785E-02
   20.0000  4.0912129E-02  2.4579226E-02  3.6141622E-02
   21.0000  4.1615451E-02  2.6324450E-02  3.4506097E-02
   22.0000  4.2379881E-02  2.8161964E-02  3.3282720E-02
   23.0000  4.2735438E-02  2.9976516E-02  3.2368044E-02
   24.0000  4.2147062E-02  3.1590679E-02  3.1629928E-02
   25.0000  4.0359610E-02  3.2774711E-02  3.0955616E-02
   26.0000  3.7644051E-02  3.3368412E-02  3.0280610E-02
   27.0000  3.4629561E-02  3.3380669E-02  2.9600570E-02
   28.0000  3.1891425E-02  3.2956901E-02  2.8960230E-02
   29.0000  2.9717144E-02  3.2277640E-02  2.8424186E-02
   30.0000  2.8134038E-02  3.1486908E-02  2.8042465E-02
   31.0000  2.7032110E-02  3.0678938E-02  2.7828281E-02
   32.0000  2.6265158E-02  2.9907195E-02  2.7754007E-02
   33.0000  2.5708643E-02  2.9179377E-02  2.7761012E-02
   34.0000  2.5273304E-02  2.8479963E-02  2.7783562E-02
   35.0000  2.4896990E-02  2.7793267E-02  2.7767714E-02
   36.0000  2.4536258E-02  2.7111704E-02  2.7679072E-02
   37.0000  2.4164251E-02  2.6436788E-02  2.7504288E-02
   38.0000  2.3774403E-02  2.5780019E-02  2.7251811E-02
   39.0000  2.3387305E-02  2.5171764E-02  2.6956585E-02
   40.0000  2.3051617E-02  2.4669882E-02  2.6682998E-02
