    Energy   (100,001)      (010,001)      (001,110)   
  -25.0000  1.6489709E-04  1.8253247E-04  1.7671106E-04
  -24.0000  1.7078061E-04  1.8943990E-04  1.8299293E-04
  -23.0000  1.7705386E-04  1.9684470E-04  1.8969695E-04
  -22.0000  1.8375556E-04  2.0480121E-04  1.9686604E-04
  -21.0000  1.9092962E-04  2.1337186E-04  2.0454913E-04
  -20.0000  1.9862608E-04  2.2262875E-04  2.1280215E-04
  -19.0000  2.0690221E-04  2.3265554E-04  2.2168941E-04
  -18.0000  2.1582387E-04  2.4354988E-04  2.3128518E-04
  -17.0000  2.2546713E-04  2.5542638E-04  2.4167569E-04
  -16.0000  2.3592043E-04  2.6842049E-04  2.5296171E-04
  -15.0000  2.4728707E-04  2.8269333E-04  2.6526168E-04
  -14.0000  2.5968858E-04  2.9843810E-04  2.7871585E-04
  -13.0000  2.7326892E-04  3.1588833E-04  2.9349149E-04
  -12.0000  2.8819990E-04  3.3532887E-04  3.0978992E-04
  -11.0000  3.0468835E-04  3.5711070E-04  3.2785557E-04
  -10.0000  3.2298563E-04  3.8167107E-04  3.4798852E-04
  -9.00000  3.4340045E-04  4.0956143E-04  3.7056143E-04
  -8.00000  3.6631659E-04  4.4148699E-04  3.9604346E-04
  -7.00000  3.9221768E-04  4.7836378E-04  4.2503447E-04
  -6.00000  4.2172293E-04  5.2140309E-04  4.5831536E-04
  -5.00000  4.5564007E-04  5.7224003E-04  4.9692460E-04
  -4.00000  4.9504618E-04  6.3313567E-04  5.4227870E-04
  -3.00000  5.4141677E-04  7.0730786E-04  5.9637077E-04
  -2.00000  5.9684192E-04  7.9949883E-04  6.6211594E-04
  -1.00000  6.6441240E-04  9.1700925E-04  7.4399462E-04
   0.00000  7.4896899E-04  1.0717330E-03  8.4936032E-04
   1.00000  8.5872915E-04  1.2845993E-03  9.9142489E-04
   2.00000  1.0094260E-03  1.5968121E-03  1.1972591E-03
   3.00000  1.2376593E-03  2.1054448E-03  1.5349101E-03
   4.00000  1.6632341E-03  3.1248975E-03  2.2451650E-03
   5.00000  2.8212500E-03  6.0349458E-03  4.4600653E-03
   5.20000  3.1802356E-03  6.9580333E-03  5.1673336E-03
   5.40000  3.5342438E-03  7.8875119E-03  5.8578764E-03
   5.60000  3.8702099E-03  8.7974019E-03  6.5012974E-03
   5.80000  4.1904556E-03  9.6984352E-03  7.0988282E-03
   6.00000  4.5025663E-03  1.0612062E-02  7.6586269E-03
   6.20000  4.8141360E-03  1.1558136E-02  8.1821892E-03
   6.40000  5.1311498E-03  1.2553232E-02  8.6619663E-03
   6.60000  5.4578421E-03  1.3612983E-02  9.0863718E-03
   6.80000  5.7973720E-03  1.4755091E-02  9.4491365E-03
   7.00000  6.1529311E-03  1.6000991E-02  9.7577314E-03
   7.20000  6.5287051E-03  1.7375153E-02  1.0034549E-02
   7.40000  6.9301964E-03  1.8902559E-02  1.0309093E-02
   7.60000  7.3638638E-03  2.0605886E-02  1.0606670E-02
   7.80000  7.8364293E-03  2.2503478E-02  1.0941404E-02
   8.00000  8.3542537E-03  2.4607970E-02  1.1317037E-02
   8.20000  8.9229806E-03  2.6924850E-02  1.1732999E-02
   8.40000  9.5473451E-03  2.9450510E-02  1.2190608E-02
   8.60000  1.0230796E-02  3.2169684E-02  1.2695895E-02
   8.80000  1.0974658E-02  3.5052498E-02  1.3259171E-02
   9.00000  1.1776957E-02  3.8051428E-02  1.3892585E-02
   9.20000  1.2631504E-02  4.1098902E-02  1.4606214E-02
   9.40000  1.3527854E-02  4.4106937E-02  1.5404080E-02
   9.60000  1.4452605E-02  4.6970097E-02  1.6281630E-02
   9.80000  1.5392113E-02  4.9572170E-02  1.7225504E-02
   10.0000  1.6335887E-02  5.1795839E-02  1.8215680E-02
   10.2500  1.7514745E-02  5.3881438E-02  1.9483272E-02
   10.5000  1.8696157E-02  5.5049097E-02  2.0744896E-02
   10.7500  1.9891269E-02  5.5220331E-02  2.1971630E-02
   11.0000  2.1108642E-02  5.4413197E-02  2.3152001E-02
   11.2500  2.2346177E-02  5.2740630E-02  2.4287714E-02
   11.5000  2.3590843E-02  5.0393539E-02  2.5387806E-02
   11.7500  2.4822610E-02  4.7605840E-02  2.6464240E-02
   12.0000  2.6018845E-02  4.4610434E-02  2.7528128E-02
   12.2500  2.7159044E-02  4.1602566E-02  2.8586486E-02
   12.5000  2.8228133E-02  3.8722527E-02  2.9640546E-02
   12.7500  2.9217687E-02  3.6056776E-02  3.0686126E-02
   13.0000  3.0126487E-02  3.3648377E-02  3.1715477E-02
   13.2500  3.0960327E-02  3.1509694E-02  3.2720045E-02
   13.5000  3.1730356E-02  2.9633827E-02  3.3694245E-02
   13.7500  3.2450397E-02  2.8003335E-02  3.4638449E-02
   14.0000  3.3134246E-02  2.6596090E-02  3.5558804E-02
   14.2500  3.3793500E-02  2.5388853E-02  3.6464648E-02
   14.5000  3.4436125E-02  2.4359269E-02  3.7365391E-02
   14.7500  3.5065825E-02  2.3486856E-02  3.8267674E-02
   15.0000  3.5682125E-02  2.2753388E-02  3.9173021E-02
   15.2500  3.6280981E-02  2.2142940E-02  4.0076191E-02
   15.5000  3.6855693E-02  2.1641763E-02  4.0964446E-02
   15.7500  3.7397928E-02  2.1238081E-02  4.1817924E-02
   16.0000  3.7898728E-02  2.0921891E-02  4.2611146E-02
   16.2500  3.8349414E-02  2.0684750E-02  4.3315563E-02
   16.5000  3.8742340E-02  2.0519568E-02  4.3902796E-02
   16.7500  3.9071505E-02  2.0420401E-02  4.4348099E-02
   17.0000  3.9333027E-02  2.0382241E-02  4.4633420E-02
   17.2500  3.9525500E-02  2.0400816E-02  4.4749553E-02
   17.5000  3.9650234E-02  2.0472407E-02  4.4697010E-02
   17.7500  3.9711355E-02  2.0593700E-02  4.4485550E-02
   18.0000  3.9715725E-02  2.0761673E-02  4.4132601E-02
   18.2500  3.9672649E-02  2.0973520E-02  4.3660957E-02
   18.5000  3.9593367E-02  2.1226611E-02  4.3096248E-02
   18.7500  3.9490354E-02  2.1518469E-02  4.2464567E-02
   19.0000  3.9376507E-02  2.1846782E-02  4.1790523E-02
   19.2500  3.9264295E-02  2.2209429E-02  4.1095813E-02
   19.5000  3.9164958E-02  2.2604518E-02  4.0398328E-02
   19.7500  3.9087844E-02  2.3030342E-02  3.9711804E-02
   20.0000  3.9039989E-02  2.3485142E-02  3.9046132E-02
   21.0000  3.9203498E-02  2.5537731E-02  3.6708574E-02
   22.0000  3.9856662E-02  2.7794585E-02  3.4975034E-02
   23.0000  4.0583098E-02  3.0007354E-02  3.3720690E-02
   24.0000  4.0824454E-02  3.1913149E-02  3.2744119E-02
   25.0000  4.0158401E-02  3.3303362E-02  3.1878981E-02
   26.0000  3.8495797E-02  3.4085467E-02  3.1026142E-02
   27.0000  3.6142600E-02  3.4293923E-02  3.0168103E-02
   28.0000  3.3626314E-02  3.4050468E-02  2.9355541E-02
   29.0000  3.1348728E-02  3.3497642E-02  2.8646726E-02
   30.0000  2.9487532E-02  3.2759635E-02  2.8074392E-02
   31.0000  2.8056729E-02  3.1929372E-02  2.7639525E-02
   32.0000  2.6983934E-02  3.1066111E-02  2.7317094E-02
   33.0000  2.6169817E-02  3.0200259E-02  2.7068161E-02
   34.0000  2.5520269E-02  2.9342632E-02  2.6850989E-02
   35.0000  2.4959082E-02  2.8494268E-02  2.6628292E-02
   36.0000  2.4431779E-02  2.7655000E-02  2.6371720E-02
   37.0000  2.3907477E-02  2.6830738E-02  2.6065914E-02
   38.0000  2.3381686E-02  2.6040549E-02  2.5714342E-02
   39.0000  2.2880480E-02  2.5324732E-02  2.5347217E-02
   40.0000  2.2458118E-02  2.4746009E-02  2.5023553E-02
