    Energy   (100,001)      (010,001)      (001,110)   
  -25.0000  1.6750348E-04  1.8068485E-04  1.8220556E-04
  -24.0000  1.7351097E-04  1.8773309E-04  1.8871887E-04
  -23.0000  1.7991939E-04  1.9530112E-04  1.9567594E-04
  -22.0000  1.8676887E-04  2.0344684E-04  2.0312276E-04
  -21.0000  1.9410493E-04  2.1223692E-04  2.1111188E-04
  -20.0000  2.0197952E-04  2.2174851E-04  2.1970354E-04
  -19.0000  2.1045213E-04  2.3207133E-04  2.2896721E-04
  -18.0000  2.1959119E-04  2.4331038E-04  2.3898341E-04
  -17.0000  2.2947586E-04  2.5558920E-04  2.4984594E-04
  -16.0000  2.4019814E-04  2.6905412E-04  2.6166482E-04
  -15.0000  2.5186564E-04  2.8387975E-04  2.7456995E-04
  -14.0000  2.6460501E-04  3.0027599E-04  2.8871575E-04
  -13.0000  2.7856633E-04  3.1849729E-04  3.0428737E-04
  -12.0000  2.9392881E-04  3.3885499E-04  3.2150871E-04
  -11.0000  3.1090823E-04  3.6173387E-04  3.4065323E-04
  -10.0000  3.2976688E-04  3.8761482E-04  3.6205862E-04
  -9.00000  3.5082682E-04  4.1710636E-04  3.8614705E-04
  -8.00000  3.7448824E-04  4.5098925E-04  4.1345376E-04
  -7.00000  4.0125502E-04  4.9028108E-04  4.4466835E-04
  -6.00000  4.3177136E-04  5.3633192E-04  4.8069597E-04
  -5.00000  4.6687569E-04  5.9097006E-04  5.2275089E-04
  -4.00000  5.0768246E-04  6.5673105E-04  5.7250494E-04
  -3.00000  5.5571123E-04  7.3723200E-04  6.3233350E-04
  -2.00000  6.1310023E-04  8.3781145E-04  7.0574565E-04
  -1.00000  6.8298168E-04  9.6668781E-04  7.9818829E-04
   0.00000  7.7019522E-04  1.1372153E-03  9.1868445E-04
   1.00000  8.8279711E-04  1.3727300E-03  1.0835752E-03
   2.00000  1.0357766E-03  1.7185196E-03  1.3265454E-03
   3.00000  1.2625725E-03  2.2784544E-03  1.7326635E-03
   4.00000  1.6664417E-03  3.3741753E-03  2.6052971E-03
   5.00000  2.6903109E-03  6.3599033E-03  5.3264575E-03
   5.20000  3.0103945E-03  7.3087626E-03  6.1318593E-03
   5.40000  3.3389031E-03  8.2905470E-03  6.8734963E-03
   5.60000  3.6683888E-03  9.2935366E-03  7.5448599E-03
   5.80000  4.0018554E-03  1.0339930E-02  8.1883811E-03
   6.00000  4.3450269E-03  1.1460334E-02  8.8495975E-03
   6.20000  4.7027758E-03  1.2681746E-02  9.5587880E-03
   6.40000  5.0784002E-03  1.4024627E-02  1.0329020E-02
   6.60000  5.4736595E-03  1.5502475E-02  1.1157634E-02
   6.80000  5.8889636E-03  1.7122187E-02  1.2027158E-02
   7.00000  6.3238030E-03  1.8886158E-02  1.2906318E-02
   7.20000  6.7775042E-03  2.0797609E-02  1.3754083E-02
   7.40000  7.2501776E-03  2.2869057E-02  1.4530090E-02
   7.60000  7.7435484E-03  2.5130983E-02  1.5208516E-02
   7.80000  8.2613199E-03  2.7635663E-02  1.5786278E-02
   8.00000  8.8088708E-03  3.0452098E-02  1.6281626E-02
   8.20000  9.3923948E-03  3.3651930E-02  1.6725861E-02
   8.40000  1.0017757E-02  3.7288727E-02  1.7153093E-02
   8.60000  1.0689287E-02  4.1372313E-02  1.7592176E-02
   8.80000  1.1408699E-02  4.5839665E-02  1.8062581E-02
   9.00000  1.2174632E-02  5.0528317E-02  1.8573989E-02
   9.20000  1.2983604E-02  5.5166163E-02  1.9128845E-02
   9.40000  1.3832849E-02  5.9393842E-02  1.9726650E-02
   9.60000  1.4723969E-02  6.2823461E-02  2.0367686E-02
   9.80000  1.5664943E-02  6.5117351E-02  2.1053527E-02
   10.0000  1.6668833E-02  6.6061989E-02  2.1783895E-02
   10.2500  1.8033940E-02  6.5298699E-02  2.2750296E-02
   10.5000  1.9541548E-02  6.2667654E-02  2.3756157E-02
   10.7500  2.1200150E-02  5.8740415E-02  2.4781747E-02
   11.0000  2.3000361E-02  5.4150306E-02  2.5816993E-02
   11.2500  2.4910863E-02  4.9423536E-02  2.6858725E-02
   11.5000  2.6876935E-02  4.4913792E-02  2.7902864E-02
   11.7500  2.8824513E-02  4.0814683E-02  2.8938829E-02
   12.0000  3.0670761E-02  3.7203044E-02  2.9948648E-02
   12.2500  3.2339909E-02  3.4083568E-02  3.0911873E-02
   12.5000  3.3777875E-02  3.1423416E-02  3.1812310E-02
   12.7500  3.4959769E-02  2.9173865E-02  3.2640528E-02
   13.0000  3.5890210E-02  2.7281832E-02  3.3393092E-02
   13.2500  3.6597398E-02  2.5695752E-02  3.4071716E-02
   13.5000  3.7122764E-02  2.4368759E-02  3.4683192E-02
   13.7500  3.7510963E-02  2.3260258E-02  3.5239030E-02
   14.0000  3.7803507E-02  2.2336242E-02  3.5754074E-02
   14.2500  3.8035479E-02  2.1568882E-02  3.6244403E-02
   14.5000  3.8233965E-02  2.0935722E-02  3.6724872E-02
   14.7500  3.8417737E-02  2.0418764E-02  3.7206765E-02
   15.0000  3.8597895E-02  2.0003659E-02  3.7696054E-02
   15.2500  3.8779142E-02  1.9679021E-02  3.8192385E-02
   15.5000  3.8961346E-02  1.9435842E-02  3.8688797E-02
   15.7500  3.9141139E-02  1.9266965E-02  3.9172151E-02
   16.0000  3.9313392E-02  1.9166628E-02  3.9624318E-02
   16.2500  3.9472435E-02  1.9130073E-02  4.0024069E-02
   16.5000  3.9612952E-02  1.9153228E-02  4.0349496E-02
   16.7500  3.9730490E-02  1.9232459E-02  4.0580671E-02
   17.0000  3.9821643E-02  1.9364390E-02  4.0702102E-02
   17.2500  3.9884010E-02  1.9545772E-02  4.0704603E-02
   17.5000  3.9916081E-02  1.9773402E-02  4.0586275E-02
   17.7500  3.9917169E-02  2.0044079E-02  4.0352490E-02
   18.0000  3.9887456E-02  2.0354587E-02  4.0014997E-02
   18.2500  3.9828119E-02  2.0701701E-02  3.9590382E-02
   18.5000  3.9741457E-02  2.1082215E-02  3.9098220E-02
   18.7500  3.9630908E-02  2.1492989E-02  3.8559203E-02
   19.0000  3.9500915E-02  2.1931020E-02  3.7993461E-02
   19.2500  3.9356616E-02  2.2393543E-02  3.7419212E-02
   19.5000  3.9203436E-02  2.2878146E-02  3.6851784E-02
   19.7500  3.9046658E-02  2.3382804E-02  3.6303093E-02
   20.0000  3.8891137E-02  2.3905676E-02  3.5781684E-02
   21.0000  3.8360408E-02  2.6128494E-02  3.4060625E-02
   22.0000  3.8046475E-02  2.8424529E-02  3.2949954E-02
   23.0000  3.7781453E-02  3.0599398E-02  3.2263073E-02
   24.0000  3.7202540E-02  3.2406311E-02  3.1759319E-02
   25.0000  3.6048644E-02  3.3608947E-02  3.1265236E-02
   26.0000  3.4389707E-02  3.4093754E-02  3.0701101E-02
   27.0000  3.2566262E-02  3.3923924E-02  3.0079483E-02
   28.0000  3.0919064E-02  3.3286987E-02  2.9478292E-02
   29.0000  2.9582186E-02  3.2382583E-02  2.8973051E-02
   30.0000  2.8539243E-02  3.1362067E-02  2.8599611E-02
   31.0000  2.7728522E-02  3.0320497E-02  2.8349209E-02
   32.0000  2.7083721E-02  2.9308493E-02  2.8185120E-02
   33.0000  2.6541671E-02  2.8347178E-02  2.8064822E-02
   34.0000  2.6045513E-02  2.7440176E-02  2.7950923E-02
   35.0000  2.5548901E-02  2.6583252E-02  2.7810955E-02
   36.0000  2.5022130E-02  2.5771673E-02  2.7614917E-02
   37.0000  2.4458959E-02  2.5005146E-02  2.7338745E-02
   38.0000  2.3880569E-02  2.4292359E-02  2.6976927E-02
   39.0000  2.3334522E-02  2.3658526E-02  2.6562499E-02
   40.0000  2.2884357E-02  2.3149207E-02  2.6178288E-02
