    Energy   (100,001)      (010,001)      (001,110)   
  -25.0000  1.6686388E-04  1.8441117E-04  1.6850389E-04
  -24.0000  1.7325030E-04  1.9147182E-04  1.7495928E-04
  -23.0000  1.8008717E-04  1.9904784E-04  1.8187317E-04
  -22.0000  1.8742181E-04  2.0719631E-04  1.8929420E-04
  -21.0000  1.9530827E-04  2.1598293E-04  1.9727796E-04
  -20.0000  2.0380849E-04  2.2548369E-04  2.0588832E-04
  -19.0000  2.1299390E-04  2.3578696E-04  2.1519898E-04
  -18.0000  2.2294714E-04  2.4699604E-04  2.2529541E-04
  -17.0000  2.3376444E-04  2.5923248E-04  2.3627727E-04
  -16.0000  2.4555846E-04  2.7264019E-04  2.4826144E-04
  -15.0000  2.5846190E-04  2.8739079E-04  2.6138593E-04
  -14.0000  2.7263213E-04  3.0369052E-04  2.7581471E-04
  -13.0000  2.8825717E-04  3.2178931E-04  2.9174420E-04
  -12.0000  3.0556346E-04  3.4199283E-04  3.0941153E-04
  -11.0000  3.2482611E-04  3.6467871E-04  3.2910563E-04
  -10.0000  3.4638270E-04  3.9031875E-04  3.5118210E-04
  -9.00000  3.7065194E-04  4.1950975E-04  3.7608352E-04
  -8.00000  3.9815962E-04  4.5301716E-04  4.0436768E-04
  -7.00000  4.2957515E-04  4.9183835E-04  4.3674767E-04
  -6.00000  4.6576440E-04  5.3729613E-04  4.7415005E-04
  -5.00000  5.0786803E-04  5.9118138E-04  5.1780168E-04
  -4.00000  5.5742128E-04  6.5597713E-04  5.6936339E-04
  -3.00000  6.1654418E-04  7.3522454E-04  6.3114382E-04
  -2.00000  6.8825742E-04  8.3414852E-04  7.0645766E-04
  -1.00000  7.7703793E-04  9.6078933E-04  8.0026219E-04
   0.00000  8.8987118E-04  1.1282038E-03  9.2037772E-04
   1.00000  1.0384559E-03  1.3591835E-03  1.0800839E-03
   2.00000  1.2445408E-03  1.6978661E-03  1.3045326E-03
   3.00000  1.5560460E-03  2.2450497E-03  1.6506890E-03
   4.00000  2.1167836E-03  3.3102272E-03  2.2972347E-03
   5.00000  3.5288005E-03  6.1892336E-03  3.9978865E-03
   5.20000  3.9739019E-03  7.1085790E-03  4.5054066E-03
   5.40000  4.4363144E-03  8.0651657E-03  5.0026851E-03
   5.60000  4.9057396E-03  9.0460230E-03  5.4855013E-03
   5.80000  5.3857998E-03  1.0071141E-02  5.9732232E-03
   6.00000  5.8851954E-03  1.1172139E-02  6.4892661E-03
   6.20000  6.4136750E-03  1.2382158E-02  7.0531404E-03
   6.40000  6.9814490E-03  1.3733107E-02  7.6795756E-03
   6.60000  7.5993193E-03  1.5254148E-02  8.3793919E-03
   6.80000  8.2782939E-03  1.6969308E-02  9.1604175E-03
   7.00000  9.0283700E-03  1.8894378E-02  1.0028391E-02
   7.20000  9.8567251E-03  2.1034252E-02  1.0988173E-02
   7.40000  1.0765851E-02  2.3382095E-02  1.2045257E-02
   7.60000  1.1752244E-02  2.5921043E-02  1.3206672E-02
   7.80000  1.2806356E-02  2.8628007E-02  1.4479715E-02
   8.00000  1.3914694E-02  3.1478746E-02  1.5867640E-02
   8.20000  1.5064681E-02  3.4454033E-02  1.7363928E-02
   8.40000  1.6251464E-02  3.7546347E-02  1.8949269E-02
   8.60000  1.7483330E-02  4.0762581E-02  2.0594833E-02
   8.80000  1.8781714E-02  4.4114095E-02  2.2270495E-02
   9.00000  2.0175170E-02  4.7590515E-02  2.3952568E-02
   9.20000  2.1691121E-02  5.1126382E-02  2.5627108E-02
   9.40000  2.3349121E-02  5.4575324E-02  2.7289032E-02
   9.60000  2.5155816E-02  5.7704246E-02  2.8939320E-02
   9.80000  2.7101822E-02  6.0220012E-02  3.0582163E-02
   10.0000  2.9161464E-02  6.1832642E-02  3.2222040E-02
   10.2500  3.1831934E-02  6.2274959E-02  3.4267595E-02
   10.5000  3.4504754E-02  6.0904768E-02  3.6288658E-02
   10.7500  3.7046867E-02  5.8000262E-02  3.8236571E-02
   11.0000  3.9319996E-02  5.4070597E-02  4.0040194E-02
   11.2500  4.1199484E-02  4.9664692E-02  4.1621283E-02
   11.5000  4.2593891E-02  4.5232446E-02  4.2909766E-02
   11.7500  4.3467796E-02  4.1071937E-02  4.3854299E-02
   12.0000  4.3852909E-02  3.7339742E-02  4.4428708E-02
   12.2500  4.3834798E-02  3.4089583E-02  4.4634439E-02
   12.5000  4.3524993E-02  3.1313244E-02  4.4499007E-02
   12.7500  4.3036675E-02  2.8970875E-02  4.4071764E-02
   13.0000  4.2469583E-02  2.7009836E-02  4.3417366E-02
   13.2500  4.1901919E-02  2.5375703E-02  4.2607292E-02
   13.5000  4.1387427E-02  2.4018396E-02  4.1711402E-02
   13.7500  4.0956531E-02  2.2894890E-02  4.0792121E-02
   14.0000  4.0620358E-02  2.1969549E-02  3.9901481E-02
   14.2500  4.0376215E-02  2.1213300E-02  3.9079647E-02
   14.5000  4.0212591E-02  2.0602560E-02  3.8354561E-02
   14.7500  4.0112602E-02  2.0118228E-02  3.7742716E-02
   15.0000  4.0056111E-02  1.9744813E-02  3.7250597E-02
   15.2500  4.0021094E-02  1.9469698E-02  3.6876319E-02
   15.5000  3.9984737E-02  1.9282511E-02  3.6611208E-02
   15.7500  3.9924547E-02  1.9174623E-02  3.6441310E-02
   16.0000  3.9819621E-02  1.9138736E-02  3.6348884E-02
   16.2500  3.9652084E-02  1.9168569E-02  3.6313938E-02
   16.5000  3.9408596E-02  1.9258616E-02  3.6315826E-02
   16.7500  3.9081679E-02  1.9403961E-02  3.6334811E-02
   17.0000  3.8670592E-02  1.9600140E-02  3.6353455E-02
   17.2500  3.8181521E-02  1.9843028E-02  3.6357656E-02
   17.5000  3.7626944E-02  2.0128747E-02  3.6337218E-02
   17.7500  3.7024264E-02  2.0453584E-02  3.6285929E-02
   18.0000  3.6393911E-02  2.0813918E-02  3.6201198E-02
   18.2500  3.5757286E-02  2.1206158E-02  3.6083403E-02
   18.5000  3.5134850E-02  2.1626698E-02  3.5935081E-02
   18.7500  3.4544653E-02  2.2071904E-02  3.5760126E-02
   19.0000  3.4001390E-02  2.2538144E-02  3.5563051E-02
   19.2500  3.3516001E-02  2.3021873E-02  3.5348391E-02
   19.5000  3.3095699E-02  2.3519766E-02  3.5120246E-02
   19.7500  3.2744308E-02  2.4028789E-02  3.4882000E-02
   20.0000  3.2462822E-02  2.4546065E-02  3.4636264E-02
   21.0000  3.1997154E-02  2.6627755E-02  3.3612884E-02
   22.0000  3.2391555E-02  2.8576513E-02  3.2552452E-02
   23.0000  3.3211890E-02  3.0271578E-02  3.1428008E-02
   24.0000  3.3846273E-02  3.1631638E-02  3.0220726E-02
   25.0000  3.3731631E-02  3.2580827E-02  2.8970402E-02
   26.0000  3.2706311E-02  3.3098339E-02  2.7762512E-02
   27.0000  3.1096291E-02  3.3208569E-02  2.6707897E-02
   28.0000  2.9393093E-02  3.2970776E-02  2.5899355E-02
   29.0000  2.7918858E-02  3.2470040E-02  2.5369013E-02
   30.0000  2.6759968E-02  3.1793386E-02  2.5080298E-02
   31.0000  2.5863768E-02  3.1010850E-02  2.4948278E-02
   32.0000  2.5135697E-02  3.0171598E-02  2.4870714E-02
   33.0000  2.4489538E-02  2.9310403E-02  2.4756040E-02
   34.0000  2.3864748E-02  2.8455824E-02  2.4538995E-02
   35.0000  2.3229650E-02  2.7633853E-02  2.4183800E-02
   36.0000  2.2579973E-02  2.6865533E-02  2.3683326E-02
   37.0000  2.1934065E-02  2.6162578E-02  2.3060730E-02
   38.0000  2.1325095E-02  2.5529379E-02  2.2372585E-02
   39.0000  2.0793655E-02  2.4976619E-02  2.1706699E-02
   40.0000  2.0378139E-02  2.4534884E-02  2.1160546E-02
