    Energy   (100,001)      (010,001)      (001,110)   
  -25.0000  1.7393678E-04  1.8784600E-04  1.8393835E-04
  -24.0000  1.7974745E-04  1.9490955E-04  1.8999281E-04
  -23.0000  1.8592475E-04  2.0248051E-04  1.9642792E-04
  -22.0000  1.9250374E-04  2.1061426E-04  2.0328016E-04
  -21.0000  1.9952408E-04  2.1937443E-04  2.1059076E-04
  -20.0000  2.0703077E-04  2.2883447E-04  2.1840657E-04
  -19.0000  2.1507513E-04  2.3907962E-04  2.2678102E-04
  -18.0000  2.2371593E-04  2.5020933E-04  2.3577531E-04
  -17.0000  2.3302082E-04  2.6234033E-04  2.4545993E-04
  -16.0000  2.4306805E-04  2.7561051E-04  2.5591642E-04
  -15.0000  2.5394868E-04  2.9018390E-04  2.6723976E-04
  -14.0000  2.6576935E-04  3.0625711E-04  2.7954115E-04
  -13.0000  2.7865577E-04  3.2406769E-04  2.9295178E-04
  -12.0000  2.9275730E-04  3.4390535E-04  3.0762751E-04
  -11.0000  3.0825285E-04  3.6612691E-04  3.2375512E-04
  -10.0000  3.2535879E-04  3.9117668E-04  3.4156050E-04
  -9.00000  3.4433954E-04  4.1961482E-04  3.6131971E-04
  -8.00000  3.6552220E-04  4.5215729E-04  3.8337415E-04
  -7.00000  3.8931697E-04  4.8973368E-04  4.0815180E-04
  -6.00000  4.1624673E-04  5.3357258E-04  4.3619769E-04
  -5.00000  4.4699072E-04  5.8533179E-04  4.6821897E-04
  -4.00000  4.8245191E-04  6.4730306E-04  5.0515375E-04
  -3.00000  5.2386513E-04  7.2274771E-04  5.4828105E-04
  -2.00000  5.7298046E-04  8.1647401E-04  5.9940556E-04
  -1.00000  6.3239661E-04  9.3589358E-04  6.6118966E-04
   0.00000  7.0622349E-04  1.0931145E-03  7.3780405E-04
   1.00000  8.0156765E-04  1.3095605E-03  8.3636158E-04
   2.00000  9.3247113E-04  1.6278593E-03  9.7064381E-04
   3.00000  1.1332739E-03  2.1504667E-03  1.1734805E-03
   4.00000  1.5245624E-03  3.2211773E-03  1.5567634E-03
   5.00000  2.6655072E-03  6.3751054E-03  2.6234783E-03
   5.20000  3.0082449E-03  7.3423636E-03  2.9367157E-03
   5.40000  3.3260061E-03  8.2698502E-03  3.2282970E-03
   5.60000  3.6043457E-03  9.1268816E-03  3.4907782E-03
   5.80000  3.8479385E-03  9.9331508E-03  3.7334720E-03
   6.00000  4.0669220E-03  1.0723891E-02  3.9685771E-03
   6.20000  4.2706221E-03  1.1533534E-02  4.2059255E-03
   6.40000  4.4664005E-03  1.2392140E-02  4.4528271E-03
   6.60000  4.6600044E-03  1.3325491E-02  4.7149925E-03
   6.80000  4.8561229E-03  1.4355596E-02  4.9971933E-03
   7.00000  5.0588800E-03  1.5500964E-02  5.3034121E-03
   7.20000  5.2721988E-03  1.6776731E-02  5.6364656E-03
   7.40000  5.5000235E-03  1.8194903E-02  5.9972148E-03
   7.60000  5.7464328E-03  1.9765171E-02  6.3837046E-03
   7.80000  6.0156696E-03  2.1496645E-02  6.7908149E-03
   8.00000  6.3120679E-03  2.3400170E-02  7.2110476E-03
   8.20000  6.6398442E-03  2.5489895E-02  7.6366800E-03
   8.40000  7.0028308E-03  2.7782448E-02  8.0627356E-03
   8.60000  7.4042931E-03  3.0292816E-02  8.4894705E-03
   8.80000  7.8468851E-03  3.3027429E-02  8.9230841E-03
   9.00000  8.3326440E-03  3.5976333E-02  9.3742990E-03
   9.20000  8.8629747E-03  3.9106654E-02  9.8555671E-03
   9.40000  9.4386852E-03  4.2358648E-02  1.0378143E-02
   9.60000  1.0060009E-02  4.5644424E-02  1.0949986E-02
   9.80000  1.0726521E-02  4.8849370E-02  1.1574826E-02
   10.0000  1.1436937E-02  5.1836877E-02  1.2252213E-02
   10.2500  1.2382845E-02  5.5037329E-02  1.3166510E-02
   10.5000  1.3385807E-02  5.7380964E-02  1.4143662E-02
   10.7500  1.4435406E-02  5.8650341E-02  1.5168986E-02
   11.0000  1.5519172E-02  5.8751109E-02  1.6230163E-02
   11.2500  1.6623457E-02  5.7738961E-02  1.7320356E-02
   11.5000  1.7733727E-02  5.5793621E-02  1.8437598E-02
   11.7500  1.8835011E-02  5.3159168E-02  1.9580715E-02
   12.0000  1.9914486E-02  5.0092522E-02  2.0744975E-02
   12.2500  2.0965203E-02  4.6828748E-02  2.1919948E-02
   12.5000  2.1988208E-02  4.3559307E-02  2.3090934E-02
   12.7500  2.2991784E-02  4.0423786E-02  2.4241987E-02
   13.0000  2.3988690E-02  3.7512527E-02  2.5359086E-02
   13.2500  2.4993198E-02  3.4874818E-02  2.6433624E-02
   13.5000  2.6018512E-02  3.2528970E-02  2.7464453E-02
   13.7500  2.7074496E-02  3.0472295E-02  2.8456522E-02
   14.0000  2.8165962E-02  2.8689492E-02  2.9417867E-02
   14.2500  2.9291748E-02  2.7158648E-02  3.0357909E-02
   14.5000  3.0444523E-02  2.5855135E-02  3.1286946E-02
   14.7500  3.1611124E-02  2.4754072E-02  3.2215632E-02
   15.0000  3.2773366E-02  2.3831812E-02  3.3154198E-02
   15.2500  3.3909279E-02  2.3066749E-02  3.4111602E-02
   15.5000  3.4994722E-02  2.2439659E-02  3.5094715E-02
   15.7500  3.6005252E-02  2.1933732E-02  3.6107543E-02
   16.0000  3.6918084E-02  2.1534438E-02  3.7150459E-02
   16.2500  3.7713927E-02  2.1229301E-02  3.8219480E-02
   16.5000  3.8378486E-02  2.1007634E-02  3.9305646E-02
   16.7500  3.8903458E-02  2.0860274E-02  4.0394639E-02
   17.0000  3.9286962E-02  2.0779335E-02  4.1466801E-02
   17.2500  3.9533370E-02  2.0757990E-02  4.2497715E-02
   17.5000  3.9652659E-02  2.0790296E-02  4.3459474E-02
   17.7500  3.9659354E-02  2.0871049E-02  4.4322662E-02
   18.0000  3.9571257E-02  2.0995664E-02  4.5058899E-02
   18.2500  3.9408086E-02  2.1160085E-02  4.5643654E-02
   18.5000  3.9190169E-02  2.1360707E-02  4.6058853E-02
   18.7500  3.8937313E-02  2.1594320E-02  4.6294809E-02
   19.0000  3.8667890E-02  2.1858080E-02  4.6351052E-02
   19.2500  3.8398160E-02  2.2149509E-02  4.6235896E-02
   19.5000  3.8141818E-02  2.2466519E-02  4.5964863E-02
   19.7500  3.7909764E-02  2.2807391E-02  4.5558488E-02
   20.0000  3.7710197E-02  2.3170608E-02  4.5040352E-02
   21.0000  3.7333231E-02  2.4808938E-02  4.2361170E-02
   22.0000  3.7686678E-02  2.6652431E-02  3.9660468E-02
   23.0000  3.8595844E-02  2.8581694E-02  3.7494721E-02
   24.0000  3.9713579E-02  3.0425541E-02  3.5890799E-02
   25.0000  4.0621921E-02  3.1966523E-02  3.4685333E-02
   26.0000  4.0920389E-02  3.3019436E-02  3.3695094E-02
   27.0000  4.0349912E-02  3.3516458E-02  3.2791961E-02
   28.0000  3.8915749E-02  3.3523653E-02  3.1931451E-02
   29.0000  3.6896341E-02  3.3183166E-02  3.1138931E-02
   30.0000  3.4694732E-02  3.2639586E-02  3.0465924E-02
   31.0000  3.2649727E-02  3.1996869E-02  2.9949132E-02
   32.0000  3.0943474E-02  3.1311668E-02  2.9593991E-02
   33.0000  2.9619174E-02  3.0614319E-02  2.9379737E-02
   34.0000  2.8638578E-02  2.9924780E-02  2.9271108E-02
   35.0000  2.7928389E-02  2.9239560E-02  2.9227041E-02
   36.0000  2.7414132E-02  2.8544751E-02  2.9207376E-02
   37.0000  2.7034013E-02  2.7834421E-02  2.9177765E-02
   38.0000  2.6741396E-02  2.7121689E-02  2.9115202E-02
   39.0000  2.6507003E-02  2.6449453E-02  2.9017209E-02
   40.0000  2.6321185E-02  2.5892057E-02  2.8910074E-02
