    Energy   (100,001)      (010,001)      (001,110)   
  -25.0000  1.7313660E-04  1.8144579E-04  1.7074444E-04
  -24.0000  1.7953926E-04  1.8825124E-04  1.7728763E-04
  -23.0000  1.8638594E-04  1.9554186E-04  1.8429750E-04
  -22.0000  1.9372289E-04  2.0337009E-04  1.9182388E-04
  -21.0000  2.0160287E-04  2.1179611E-04  1.9992382E-04
  -20.0000  2.1008637E-04  2.2088933E-04  2.0866291E-04
  -19.0000  2.1924301E-04  2.3073012E-04  2.1811694E-04
  -18.0000  2.2915336E-04  2.4141215E-04  2.2837394E-04
  -17.0000  2.3991114E-04  2.5304516E-04  2.3953672E-04
  -16.0000  2.5162597E-04  2.6575853E-04  2.5172608E-04
  -15.0000  2.6442691E-04  2.7970587E-04  2.6508490E-04
  -14.0000  2.7846687E-04  2.9507087E-04  2.7978335E-04
  -13.0000  2.9392838E-04  3.1207499E-04  2.9602573E-04
  -12.0000  3.1103107E-04  3.3098753E-04  3.1405934E-04
  -11.0000  3.3004152E-04  3.5213920E-04  3.3418645E-04
  -10.0000  3.5128648E-04  3.7594047E-04  3.5678031E-04
  -9.00000  3.7517076E-04  4.0290685E-04  3.8230720E-04
  -8.00000  4.0220200E-04  4.3369444E-04  4.1135734E-04
  -7.00000  4.3302555E-04  4.6915088E-04  4.4468891E-04
  -6.00000  4.6847469E-04  5.1039007E-04  4.8329249E-04
  -5.00000  5.0964488E-04  5.5890484E-04  5.2848793E-04
  -4.00000  5.5800695E-04  6.1674208E-04  5.8207466E-04
  -3.00000  6.1558583E-04  6.8678570E-04  6.4657417E-04
  -2.00000  6.8525580E-04  7.7323476E-04  7.2563962E-04
  -1.00000  7.7125608E-04  8.8245917E-04  8.2478902E-04
   0.00000  8.8015881E-04  1.0246487E-03  9.5281835E-04
   1.00000  1.0228751E-03  1.2173258E-03  1.1248082E-03
   2.00000  1.2194501E-03  1.4939914E-03  1.3694748E-03
   3.00000  1.5133613E-03  1.9306939E-03  1.7513455E-03
   4.00000  2.0328063E-03  2.7632435E-03  2.4646793E-03
   5.00000  3.3017446E-03  4.9910825E-03  4.3223536E-03
   5.20000  3.6911559E-03  5.6863280E-03  4.9339049E-03
   5.40000  4.0913971E-03  6.3908688E-03  5.5973536E-03
   5.60000  4.4971790E-03  7.0902990E-03  6.3078526E-03
   5.80000  4.9168849E-03  7.7978683E-03  7.0737002E-03
   6.00000  5.3627236E-03  8.5355267E-03  7.9034529E-03
   6.20000  5.8461895E-03  9.3245091E-03  8.7990751E-03
   6.40000  6.3771765E-03  1.0182516E-02  9.7544796E-03
   6.60000  6.9641418E-03  1.1122959E-02  1.0757516E-02
   6.80000  7.6143772E-03  1.2155326E-02  1.1794286E-02
   7.00000  8.3342304E-03  1.3287034E-02  1.2853886E-02
   7.20000  9.1293327E-03  1.4526448E-02  1.3931402E-02
   7.40000  1.0004800E-02  1.5885710E-02  1.5028697E-02
   7.60000  1.0965315E-02  1.7382093E-02  1.6154634E-02
   7.80000  1.2015115E-02  1.9037643E-02  1.7325964E-02
   8.00000  1.3158070E-02  2.0877572E-02  1.8567635E-02
   8.20000  1.4398283E-02  2.2928069E-02  1.9910111E-02
   8.40000  1.5741555E-02  2.5213921E-02  2.1382919E-02
   8.60000  1.7197072E-02  2.7755758E-02  2.3006145E-02
   8.80000  1.8777547E-02  3.0566387E-02  2.4782695E-02
   9.00000  2.0496014E-02  3.3646202E-02  2.6692958E-02
   9.20000  2.2358963E-02  3.6977755E-02  2.8692117E-02
   9.40000  2.4357450E-02  4.0519228E-02  3.0710400E-02
   9.60000  2.6459107E-02  4.4196847E-02  3.2658277E-02
   9.80000  2.8604568E-02  4.7897564E-02  3.4439020E-02
   10.0000  3.0711385E-02  5.1464427E-02  3.5967284E-02
   10.2500  3.3148379E-02  5.5429987E-02  3.7441944E-02
   10.5000  3.5216602E-02  5.8442787E-02  3.8419574E-02
   10.7500  3.6822515E-02  6.0119332E-02  3.8967123E-02
   11.0000  3.7961285E-02  6.0247627E-02  3.9192047E-02
   11.2500  3.8692384E-02  5.8866307E-02  3.9199391E-02
   11.5000  3.9100430E-02  5.6250701E-02  3.9068419E-02
   11.7500  3.9271763E-02  5.2813641E-02  3.8846178E-02
   12.0000  3.9284768E-02  4.8981216E-02  3.8555144E-02
   12.2500  3.9204214E-02  4.5103016E-02  3.8206564E-02
   12.5000  3.9080891E-02  4.1417622E-02  3.7808356E-02
   12.7500  3.8954383E-02  3.8059744E-02  3.7368935E-02
   13.0000  3.8855123E-02  3.5085972E-02  3.6902020E-02
   13.2500  3.8805251E-02  3.2502396E-02  3.6430181E-02
   13.5000  3.8818890E-02  3.0286439E-02  3.5982773E-02
   13.7500  3.8902708E-02  2.8401721E-02  3.5589464E-02
   14.0000  3.9057198E-02  2.6807354E-02  3.5274093E-02
   14.2500  3.9277878E-02  2.5463277E-02  3.5052249E-02
   14.5000  3.9555269E-02  2.4332960E-02  3.4932290E-02
   14.7500  3.9874435E-02  2.3384495E-02  3.4917209E-02
   15.0000  4.0215654E-02  2.2590805E-02  3.5005465E-02
   15.2500  4.0556000E-02  2.1929398E-02  3.5190930E-02
   15.5000  4.0870964E-02  2.1381884E-02  3.5462801E-02
   15.7500  4.1135925E-02  2.0933404E-02  3.5805789E-02
   16.0000  4.1327637E-02  2.0572060E-02  3.6200629E-02
   16.2500  4.1425788E-02  2.0288381E-02  3.6624914E-02
   16.5000  4.1414539E-02  2.0074850E-02  3.7054288E-02
   16.7500  4.1283806E-02  1.9925491E-02  3.7463989E-02
   17.0000  4.1030068E-02  1.9835503E-02  3.7830612E-02
   17.2500  4.0656528E-02  1.9800945E-02  3.8133899E-02
   17.5000  4.0172604E-02  1.9818460E-02  3.8358264E-02
   17.7500  3.9592851E-02  1.9885061E-02  3.8493817E-02
   18.0000  3.8935500E-02  1.9997965E-02  3.8536701E-02
   18.2500  3.8220870E-02  2.0154496E-02  3.8488728E-02
   18.5000  3.7469839E-02  2.0352049E-02  3.8356432E-02
   18.7500  3.6702556E-02  2.0588100E-02  3.8149753E-02
   19.0000  3.5937435E-02  2.0860266E-02  3.7880596E-02
   19.2500  3.5190436E-02  2.1166392E-02  3.7561463E-02
   19.5000  3.4474608E-02  2.1504643E-02  3.7204299E-02
   19.7500  3.3799908E-02  2.1873526E-02  3.6819718E-02
   20.0000  3.3173460E-02  2.2271734E-02  3.6416724E-02
   21.0000  3.1233938E-02  2.4123232E-02  3.4760351E-02
   22.0000  3.0227631E-02  2.6300977E-02  3.3222922E-02
   23.0000  2.9896776E-02  2.8651829E-02  3.1849877E-02
   24.0000  2.9799741E-02  3.0928815E-02  3.0589870E-02
   25.0000  2.9545753E-02  3.2891218E-02  2.9388467E-02
   26.0000  2.9010303E-02  3.4336911E-02  2.8237217E-02
   27.0000  2.8308966E-02  3.5151122E-02  2.7177764E-02
   28.0000  2.7587926E-02  3.5348127E-02  2.6270517E-02
   29.0000  2.6916249E-02  3.5047392E-02  2.5556793E-02
   30.0000  2.6316031E-02  3.4407569E-02  2.5037702E-02
   31.0000  2.5797811E-02  3.3568571E-02  2.4674867E-02
   32.0000  2.5360908E-02  3.2626520E-02  2.4405471E-02
   33.0000  2.4988655E-02  3.1635755E-02  2.4161783E-02
   34.0000  2.4653405E-02  3.0622574E-02  2.3887160E-02
   35.0000  2.4327112E-02  2.9599730E-02  2.3545306E-02
   36.0000  2.3992471E-02  2.8577398E-02  2.3124661E-02
   37.0000  2.3650978E-02  2.7571016E-02  2.2640515E-02
   38.0000  2.3323557E-02  2.6608730E-02  2.2134251E-02
   39.0000  2.3040393E-02  2.5740920E-02  2.1665281E-02
   40.0000  2.2824139E-02  2.5042360E-02  2.1291020E-02
