    Energy   (100,001)      (010,001)      (001,110)   
  -25.0000  1.6716467E-04  1.7987022E-04  1.8393710E-04
  -24.0000  1.7301216E-04  1.8678923E-04  1.9042825E-04
  -23.0000  1.7923993E-04  1.9421101E-04  1.9735805E-04
  -22.0000  1.8588503E-04  2.0219076E-04  2.0477172E-04
  -21.0000  1.9298939E-04  2.1079193E-04  2.1272087E-04
  -20.0000  2.0060069E-04  2.2008777E-04  2.2126468E-04
  -19.0000  2.0877333E-04  2.3016335E-04  2.3047136E-04
  -18.0000  2.1756968E-04  2.4111794E-04  2.4041988E-04
  -17.0000  2.2706157E-04  2.5306811E-04  2.5120227E-04
  -16.0000  2.3733218E-04  2.6615163E-04  2.6292638E-04
  -15.0000  2.4847834E-04  2.8053240E-04  2.7571947E-04
  -14.0000  2.6061350E-04  2.9640698E-04  2.8973282E-04
  -13.0000  2.7387144E-04  3.1401294E-04  3.0514769E-04
  -12.0000  2.8841103E-04  3.3364007E-04  3.2218326E-04
  -11.0000  3.0442254E-04  3.5564536E-04  3.4110715E-04
  -10.0000  3.2213584E-04  3.8047345E-04  3.6224982E-04
  -9.00000  3.4183140E-04  4.0868497E-04  3.8602443E-04
  -8.00000  3.6385541E-04  4.4099650E-04  4.1295501E-04
  -7.00000  3.8864063E-04  4.7833831E-04  4.4371719E-04
  -6.00000  4.1673618E-04  5.2193959E-04  4.7919881E-04
  -5.00000  4.4885107E-04  5.7345809E-04  5.2059315E-04
  -4.00000  4.8591992E-04  6.3518361E-04  5.6954767E-04
  -3.00000  5.2920627E-04  7.1037058E-04  6.2841273E-04
  -2.00000  5.8047283E-04  8.0380791E-04  7.0068100E-04
  -1.00000  6.4228042E-04  9.2285632E-04  7.9182015E-04
   0.00000  7.1855693E-04  1.0794893E-03  9.1099716E-04
   1.00000  8.1580696E-04  1.2947549E-03  1.0750935E-03
   2.00000  9.4612144E-04  1.6101058E-03  1.3196885E-03
   3.00000  1.1366623E-03  2.1235162E-03  1.7370167E-03
   4.00000  1.4729602E-03  3.1547223E-03  2.6631460E-03
   5.00000  2.3281160E-03  6.1282946E-03  5.7377201E-03
   5.20000  2.5921921E-03  7.0835694E-03  6.7613020E-03
   5.40000  2.8580525E-03  8.0488932E-03  7.7694960E-03
   5.60000  3.1175387E-03  8.9856905E-03  8.6869632E-03
   5.80000  3.3713067E-03  9.8859473E-03  9.4757792E-03
   6.00000  3.6221373E-03  1.0751808E-02  1.0116145E-02
   6.20000  3.8726539E-03  1.1590282E-02  1.0598247E-02
   6.40000  4.1260163E-03  1.2416740E-02  1.0925663E-02
   6.60000  4.3869589E-03  1.3257353E-02  1.1120186E-02
   6.80000  4.6618892E-03  1.4146921E-02  1.1220520E-02
   7.00000  4.9580630E-03  1.5123989E-02  1.1274716E-02
   7.20000  5.2825483E-03  1.6226644E-02  1.1331091E-02
   7.40000  5.6415749E-03  1.7490796E-02  1.1431586E-02
   7.60000  6.0403052E-03  1.8950719E-02  1.1608528E-02
   7.80000  6.4826809E-03  2.0640521E-02  1.1883981E-02
   8.00000  6.9710558E-03  2.2595249E-02  1.2270587E-02
   8.20000  7.5055366E-03  2.4850641E-02  1.2773000E-02
   8.40000  8.0831619E-03  2.7440613E-02  1.3389385E-02
   8.60000  8.6972665E-03  3.0391731E-02  1.4112848E-02
   8.80000  9.3375599E-03  3.3714418E-02  1.4932988E-02
   9.00000  9.9914556E-03  3.7391641E-02  1.5837697E-02
   9.20000  1.0646798E-02  4.1367050E-02  1.6815029E-02
   9.40000  1.1295360E-02  4.5535447E-02  1.7854539E-02
   9.60000  1.1935739E-02  4.9738535E-02  1.8947470E-02
   9.80000  1.2574282E-02  5.3768430E-02  2.0085714E-02
   10.0000  1.3223574E-02  5.7380820E-02  2.1260045E-02
   10.2500  1.4074183E-02  6.0920140E-02  2.2760109E-02
   10.5000  1.4995340E-02  6.2974165E-02  2.4267112E-02
   10.7500  1.6008822E-02  6.3303773E-02  2.5745552E-02
   11.0000  1.7125361E-02  6.1951488E-02  2.7159165E-02
   11.2500  1.8343287E-02  5.9222686E-02  2.8474776E-02
   11.5000  1.9648464E-02  5.5572189E-02  2.9665221E-02
   11.7500  2.1015168E-02  5.1468783E-02  3.0711064E-02
   12.0000  2.2409084E-02  4.7299382E-02  3.1601510E-02
   12.2500  2.3793323E-02  4.3329749E-02  3.2335187E-02
   12.5000  2.5134746E-02  3.9709809E-02  3.2920613E-02
   12.7500  2.6408184E-02  3.6501812E-02  3.3375711E-02
   13.0000  2.7598496E-02  3.3712017E-02  3.3725867E-02
   13.2500  2.8701148E-02  3.1315408E-02  3.4000638E-02
   13.5000  2.9721714E-02  2.9272130E-02  3.4230156E-02
   13.7500  3.0674201E-02  2.7538000E-02  3.4442209E-02
   14.0000  3.1577677E-02  2.6070639E-02  3.4660204E-02
   14.2500  3.2451445E-02  2.4832097E-02  3.4902387E-02
   14.5000  3.3311046E-02  2.3789470E-02  3.5182343E-02
   14.7500  3.4166985E-02  2.2914808E-02  3.5509503E-02
   15.0000  3.5025286E-02  2.2184780E-02  3.5889134E-02
   15.2500  3.5888317E-02  2.1580160E-02  3.6322119E-02
   15.5000  3.6755375E-02  2.1085236E-02  3.6804760E-02
   15.7500  3.7623104E-02  2.0687217E-02  3.7328678E-02
   16.0000  3.8485841E-02  2.0375691E-02  3.7880866E-02
   16.2500  3.9335969E-02  2.0142137E-02  3.8444012E-02
   16.5000  4.0164334E-02  1.9979530E-02  3.8997202E-02
   16.7500  4.0960784E-02  1.9881997E-02  3.9517096E-02
   17.0000  4.1714839E-02  1.9844556E-02  3.9979557E-02
   17.2500  4.2416465E-02  1.9862913E-02  4.0361626E-02
   17.5000  4.3056880E-02  1.9933308E-02  4.0643618E-02
   17.7500  4.3629271E-02  2.0052404E-02  4.0810993E-02
   18.0000  4.4129305E-02  2.0217212E-02  4.0855717E-02
   18.2500  4.4555360E-02  2.0425025E-02  4.0776841E-02
   18.5000  4.4908432E-02  2.0673382E-02  4.0580235E-02
   18.7500  4.5191758E-02  2.0960032E-02  4.0277546E-02
   19.0000  4.5410242E-02  2.1282929E-02  3.9884604E-02
   19.2500  4.5569775E-02  2.1640235E-02  3.9419532E-02
   19.5000  4.5676571E-02  2.2030328E-02  3.8900884E-02
   19.7500  4.5736601E-02  2.2451742E-02  3.8346108E-02
   20.0000  4.5755199E-02  2.2902904E-02  3.7770760E-02
   21.0000  4.5491727E-02  2.4950699E-02  3.5517454E-02
   22.0000  4.4756168E-02  2.7220085E-02  3.3699997E-02
   23.0000  4.3495013E-02  2.9464600E-02  3.2398498E-02
   24.0000  4.1619898E-02  3.1424783E-02  3.1475459E-02
   25.0000  3.9154303E-02  3.2890543E-02  3.0762951E-02
   26.0000  3.6313352E-02  3.3755936E-02  3.0134890E-02
   27.0000  3.3457401E-02  3.4034080E-02  2.9529218E-02
   28.0000  3.0940855E-02  3.3836613E-02  2.8950687E-02
   29.0000  2.8968381E-02  3.3321759E-02  2.8446660E-02
   30.0000  2.7544128E-02  3.2624463E-02  2.8054838E-02
   31.0000  2.6573866E-02  3.1834169E-02  2.7783976E-02
   32.0000  2.5949335E-02  3.0999615E-02  2.7618074E-02
   33.0000  2.5570289E-02  3.0138552E-02  2.7526515E-02
   34.0000  2.5342933E-02  2.9249903E-02  2.7474646E-02
   35.0000  2.5175359E-02  2.8326511E-02  2.7430428E-02
   36.0000  2.4981758E-02  2.7366791E-02  2.7367069E-02
   37.0000  2.4699776E-02  2.6383947E-02  2.7264494E-02
   38.0000  2.4314024E-02  2.5413330E-02  2.7113514E-02
   39.0000  2.3869963E-02  2.4519459E-02  2.6925656E-02
   40.0000  2.3461756E-02  2.3792843E-02  2.6742436E-02
