    Energy   (100,001)      (010,001)      (001,110)   
  -25.0000  1.7190480E-04  1.8218154E-04  1.7489614E-04
  -24.0000  1.7817540E-04  1.8920308E-04  1.8139626E-04
  -23.0000  1.8487496E-04  1.9673715E-04  1.8834968E-04
  -22.0000  1.9204759E-04  2.0484037E-04  1.9580396E-04
  -21.0000  1.9974358E-04  2.1357785E-04  2.0381339E-04
  -20.0000  2.0802046E-04  2.2302489E-04  2.1244027E-04
  -19.0000  2.1694439E-04  2.3326896E-04  2.2175643E-04
  -18.0000  2.2659179E-04  2.4441231E-04  2.3184510E-04
  -17.0000  2.3705142E-04  2.5657512E-04  2.4280321E-04
  -16.0000  2.4842693E-04  2.6989961E-04  2.5474436E-04
  -15.0000  2.6084013E-04  2.8455522E-04  2.6780252E-04
  -14.0000  2.7443507E-04  3.0074544E-04  2.8213674E-04
  -13.0000  2.8938340E-04  3.1871663E-04  2.9793732E-04
  -12.0000  3.0589121E-04  3.3876981E-04  3.1543379E-04
  -11.0000  3.2420812E-04  3.6127652E-04  3.3490558E-04
  -10.0000  3.4463942E-04  3.8670042E-04  3.5669623E-04
  -9.00000  3.6756240E-04  4.1562740E-04  3.8123297E-04
  -8.00000  3.9344896E-04  4.4880809E-04  4.0905376E-04
  -7.00000  4.2289739E-04  4.8721939E-04  4.4084580E-04
  -6.00000  4.5667786E-04  5.3215554E-04  4.7750143E-04
  -5.00000  4.9579952E-04  5.8536693E-04  5.2020154E-04
  -4.00000  5.4161238E-04  6.4927849E-04  5.7054418E-04
  -3.00000  5.9596732E-04  7.2734693E-04  6.3075042E-04
  -2.00000  6.6147912E-04  8.2467362E-04  7.0400990E-04
  -1.00000  7.4198256E-04  9.4911947E-04  7.9509557E-04
   0.00000  8.4338208E-04  1.1134932E-03  9.1154405E-04
   1.00000  9.7539547E-04  1.3403083E-03  1.0661668E-03
   2.00000  1.1556718E-03  1.6737404E-03  1.2832310E-03
   3.00000  1.4218940E-03  2.2171203E-03  1.6174393E-03
   4.00000  1.8828153E-03  3.3006922E-03  2.2370490E-03
   5.00000  2.9763013E-03  6.3631540E-03  3.8588390E-03
   5.20000  3.3117259E-03  7.3467110E-03  4.3780455E-03
   5.40000  3.6596302E-03  8.3552409E-03  4.9223354E-03
   5.60000  4.0156202E-03  9.3634809E-03  5.4831269E-03
   5.80000  4.3860657E-03  1.0379244E-02  6.0659895E-03
   6.00000  4.7803853E-03  1.1417946E-02  6.6770957E-03
   6.20000  5.2075894E-03  1.2490907E-02  7.3166184E-03
   6.40000  5.6758743E-03  1.3604520E-02  7.9785221E-03
   6.60000  6.1931630E-03  1.4764718E-02  8.6546974E-03
   6.80000  6.7676775E-03  1.5984055E-02  9.3417911E-03
   7.00000  7.4081676E-03  1.7287712E-02  1.0047436E-02
   7.20000  8.1236642E-03  1.8713978E-02  1.0791818E-02
   7.40000  8.9228435E-03  2.0308432E-02  1.1603210E-02
   7.60000  9.8131690E-03  2.2116155E-02  1.2510310E-02
   7.80000  1.0799895E-02  2.4176972E-02  1.3535334E-02
   8.00000  1.1885049E-02  2.6524951E-02  1.4689311E-02
   8.20000  1.3066610E-02  2.9189368E-02  1.5969195E-02
   8.40000  1.4338550E-02  3.2193445E-02  1.7357166E-02
   8.60000  1.5693035E-02  3.5548682E-02  1.8823885E-02
   8.80000  1.7125011E-02  3.9243700E-02  2.0336706E-02
   9.00000  1.8636579E-02  4.3227108E-02  2.1870240E-02
   9.20000  2.0237074E-02  4.7386257E-02  2.3413221E-02
   9.40000  2.1937121E-02  5.1529483E-02  2.4967824E-02
   9.60000  2.3739651E-02  5.5385565E-02  2.6543272E-02
   9.80000  2.5633075E-02  5.8634395E-02  2.8148154E-02
   10.0000  2.7588988E-02  6.0971657E-02  2.9784195E-02
   10.2500  3.0052182E-02  6.2306273E-02  3.1857530E-02
   10.5000  3.2423297E-02  6.1828263E-02  3.3917972E-02
   10.7500  3.4561190E-02  5.9826008E-02  3.5895251E-02
   11.0000  3.6328339E-02  5.6787976E-02  3.7708803E-02
   11.2500  3.7623182E-02  5.3211990E-02  3.9282852E-02
   11.5000  3.8405136E-02  4.9491235E-02  4.0558626E-02
   11.7500  3.8701964E-02  4.5886058E-02  4.1502640E-02
   12.0000  3.8598872E-02  4.2540860E-02  4.2109458E-02
   12.2500  3.8215195E-02  3.9514421E-02  4.2398767E-02
   12.5000  3.7676766E-02  3.6812048E-02  4.2408044E-02
   12.7500  3.7094243E-02  3.4412030E-02  4.2184428E-02
   13.0000  3.6552193E-02  3.2282393E-02  4.1781082E-02
   13.2500  3.6107071E-02  3.0390122E-02  4.1255277E-02
   13.5000  3.5790122E-02  2.8705829E-02  4.0663354E-02
   13.7500  3.5612152E-02  2.7205529E-02  4.0054828E-02
   14.0000  3.5568566E-02  2.5870588E-02  3.9468935E-02
   14.2500  3.5643993E-02  2.4686715E-02  3.8933748E-02
   14.5000  3.5816211E-02  2.3642644E-02  3.8466820E-02
   14.7500  3.6059317E-02  2.2728933E-02  3.8076497E-02
   15.0000  3.6346156E-02  2.1937081E-02  3.7763457E-02
   15.2500  3.6650088E-02  2.1258997E-02  3.7522253E-02
   15.5000  3.6946197E-02  2.0686746E-02  3.7342800E-02
   15.7500  3.7212129E-02  2.0212490E-02  3.7211800E-02
   16.0000  3.7428683E-02  1.9828539E-02  3.7114145E-02
   16.2500  3.7580269E-02  1.9527452E-02  3.7034255E-02
   16.5000  3.7655303E-02  1.9302168E-02  3.6957331E-02
   16.7500  3.7646526E-02  1.9146117E-02  3.6870408E-02
   17.0000  3.7551259E-02  1.9053327E-02  3.6763151E-02
   17.2500  3.7371504E-02  1.9018496E-02  3.6628334E-02
   17.5000  3.7113857E-02  1.9037033E-02  3.6461968E-02
   17.7500  3.6789164E-02  1.9105052E-02  3.6263144E-02
   18.0000  3.6411886E-02  1.9219319E-02  3.6033609E-02
   18.2500  3.5999201E-02  1.9377165E-02  3.5777204E-02
   18.5000  3.5569902E-02  1.9576374E-02  3.5499214E-02
   18.7500  3.5143189E-02  1.9815072E-02  3.5205724E-02
   19.0000  3.4737475E-02  2.0091640E-02  3.4903022E-02
   19.2500  3.4369296E-02  2.0404675E-02  3.4597091E-02
   19.5000  3.4052401E-02  2.0752983E-02  3.4293200E-02
   19.7500  3.3797084E-02  2.1135539E-02  3.3995644E-02
   20.0000  3.3609858E-02  2.1551303E-02  3.3707714E-02
   21.0000  3.3555034E-02  2.3510184E-02  3.2695395E-02
   22.0000  3.4340736E-02  2.5838843E-02  3.1934214E-02
   23.0000  3.5234226E-02  2.8380540E-02  3.1340912E-02
   24.0000  3.5446416E-02  3.0901826E-02  3.0770117E-02
   25.0000  3.4611931E-02  3.3088026E-02  3.0099582E-02
   26.0000  3.2962493E-02  3.4629857E-02  2.9299406E-02
   27.0000  3.1039706E-02  3.5372136E-02  2.8448332E-02
   28.0000  2.9268281E-02  3.5391547E-02  2.7658955E-02
   29.0000  2.7843195E-02  3.4892692E-02  2.7018265E-02
   30.0000  2.6793215E-02  3.4086125E-02  2.6562172E-02
   31.0000  2.6059539E-02  3.3128372E-02  2.6276733E-02
   32.0000  2.5554059E-02  3.2110268E-02  2.6115451E-02
   33.0000  2.5190781E-02  3.1071560E-02  2.6017077E-02
   34.0000  2.4897902E-02  3.0022385E-02  2.5917507E-02
   35.0000  2.4621494E-02  2.8962093E-02  2.5757061E-02
   36.0000  2.4327781E-02  2.7893531E-02  2.5487832E-02
   37.0000  2.4005879E-02  2.6832881E-02  2.5084766E-02
   38.0000  2.3668963E-02  2.5815746E-02  2.4560856E-02
   39.0000  2.3350037E-02  2.4901681E-02  2.3982295E-02
   40.0000  2.3088597E-02  2.4169946E-02  2.3464374E-02
