    Energy   (100,001)      (010,001)      (001,110)   
  -25.0000  1.7357857E-04  1.8706273E-04  1.8417411E-04
  -24.0000  1.7955831E-04  1.9409076E-04  1.9048802E-04
  -23.0000  1.8592525E-04  2.0162337E-04  1.9721442E-04
  -22.0000  1.9271722E-04  2.0971566E-04  2.0439431E-04
  -21.0000  1.9997711E-04  2.1843091E-04  2.1207423E-04
  -20.0000  2.0775372E-04  2.2784220E-04  2.2030728E-04
  -19.0000  2.1610281E-04  2.3803432E-04  2.2915433E-04
  -18.0000  2.2508838E-04  2.4910627E-04  2.3868544E-04
  -17.0000  2.3478427E-04  2.6117422E-04  2.4898173E-04
  -16.0000  2.4527614E-04  2.7437546E-04  2.6013759E-04
  -15.0000  2.5666388E-04  2.8887334E-04  2.7226358E-04
  -14.0000  2.6906479E-04  3.0486370E-04  2.8549005E-04
  -13.0000  2.8261751E-04  3.2258329E-04  2.9997179E-04
  -12.0000  2.9748716E-04  3.4232090E-04  3.1589412E-04
  -11.0000  3.1387205E-04  3.6443239E-04  3.3348087E-04
  -10.0000  3.3201262E-04  3.8936113E-04  3.5300514E-04
  -9.00000  3.5220336E-04  4.1766636E-04  3.7480380E-04
  -8.00000  3.7480930E-04  4.5006340E-04  3.9929776E-04
  -7.00000  4.0028903E-04  4.8748160E-04  4.2702052E-04
  -6.00000  4.2922762E-04  5.3115034E-04  4.5865982E-04
  -5.00000  4.6238532E-04  5.8272996E-04  4.9511977E-04
  -4.00000  5.0077148E-04  6.4451811E-04  5.3761722E-04
  -3.00000  5.4576191E-04  7.1978821E-04  5.8783734E-04
  -2.00000  5.9929422E-04  8.1337210E-04  6.4819813E-04
  -1.00000  6.6421427E-04  9.3272640E-04  7.2233032E-04
   0.00000  7.4494292E-04  1.0900442E-03  8.1602294E-04
   1.00000  8.4891000E-04  1.3069050E-03  9.3930466E-04
   2.00000  9.9016540E-04  1.6261777E-03  1.1117817E-03
   3.00000  1.2009078E-03  2.1502778E-03  1.3797736E-03
   4.00000  1.5848918E-03  3.2175693E-03  1.8941187E-03
   5.00000  2.5955491E-03  6.3359560E-03  3.3424535E-03
   5.20000  2.9011055E-03  7.3263062E-03  3.8370379E-03
   5.40000  3.2002568E-03  8.3175100E-03  4.3721149E-03
   5.60000  3.4861761E-03  9.2797476E-03  4.9310931E-03
   5.80000  3.7663125E-03  1.0221210E-02  5.4992690E-03
   6.00000  4.0519330E-03  1.1158061E-02  6.0531601E-03
   6.20000  4.3530274E-03  1.2101642E-02  6.5591518E-03
   6.40000  4.6766492E-03  1.3059156E-02  6.9832474E-03
   6.60000  5.0262114E-03  1.4039572E-02  7.3072835E-03
   6.80000  5.4014727E-03  1.5059175E-02  7.5413274E-03
   7.00000  5.7995917E-03  1.6142865E-02  7.7227102E-03
   7.20000  6.2169239E-03  1.7320776E-02  7.9024883E-03
   7.40000  6.6505678E-03  1.8623168E-02  8.1293499E-03
   7.60000  7.0989784E-03  2.0076813E-02  8.4394371E-03
   7.80000  7.5617941E-03  2.1703725E-02  8.8532406E-03
   8.00000  8.0394615E-03  2.3521164E-02  9.3765830E-03
   8.20000  8.5331127E-03  2.5541905E-02  1.0003231E-02
   8.40000  9.0448098E-03  2.7774495E-02  1.0718397E-02
   8.60000  9.5779641E-03  3.0223018E-02  1.1502776E-02
   8.80000  1.0137623E-02  3.2885415E-02  1.2336222E-02
   9.00000  1.0730443E-02  3.5750161E-02  1.3200150E-02
   9.20000  1.1364305E-02  3.8791606E-02  1.4078680E-02
   9.40000  1.2047613E-02  4.1964263E-02  1.4959235E-02
   9.60000  1.2788357E-02  4.5196677E-02  1.5833113E-02
   9.80000  1.3593014E-02  4.8386456E-02  1.6695954E-02
   10.0000  1.4465293E-02  5.1399232E-02  1.7547516E-02
   10.2500  1.5649697E-02  5.4670867E-02  1.8600657E-02
   10.5000  1.6927073E-02  5.7086521E-02  1.9651191E-02
   10.7500  1.8273360E-02  5.8372309E-02  2.0713739E-02
   11.0000  1.9654182E-02  5.8389098E-02  2.1803236E-02
   11.2500  2.1029583E-02  5.7177909E-02  2.2929428E-02
   11.5000  2.2361202E-02  5.4945458E-02  2.4092974E-02
   11.7500  2.3619690E-02  5.1998607E-02  2.5284825E-02
   12.0000  2.4789342E-02  4.8663222E-02  2.6489050E-02
   12.2500  2.5868805E-02  4.5220777E-02  2.7687078E-02
   12.5000  2.6868749E-02  4.1877159E-02  2.8860629E-02
   12.7500  2.7807370E-02  3.8761163E-02  2.9993025E-02
   13.0000  2.8705400E-02  3.5939347E-02  3.1070056E-02
   13.2500  2.9582384E-02  3.3434112E-02  3.2081210E-02
   13.5000  3.0454113E-02  3.1240085E-02  3.3020852E-02
   13.7500  3.1330965E-02  2.9337090E-02  3.3888756E-02
   14.0000  3.2217373E-02  2.7698510E-02  3.4689874E-02
   14.2500  3.3112173E-02  2.6295938E-02  3.5433353E-02
   14.5000  3.4009383E-02  2.5101720E-02  3.6130948E-02
   14.7500  3.4899216E-02  2.4090295E-02  3.6795167E-02
   15.0000  3.5769231E-02  2.3238786E-02  3.7437453E-02
   15.2500  3.6605491E-02  2.2527144E-02  3.8066644E-02
   15.5000  3.7393662E-02  2.1938039E-02  3.8687813E-02
   15.7500  3.8119943E-02  2.1456640E-02  3.9301579E-02
   16.0000  3.8771816E-02  2.1070360E-02  3.9903878E-02
   16.2500  3.9338631E-02  2.0768608E-02  4.0486199E-02
   16.5000  3.9812070E-02  2.0542544E-02  4.1036274E-02
   16.7500  4.0186554E-02  2.0384845E-02  4.1539196E-02
   17.0000  4.0459564E-02  2.0289480E-02  4.1978908E-02
   17.2500  4.0631878E-02  2.0251472E-02  4.2339942E-02
   17.5000  4.0707645E-02  2.0266681E-02  4.2609199E-02
   17.7500  4.0694248E-02  2.0331588E-02  4.2777507E-02
   18.0000  4.0601923E-02  2.0443113E-02  4.2840696E-02
   18.2500  4.0443146E-02  2.0598459E-02  4.2800023E-02
   18.5000  4.0231854E-02  2.0794994E-02  4.2661879E-02
   18.7500  3.9982585E-02  2.1030189E-02  4.2436887E-02
   19.0000  3.9709617E-02  2.1301594E-02  4.2138570E-02
   19.2500  3.9426204E-02  2.1606869E-02  4.1781840E-02
   19.5000  3.9143955E-02  2.1943844E-02  4.1381525E-02
   19.7500  3.8872426E-02  2.2310526E-02  4.0951225E-02
   20.0000  3.8619062E-02  2.2704937E-02  4.0502763E-02
   21.0000  3.7882811E-02  2.4505991E-02  3.8713060E-02
   22.0000  3.7670240E-02  2.6525205E-02  3.7182077E-02
   23.0000  3.7873143E-02  2.8585136E-02  3.5956559E-02
   24.0000  3.8236307E-02  3.0494387E-02  3.4930319E-02
   25.0000  3.8433784E-02  3.2069390E-02  3.3976880E-02
   26.0000  3.8149320E-02  3.3185784E-02  3.3013670E-02
   27.0000  3.7207605E-02  3.3812932E-02  3.2029891E-02
   28.0000  3.5682005E-02  3.3997899E-02  3.1074647E-02
   29.0000  3.3876757E-02  3.3830748E-02  3.0226315E-02
   30.0000  3.2151364E-02  3.3414971E-02  2.9551902E-02
   31.0000  3.0703815E-02  3.2832136E-02  2.9062810E-02
   32.0000  2.9575039E-02  3.2143433E-02  2.8731460E-02
   33.0000  2.8727849E-02  3.1395067E-02  2.8517267E-02
   34.0000  2.8094626E-02  3.0615685E-02  2.8377330E-02
   35.0000  2.7600989E-02  2.9817364E-02  2.8271910E-02
   36.0000  2.7175770E-02  2.9002442E-02  2.8167939E-02
   37.0000  2.6758562E-02  2.8174451E-02  2.8041297E-02
   38.0000  2.6313851E-02  2.7351626E-02  2.7879771E-02
   39.0000  2.5852100E-02  2.6582108E-02  2.7690467E-02
   40.0000  2.5438546E-02  2.5948008E-02  2.7508834E-02
