  7709.000   27  1  1  1.9222038E-02 -4.8326974E+00 -2.9480313E-01  1  1  7.5662800E+03  8.0000000E+03  0.0000000E+00  1.1792254E+00  1.0000000E+00  0.0000000E+00  = E_edge, Z, n_edge, j_edge, Abs_before_edge, VO_interstitial, E_cut, ninit, ninit1, Epsii, UnitCell_Volume, Surface_ref, f0_forward, natomsym_f, abs_u_iso
    Energy   (100,001)      (010,001)      (001,110)   
  -25.0000  6.0580972E-09  1.2982809E-09  8.4505770E-10
  -24.0000  1.6258333E-08  3.3272496E-09  1.9800465E-09
  -23.0000  5.2030061E-08  1.0242800E-08  5.3257380E-09
  -22.0000  2.2960811E-07  4.4807573E-08  1.8408598E-08
  -21.0000  2.4471247E-06  5.9383967E-07  1.3469296E-07
  -20.0000  4.0093559E-05  2.0453767E-06  1.9226162E-06
  -19.0000  3.4349399E-06  3.2062192E-05  6.0536500E-05
  -18.0000  2.2861164E-06  5.8504366E-07  6.9048400E-07
  -17.0000  3.0693499E-06  5.3996406E-07  4.5461039E-07
  -16.0000  8.3374107E-06  9.5836863E-07  6.9089705E-07
  -15.0000  1.2505528E-02  3.4953740E-05  5.0633535E-04
  -14.0000  2.9847170E-05  4.6788838E-05  4.8767816E-05
  -13.0000  1.3171457E-06  2.7789645E-06  4.3855093E-06
  -12.0000  1.4871683E-05  5.5198220E-05  1.4510358E-04
  -11.0000  2.6298957E-05  1.2366633E-05  2.1284453E-05
  -10.0000  6.5355068E-04  1.0344119E-04  4.8474778E-05
  -9.00000  9.0124881E-04  9.3783616E-05  4.4057163E-05
  -8.00000  1.5036760E-04  2.7443585E-05  1.1713546E-05
  -7.00000  2.1877043E-03  7.1165547E-04  2.6627582E-04
  -6.00000  7.1740340E-04  2.9265908E-04  2.1889242E-04
  -5.00000  4.2000188E-02  2.0210285E-03  2.9166046E-01
  -4.00000  2.1231572E-03  1.2204010E-03  1.3554912E-03
  -3.00000  3.3051138E-03  2.3731904E-03  2.7769155E-03
  -2.00000  2.2565510E-03  5.5997876E-03  4.4500029E-03
  -1.00000  6.7271459E-04  9.1277089E-04  6.9542244E-04
   0.00000  2.3986960E-03  2.2897894E-03  2.9921860E-03
   1.00000  6.3657455E-04  5.0483203E-04  4.7978904E-04
   2.00000  4.0159598E-04  5.7329818E-04  3.3841952E-04
   3.00000  5.4271877E-04  8.5359452E-04  4.6317394E-04
   4.00000  8.4761776E-04  1.3986417E-03  7.4424908E-04
   5.00000  1.3709944E-03  2.5892406E-03  1.4269759E-03
   5.20000  1.4959818E-03  2.9989376E-03  1.6562337E-03
   5.40000  1.6224095E-03  3.5106949E-03  1.9339961E-03
   5.60000  1.7497214E-03  4.1644239E-03  2.2755677E-03
   5.80000  1.8842517E-03  5.0226410E-03  2.7052543E-03
   6.00000  2.0508476E-03  6.1751720E-03  3.2611993E-03
   6.20000  2.3128836E-03  7.7084561E-03  3.9994286E-03
   6.40000  2.7470992E-03  9.6146248E-03  4.9955611E-03
   6.60000  3.2909306E-03  1.1760947E-02  6.3630594E-03
   6.80000  3.7461443E-03  1.4102729E-02  8.2883755E-03
   7.00000  4.0622624E-03  1.6797324E-02  1.0982057E-02
   7.20000  4.3342038E-03  1.9976270E-02  1.4387241E-02
   7.40000  4.6382652E-03  2.3382640E-02  1.7587513E-02
   7.60000  4.9973044E-03  2.6375550E-02  1.8889716E-02
   7.80000  5.4411224E-03  2.8267378E-02  1.7584748E-02
   8.00000  5.9946599E-03  2.9200428E-02  1.4979297E-02
   8.20000  6.6889416E-03  3.0132765E-02  1.2482749E-02
   8.40000  7.5460491E-03  3.1927579E-02  1.0619238E-02
   8.60000  8.5432524E-03  3.4711777E-02  9.4110976E-03
   8.80000  9.5592306E-03  3.7627709E-02  8.7578044E-03
   9.00000  1.0360620E-02  3.8914110E-02  8.5653523E-03
   9.20000  1.0761084E-02  3.7052596E-02  8.7672342E-03
   9.40000  1.0857083E-02  3.2432463E-02  9.3279385E-03
   9.60000  1.0966627E-02  2.6968153E-02  1.0244039E-02
   9.80000  1.1356058E-02  2.2212880E-02  1.1540597E-02
   10.0000  1.2149845E-02  1.8707737E-02  1.3261915E-02
   10.2500  1.3780696E-02  1.6005127E-02  1.6103906E-02
   10.5000  1.6177112E-02  1.4810769E-02  1.9857900E-02
   10.7500  1.9390534E-02  1.4821236E-02  2.4711112E-02
   11.0000  2.3407402E-02  1.5895716E-02  3.0830074E-02
   11.2500  2.8017598E-02  1.8055277E-02  3.8196550E-02
   11.5000  3.3122946E-02  2.1202757E-02  4.6752345E-02
   11.7500  3.6787930E-02  2.6060724E-02  5.3458252E-02
   12.0000  3.8785148E-02  3.2859120E-02  5.8708065E-02
   12.2500  3.8813284E-02  4.0815648E-02  6.0486954E-02
   12.5000  3.7714446E-02  4.9212527E-02  5.9300830E-02
   12.7500  3.6414610E-02  5.6400800E-02  5.6396921E-02
   13.0000  3.5465740E-02  6.0793365E-02  5.2968368E-02
   13.2500  3.5008745E-02  6.1774574E-02  4.9684932E-02
   13.5000  3.5035562E-02  5.9781268E-02  4.6843693E-02
   13.7500  3.5371832E-02  5.5895234E-02  4.4169732E-02
   14.0000  3.5743546E-02  5.1607075E-02  4.1696311E-02
   14.2500  3.6138654E-02  4.7289525E-02  3.9463054E-02
   14.5000  3.6533131E-02  4.3293084E-02  3.7458907E-02
   14.7500  3.6929303E-02  3.9765570E-02  3.5683255E-02
   15.0000  3.7340943E-02  3.6737718E-02  3.4136595E-02
   15.2500  3.7785162E-02  3.4183728E-02  3.2821413E-02
   15.5000  3.8272467E-02  3.2050905E-02  3.1734790E-02
   15.7500  3.8806080E-02  3.0286792E-02  3.0875333E-02
   16.0000  3.9377061E-02  2.8842103E-02  3.0238352E-02
   16.2500  3.9965373E-02  2.7673767E-02  2.9814716E-02
   16.5000  4.0538528E-02  2.6746009E-02  2.9590983E-02
   16.7500  4.1060587E-02  2.6029128E-02  2.9549458E-02
   17.0000  4.1499136E-02  2.5498175E-02  2.9669251E-02
   17.2500  4.1831524E-02  2.5131835E-02  2.9926854E-02
   17.5000  4.2050616E-02  2.4911687E-02  3.0297732E-02
   17.7500  4.2166286E-02  2.4821462E-02  3.0758284E-02
   18.0000  4.2199765E-02  2.4846046E-02  3.1286772E-02
   18.2500  4.2179713E-02  2.4972433E-02  3.1865061E-02
   18.5000  4.2131763E-02  2.5187564E-02  3.2477304E-02
   18.7500  4.2079308E-02  2.5480911E-02  3.3110806E-02
   19.0000  4.2035426E-02  2.5840721E-02  3.3750394E-02
   19.2500  4.2011714E-02  2.6259619E-02  3.4386213E-02
   19.5000  4.2012445E-02  2.6730264E-02  3.5006020E-02
   19.7500  4.2037824E-02  2.7246654E-02  3.5595443E-02
   20.0000  4.2082289E-02  2.7803513E-02  3.6139214E-02
   21.0000  4.2208344E-02  3.0381323E-02  3.7510620E-02
   22.0000  4.1557669E-02  3.3406564E-02  3.7101000E-02
   23.0000  4.0203924E-02  3.6475771E-02  3.5735768E-02
   24.0000  3.9051407E-02  3.8777451E-02  3.4907151E-02
   25.0000  3.8483990E-02  3.9595029E-02  3.4912552E-02
   26.0000  3.8368518E-02  3.8894377E-02  3.5229400E-02
   27.0000  3.8317002E-02  3.7309425E-02  3.5285736E-02
   28.0000  3.7656291E-02  3.5429726E-02  3.4679734E-02
   29.0000  3.6884926E-02  3.3777556E-02  3.3896541E-02
   30.0000  3.5624934E-02  3.2355412E-02  3.2944250E-02
   31.0000  3.3987934E-02  3.1147971E-02  3.1961906E-02
   32.0000  3.2186221E-02  3.0138381E-02  3.1022808E-02
   33.0000  3.0392695E-02  2.9291001E-02  3.0134700E-02
   34.0000  2.8696899E-02  2.8580043E-02  2.9301157E-02
   35.0000  2.7113142E-02  2.7971824E-02  2.8518810E-02
   36.0000  2.5609363E-02  2.7421516E-02  2.7772198E-02
   37.0000  2.4152483E-02  2.6867372E-02  2.7047079E-02
   38.0000  2.2740884E-02  2.6243344E-02  2.6324439E-02
   39.0000  2.1422975E-02  2.5489074E-02  2.5578339E-02
   40.0000  2.0276124E-02  2.4564726E-02  2.4768513E-02
