  7709.000   27  1  1  1.9222038E-02 -4.6518141E+00 -3.4053027E-01  1  1  7.5662016E+03  8.0000000E+03  0.0000000E+00  1.1792254E+00  1.0000000E+00  0.0000000E+00  = E_edge, Z, n_edge, j_edge, Abs_before_edge, VO_interstitial, E_cut, ninit, ninit1, Epsii, UnitCell_Volume, Surface_ref, f0_forward, natomsym_f, abs_u_iso
    Energy   (100,001)      (010,001)      (001,110)   
  -25.0000  3.8550657E-09  1.2421319E-09  7.9995341E-10
  -24.0000  1.0146142E-08  3.1837078E-09  1.8704928E-09
  -23.0000  3.2058949E-08  9.8971834E-09  5.0724342E-09
  -22.0000  1.4603914E-07  4.5642003E-08  1.8475545E-08
  -21.0000  3.0426156E-06  1.0593507E-06  2.6052468E-07
  -20.0000  6.1487241E-05  5.0537212E-06  5.4990385E-06
  -19.0000  7.8784062E-06  2.6461388E-04  1.0680396E-03
  -18.0000  1.2513716E-06  4.1973772E-07  4.8591528E-07
  -17.0000  1.4007965E-06  4.1167746E-07  3.2807211E-07
  -16.0000  3.1527270E-06  8.4191015E-07  5.9182889E-07
  -15.0000  2.9605205E-04  5.4621285E-04  3.7070797E-04
  -14.0000  3.9219971E-06  6.1394267E-06  5.6150872E-06
  -13.0000  1.7049749E-06  1.6041501E-06  2.1801695E-06
  -12.0000  4.8709940E-06  4.5821758E-06  1.2221408E-05
  -11.0000  2.5954805E-05  1.8996147E-05  1.4906655E-05
  -10.0000  1.9736245E-02  7.1189798E-03  1.0981486E-03
  -9.00000  5.4898492E-04  1.8609167E-04  2.5476332E-05
  -8.00000  4.4953846E-05  1.0289511E-04  3.2867653E-05
  -7.00000  4.3994259E-04  8.7724042E-05  8.0585391E-05
  -6.00000  3.0075253E-04  1.3556401E-04  1.9414181E-04
  -5.00000  1.1150902E-02  6.7296371E-02  8.0624819E-03
  -4.00000  9.3466238E-03  1.8409732E-03  1.2477177E-02
  -3.00000  1.1927479E-02  1.4234458E-01  4.6841302E-03
  -2.00000  1.5376837E-03  1.2624937E-03  1.1430358E-03
  -1.00000  4.8555158E-04  6.7032989E-04  2.9225995E-04
   0.00000  1.4020976E-03  2.5919478E-03  1.4486453E-03
   1.00000  4.3846658E-04  5.9245219E-04  4.9403368E-04
   2.00000  4.6186754E-04  5.7717861E-04  4.0960822E-04
   3.00000  6.4579987E-04  7.9253285E-04  4.9902782E-04
   4.00000  1.0327389E-03  1.2291118E-03  7.2269221E-04
   5.00000  1.7672529E-03  2.0488792E-03  1.2326778E-03
   5.20000  1.9642827E-03  2.2948481E-03  1.3942983E-03
   5.40000  2.1746888E-03  2.5802396E-03  1.5842741E-03
   5.60000  2.3937797E-03  2.9125129E-03  1.8085146E-03
   5.80000  2.6148356E-03  3.3012133E-03  2.0752817E-03
   6.00000  2.8311891E-03  3.7587537E-03  2.3954065E-03
   6.20000  3.0471955E-03  4.3011340E-03  2.7793215E-03
   6.40000  3.2951861E-03  4.9534020E-03  3.2316067E-03
   6.60000  3.6300191E-03  5.7468914E-03  3.7476681E-03
   6.80000  4.0681101E-03  6.7125754E-03  4.3370737E-03
   7.00000  4.5742090E-03  7.8787933E-03  5.0399514E-03
   7.20000  5.1463152E-03  9.3214801E-03  5.9226380E-03
   7.40000  5.8141936E-03  1.1088862E-02  7.0426415E-03
   7.60000  6.6358584E-03  1.3234189E-02  8.4504302E-03
   7.80000  7.6375319E-03  1.5796719E-02  1.0171668E-02
   8.00000  8.7705111E-03  1.8758036E-02  1.2188620E-02
   8.20000  9.9793417E-03  2.1925653E-02  1.4425030E-02
   8.40000  1.1261749E-02  2.4811626E-02  1.6769709E-02
   8.60000  1.2583785E-02  2.6902376E-02  1.9191044E-02
   8.80000  1.3969813E-02  2.7254289E-02  2.1866133E-02
   9.00000  1.5371058E-02  2.6123507E-02  2.4638265E-02
   9.20000  1.6845494E-02  2.4380058E-02  2.6756438E-02
   9.40000  1.8539106E-02  2.3141776E-02  2.7240741E-02
   9.60000  2.0864185E-02  2.4049999E-02  2.6179937E-02
   9.80000  2.3477155E-02  2.4709688E-02  2.4423204E-02
   10.0000  2.6666188E-02  2.6491258E-02  2.3444007E-02
   10.2500  3.1588256E-02  3.0067014E-02  2.3997071E-02
   10.5000  3.7627608E-02  3.4811504E-02  2.6477218E-02
   10.7500  4.4677051E-02  4.0381541E-02  3.0590407E-02
   11.0000  5.2231456E-02  4.6483228E-02  3.6052264E-02
   11.2500  5.9192099E-02  5.2886580E-02  4.2567920E-02
   11.5000  6.3973897E-02  5.9365614E-02  4.9625812E-02
   11.7500  6.5341641E-02  6.5607369E-02  5.6085845E-02
   12.0000  6.3021661E-02  7.0991524E-02  6.0987824E-02
   12.2500  5.8204918E-02  7.3171939E-02  6.3213907E-02
   12.5000  5.2791065E-02  7.1363618E-02  6.2725232E-02
   12.7500  4.7764403E-02  6.6816440E-02  6.0223093E-02
   13.0000  4.3624404E-02  6.0741188E-02  5.6496870E-02
   13.2500  4.0422226E-02  5.4421891E-02  5.2344465E-02
   13.5000  3.8035351E-02  4.8601250E-02  4.8297710E-02
   13.7500  3.6258589E-02  4.3116238E-02  4.4175175E-02
   14.0000  3.4930531E-02  3.9622277E-02  4.0878843E-02
   14.2500  3.4150906E-02  3.6282122E-02  3.8232282E-02
   14.5000  3.3699476E-02  3.3537983E-02  3.6080879E-02
   14.7500  3.3498720E-02  3.1296879E-02  3.4362414E-02
   15.0000  3.3484076E-02  2.9477372E-02  3.3017848E-02
   15.2500  3.3600583E-02  2.8011388E-02  3.1995293E-02
   15.5000  3.3801886E-02  2.6843284E-02  3.1254496E-02
   15.7500  3.4042742E-02  2.5925714E-02  3.0758979E-02
   16.0000  3.4288661E-02  2.5222058E-02  3.0484617E-02
   16.2500  3.4505994E-02  2.4700866E-02  3.0409939E-02
   16.5000  3.4666214E-02  2.4333228E-02  3.0513355E-02
   16.7500  3.4748867E-02  2.4092829E-02  3.0772583E-02
   17.0000  3.4747515E-02  2.3956704E-02  3.1163689E-02
   17.2500  3.4671079E-02  2.3904531E-02  3.1662493E-02
   17.5000  3.4543550E-02  2.3917944E-02  3.2243866E-02
   17.7500  3.4399041E-02  2.3982660E-02  3.2885022E-02
   18.0000  3.4273538E-02  2.4088370E-02  3.3566398E-02
   18.2500  3.4196065E-02  2.4228159E-02  3.4271581E-02
   18.5000  3.4185806E-02  2.4399839E-02  3.4987398E-02
   18.7500  3.4251198E-02  2.4604815E-02  3.5701805E-02
   19.0000  3.4390915E-02  2.4846123E-02  3.6403436E-02
   19.2500  3.4593123E-02  2.5126752E-02  3.7074150E-02
   19.5000  3.4842699E-02  2.5451324E-02  3.7697200E-02
   19.7500  3.5119205E-02  2.5824201E-02  3.8250864E-02
   20.0000  3.5398960E-02  2.6248343E-02  3.8708982E-02
   21.0000  3.6041314E-02  2.8492663E-02  3.9109913E-02
   22.0000  3.5329662E-02  3.1590430E-02  3.7209511E-02
   23.0000  3.4236171E-02  3.5123985E-02  3.4992142E-02
   24.0000  3.3273722E-02  3.7751901E-02  3.3612125E-02
   25.0000  3.2965338E-02  3.9179979E-02  3.3335524E-02
   26.0000  3.2555603E-02  3.8703389E-02  3.3144791E-02
   27.0000  3.2139742E-02  3.6800331E-02  3.2705367E-02
   28.0000  3.1906280E-02  3.4293535E-02  3.2005099E-02
   29.0000  3.1922074E-02  3.1912089E-02  3.1144441E-02
   30.0000  3.2021111E-02  3.0063796E-02  3.0182266E-02
   31.0000  3.1928132E-02  2.8773837E-02  2.9124373E-02
   32.0000  3.1468906E-02  2.7900244E-02  2.7983019E-02
   33.0000  3.0577551E-02  2.7289850E-02  2.6795285E-02
   34.0000  2.9266882E-02  2.6844065E-02  2.5652354E-02
   35.0000  2.7636298E-02  2.6493265E-02  2.4646250E-02
   36.0000  2.5845359E-02  2.6166850E-02  2.3815254E-02
   37.0000  2.4066530E-02  2.5786766E-02  2.3112641E-02
   38.0000  2.2439398E-02  2.5283840E-02  2.2450030E-02
   39.0000  2.1052661E-02  2.4623644E-02  2.1765024E-02
   40.0000  1.9945330E-02  2.3816044E-02  2.1055904E-02
