  7709.000   27  1  1  1.9222038E-02 -4.5207973E+00 -3.7910769E-01  1  1  7.5663733E+03  8.0000000E+03  0.0000000E+00  1.1792254E+00  1.0000000E+00  0.0000000E+00  = E_edge, Z, n_edge, j_edge, Abs_before_edge, VO_interstitial, E_cut, ninit, ninit1, Epsii, UnitCell_Volume, Surface_ref, f0_forward, natomsym_f, abs_u_iso
    Energy   (100,001)      (010,001)      (001,110)   
  -25.0000  7.9767747E-09  3.5710674E-10  8.7442174E-10
  -24.0000  2.1726407E-08  6.5370590E-10  2.0117048E-09
  -23.0000  7.1069447E-08  1.2507022E-09  5.1788339E-09
  -22.0000  3.2674674E-07  2.5462828E-09  1.5868782E-08
  -21.0000  3.9476100E-06  5.8514314E-09  6.7028142E-08
  -20.0000  2.4364458E-05  2.0551791E-08  6.7515154E-07
  -19.0000  4.1022452E-06  1.0479958E-07  7.3738451E-06
  -18.0000  2.8592961E-06  6.7237196E-08  7.1579469E-07
  -17.0000  4.0542883E-06  2.0768493E-07  4.8689385E-07
  -16.0000  1.3091696E-05  1.0172783E-06  7.7511767E-07
  -15.0000  2.5648890E-04  2.0828342E-05  3.7306066E-06
  -14.0000  1.1891909E-06  1.7600486E-05  1.7242057E-06
  -13.0000  4.4270329E-07  4.4516174E-06  6.6691465E-06
  -12.0000  1.7887968E-05  3.6967042E-06  6.6518563E-03
  -11.0000  2.3721942E-05  3.0244833E-06  1.1898998E-05
  -10.0000  5.0759018E-04  7.1286720E-06  1.7474755E-05
  -9.00000  9.9018443E-04  2.3355810E-05  8.4193134E-06
  -8.00000  1.1331441E-04  8.3105487E-05  5.8693094E-05
  -7.00000  2.7489821E-03  1.2593461E-04  3.3251896E-04
  -6.00000  8.9584134E-04  3.9682257E-05  8.4469018E-05
  -5.00000  6.8991797E-04  1.8856135E-04  6.0407222E-04
  -4.00000  2.2742812E-02  1.1227824E-03  5.9627004E-04
  -3.00000  2.0842054E-03  1.5439539E-01  7.2999616E-03
  -2.00000  4.1030226E-04  2.7278621E-03  3.4106024E-04
  -1.00000  2.9691074E-04  1.3707158E-03  1.6251255E-04
   0.00000  2.2520843E-03  1.1834291E-03  1.3006583E-03
   1.00000  3.9377989E-04  8.9865162E-04  2.6699502E-04
   2.00000  3.7309535E-04  1.0049535E-03  2.9548149E-04
   3.00000  5.0648125E-04  1.3214350E-03  4.8686540E-04
   4.00000  7.6678774E-04  2.0711974E-03  9.3510800E-04
   5.00000  1.1880582E-03  3.3962421E-03  2.2290384E-03
   5.20000  1.2911978E-03  3.7327438E-03  2.7765141E-03
   5.40000  1.3987097E-03  4.0993161E-03  3.5280076E-03
   5.60000  1.5087326E-03  4.5046119E-03  4.5740027E-03
   5.80000  1.6180728E-03  4.9647793E-03  6.0356553E-03
   6.00000  1.7214702E-03  5.5052254E-03  8.0464546E-03
   6.20000  1.8143521E-03  6.1607129E-03  1.0678247E-02
   6.40000  1.9090018E-03  6.9648371E-03  1.3777506E-02
   6.60000  2.0737082E-03  7.9214363E-03  1.6788000E-02
   6.80000  2.4446314E-03  8.9810083E-03  1.8861000E-02
   7.00000  3.0475947E-03  1.0071479E-02  1.9427689E-02
   7.20000  3.6824533E-03  1.1176397E-02  1.8661788E-02
   7.40000  4.2321542E-03  1.2297297E-02  1.7130937E-02
   7.60000  4.7453294E-03  1.3533652E-02  1.5358548E-02
   7.80000  5.2947311E-03  1.4845120E-02  1.3627826E-02
   8.00000  5.9366181E-03  1.6333741E-02  1.2122753E-02
   8.20000  6.7228640E-03  1.8062667E-02  1.0979785E-02
   8.40000  7.7116846E-03  2.0121477E-02  1.0296098E-02
   8.60000  8.9593526E-03  2.2614933E-02  1.0134071E-02
   8.80000  1.0474122E-02  2.5670930E-02  1.0547687E-02
   9.00000  1.2084310E-02  2.9465733E-02  1.1545691E-02
   9.20000  1.3346080E-02  3.4253534E-02  1.3020324E-02
   9.40000  1.3931456E-02  4.0371638E-02  1.4839474E-02
   9.60000  1.4143058E-02  4.8289674E-02  1.7050628E-02
   9.80000  1.4501093E-02  5.8540693E-02  1.9754146E-02
   10.0000  1.5251790E-02  7.1617873E-02  2.2885087E-02
   10.2500  1.6349363E-02  9.2012964E-02  2.6889336E-02
   10.5000  1.8586938E-02  1.1421819E-01  3.1137194E-02
   10.7500  2.1427867E-02  1.2960166E-01  3.5204076E-02
   11.0000  2.4863969E-02  1.2790805E-01  3.9132372E-02
   11.2500  2.8844195E-02  1.1004930E-01  4.3019443E-02
   11.5000  3.3210317E-02  8.7085022E-02  4.6858265E-02
   11.7500  3.7652274E-02  6.7148882E-02  5.0504140E-02
   12.0000  4.1497612E-02  5.2302573E-02  5.3319891E-02
   12.2500  4.4672477E-02  4.1806288E-02  5.5979390E-02
   12.5000  4.6757588E-02  3.4432826E-02  5.7497167E-02
   12.7500  4.7743363E-02  2.9203977E-02  5.7680567E-02
   13.0000  4.7839207E-02  2.5426222E-02  5.6540000E-02
   13.2500  4.7354063E-02  2.2633538E-02  5.4306151E-02
   13.5000  4.6584191E-02  2.0519247E-02  5.1355942E-02
   13.7500  4.5753559E-02  1.8882875E-02  4.8096158E-02
   14.0000  4.4359703E-02  1.7603590E-02  4.3741911E-02
   14.2500  4.3751047E-02  1.6563945E-02  4.0820825E-02
   14.5000  4.3333696E-02  1.5726891E-02  3.8337262E-02
   14.7500  4.3124535E-02  1.5049375E-02  3.6335369E-02
   15.0000  4.3126616E-02  1.4501539E-02  3.4818567E-02
   15.2500  4.3334852E-02  1.4061741E-02  3.3769547E-02
   15.5000  4.3744079E-02  1.3714692E-02  3.3164592E-02
   15.7500  4.4324352E-02  1.3450185E-02  3.2973201E-02
   16.0000  4.5058873E-02  1.3260578E-02  3.3166306E-02
   16.2500  4.5913845E-02  1.3140946E-02  3.3707344E-02
   16.5000  4.6841278E-02  1.3087856E-02  3.4550146E-02
   16.7500  4.7777292E-02  1.3098889E-02  3.5629500E-02
   17.0000  4.8642147E-02  1.3172329E-02  3.6855903E-02
   17.2500  4.9343588E-02  1.3307414E-02  3.8121332E-02
   17.5000  4.9787959E-02  1.3503817E-02  3.9302982E-02
   17.7500  4.9898465E-02  1.3759533E-02  4.0281403E-02
   18.0000  4.9631896E-02  1.4073616E-02  4.0963982E-02
   18.2500  4.8992916E-02  1.4444569E-02  4.1304792E-02
   18.5000  4.8036429E-02  1.4871068E-02  4.1307572E-02
   18.7500  4.6855184E-02  1.5352436E-02  4.1016836E-02
   19.0000  4.5561660E-02  1.5887816E-02  4.0501588E-02
   19.2500  4.4264996E-02  1.6476333E-02  3.9839101E-02
   19.5000  4.3057275E-02  1.7117169E-02  3.9102726E-02
   19.7500  4.2004944E-02  1.7809047E-02  3.8350806E-02
   20.0000  4.1148853E-02  1.8551070E-02  3.7626461E-02
   21.0000  3.9851870E-02  2.2003781E-02  3.5422695E-02
   22.0000  4.1203895E-02  2.6159394E-02  3.4422123E-02
   23.0000  4.3108409E-02  3.0862028E-02  3.4119151E-02
   24.0000  4.3279434E-02  3.5664113E-02  3.3859763E-02
   25.0000  4.0013863E-02  4.0147297E-02  3.3100999E-02
   26.0000  3.5065992E-02  4.2247717E-02  3.2018670E-02
   27.0000  3.0197929E-02  4.2414807E-02  3.0602295E-02
   28.0000  2.6792262E-02  4.1097866E-02  2.9075630E-02
   29.0000  2.4915464E-02  3.9000346E-02  2.7793520E-02
   30.0000  2.4064274E-02  3.6723735E-02  2.7053189E-02
   31.0000  2.3767747E-02  3.4636348E-02  2.6846528E-02
   32.0000  2.3732271E-02  3.2883640E-02  2.6943616E-02
   33.0000  2.3781675E-02  3.1459059E-02  2.7091604E-02
   34.0000  2.3809957E-02  3.0274474E-02  2.7130075E-02
   35.0000  2.3730673E-02  2.9204587E-02  2.6978871E-02
   36.0000  2.3461544E-02  2.8128981E-02  2.6586015E-02
   37.0000  2.2949773E-02  2.6960743E-02  2.5899345E-02
   38.0000  2.2200947E-02  2.5658994E-02  2.4875287E-02
   39.0000  2.1284676E-02  2.4234697E-02  2.3505576E-02
   40.0000  2.0307861E-02  2.2738144E-02  2.1873917E-02
