  7709.000   27  1  1  1.9222038E-02 -4.7340171E+00 -3.4454706E-01  1  1  7.5663365E+03  8.0000000E+03  0.0000000E+00  1.1792254E+00  1.0000000E+00  0.0000000E+00  = E_edge, Z, n_edge, j_edge, Abs_before_edge, VO_interstitial, E_cut, ninit, ninit1, Epsii, UnitCell_Volume, Surface_ref, f0_forward, natomsym_f, abs_u_iso
    Energy   (100,001)      (010,001)      (001,110)   
  -25.0000  5.9554777E-09  3.3632554E-10  7.9807135E-10
  -24.0000  1.5621701E-08  6.1497921E-10  1.8161412E-09
  -23.0000  4.8205303E-08  1.1734799E-09  4.6012037E-09
  -22.0000  1.9831049E-07  2.3733219E-09  1.3742476E-08
  -21.0000  1.6563998E-06  5.3130953E-09  5.5171689E-08
  -20.0000  1.3833505E-04  1.6838687E-08  4.7247481E-07
  -19.0000  3.7581811E-06  2.0168182E-07  1.6134273E-05
  -18.0000  2.3131087E-06  6.3801779E-08  7.3632728E-07
  -17.0000  2.7980447E-06  1.9446717E-07  4.3427997E-07
  -16.0000  6.6819343E-06  9.4067526E-07  4.5698599E-07
  -15.0000  1.4022245E-03  1.8133688E-05  9.0278927E-07
  -14.0000  5.8934709E-07  1.7676654E-05  1.1917574E-06
  -13.0000  7.5358797E-07  4.2773283E-06  4.0155583E-06
  -12.0000  4.6191238E-06  3.3757516E-06  3.2619214E-04
  -11.0000  2.0511053E-05  2.9134646E-06  1.1687916E-05
  -10.0000  2.0427863E-04  4.0800796E-06  8.0041660E-06
  -9.00000  1.2178595E-03  5.1043590E-05  2.5465794E-05
  -8.00000  1.7833274E-04  3.2923575E-05  6.7447565E-06
  -7.00000  7.2990767E-03  7.3123122E-05  1.8520516E-04
  -6.00000  6.6833378E-04  3.7902293E-05  1.6701294E-04
  -5.00000  9.0741149E-04  1.6867489E-04  8.9333245E-04
  -4.00000  4.8726065E-01  1.0023928E-03  3.6850575E-04
  -3.00000  1.0815448E-03  3.4036093E-02  1.2049655E-03
  -2.00000  4.7521321E-04  2.8587305E-03  3.0770664E-04
  -1.00000  2.8967642E-04  1.4295101E-03  1.6862646E-04
   0.00000  1.0224167E-03  1.1125882E-03  5.8930330E-04
   1.00000  3.6781810E-04  8.7643989E-04  2.2062518E-04
   2.00000  3.5257841E-04  9.6250507E-04  2.4509745E-04
   3.00000  4.9433926E-04  1.2306636E-03  3.8224897E-04
   4.00000  7.8123263E-04  1.8850083E-03  6.7959135E-04
   5.00000  1.2579684E-03  3.1215197E-03  1.4233576E-03
   5.20000  1.3722450E-03  3.4378530E-03  1.7079556E-03
   5.40000  1.4893532E-03  3.7784738E-03  2.0813377E-03
   5.60000  1.6066478E-03  4.1471762E-03  2.5783573E-03
   5.80000  1.7203141E-03  4.5514685E-03  3.2469117E-03
   6.00000  1.8258656E-03  5.0027146E-03  4.1467147E-03
   6.20000  1.9205516E-03  5.5196109E-03  5.3422103E-03
   6.40000  2.0154880E-03  6.1288293E-03  6.8787317E-03
   6.60000  2.1679043E-03  6.8610914E-03  8.7338077E-03
   6.80000  2.5148849E-03  7.7394755E-03  1.0755274E-02
   7.00000  3.1751789E-03  8.7671111E-03  1.2643008E-02
   7.20000  4.0092285E-03  9.9276654E-03  1.4061068E-02
   7.40000  4.7782569E-03  1.1167269E-02  1.4811216E-02
   7.60000  5.4648785E-03  1.2476417E-02  1.4917582E-02
   7.80000  6.1345159E-03  1.3777283E-02  1.4527520E-02
   8.00000  6.8804852E-03  1.5112730E-02  1.3808284E-02
   8.20000  7.7688451E-03  1.6535915E-02  1.2888143E-02
   8.40000  8.8573990E-03  1.8103338E-02  1.2008513E-02
   8.60000  1.0195873E-02  1.9890357E-02  1.1412504E-02
   8.80000  1.1792989E-02  2.2006079E-02  1.1239122E-02
   9.00000  1.3529272E-02  2.4584482E-02  1.1580769E-02
   9.20000  1.5070420E-02  2.7774817E-02  1.2514254E-02
   9.40000  1.6078898E-02  3.1780321E-02  1.4092122E-02
   9.60000  1.6674646E-02  3.6857879E-02  1.6314577E-02
   9.80000  1.6825923E-02  4.3329573E-02  1.9097673E-02
   10.0000  1.7830621E-02  5.1585034E-02  2.2257901E-02
   10.2500  1.9788027E-02  6.4982458E-02  2.6362115E-02
   10.5000  2.2462870E-02  8.1903625E-02  3.0278690E-02
   10.7500  2.5796519E-02  1.0032441E-01  3.3895193E-02
   11.0000  2.9715610E-02  1.1419233E-01  3.7379032E-02
   11.2500  3.4053698E-02  1.1579413E-01  4.0991953E-02
   11.5000  3.8486759E-02  1.0400212E-01  4.4819423E-02
   11.7500  4.2532291E-02  8.5863267E-02  4.8679069E-02
   12.0000  4.5172640E-02  6.8479464E-02  5.2263483E-02
   12.2500  4.6955395E-02  5.4643431E-02  5.5350601E-02
   12.5000  4.7495101E-02  4.4379076E-02  5.7237638E-02
   12.7500  4.7075747E-02  3.6942879E-02  5.7686940E-02
   13.0000  4.6099554E-02  3.1541323E-02  5.6712623E-02
   13.2500  4.4933763E-02  2.7556195E-02  5.4578891E-02
   13.5000  4.3835902E-02  2.4552850E-02  5.1698390E-02
   13.7500  4.3000714E-02  2.2363485E-02  4.8162287E-02
   14.0000  4.2005045E-02  2.0531025E-02  4.4171074E-02
   14.2500  4.1693998E-02  1.9061985E-02  4.1344307E-02
   14.5000  4.1642671E-02  1.7876023E-02  3.8943149E-02
   14.7500  4.1834474E-02  1.6910853E-02  3.7014665E-02
   15.0000  4.2246182E-02  1.6122651E-02  3.5565149E-02
   15.2500  4.2860546E-02  1.5481220E-02  3.4583032E-02
   15.5000  4.3633434E-02  1.4962836E-02  3.4044965E-02
   15.7500  4.4539774E-02  1.4552611E-02  3.3931656E-02
   16.0000  4.5539745E-02  1.4238797E-02  3.4220940E-02
   16.2500  4.6583622E-02  1.4014120E-02  3.4889638E-02
   16.5000  4.7608735E-02  1.3872143E-02  3.5903351E-02
   16.7500  4.8538397E-02  1.3808273E-02  3.7210473E-02
   17.0000  4.9284977E-02  1.3819047E-02  3.8733982E-02
   17.2500  4.9757140E-02  1.3901856E-02  4.0366731E-02
   17.5000  4.9872629E-02  1.4053402E-02  4.1973793E-02
   17.7500  4.9576333E-02  1.4271551E-02  4.3410618E-02
   18.0000  4.8856645E-02  1.4553360E-02  4.4545788E-02
   18.2500  4.7750845E-02  1.4896804E-02  4.5289668E-02
   18.5000  4.6343170E-02  1.5299622E-02  4.5610879E-02
   18.7500  4.4749697E-02  1.5758819E-02  4.5535210E-02
   19.0000  4.3093403E-02  1.6273303E-02  4.5129798E-02
   19.2500  4.1487322E-02  1.6841110E-02  4.4482042E-02
   19.5000  4.0021286E-02  1.7460589E-02  4.3684345E-02
   19.7500  3.8756851E-02  1.8129897E-02  4.2813271E-02
   20.0000  3.7727553E-02  1.8846913E-02  4.1928995E-02
   21.0000  3.6028074E-02  2.2156465E-02  3.8886760E-02
   22.0000  3.7351826E-02  2.6050013E-02  3.6923875E-02
   23.0000  3.9718311E-02  3.0310981E-02  3.5614177E-02
   24.0000  4.0943032E-02  3.5314603E-02  3.4264408E-02
   25.0000  3.9861902E-02  3.8924547E-02  3.2868150E-02
   26.0000  3.6537794E-02  4.1260301E-02  3.1282819E-02
   27.0000  3.2266010E-02  4.1990576E-02  2.9555664E-02
   28.0000  2.8606588E-02  4.1254256E-02  2.7831468E-02
   29.0000  2.6167013E-02  3.9553379E-02  2.6400716E-02
   30.0000  2.4742353E-02  3.7466094E-02  2.5507333E-02
   31.0000  2.3968475E-02  3.5423484E-02  2.5151005E-02
   32.0000  2.3581068E-02  3.3663404E-02  2.5114096E-02
   33.0000  2.3390911E-02  3.2237215E-02  2.5154981E-02
   34.0000  2.3270000E-02  3.1087743E-02  2.5127163E-02
   35.0000  2.3111884E-02  3.0092268E-02  2.4942083E-02
   36.0000  2.2822331E-02  2.9125225E-02  2.4531826E-02
   37.0000  2.2333785E-02  2.8086185E-02  2.3835064E-02
   38.0000  2.1645073E-02  2.6909152E-02  2.2815792E-02
   39.0000  2.0821390E-02  2.5570520E-02  2.1505247E-02
   40.0000  1.9961465E-02  2.4093487E-02  2.0058462E-02
