  7709.000   27  1  1  1.9222038E-02 -4.6444631E+00 -3.7082275E-01  1  1  7.5664221E+03  8.0000000E+03  0.0000000E+00  1.1792254E+00  1.0000000E+00  0.0000000E+00  = E_edge, Z, n_edge, j_edge, Abs_before_edge, VO_interstitial, E_cut, ninit, ninit1, Epsii, UnitCell_Volume, Surface_ref, f0_forward, natomsym_f, abs_u_iso
    Energy   (100,001)      (010,001)      (001,110)   
  -25.0000  6.5125675E-09  3.4400559E-10  8.1471817E-10
  -24.0000  1.7053829E-08  6.2707616E-10  1.8290084E-09
  -23.0000  5.2339849E-08  1.1912843E-09  4.5435379E-09
  -22.0000  2.1196505E-07  2.3908529E-09  1.3154666E-08
  -21.0000  1.6889657E-06  5.2617070E-09  5.0157768E-08
  -20.0000  6.5143966E-03  3.1545749E-07  1.2144867E-05
  -19.0000  6.5217959E-06  5.3245724E-07  4.8191640E-05
  -18.0000  3.3970501E-06  6.9539010E-08  1.2229677E-06
  -17.0000  4.4205386E-06  2.0075532E-07  5.8688278E-07
  -16.0000  1.5238268E-05  9.6970915E-07  8.0682012E-07
  -15.0000  3.0772301E-05  1.8416627E-05  1.6615080E-06
  -14.0000  3.4193586E-07  1.8174568E-05  1.4013749E-06
  -13.0000  8.3328876E-07  4.3432933E-06  3.7569412E-06
  -12.0000  4.6287057E-06  2.9346373E-06  6.6229944E-05
  -11.0000  2.2004156E-05  3.2097830E-06  2.1049959E-05
  -10.0000  2.3223597E-04  5.2430188E-06  1.3103694E-05
  -9.00000  3.7679268E-03  3.5125884E-05  2.2996861E-05
  -8.00000  2.2919674E-04  3.7115336E-05  1.0272464E-05
  -7.00000  6.9378752E-04  6.4028859E-05  7.4916818E-05
  -6.00000  9.0484448E-04  3.9100712E-05  1.7561955E-04
  -5.00000  8.9907857E-04  1.5324108E-04  6.1507609E-04
  -4.00000  1.5991069E-02  1.0949233E-03  2.4725605E-04
  -3.00000  1.0650757E-03  2.1643881E-01  4.2834980E-03
  -2.00000  4.3872640E-04  2.9657525E-03  4.2343872E-04
  -1.00000  2.8644968E-04  1.3769915E-03  1.6057649E-04
   0.00000  1.2112275E-03  1.1425496E-03  6.9989026E-04
   1.00000  4.6593432E-04  8.8635165E-04  3.1509231E-04
   2.00000  3.7803487E-04  9.9658292E-04  2.7555548E-04
   3.00000  5.2080826E-04  1.3376104E-03  4.2091062E-04
   4.00000  7.9965995E-04  2.1758492E-03  7.4504069E-04
   5.00000  1.1999327E-03  3.6831498E-03  1.6722869E-03
   5.20000  1.2739329E-03  4.0557279E-03  2.0765040E-03
   5.40000  1.3307977E-03  4.4512992E-03  2.6395459E-03
   5.60000  1.3599651E-03  4.8746953E-03  3.4263063E-03
   5.80000  1.3653552E-03  5.3398061E-03  4.4984938E-03
   6.00000  1.4195606E-03  5.8759310E-03  5.8568850E-03
   6.20000  1.7176412E-03  6.5288528E-03  7.3353195E-03
   6.40000  2.3186261E-03  7.3402336E-03  8.5544974E-03
   6.60000  2.8995934E-03  8.3113184E-03  9.1697545E-03
   6.80000  3.2972796E-03  9.4040482E-03  9.1735599E-03
   7.00000  3.5835448E-03  1.0583542E-02  8.8132088E-03
   7.20000  3.8511921E-03  1.1888782E-02  8.3484658E-03
   7.40000  4.1291267E-03  1.3314763E-02  7.9292675E-03
   7.60000  4.4319789E-03  1.4860103E-02  7.5155144E-03
   7.80000  4.7720232E-03  1.6563891E-02  7.1441831E-03
   8.00000  5.1745340E-03  1.8449104E-02  6.9020690E-03
   8.20000  5.6622350E-03  2.0539861E-02  6.8095987E-03
   8.40000  6.2586435E-03  2.2872633E-02  6.8850679E-03
   8.60000  6.9922598E-03  2.5504547E-02  7.1701742E-03
   8.80000  7.8953594E-03  2.8518009E-02  7.7265982E-03
   9.00000  8.9928899E-03  3.2028706E-02  8.6259313E-03
   9.20000  1.0268446E-02  3.6189047E-02  9.9245686E-03
   9.40000  1.1603221E-02  4.1166527E-02  1.1613626E-02
   9.60000  1.2764344E-02  4.7160186E-02  1.3586914E-02
   9.80000  1.3584621E-02  5.4366866E-02  1.5726374E-02
   10.0000  1.4176029E-02  6.2931485E-02  1.8028511E-02
   10.2500  1.5005955E-02  7.5512308E-02  2.1193126E-02
   10.5000  1.6263044E-02  8.9435756E-02  2.4566241E-02
   10.7500  1.8062681E-02  1.0243354E-01  2.7915307E-02
   11.0000  2.0073086E-02  1.1031540E-01  3.0921294E-02
   11.2500  2.2980427E-02  1.0886648E-01  3.3987500E-02
   11.5000  2.6319818E-02  9.7839268E-02  3.7018021E-02
   11.7500  2.9905825E-02  8.1725386E-02  4.0162283E-02
   12.0000  3.3244393E-02  6.5055210E-02  4.3390484E-02
   12.2500  3.6292420E-02  5.1910920E-02  4.6976991E-02
   12.5000  3.8637456E-02  4.1876655E-02  5.0161160E-02
   12.7500  4.0172351E-02  3.4521164E-02  5.2494185E-02
   13.0000  4.0986349E-02  2.9202174E-02  5.3603481E-02
   13.2500  4.1292924E-02  2.5346250E-02  5.3346955E-02
   13.5000  4.1332772E-02  2.2512623E-02  5.1878733E-02
   13.7500  4.0544532E-02  2.0643307E-02  4.8880774E-02
   14.0000  4.0665372E-02  1.8965545E-02  4.6115856E-02
   14.2500  4.0931944E-02  1.7650227E-02  4.3355191E-02
   14.5000  4.1387777E-02  1.6602626E-02  4.0848118E-02
   14.7500  4.2049825E-02  1.5759166E-02  3.8731906E-02
   15.0000  4.2913932E-02  1.5077199E-02  3.7064185E-02
   15.2500  4.3963439E-02  1.4526914E-02  3.5858882E-02
   15.5000  4.5175288E-02  1.4088584E-02  3.5109357E-02
   15.7500  4.6495346E-02  1.3747861E-02  3.4795857E-02
   16.0000  4.7877851E-02  1.3495328E-02  3.4898309E-02
   16.2500  4.9258221E-02  1.3324317E-02  3.5393822E-02
   16.5000  5.0559294E-02  1.3229812E-02  3.6252098E-02
   16.7500  5.1694054E-02  1.3208142E-02  3.7429978E-02
   17.0000  5.2568422E-02  1.3256714E-02  3.8864976E-02
   17.2500  5.3089193E-02  1.3373405E-02  4.0465732E-02
   17.5000  5.3181136E-02  1.3556005E-02  4.2113223E-02
   17.7500  5.2802357E-02  1.3802184E-02  4.3669392E-02
   18.0000  5.1951899E-02  1.4109606E-02  4.4992908E-02
   18.2500  5.0680579E-02  1.4475416E-02  4.5964402E-02
   18.5000  4.9084416E-02  1.4897400E-02  4.6512317E-02
   18.7500  4.7287400E-02  1.5374011E-02  4.6623520E-02
   19.0000  4.5419779E-02  1.5903909E-02  4.6339286E-02
   19.2500  4.3601099E-02  1.6486303E-02  4.5738459E-02
   19.5000  4.1926039E-02  1.7120265E-02  4.4915713E-02
   19.7500  4.0460389E-02  1.7805708E-02  4.3963310E-02
   20.0000  3.9243658E-02  1.8542704E-02  4.2960495E-02
   21.0000  3.6965687E-02  2.2001010E-02  3.9377843E-02
   22.0000  3.8052844E-02  2.6239808E-02  3.7136849E-02
   23.0000  4.0652625E-02  3.1085946E-02  3.5912771E-02
   24.0000  4.2631542E-02  3.5999777E-02  3.5078441E-02
   25.0000  4.2633078E-02  3.9947607E-02  3.4212504E-02
   26.0000  3.9634263E-02  4.2134520E-02  3.2912659E-02
   27.0000  3.5437396E-02  4.1975714E-02  3.1513722E-02
   28.0000  3.1336784E-02  4.0524610E-02  2.9949971E-02
   29.0000  2.8339542E-02  3.8470990E-02  2.8520888E-02
   30.0000  2.6492808E-02  3.6307208E-02  2.7528459E-02
   31.0000  2.5473704E-02  3.4330615E-02  2.7039158E-02
   32.0000  2.4966291E-02  3.2665842E-02  2.6882452E-02
   33.0000  2.4737772E-02  3.1313830E-02  2.6850510E-02
   34.0000  2.4636099E-02  3.0201703E-02  2.6806162E-02
   35.0000  2.4547729E-02  2.9222039E-02  2.6664714E-02
   36.0000  2.4371440E-02  2.8261034E-02  2.6363723E-02
   37.0000  2.4011100E-02  2.7221581E-02  2.5843585E-02
   38.0000  2.3394667E-02  2.6043801E-02  2.5045616E-02
   39.0000  2.2515661E-02  2.4711549E-02  2.3940430E-02
   40.0000  2.1447268E-02  2.3252548E-02  2.2547685E-02
