  7709.000   27  1  1  1.9222038E-02 -4.6597831E+00 -3.4423467E-01  1  1  7.5664398E+03  8.0000000E+03  0.0000000E+00  1.1792254E+00  1.0000000E+00  0.0000000E+00  = E_edge, Z, n_edge, j_edge, Abs_before_edge, VO_interstitial, E_cut, ninit, ninit1, Epsii, UnitCell_Volume, Surface_ref, f0_forward, natomsym_f, abs_u_iso
    Energy   (100,001)      (010,001)      (001,110)   
  -25.0000  6.2407295E-09  3.4174827E-10  8.7121025E-10
  -24.0000  1.6156229E-08  6.2860158E-10  1.9747745E-09
  -23.0000  4.8607739E-08  1.2083600E-09  4.9620529E-09
  -22.0000  1.8904301E-07  2.4701657E-09  1.4570814E-08
  -21.0000  1.3331090E-06  5.6608429E-09  5.6829123E-08
  -20.0000  1.7296385E-04  2.3287451E-08  7.4242549E-07
  -19.0000  7.5037838E-06  6.0484902E-07  4.2957944E-05
  -18.0000  3.5152260E-06  7.2844407E-08  1.3817824E-06
  -17.0000  3.8982065E-06  1.9754632E-07  6.7551784E-07
  -16.0000  7.8784124E-06  9.5233392E-07  6.7969013E-07
  -15.0000  1.5073103E-04  1.1086500E-03  9.4802107E-06
  -14.0000  6.3532937E-06  2.0530872E-05  1.8222733E-06
  -13.0000  3.0294690E-07  4.5446387E-06  6.4649113E-06
  -12.0000  3.6943696E-06  3.8550863E-06  3.6474237E-04
  -11.0000  1.9217197E-05  3.0093565E-06  2.2535371E-05
  -10.0000  2.2220181E-04  4.8663889E-06  1.0659001E-05
  -9.00000  5.8032386E-03  6.4006099E-05  4.6714013E-05
  -8.00000  3.0655952E-04  3.0265848E-05  2.1709001E-05
  -7.00000  8.1125470E-05  1.7359949E-04  2.6855694E-04
  -6.00000  1.1149660E-03  3.4833216E-05  1.7226977E-04
  -5.00000  1.5409906E-03  2.3813441E-04  9.8515010E-04
  -4.00000  4.7159235E-03  9.0442522E-04  1.8563591E-04
  -3.00000  9.4624907E-04  4.7384130E-02  2.0182063E-03
  -2.00000  4.4243572E-04  3.1342725E-03  4.6591695E-04
  -1.00000  2.6396940E-04  1.4425623E-03  1.7116131E-04
   0.00000  4.6881899E-04  1.4181434E-03  2.4224282E-04
   1.00000  6.2724858E-04  9.3832407E-04  4.7471119E-04
   2.00000  3.6555490E-04  1.0029585E-03  2.9865621E-04
   3.00000  4.9393729E-04  1.3308301E-03  4.5839586E-04
   4.00000  7.5714056E-04  2.1654931E-03  8.4605618E-04
   5.00000  1.1444700E-03  3.7135411E-03  2.0994168E-03
   5.20000  1.2233973E-03  4.1086682E-03  2.7045855E-03
   5.40000  1.2942236E-03  4.5414285E-03  3.6065266E-03
   5.60000  1.3492310E-03  5.0290313E-03  4.9864266E-03
   5.80000  1.3820871E-03  5.6061657E-03  7.1025463E-03
   6.00000  1.4101675E-03  6.3291471E-03  1.0157709E-02
   6.20000  1.5193888E-03  7.2421912E-03  1.3752778E-02
   6.40000  1.8349815E-03  8.2651461E-03  1.6254759E-02
   6.60000  2.2833404E-03  9.1983435E-03  1.6162734E-02
   6.80000  2.6599702E-03  9.9563164E-03  1.4204357E-02
   7.00000  2.9354067E-03  1.0649956E-02  1.1904785E-02
   7.20000  3.1720836E-03  1.1404318E-02  9.9876079E-03
   7.40000  3.3997941E-03  1.2242519E-02  8.4943721E-03
   7.60000  3.6326752E-03  1.3190120E-02  7.3000254E-03
   7.80000  3.8888607E-03  1.4285143E-02  6.3617206E-03
   8.00000  4.1822324E-03  1.5514879E-02  5.6573753E-03
   8.20000  4.5252900E-03  1.6952740E-02  5.1518129E-03
   8.40000  4.9228423E-03  1.8672382E-02  4.8291740E-03
   8.60000  5.3857291E-03  2.0765712E-02  4.6917039E-03
   8.80000  5.9325442E-03  2.3346212E-02  4.7474855E-03
   9.00000  6.5835392E-03  2.6552791E-02  5.0053081E-03
   9.20000  7.3588465E-03  3.0566170E-02  5.4763849E-03
   9.40000  8.2751456E-03  3.5601772E-02  6.1708594E-03
   9.60000  9.3335692E-03  4.1938885E-02  7.0951787E-03
   9.80000  1.0493177E-02  4.9876237E-02  8.2486620E-03
   10.0000  1.1646504E-02  5.9657742E-02  9.6210892E-03
   10.2500  1.2866701E-02  7.4521637E-02  1.1619388E-02
   10.5000  1.3775441E-02  9.1348106E-02  1.3904321E-02
   10.7500  1.4611643E-02  1.0670356E-01  1.6452096E-02
   11.0000  1.5658941E-02  1.1432818E-01  1.9208106E-02
   11.2500  1.7055836E-02  1.0971707E-01  2.2060817E-02
   11.5000  1.8831922E-02  9.5544789E-02  2.4924792E-02
   11.7500  2.0562119E-02  7.8766878E-02  2.7187566E-02
   12.0000  2.2967224E-02  6.3546620E-02  3.0107913E-02
   12.2500  2.5561284E-02  5.1516984E-02  3.3397424E-02
   12.5000  2.8174374E-02  4.2516414E-02  3.6827760E-02
   12.7500  3.0652466E-02  3.5883686E-02  4.0262496E-02
   13.0000  3.2872474E-02  3.0985267E-02  4.3465048E-02
   13.2500  3.4767159E-02  2.7326993E-02  4.6138092E-02
   13.5000  3.6329214E-02  2.4548724E-02  4.8003597E-02
   13.7500  3.6836457E-02  2.2509553E-02  4.9107030E-02
   14.0000  3.7849998E-02  2.0752648E-02  4.8940926E-02
   14.2500  3.8716608E-02  1.9333117E-02  4.7941269E-02
   14.5000  3.9496878E-02  1.8168341E-02  4.6405482E-02
   14.7500  4.0243883E-02  1.7203014E-02  4.4639624E-02
   15.0000  4.1004297E-02  1.6398036E-02  4.2900879E-02
   15.2500  4.1814369E-02  1.5727857E-02  4.1371287E-02
   15.5000  4.2709544E-02  1.5174698E-02  4.0169706E-02
   15.7500  4.3692978E-02  1.4726415E-02  3.9359805E-02
   16.0000  4.4776313E-02  1.4374373E-02  3.8971856E-02
   16.2500  4.5951441E-02  1.4113156E-02  3.9013834E-02
   16.5000  4.7193653E-02  1.3936867E-02  3.9476590E-02
   16.7500  4.8462122E-02  1.3841509E-02  4.0335489E-02
   17.0000  4.9697548E-02  1.3823519E-02  4.1544772E-02
   17.2500  5.0822752E-02  1.3879225E-02  4.3032206E-02
   17.5000  5.1749924E-02  1.4006018E-02  4.4689496E-02
   17.7500  5.2391822E-02  1.4201224E-02  4.6374669E-02
   18.0000  5.2670759E-02  1.4462817E-02  4.7922568E-02
   18.2500  5.2537661E-02  1.4788629E-02  4.9166472E-02
   18.5000  5.1987745E-02  1.5175955E-02  4.9971331E-02
   18.7500  5.1064303E-02  1.5623222E-02  5.0264968E-02
   19.0000  4.9853010E-02  1.6127972E-02  5.0049746E-02
   19.2500  4.8466033E-02  1.6688177E-02  4.9395510E-02
   19.5000  4.7020042E-02  1.7302208E-02  4.8414075E-02
   19.7500  4.5621757E-02  1.7968793E-02  4.7229121E-02
   20.0000  4.4354171E-02  1.8686939E-02  4.5954393E-02
   21.0000  4.1402121E-02  2.2054669E-02  4.1357933E-02
   22.0000  4.1889077E-02  2.6146391E-02  3.8559096E-02
   23.0000  4.4144387E-02  3.0747820E-02  3.7097298E-02
   24.0000  4.5935193E-02  3.5333242E-02  3.6131817E-02
   25.0000  4.6069467E-02  3.9067652E-02  3.5192954E-02
   26.0000  4.3979257E-02  4.1223629E-02  3.4126920E-02
   27.0000  3.9759770E-02  4.1618657E-02  3.2864051E-02
   28.0000  3.4004549E-02  4.0389643E-02  3.1155518E-02
   29.0000  3.0058030E-02  3.8525715E-02  2.9689499E-02
   30.0000  2.7489031E-02  3.6439283E-02  2.8569154E-02
   31.0000  2.6026317E-02  3.4484650E-02  2.7946559E-02
   32.0000  2.5278884E-02  3.2824719E-02  2.7713976E-02
   33.0000  2.4952568E-02  3.1481996E-02  2.7673038E-02
   34.0000  2.4862714E-02  3.0398505E-02  2.7679732E-02
   35.0000  2.4883892E-02  2.9468514E-02  2.7651435E-02
   36.0000  2.4908654E-02  2.8576644E-02  2.7530357E-02
   37.0000  2.4819996E-02  2.7633521E-02  2.7268800E-02
   38.0000  2.4490289E-02  2.6579522E-02  2.6808190E-02
   39.0000  2.3825617E-02  2.5387584E-02  2.6090892E-02
   40.0000  2.2815354E-02  2.4052440E-02  2.5065851E-02
