  7709.000   27  1  1  1.9222038E-02 -4.7486819E+00 -3.5401110E-01  1  1  7.5663148E+03  8.0000000E+03  0.0000000E+00  1.1792254E+00  1.0000000E+00  0.0000000E+00  = E_edge, Z, n_edge, j_edge, Abs_before_edge, VO_interstitial, E_cut, ninit, ninit1, Epsii, UnitCell_Volume, Surface_ref, f0_forward, natomsym_f, abs_u_iso
    Energy   (100,001)      (010,001)      (001,110)   
  -25.0000  5.0364071E-09  3.3039215E-10  8.1960915E-10
  -24.0000  1.2634671E-08  6.0043979E-10  1.8342159E-09
  -23.0000  3.6268124E-08  1.1364201E-09  4.5250183E-09
  -22.0000  1.2983426E-07  2.2683417E-09  1.2905947E-08
  -21.0000  7.3663657E-07  4.9227787E-09  4.7409667E-08
  -20.0000  5.9636479E-05  1.5578608E-08  3.8322778E-07
  -19.0000  9.9323788E-06  4.1899927E-07  4.0954875E-05
  -18.0000  3.3803379E-06  6.4792083E-08  1.7740304E-06
  -17.0000  3.1524029E-06  1.7572798E-07  7.2856344E-07
  -16.0000  5.0903923E-06  7.9845332E-07  6.8070023E-07
  -15.0000  2.3636328E-05  1.1256010E-05  1.2019648E-06
  -14.0000  1.1253345E-05  2.6858636E-05  1.8359284E-06
  -13.0000  3.5414600E-07  4.8556244E-06  4.5150767E-06
  -12.0000  3.8065102E-06  3.0673456E-06  6.9237331E-05
  -11.0000  1.9233397E-05  3.4983731E-06  2.8911165E-05
  -10.0000  1.5698386E-04  4.5830538E-06  7.2850592E-06
  -9.00000  1.6265711E-01  2.7478838E-04  2.1726930E-04
  -8.00000  5.3302945E-04  2.5770785E-05  1.2471451E-05
  -7.00000  6.0603966E-04  2.7098237E-02  7.2523906E-02
  -6.00000  1.3561809E-03  3.8807878E-05  2.3345182E-04
  -5.00000  1.2365080E-01  2.5621909E-04  4.3400176E-03
  -4.00000  9.4022436E-03  6.6865390E-04  3.2655702E-04
  -3.00000  7.4418329E-04  3.3946823E-01  1.5336351E-02
  -2.00000  4.2682568E-04  3.6700802E-03  5.6291209E-04
  -1.00000  2.6598127E-04  1.5442972E-03  1.9490295E-04
   0.00000  7.3494256E-04  1.2443955E-03  5.5745603E-04
   1.00000  4.8213866E-04  9.1851489E-04  3.0479973E-04
   2.00000  4.1304092E-04  1.0036374E-03  2.9498772E-04
   3.00000  6.1753332E-04  1.3116256E-03  4.5567289E-04
   4.00000  1.0111482E-03  2.0727603E-03  7.9479407E-04
   5.00000  1.5586892E-03  3.4395618E-03  1.7259060E-03
   5.20000  1.6646152E-03  3.7850202E-03  2.1267140E-03
   5.40000  1.7596830E-03  4.1607580E-03  2.6849252E-03
   5.60000  1.8385890E-03  4.5764960E-03  3.4714634E-03
   5.80000  1.9026282E-03  5.0487865E-03  4.5682547E-03
   6.00000  1.9811599E-03  5.6034180E-03  6.0221301E-03
   6.20000  2.1733861E-03  6.2696939E-03  7.7280738E-03
   6.40000  2.6018973E-03  7.0588106E-03  9.3084717E-03
   6.60000  3.1681805E-03  7.9441427E-03  1.0291167E-02
   6.80000  3.6557581E-03  8.8868971E-03  1.0550575E-02
   7.00000  4.0404961E-03  9.9118715E-03  1.0344044E-02
   7.20000  4.3686107E-03  1.0989966E-02  9.9753504E-03
   7.40000  4.6900036E-03  1.2154589E-02  9.5721150E-03
   7.60000  5.0316556E-03  1.3420854E-02  9.1538629E-03
   7.80000  5.4096481E-03  1.4792587E-02  8.7769683E-03
   8.00000  5.8400855E-03  1.6261168E-02  8.4835800E-03
   8.20000  6.3378425E-03  1.7822141E-02  8.2398565E-03
   8.40000  6.9152042E-03  1.9502165E-02  8.0168459E-03
   8.60000  7.5822308E-03  2.1379527E-02  7.8277998E-03
   8.80000  8.3467648E-03  2.3582576E-02  7.7277232E-03
   9.00000  9.2140825E-03  2.6263097E-02  7.7852585E-03
   9.20000  1.0182506E-02  2.9579430E-02  8.0457275E-03
   9.40000  1.1232575E-02  3.3737698E-02  8.5257611E-03
   9.60000  1.2318946E-02  3.8986302E-02  9.2236106E-03
   9.80000  1.3376206E-02  4.5611594E-02  1.0127545E-02
   10.0000  1.4355492E-02  5.3898322E-02  1.1225268E-02
   10.2500  1.5496164E-02  6.6830082E-02  1.2874117E-02
   10.5000  1.6698352E-02  8.2044366E-02  1.4872047E-02
   10.7500  1.8127597E-02  9.6797803E-02  1.7273047E-02
   11.0000  1.9853894E-02  1.0575453E-01  2.0066182E-02
   11.2500  2.1617282E-02  1.0436341E-01  2.3127992E-02
   11.5000  2.3818937E-02  9.3736166E-02  2.6334278E-02
   11.7500  2.5985385E-02  7.9681915E-02  2.9242640E-02
   12.0000  2.8195736E-02  6.5905182E-02  3.2858558E-02
   12.2500  3.0255049E-02  5.4510257E-02  3.6632692E-02
   12.5000  3.2101815E-02  4.5697347E-02  4.0447384E-02
   12.7500  3.3722281E-02  3.9036662E-02  4.4075715E-02
   13.0000  3.5143388E-02  3.4009287E-02  4.7210881E-02
   13.2500  3.6410938E-02  3.0174443E-02  4.9538551E-02
   13.5000  3.7489676E-02  2.7189201E-02  5.0839728E-02
   13.7500  3.7822325E-02  2.4957234E-02  5.1144429E-02
   14.0000  3.8794425E-02  2.3028219E-02  5.0152014E-02
   14.2500  3.9698276E-02  2.1449746E-02  4.8505914E-02
   14.5000  4.0528975E-02  2.0147251E-02  4.6555728E-02
   14.7500  4.1288994E-02  1.9069482E-02  4.4597919E-02
   15.0000  4.1991695E-02  1.8179687E-02  4.2844640E-02
   15.2500  4.2671258E-02  1.7452329E-02  4.1431586E-02
   15.5000  4.3341462E-02  1.6863432E-02  4.0430363E-02
   15.7500  4.4047442E-02  1.6400022E-02  3.9876707E-02
   16.0000  4.4819279E-02  1.6051380E-02  3.9782063E-02
   16.2500  4.5677583E-02  1.5809048E-02  4.0142669E-02
   16.5000  4.6626006E-02  1.5665493E-02  4.0942987E-02
   16.7500  4.7649217E-02  1.5614248E-02  4.2149457E-02
   17.0000  4.8709908E-02  1.5649120E-02  4.3703867E-02
   17.2500  4.9745780E-02  1.5765061E-02  4.5514398E-02
   17.5000  5.0674002E-02  1.5957047E-02  4.7448566E-02
   17.7500  5.1398438E-02  1.6220534E-02  4.9339257E-02
   18.0000  5.1823729E-02  1.6552078E-02  5.1004385E-02
   18.2500  5.1872504E-02  1.6946528E-02  5.2280452E-02
   18.5000  5.1505480E-02  1.7399512E-02  5.3054107E-02
   18.7500  5.0732266E-02  1.7906574E-02  5.3284374E-02
   19.0000  4.9613822E-02  1.8462297E-02  5.3004782E-02
   19.2500  4.8249387E-02  1.9062447E-02  5.2303702E-02
   19.5000  4.6755433E-02  1.9701333E-02  5.1294552E-02
   19.7500  4.5247934E-02  2.0374716E-02  5.0090073E-02
   20.0000  4.3824080E-02  2.1078570E-02  4.8786419E-02
   21.0000  4.0052470E-02  2.4119904E-02  4.3713250E-02
   22.0000  3.9748981E-02  2.7373124E-02  3.9790302E-02
   23.0000  4.1501515E-02  3.0709067E-02  3.6934955E-02
   24.0000  4.3409169E-02  3.4022176E-02  3.4782854E-02
   25.0000  4.4256869E-02  3.7054585E-02  3.3105027E-02
   26.0000  4.3247100E-02  3.9283404E-02  3.1687269E-02
   27.0000  3.9394694E-02  4.0139762E-02  3.0086344E-02
   28.0000  3.4893427E-02  3.9531624E-02  2.8647086E-02
   29.0000  3.0826802E-02  3.8036016E-02  2.7389670E-02
   30.0000  2.7926221E-02  3.6183649E-02  2.6573467E-02
   31.0000  2.6149834E-02  3.4369661E-02  2.6236115E-02
   32.0000  2.5182351E-02  3.2797539E-02  2.6203254E-02
   33.0000  2.4721591E-02  3.1513322E-02  2.6272639E-02
   34.0000  2.4548342E-02  3.0466767E-02  2.6325909E-02
   35.0000  2.4492712E-02  2.9558272E-02  2.6304845E-02
   36.0000  2.4401841E-02  2.8677407E-02  2.6167937E-02
   37.0000  2.4125337E-02  2.7724004E-02  2.5867107E-02
   38.0000  2.3550322E-02  2.6624158E-02  2.5345480E-02
   39.0000  2.2636192E-02  2.5346452E-02  2.4551707E-02
   40.0000  2.1447195E-02  2.3901844E-02  2.3467713E-02
