  7709.000   27  1  1  1.9222038E-02 -4.6604374E+00 -3.0060260E-01  1  1  7.5662894E+03  8.0000000E+03  0.0000000E+00  1.1792254E+00  1.0000000E+00  0.0000000E+00  = E_edge, Z, n_edge, j_edge, Abs_before_edge, VO_interstitial, E_cut, ninit, ninit1, Epsii, UnitCell_Volume, Surface_ref, f0_forward, natomsym_f, abs_u_iso
    Energy   (100,001)      (010,001)      (001,110)   
  -25.0000  4.7805917E-09  1.2715651E-09  8.7143027E-10
  -24.0000  1.2633697E-08  3.2034160E-09  2.0611509E-09
  -23.0000  3.9664098E-08  9.6072681E-09  5.6314276E-09
  -22.0000  1.7077560E-07  4.0099971E-08  1.9954425E-08
  -21.0000  1.8126455E-06  4.6079120E-07  1.4541880E-07
  -20.0000  5.5457273E-04  7.3050018E-06  8.4443100E-05
  -19.0000  2.5974360E-06  1.1824207E-05  2.5014583E-05
  -18.0000  1.7991231E-06  5.8682987E-07  5.9192941E-07
  -17.0000  2.3589148E-06  5.3933812E-07  4.3198662E-07
  -16.0000  7.3015407E-06  9.9828123E-07  8.1435087E-07
  -15.0000  3.5346559E-04  4.3259470E-04  3.1983896E-04
  -14.0000  6.3250496E-06  7.7596656E-06  9.0312687E-06
  -13.0000  1.4285185E-06  2.0991204E-06  3.7246146E-06
  -12.0000  2.1189594E-05  7.0754689E-05  1.7768454E-04
  -11.0000  1.8570916E-05  1.0229454E-05  1.0418422E-05
  -10.0000  2.6352884E-04  8.4644773E-05  3.8913015E-05
  -9.00000  1.1538582E-03  2.1306127E-04  1.3597180E-05
  -8.00000  9.0235509E-05  2.3098478E-05  9.0978931E-06
  -7.00000  1.0264417E-03  2.9526508E-04  1.6712421E-04
  -6.00000  6.6839387E-04  2.1262930E-04  2.0178748E-04
  -5.00000  2.3090324E-03  5.8227817E-04  1.1088344E-02
  -4.00000  1.5564232E-03  1.5623831E-03  1.4056150E-03
  -3.00000  7.5908724E-03  2.6724554E-02  7.5813181E-03
  -2.00000  1.0446450E-03  1.5495876E-03  1.2004326E-03
  -1.00000  4.8652708E-04  7.1203947E-04  4.1526961E-04
   0.00000  1.0194676E-03  3.8889873E-03  1.1135993E-03
   1.00000  4.4393366E-04  9.3841686E-04  5.2964359E-04
   2.00000  4.4444631E-04  7.1939608E-04  4.1764056E-04
   3.00000  6.3384093E-04  9.3251438E-04  5.3099695E-04
   4.00000  1.0276721E-03  1.3929944E-03  7.9991977E-04
   5.00000  1.7760767E-03  2.2781572E-03  1.4426322E-03
   5.20000  1.9835556E-03  2.5574085E-03  1.6571767E-03
   5.40000  2.2137303E-03  2.8924337E-03  1.9158133E-03
   5.60000  2.4710318E-03  3.3000607E-03  2.2303055E-03
   5.80000  2.7664353E-03  3.8059495E-03  2.6183802E-03
   6.00000  3.1231276E-03  4.4343066E-03  3.1045665E-03
   6.20000  3.5956723E-03  5.2583355E-03  3.7359431E-03
   6.40000  4.2506825E-03  6.3096294E-03  4.5704708E-03
   6.60000  5.0861208E-03  7.5864810E-03  5.6801674E-03
   6.80000  5.9602640E-03  9.0730900E-03  7.1428278E-03
   7.00000  6.7852788E-03  1.0817393E-02  9.0382990E-03
   7.20000  7.6673990E-03  1.2925271E-02  1.1381858E-02
   7.40000  8.7223138E-03  1.5389274E-02  1.3910651E-02
   7.60000  1.0047307E-02  1.7974478E-02  1.5864072E-02
   7.80000  1.1713246E-02  2.0181027E-02  1.6379327E-02
   8.00000  1.3780994E-02  2.1635697E-02  1.5494366E-02
   8.20000  1.6304642E-02  2.2441125E-02  1.4133199E-02
   8.40000  1.9234479E-02  2.2891125E-02  1.3099989E-02
   8.60000  2.2174142E-02  2.3063991E-02  1.2693827E-02
   8.80000  2.4214137E-02  2.2759907E-02  1.2862146E-02
   9.00000  2.4317875E-02  2.1925811E-02  1.3355644E-02
   9.20000  2.2944296E-02  2.1014274E-02  1.3988937E-02
   9.40000  2.1133280E-02  2.0688611E-02  1.4765317E-02
   9.60000  1.9881698E-02  2.1313453E-02  1.5805778E-02
   9.80000  1.9590410E-02  2.2953950E-02  1.7213658E-02
   10.0000  2.0284491E-02  2.5545612E-02  1.9040844E-02
   10.2500  2.2369441E-02  2.9928061E-02  2.1952441E-02
   10.5000  2.5497735E-02  3.5228449E-02  2.5602712E-02
   10.7500  2.9195705E-02  4.0937703E-02  3.0072684E-02
   11.0000  3.2859814E-02  4.6524454E-02  3.5475370E-02
   11.2500  3.6361096E-02  5.1398957E-02  4.2191270E-02
   11.5000  3.8319154E-02  5.5941269E-02  4.9364381E-02
   11.7500  3.9261741E-02  5.9980398E-02  5.6490919E-02
   12.0000  3.9393314E-02  6.2875809E-02  6.0792727E-02
   12.2500  3.8689458E-02  6.4453032E-02  6.3426069E-02
   12.5000  3.7633900E-02  6.4117836E-02  6.2897008E-02
   12.7500  3.6551964E-02  6.1854466E-02  5.9975078E-02
   13.0000  3.5630098E-02  5.8140426E-02  5.5837379E-02
   13.2500  3.4924689E-02  5.3680889E-02  5.1422112E-02
   13.5000  3.4427748E-02  4.9102806E-02  4.7263160E-02
   13.7500  3.4111575E-02  4.4807260E-02  4.3586752E-02
   14.0000  3.4599543E-02  4.1510301E-02  3.9767668E-02
   14.2500  3.4451589E-02  3.8301703E-02  3.7078073E-02
   14.5000  3.4424914E-02  3.5564696E-02  3.4878826E-02
   14.7500  3.4514075E-02  3.3254993E-02  3.3104659E-02
   15.0000  3.4709972E-02  3.1319937E-02  3.1698681E-02
   15.2500  3.4999028E-02  2.9708186E-02  3.0613746E-02
   15.5000  3.5368812E-02  2.8376542E-02  2.9814411E-02
   15.7500  3.5796551E-02  2.7283278E-02  2.9267758E-02
   16.0000  3.6262607E-02  2.6398411E-02  2.8948269E-02
   16.2500  3.6740072E-02  2.5697097E-02  2.8832316E-02
   16.5000  3.7197828E-02  2.5159996E-02  2.8895293E-02
   16.7500  3.7603721E-02  2.4771121E-02  2.9112519E-02
   17.0000  3.7931612E-02  2.4516453E-02  2.9457337E-02
   17.2500  3.8165566E-02  2.4383057E-02  2.9901997E-02
   17.5000  3.8305087E-02  2.4358146E-02  3.0420497E-02
   17.7500  3.8365783E-02  2.4429442E-02  3.0990258E-02
   18.0000  3.8374738E-02  2.4583541E-02  3.1593295E-02
   18.2500  3.8361250E-02  2.4806679E-02  3.2215016E-02
   18.5000  3.8352619E-02  2.5085934E-02  3.2846202E-02
   18.7500  3.8370858E-02  2.5408856E-02  3.3480122E-02
   19.0000  3.8431402E-02  2.5764095E-02  3.4111580E-02
   19.2500  3.8538435E-02  2.6141277E-02  3.4730497E-02
   19.5000  3.8694486E-02  2.6533558E-02  3.5328390E-02
   19.7500  3.8895970E-02  2.6936630E-02  3.5891884E-02
   20.0000  3.9133868E-02  2.7348977E-02  3.6403608E-02
   21.0000  4.0121029E-02  2.9146401E-02  3.7509882E-02
   22.0000  4.0318540E-02  3.1387810E-02  3.6582843E-02
   23.0000  3.9641214E-02  3.3977512E-02  3.4850871E-02
   24.0000  3.8683343E-02  3.6084239E-02  3.3954171E-02
   25.0000  3.7674817E-02  3.6768332E-02  3.3986856E-02
   26.0000  3.6770272E-02  3.5851144E-02  3.4284551E-02
   27.0000  3.5763172E-02  3.3991813E-02  3.4043414E-02
   28.0000  3.5163298E-02  3.2187554E-02  3.3501576E-02
   29.0000  3.4501301E-02  3.0793450E-02  3.2574234E-02
   30.0000  3.3574388E-02  2.9879882E-02  3.1476927E-02
   31.0000  3.2246322E-02  2.9324356E-02  3.0357172E-02
   32.0000  3.0594000E-02  2.8989100E-02  2.9278886E-02
   33.0000  2.8784786E-02  2.8782891E-02  2.8267522E-02
   34.0000  2.6965526E-02  2.8660133E-02  2.7347256E-02
   35.0000  2.5226321E-02  2.8583656E-02  2.6547942E-02
   36.0000  2.3623731E-02  2.8502102E-02  2.5879474E-02
   37.0000  2.2202863E-02  2.8348486E-02  2.5311888E-02
   38.0000  2.1001542E-02  2.8055919E-02  2.4772963E-02
   39.0000  2.0041868E-02  2.7576183E-02  2.4180778E-02
   40.0000  1.9311941E-02  2.6883421E-02  2.3485882E-02
