  7709.000   27  1  1  1.9222038E-02 -4.5915476E+00 -2.8304150E-01  1  1  7.5663291E+03  8.0000000E+03  0.0000000E+00  1.1792254E+00  1.0000000E+00  0.0000000E+00  = E_edge, Z, n_edge, j_edge, Abs_before_edge, VO_interstitial, E_cut, ninit, ninit1, Epsii, UnitCell_Volume, Surface_ref, f0_forward, natomsym_f, abs_u_iso
    Energy   (100,001)      (010,001)      (001,110)   
  -25.0000  4.7899351E-09  1.0586682E-09  7.9580925E-10
  -24.0000  1.2585125E-08  2.6256871E-09  1.8567178E-09
  -23.0000  3.9111824E-08  7.6955905E-09  4.9688293E-09
  -22.0000  1.6443753E-07  3.0759337E-08  1.7014830E-08
  -21.0000  1.5392391E-06  3.0078429E-07  1.1657864E-07
  -20.0000  1.2682483E-04  3.5431363E-06  8.6739479E-06
  -19.0000  3.0876973E-06  1.1858245E-05  2.8068670E-05
  -18.0000  1.7970957E-06  5.1511832E-07  5.8628082E-07
  -17.0000  2.2291529E-06  4.4498218E-07  3.8251759E-07
  -16.0000  5.5357630E-06  7.4779427E-07  5.7972741E-07
  -15.0000  2.6198161E-02  9.6894931E-05  1.3804566E-03
  -14.0000  1.0227154E-05  1.3760308E-05  1.3565388E-05
  -13.0000  1.2964736E-06  2.2061021E-06  3.4189262E-06
  -12.0000  7.7058511E-06  3.0259180E-05  6.6495753E-05
  -11.0000  2.0339803E-05  1.0081659E-05  1.5424157E-05
  -10.0000  2.7465671E-04  4.0233436E-05  1.7148560E-05
  -9.00000  2.1436670E-02  2.3066301E-03  1.3399243E-03
  -8.00000  1.1290475E-04  2.5201170E-05  8.0830983E-06
  -7.00000  4.9625853E-03  7.3607522E-04  1.1153365E-04
  -6.00000  4.9888218E-04  1.8212340E-04  2.8240643E-04
  -5.00000  5.9760190E-03  1.0668355E-03  9.4335583E-03
  -4.00000  3.5355541E-03  1.1622694E-03  2.2191371E-03
  -3.00000  4.3642124E-03  2.5469748E-03  2.8650309E-03
  -2.00000  2.5249650E-03  2.9876352E-03  2.5389786E-03
  -1.00000  5.9005518E-04  7.9414200E-04  5.6821298E-04
   0.00000  3.4403319E-03  5.5721243E-03  4.2425273E-03
   1.00000  4.5129001E-04  5.8758168E-04  4.6767753E-04
   2.00000  4.3348756E-04  6.1558875E-04  3.6055738E-04
   3.00000  6.2344428E-04  8.8349772E-04  4.7416748E-04
   4.00000  1.0192445E-03  1.4110946E-03  7.4185180E-04
   5.00000  1.7513460E-03  2.5098772E-03  1.3817807E-03
   5.20000  1.9479381E-03  2.8801016E-03  1.5941772E-03
   5.40000  2.1645717E-03  3.3337531E-03  1.8490786E-03
   5.60000  2.4018796E-03  3.9133478E-03  2.1601453E-03
   5.80000  2.6720952E-03  4.6651476E-03  2.5457192E-03
   6.00000  3.0060205E-03  5.6626874E-03  3.0353313E-03
   6.20000  3.4793156E-03  6.9880682E-03  3.6718795E-03
   6.40000  4.2005986E-03  8.6786403E-03  4.5112420E-03
   6.60000  5.1356395E-03  1.0654831E-02  5.6185330E-03
   6.80000  6.0352607E-03  1.2820596E-02  7.0813565E-03
   7.00000  6.8021562E-03  1.5243729E-02  9.0036924E-03
   7.20000  7.6053032E-03  1.8074045E-02  1.1395980E-02
   7.40000  8.6261244E-03  2.1266050E-02  1.3933988E-02
   7.60000  1.0008153E-02  2.4526703E-02  1.5751636E-02
   7.80000  1.1898159E-02  2.7435833E-02  1.5930227E-02
   8.00000  1.4396429E-02  2.9887153E-02  1.4668727E-02
   8.20000  1.7470345E-02  3.1896367E-02  1.2824436E-02
   8.40000  2.0566375E-02  3.3097988E-02  1.1145392E-02
   8.60000  2.2463896E-02  3.2508021E-02  9.9785209E-03
   8.80000  2.2173240E-02  2.9657115E-02  9.4063801E-03
   9.00000  2.0223602E-02  2.5718104E-02  9.3966962E-03
   9.20000  1.8059435E-02  2.2314008E-02  9.8993994E-03
   9.40000  1.6630281E-02  2.0149862E-02  1.0887831E-02
   9.60000  1.6168222E-02  1.9203533E-02  1.2365794E-02
   9.80000  1.6608256E-02  1.9273164E-02  1.4369565E-02
   10.0000  1.7854286E-02  2.0192867E-02  1.6962938E-02
   10.2500  2.0464680E-02  2.2382336E-02  2.1166368E-02
   10.5000  2.4192522E-02  2.5632236E-02  2.6630360E-02
   10.7500  2.8902532E-02  2.9917600E-02  3.3546035E-02
   11.0000  3.4207629E-02  3.5273791E-02  4.1926223E-02
   11.2500  3.9763251E-02  4.0855674E-02  5.1548120E-02
   11.5000  4.3453353E-02  4.8103192E-02  6.0380236E-02
   11.7500  4.4910171E-02  5.5712573E-02  6.6632031E-02
   12.0000  4.4374391E-02  6.2629111E-02  6.7966773E-02
   12.2500  4.2299788E-02  6.6428668E-02  6.6455792E-02
   12.5000  3.9938403E-02  6.6097695E-02  6.2807700E-02
   12.7500  3.7986351E-02  6.2806829E-02  5.8287637E-02
   13.0000  3.6613272E-02  5.7947953E-02  5.3757658E-02
   13.2500  3.5751387E-02  5.2707327E-02  4.9597075E-02
   13.5000  3.5271979E-02  4.7766743E-02  4.5920214E-02
   13.7500  3.5311153E-02  4.4666669E-02  4.2434573E-02
   14.0000  3.5164959E-02  4.0436059E-02  3.9154662E-02
   14.2500  3.5223072E-02  3.7368129E-02  3.6787118E-02
   14.5000  3.5390010E-02  3.4789193E-02  3.4790417E-02
   14.7500  3.5651932E-02  3.2629124E-02  3.3126674E-02
   15.0000  3.5997749E-02  3.0822701E-02  3.1765819E-02
   15.2500  3.6415565E-02  2.9314874E-02  3.0682870E-02
   15.5000  3.6890192E-02  2.8063143E-02  2.9859239E-02
   15.7500  3.7393267E-02  2.7029633E-02  2.9275316E-02
   16.0000  3.7895156E-02  2.6189565E-02  2.8914115E-02
   16.2500  3.8356368E-02  2.5522463E-02  2.8756405E-02
   16.5000  3.8737559E-02  2.5011316E-02  2.8780276E-02
   16.7500  3.9007922E-02  2.4642486E-02  2.8961160E-02
   17.0000  3.9152876E-02  2.4402788E-02  2.9272860E-02
   17.2500  3.9179255E-02  2.4280244E-02  2.9688300E-02
   17.5000  3.9113545E-02  2.4263829E-02  3.0180169E-02
   17.7500  3.8994076E-02  2.4342133E-02  3.0723520E-02
   18.0000  3.8860578E-02  2.4504519E-02  3.1298334E-02
   18.2500  3.8745499E-02  2.4740057E-02  3.1887596E-02
   18.5000  3.8670291E-02  2.5039111E-02  3.2477523E-02
   18.7500  3.8646107E-02  2.5394277E-02  3.3057064E-02
   19.0000  3.8675279E-02  2.5800844E-02  3.3618220E-02
   19.2500  3.8752560E-02  2.6254594E-02  3.4149102E-02
   19.5000  3.8870546E-02  2.6754388E-02  3.4641356E-02
   19.7500  3.9018650E-02  2.7300054E-02  3.5083800E-02
   20.0000  3.9184241E-02  2.7891901E-02  3.5464039E-02
   21.0000  3.9719259E-02  3.0722499E-02  3.6160492E-02
   22.0000  3.9470498E-02  3.4073924E-02  3.5512770E-02
   23.0000  3.8501536E-02  3.7128203E-02  3.4537725E-02
   24.0000  3.7402408E-02  3.8847777E-02  3.4220570E-02
   25.0000  3.6472190E-02  3.8756395E-02  3.4511423E-02
   26.0000  3.5708386E-02  3.7286498E-02  3.4788944E-02
   27.0000  3.4778771E-02  3.5254022E-02  3.4385916E-02
   28.0000  3.4235177E-02  3.3426305E-02  3.3609743E-02
   29.0000  3.3643369E-02  3.1918382E-02  3.2516882E-02
   30.0000  3.2798375E-02  3.0708714E-02  3.1331967E-02
   31.0000  3.1624114E-02  2.9716943E-02  3.0173939E-02
   32.0000  3.0222510E-02  2.8890119E-02  2.9087494E-02
   33.0000  2.8722129E-02  2.8182107E-02  2.8094798E-02
   34.0000  2.7217616E-02  2.7566859E-02  2.7224814E-02
   35.0000  2.5750183E-02  2.7008614E-02  2.6490567E-02
   36.0000  2.4324527E-02  2.6468280E-02  2.5880169E-02
   37.0000  2.2937829E-02  2.5906239E-02  2.5341965E-02
   38.0000  2.1618343E-02  2.5275023E-02  2.4803554E-02
   39.0000  2.0435425E-02  2.4527051E-02  2.4208445E-02
   40.0000  1.9468813E-02  2.3627866E-02  2.3532017E-02
