 FDMNES
  energy    <xanes>
   7695.00    5.403947e-04
   7695.29    5.458940e-04
   7695.58    5.513932e-04
   7695.87    5.568925e-04
   7696.16    5.625908e-04
   7696.44    5.684598e-04
   7696.73    5.743288e-04
   7697.02    5.802291e-04
   7697.31    5.865057e-04
   7697.60    5.927823e-04
   7697.89    5.990589e-04
   7698.18    6.056129e-04
   7698.47    6.123404e-04
   7698.76    6.190678e-04
   7699.04    6.258722e-04
   7699.33    6.331000e-04
   7699.62    6.403278e-04
   7699.91    6.475557e-04
   7700.20    6.551693e-04
   7700.49    6.629545e-04
   7700.78    6.707397e-04
   7701.07    6.786687e-04
   7701.36    6.870772e-04
   7701.64    6.954857e-04
   7701.93    7.038942e-04
   7702.22    7.128413e-04
   7702.51    7.219499e-04
   7702.80    7.310586e-04
   7703.09    7.404103e-04
   7703.38    7.503089e-04
   7703.67    7.602075e-04
   7703.96    7.701061e-04
   7704.24    7.807628e-04
   7704.53    7.915573e-04
   7704.82    8.023519e-04
   7705.11    8.135393e-04
   7705.40    8.253554e-04
   7705.69    8.371715e-04
   7705.98    8.489876e-04
   7706.27    8.618855e-04
   7706.56    8.748736e-04
   7706.84    8.878616e-04
   7707.13    9.014743e-04
   7707.42    9.158157e-04
   7707.71    9.301572e-04
   7708.00    9.444986e-04
   7708.29    9.604144e-04
   7708.58    9.763301e-04
   7708.87    9.922459e-04
   7709.16    1.009156e-03
   7709.44    1.026918e-03
   7709.73    1.044680e-03
   7710.02    1.062611e-03
   7710.31    1.082558e-03
   7710.60    1.102506e-03
   7710.89    1.122454e-03
   7711.18    1.144010e-03
   7711.47    1.166571e-03
   7711.76    1.189132e-03
   7712.04    1.212180e-03
   7712.33    1.237904e-03
   7712.62    1.263628e-03
   7712.91    1.289352e-03
   7713.20    1.317762e-03
   7713.49    1.347366e-03
   7713.78    1.376969e-03
   7714.07    1.407689e-03
   7714.36    1.442129e-03
   7714.64    1.476568e-03
   7714.93    1.511008e-03
   7715.22    1.550172e-03
   7715.51    1.590754e-03
   7715.80    1.631335e-03
   7716.09    1.674373e-03
   7716.38    1.722937e-03
   7716.67    1.771501e-03
   7716.96    1.820066e-03
   7717.24    1.877660e-03
   7717.53    1.936897e-03
   7717.82    1.996134e-03
   7718.11    2.061062e-03
   7718.40    2.135097e-03
   7718.69    2.209131e-03
   7718.98    2.283165e-03
   7719.27    2.377080e-03
   7719.56    2.472650e-03
   7719.84    2.568221e-03
   7720.13    2.679280e-03
   7720.42    2.808409e-03
   7720.71    2.937538e-03
   7721.00    3.066667e-03
   7721.29    3.253794e-03
   7721.58    3.440921e-03
   7721.87    3.628048e-03
   7722.16    3.879364e-03
   7722.44    4.185700e-03
   7722.73    4.492036e-03
   7723.02    4.824396e-03
   7723.31    5.469053e-03
   7723.60    6.113709e-03
   7723.89    6.758366e-03
   7724.18    8.247982e-03
   7724.47    1.026570e-02
   7724.76    1.228341e-02
   7725.04    1.445890e-02
   7725.33    1.733510e-02
   7725.62    1.951955e-02
   7725.91    2.094198e-02
   7726.20    2.211874e-02
   7726.49    2.349958e-02
   7726.78    2.528417e-02
   7727.07    2.764865e-02
   7727.36    3.055267e-02
   7727.64    3.398620e-02
   7727.93    3.791034e-02
   7728.22    4.233670e-02
   7728.51    4.745453e-02
   7728.80    5.327330e-02
   7729.09    5.997570e-02
   7729.38    6.725755e-02
   7729.67    7.484259e-02
   7729.96    8.220609e-02
   7730.24    8.879201e-02
   7730.53    9.401074e-02
   7730.82    9.772665e-02
   7731.11    9.998632e-02
   7731.40    1.009301e-01
   7731.69    1.007532e-01
   7731.98    9.969700e-02
   7732.27    9.803132e-02
   7732.56    9.608462e-02
   7732.84    9.412657e-02
   7733.13    9.231013e-02
   7733.42    9.071810e-02
   7733.71    8.938908e-02
   7734.00    8.833951e-02
   7734.29    8.760850e-02
   7734.58    8.716278e-02
   7734.87    8.700309e-02
   7735.16    8.713019e-02
   7735.44    8.754187e-02
   7735.73    8.822919e-02
   7736.02    8.918844e-02
   7736.31    9.037717e-02
   7736.60    9.173468e-02
   7736.89    9.320176e-02
   7737.18    9.471141e-02
   7737.47    9.619409e-02
   7737.76    9.758152e-02
   7738.04    9.880098e-02
   7738.33    9.982944e-02
   7738.62    1.006530e-01
   7738.91    1.012769e-01
   7739.20    1.017224e-01
   7739.49    1.020217e-01
   7739.78    1.022063e-01
   7740.07    1.023251e-01
   7740.36    1.024217e-01
   7740.64    1.025183e-01
   7740.93    1.026149e-01
   7741.22    1.028076e-01
   7741.51    1.030293e-01
   7741.80    1.032509e-01
   7742.09    1.035154e-01
   7742.38    1.038765e-01
   7742.67    1.042377e-01
   7742.96    1.045988e-01
   7743.24    1.049672e-01
   7743.53    1.053369e-01
   7743.82    1.057066e-01
   7744.11    1.060114e-01
   7744.40    1.062123e-01
   7744.69    1.064132e-01
   7744.98    1.066141e-01
   7745.27    1.065207e-01
   7745.56    1.064027e-01
   7745.84    1.062847e-01
   7746.13    1.059959e-01
   7746.42    1.055079e-01
   7746.71    1.050199e-01
   7747.00    1.045318e-01
   7747.29    1.037476e-01
   7747.58    1.029634e-01
   7747.87    1.021792e-01
   7748.16    1.013165e-01
   7748.44    1.003866e-01
   7748.73    9.945657e-02
   7749.02    9.852677e-02
   7749.31    9.759913e-02
   7749.60    9.667148e-02
   7749.89    9.574384e-02
   7750.18    9.487637e-02
   7750.47    9.404652e-02
   7750.76    9.321667e-02
   7751.04    9.240726e-02
   7751.33    9.171028e-02
   7751.62    9.101330e-02
   7751.91    9.031632e-02
   7752.20    8.970611e-02
   7752.49    8.913445e-02
   7752.78    8.856280e-02
   7753.07    8.801346e-02
   7753.36    8.753845e-02
   7753.64    8.706344e-02
   7753.93    8.658844e-02
   7754.22    8.615997e-02
   7754.51    8.574548e-02
   7754.80    8.533098e-02
   7755.09    8.492535e-02
   7755.38    8.453968e-02
   7755.67    8.415400e-02
   7755.96    8.376833e-02
   7756.24    8.339027e-02
   7756.53    8.301359e-02
   7756.82    8.263691e-02
   7757.11    8.226211e-02
   7757.40    8.189032e-02
   7757.69    8.151854e-02
   7757.98    8.114675e-02
   7758.27    8.079409e-02
   7758.56    8.044303e-02
   7758.84    8.009197e-02
   7759.13    7.976729e-02
   7759.42    7.947338e-02
   7759.71    7.917947e-02
   7760.00    7.888556e-02
