  7709.000   27  1  1  1.9222038E-02 -4.5603794E+00 -2.9045764E-01  1  1  7.5662097E+03  8.0000000E+03  0.0000000E+00  1.1792254E+00  1.0000000E+00  0.0000000E+00  = E_edge, Z, n_edge, j_edge, Abs_before_edge, VO_interstitial, E_cut, ninit, ninit1, Epsii, UnitCell_Volume, Surface_ref, f0_forward, natomsym_f, abs_u_iso
    Energy   (100,001)      (010,001)      (001,110)   
  -25.0000  5.0187419E-09  1.4108244E-09  8.2098805E-10
  -24.0000  1.2859315E-08  3.5185246E-09  1.8424377E-09
  -23.0000  3.8378854E-08  1.0330136E-08  4.6076582E-09
  -22.0000  1.5009539E-07  4.0890525E-08  1.3665172E-08
  -21.0000  1.2168996E-06  3.7121105E-07  5.7576768E-08
  -20.0000  1.6682407E-05  3.8043810E-06  5.8519688E-07
  -19.0000  1.8224538E-05  1.0065406E-05  4.2034198E-05
  -18.0000  3.6715418E-06  1.3096400E-06  2.0312493E-06
  -17.0000  3.7958339E-06  7.7742231E-07  7.7338389E-07
  -16.0000  8.3116835E-06  1.1924720E-06  1.0072157E-06
  -15.0000  1.3149686E-04  5.9777489E-05  1.1333238E-05
  -14.0000  9.6639992E-06  1.9718112E-05  8.2030142E-06
  -13.0000  1.3803598E-06  3.7983917E-06  6.0610422E-06
  -12.0000  1.0610740E-03  8.0691639E-03  1.4150948E-02
  -11.0000  1.4062002E-05  1.0068631E-05  1.8994562E-05
  -10.0000  1.6225111E-04  4.0172698E-05  4.2648742E-05
  -9.00000  4.3748292E-02  3.7533074E-03  1.5368456E-04
  -8.00000  3.2585893E-04  9.0080061E-05  3.0889996E-05
  -7.00000  1.7786024E-03  1.7758806E-04  2.5573485E-04
  -6.00000  9.4153164E-04  6.1924108E-04  2.6376204E-04
  -5.00000  7.1643220E-04  8.9206106E-04  1.5585890E-03
  -4.00000  2.8034065E-03  2.0034926E-03  2.4661397E-03
  -3.00000  2.7412353E-02  8.0802850E-02  1.9421493E-02
  -2.00000  8.1575519E-04  1.7154666E-03  1.2782393E-03
  -1.00000  5.0733279E-04  7.2615310E-04  4.7956848E-04
   0.00000  1.1195160E-03  2.1512620E-03  1.2755003E-03
   1.00000  5.7248440E-04  6.0138127E-04  5.8178698E-04
   2.00000  4.5792249E-04  6.9979971E-04  4.7124281E-04
   3.00000  6.2203275E-04  1.0229795E-03  6.4267522E-04
   4.00000  9.0431581E-04  1.6315189E-03  1.1220218E-03
   5.00000  1.2128975E-03  3.4797057E-03  3.0552846E-03
   5.20000  1.3747387E-03  4.1385749E-03  4.0739773E-03
   5.40000  1.5756440E-03  4.8775220E-03  5.4420748E-03
   5.60000  1.8100525E-03  5.5103517E-03  6.8016653E-03
   5.80000  2.0692393E-03  5.9800681E-03  7.5805468E-03
   6.00000  2.3396220E-03  6.5669105E-03  7.8018746E-03
   6.20000  2.6143485E-03  7.5266843E-03  7.8664466E-03
   6.40000  2.9067043E-03  8.9127471E-03  7.9388061E-03
   6.60000  3.2394830E-03  1.0607846E-02  7.9254417E-03
   6.80000  3.6241179E-03  1.2347179E-02  7.6618593E-03
   7.00000  4.0532805E-03  1.3877810E-02  7.1046254E-03
   7.20000  4.5116112E-03  1.5158568E-02  6.4017702E-03
   7.40000  4.9938957E-03  1.6339372E-02  5.7860871E-03
   7.60000  5.5200029E-03  1.7659949E-02  5.4213487E-03
   7.80000  6.1256414E-03  1.9351978E-02  5.3528892E-03
   8.00000  6.8531268E-03  2.1583807E-02  5.5559769E-03
   8.20000  7.7585558E-03  2.4314771E-02  5.9934757E-03
   8.40000  8.8085956E-03  2.7414305E-02  6.6467429E-03
   8.60000  9.9103471E-03  2.9799314E-02  7.5203884E-03
   8.80000  1.0827225E-02  2.9909709E-02  8.6383621E-03
   9.00000  1.1416033E-02  2.7335486E-02  1.0043044E-02
   9.20000  1.1871430E-02  2.3831084E-02  1.1805976E-02
   9.40000  1.2530604E-02  2.1372254E-02  1.4028464E-02
   9.60000  1.3613769E-02  2.0669861E-02  1.6836498E-02
   9.80000  1.5229433E-02  2.1600582E-02  2.0381516E-02
   10.0000  1.7449148E-02  2.3841366E-02  2.4846772E-02
   10.2500  2.1175095E-02  2.8098056E-02  3.2049144E-02
   10.5000  2.6027967E-02  3.3743099E-02  4.1409196E-02
   10.7500  3.2314351E-02  4.0512060E-02  5.3265928E-02
   11.0000  3.8467192E-02  4.8743970E-02  6.5643653E-02
   11.2500  4.3398199E-02  5.7798032E-02  7.5886140E-02
   11.5000  4.6029328E-02  6.7355420E-02  8.0480884E-02
   11.7500  4.6133501E-02  7.4507399E-02  7.7951827E-02
   12.0000  4.5093861E-02  7.7862320E-02  7.1492384E-02
   12.2500  4.3961761E-02  7.6543813E-02  6.4155691E-02
   12.5000  4.3106641E-02  7.1462304E-02  5.7532014E-02
   12.7500  4.2507695E-02  6.4497526E-02  5.2028807E-02
   13.0000  4.2049555E-02  5.7275579E-02  4.7539206E-02
   13.2500  4.1861917E-02  5.1411955E-02  4.3725455E-02
   13.5000  4.1406853E-02  4.5889364E-02  4.0558850E-02
   13.7500  4.0920265E-02  4.0241150E-02  3.7242245E-02
   14.0000  4.0361037E-02  3.6634112E-02  3.4862846E-02
   14.2500  3.9855632E-02  3.3681997E-02  3.2804206E-02
   14.5000  3.9430335E-02  3.1255757E-02  3.1034421E-02
   14.7500  3.9097466E-02  2.9252497E-02  2.9530106E-02
   15.0000  3.8861760E-02  2.7594732E-02  2.8274085E-02
   15.2500  3.8723513E-02  2.6225389E-02  2.7252367E-02
   15.5000  3.8677826E-02  2.5104075E-02  2.6453971E-02
   15.7500  3.8716626E-02  2.4196509E-02  2.5863725E-02
   16.0000  3.8825438E-02  2.3481838E-02  2.5470481E-02
   16.2500  3.8983560E-02  2.2941966E-02  2.5259294E-02
   16.5000  3.9166159E-02  2.2561521E-02  2.5212740E-02
   16.7500  3.9351171E-02  2.2328786E-02  2.5314411E-02
   17.0000  3.9525007E-02  2.2232683E-02  2.5545791E-02
   17.2500  3.9687757E-02  2.2263069E-02  2.5888436E-02
   17.5000  3.9852855E-02  2.2410070E-02  2.6325653E-02
   17.7500  4.0041393E-02  2.2664612E-02  2.6841488E-02
   18.0000  4.0273336E-02  2.3016711E-02  2.7420192E-02
   18.2500  4.0558723E-02  2.3455345E-02  2.8047527E-02
   18.5000  4.0893658E-02  2.3967459E-02  2.8708906E-02
   18.7500  4.1258481E-02  2.4537740E-02  2.9391970E-02
   19.0000  4.1624405E-02  2.5149758E-02  3.0086520E-02
   19.2500  4.1959721E-02  2.5785198E-02  3.0782504E-02
   19.5000  4.2235149E-02  2.6428094E-02  3.1472059E-02
   19.7500  4.2426925E-02  2.7064170E-02  3.2145754E-02
   20.0000  4.2518265E-02  2.7682938E-02  3.2790106E-02
   21.0000  4.1798243E-02  2.9943320E-02  3.4692711E-02
   22.0000  3.9943338E-02  3.2126831E-02  3.4923984E-02
   23.0000  3.8400281E-02  3.4501134E-02  3.4211295E-02
   24.0000  3.7749823E-02  3.6553290E-02  3.3795365E-02
   25.0000  3.7493537E-02  3.7428439E-02  3.3865088E-02
   26.0000  3.6651495E-02  3.6676473E-02  3.3818579E-02
   27.0000  3.5762186E-02  3.5089908E-02  3.3907359E-02
   28.0000  3.4560317E-02  3.3252721E-02  3.3775724E-02
   29.0000  3.3090160E-02  3.1645703E-02  3.3438097E-02
   30.0000  3.1296020E-02  3.0437082E-02  3.2903869E-02
   31.0000  2.9254148E-02  2.9586906E-02  3.2207468E-02
   32.0000  2.7159644E-02  2.8968478E-02  3.1415630E-02
   33.0000  2.5192871E-02  2.8474034E-02  3.0577413E-02
   34.0000  2.3478412E-02  2.8031320E-02  2.9703628E-02
   35.0000  2.2097149E-02  2.7578793E-02  2.8780984E-02
   36.0000  2.1116640E-02  2.7053399E-02  2.7786708E-02
   37.0000  2.0569461E-02  2.6389224E-02  2.6701995E-02
   38.0000  2.0400947E-02  2.5530859E-02  2.5523301E-02
   39.0000  2.0414352E-02  2.4462031E-02  2.4260708E-02
   40.0000  2.0330866E-02  2.3232839E-02  2.2931435E-02
