  7709.000   27  1  1  1.9222038E-02 -4.8522289E+00 -2.8526296E-01  1  1  7.5662520E+03  8.0000000E+03  0.0000000E+00  1.1792254E+00  1.0000000E+00  0.0000000E+00  = E_edge, Z, n_edge, j_edge, Abs_before_edge, VO_interstitial, E_cut, ninit, ninit1, Epsii, UnitCell_Volume, Surface_ref, f0_forward, natomsym_f, abs_u_iso
    Energy   (100,001)      (010,001)      (001,110)   
  -25.0000  5.3486811E-09  1.3699161E-09  6.7410377E-10
  -24.0000  1.4086913E-08  3.4818318E-09  1.5312418E-09
  -23.0000  4.3785540E-08  1.0526133E-08  3.9228874E-09
  -22.0000  1.8338072E-07  4.3926694E-08  1.2359158E-08
  -21.0000  1.7392627E-06  4.6985015E-07  6.9206013E-08
  -20.0000  5.1955279E-04  5.7965817E-05  1.0131034E-05
  -19.0000  1.4832659E-05  7.1912223E-05  1.8100837E-04
  -18.0000  2.5208647E-06  8.2964417E-07  9.1012814E-07
  -17.0000  3.0904341E-06  6.9222517E-07  4.7808156E-07
  -16.0000  7.6275330E-06  1.2760404E-06  6.5734627E-07
  -15.0000  6.8987717E-04  1.6506160E-05  1.5931499E-05
  -14.0000  9.4972876E-06  1.9366994E-05  1.3443337E-05
  -13.0000  1.1542617E-06  2.7965394E-06  3.8991542E-06
  -12.0000  1.2332502E-05  3.8590145E-05  8.3849483E-05
  -11.0000  2.2853807E-05  1.3544619E-05  2.4627881E-05
  -10.0000  4.9273917E-04  9.4948060E-05  3.2019911E-05
  -9.00000  4.2368141E-02  4.3026224E-03  5.3195314E-03
  -8.00000  1.4626765E-04  3.4879728E-05  1.1008870E-05
  -7.00000  2.1398651E-03  1.6179562E-03  5.1079047E-04
  -6.00000  8.5942196E-04  4.0123470E-04  2.6677803E-04
  -5.00000  1.6076246E-02  1.5262779E-03  5.4619588E-02
  -4.00000  3.6297155E-03  9.8060859E-04  2.2310459E-03
  -3.00000  7.9950459E-03  5.5300904E-03  6.2363626E-03
  -2.00000  2.5842145E-03  4.9416480E-03  4.7360668E-03
  -1.00000  6.7141887E-04  9.3036495E-04  6.8597786E-04
   0.00000  3.3628149E-03  2.2754824E-03  4.2830860E-03
   1.00000  6.1956436E-04  4.2637273E-04  3.1053260E-04
   2.00000  3.6689561E-04  5.0359728E-04  3.0613483E-04
   3.00000  4.8084613E-04  7.5205467E-04  4.4610600E-04
   4.00000  7.2345645E-04  1.2302740E-03  7.5947504E-04
   5.00000  1.1120677E-03  2.3197166E-03  1.5371400E-03
   5.20000  1.1974840E-03  2.6933426E-03  1.7932050E-03
   5.40000  1.2798867E-03  3.1677829E-03  2.1005481E-03
   5.60000  1.3606556E-03  3.7756464E-03  2.4698682E-03
   5.80000  1.4505571E-03  4.5741641E-03  2.9174768E-03
   6.00000  1.5830007E-03  5.6386193E-03  3.4632272E-03
   6.20000  1.8203546E-03  7.0335019E-03  4.1304957E-03
   6.40000  2.2064412E-03  8.7649492E-03  4.9582033E-03
   6.60000  2.6928832E-03  1.0801991E-02  6.0296692E-03
   6.80000  3.1721578E-03  1.3105126E-02  7.4541551E-03
   7.00000  3.5529910E-03  1.5653046E-02  9.3422808E-03
   7.20000  3.8571429E-03  1.8521216E-02  1.1729752E-02
   7.40000  4.1293327E-03  2.1619926E-02  1.4522035E-02
   7.60000  4.4098861E-03  2.4607663E-02  1.7279448E-02
   7.80000  4.7181498E-03  2.6909693E-02  1.8954189E-02
   8.00000  5.0662495E-03  2.8197552E-02  1.8314426E-02
   8.20000  5.4715728E-03  2.9267120E-02  1.5707348E-02
   8.40000  5.9561513E-03  3.1469508E-02  1.2825498E-02
   8.60000  6.5312770E-03  3.5306910E-02  1.0689941E-02
   8.80000  7.1705917E-03  3.9913200E-02  9.4485368E-03
   9.00000  7.7918887E-03  4.2873767E-02  8.9654532E-03
   9.20000  8.3171753E-03  4.1584890E-02  9.0980302E-03
   9.40000  8.7976440E-03  3.6244928E-02  9.7595647E-03
   9.60000  9.3899136E-03  2.9606495E-02  1.0919924E-02
   9.80000  1.0222508E-02  2.3837216E-02  1.2588729E-02
   10.0000  1.1367776E-02  1.9582102E-02  1.4810051E-02
   10.2500  1.3318976E-02  1.6176847E-02  1.8473126E-02
   10.5000  1.5950481E-02  1.4364256E-02  2.3293151E-02
   10.7500  1.9358894E-02  1.3698505E-02  2.9449335E-02
   11.0000  2.3521464E-02  1.3912737E-02  3.6952055E-02
   11.2500  2.8095164E-02  1.4878542E-02  4.5302367E-02
   11.5000  3.2254016E-02  1.6581682E-02  5.3140066E-02
   11.7500  3.5231941E-02  1.9147997E-02  5.7803133E-02
   12.0000  3.6179257E-02  2.2767014E-02  5.9416213E-02
   12.2500  3.5527583E-02  2.7740369E-02  5.8340636E-02
   12.5000  3.4383290E-02  3.4244109E-02  5.5746303E-02
   12.7500  3.3456508E-02  4.1987682E-02  5.2814386E-02
   13.0000  3.3027513E-02  4.9951722E-02  5.0092048E-02
   13.2500  3.3085822E-02  5.6473661E-02  4.7672356E-02
   13.5000  3.3525565E-02  5.9971027E-02  4.5607695E-02
   13.7500  3.5024982E-02  5.9956515E-02  4.3104594E-02
   14.0000  3.5967410E-02  5.6851994E-02  4.1077057E-02
   14.2500  3.6615734E-02  5.2855770E-02  3.9101016E-02
   14.5000  3.7245073E-02  4.8480899E-02  3.7252039E-02
   14.7500  3.7863216E-02  4.4298697E-02  3.5571838E-02
   15.0000  3.8482491E-02  4.0570852E-02  3.4088919E-02
   15.2500  3.9113969E-02  3.7376291E-02  3.2819736E-02
   15.5000  3.9758017E-02  3.4702266E-02  3.1767796E-02
   15.7500  4.0408923E-02  3.2500341E-02  3.0934660E-02
   16.0000  4.1046968E-02  3.0712324E-02  3.0314856E-02
   16.2500  4.1640221E-02  2.9281955E-02  2.9897525E-02
   16.5000  4.2149454E-02  2.8158934E-02  2.9667097E-02
   16.7500  4.2535113E-02  2.7300558E-02  2.9603692E-02
   17.0000  4.2768348E-02  2.6671992E-02  2.9685327E-02
   17.2500  4.2840478E-02  2.6244381E-02  2.9888502E-02
   17.5000  4.2769616E-02  2.5992658E-02  3.0190487E-02
   17.7500  4.2595603E-02  2.5895740E-02  3.0571987E-02
   18.0000  4.2368898E-02  2.5933722E-02  3.1016811E-02
   18.2500  4.2140295E-02  2.6088023E-02  3.1511047E-02
   18.5000  4.1951845E-02  2.6340896E-02  3.2044407E-02
   18.7500  4.1833622E-02  2.6676098E-02  3.2609505E-02
   19.0000  4.1796317E-02  2.7077351E-02  3.3193616E-02
   19.2500  4.1841080E-02  2.7530698E-02  3.3786540E-02
   19.5000  4.1957200E-02  2.8024574E-02  3.4374634E-02
   19.7500  4.2127521E-02  2.8550791E-02  3.4941391E-02
   20.0000  4.2329567E-02  2.9104696E-02  3.5468363E-02
   21.0000  4.2937080E-02  3.1580908E-02  3.6805101E-02
   22.0000  4.2248643E-02  3.4463685E-02  3.6454252E-02
   23.0000  4.0449966E-02  3.7335911E-02  3.5227068E-02
   24.0000  3.8804715E-02  3.9413912E-02  3.4418110E-02
   25.0000  3.7843467E-02  4.0067005E-02  3.4276704E-02
   26.0000  3.7482465E-02  3.9273704E-02  3.4482896E-02
   27.0000  3.7403947E-02  3.7646251E-02  3.4602082E-02
   28.0000  3.7034955E-02  3.5776116E-02  3.4193771E-02
   29.0000  3.6464288E-02  3.4165741E-02  3.3545607E-02
   30.0000  3.5292503E-02  3.2786222E-02  3.2658884E-02
   31.0000  3.3640134E-02  3.1598878E-02  3.1689315E-02
   32.0000  3.1784933E-02  3.0564807E-02  3.0720730E-02
   33.0000  2.9971150E-02  2.9650813E-02  2.9786775E-02
   34.0000  2.8307947E-02  2.8821349E-02  2.8894171E-02
   35.0000  2.6806880E-02  2.8032995E-02  2.8047122E-02
   36.0000  2.5426067E-02  2.7231315E-02  2.7240468E-02
   37.0000  2.4101686E-02  2.6363931E-02  2.6469364E-02
   38.0000  2.2796236E-02  2.5391873E-02  2.5733507E-02
   39.0000  2.1518168E-02  2.4310624E-02  2.5012639E-02
   40.0000  2.0324953E-02  2.3149998E-02  2.4239884E-02
