  7709.000   27  1  1  1.9222038E-02 -4.6071594E+00 -3.4016178E-01  1  1  7.5663641E+03  8.0000000E+03  0.0000000E+00  1.1792254E+00  1.0000000E+00  0.0000000E+00  = E_edge, Z, n_edge, j_edge, Abs_before_edge, VO_interstitial, E_cut, ninit, ninit1, Epsii, UnitCell_Volume, Surface_ref, f0_forward, natomsym_f, abs_u_iso
    Energy   (100,001)      (010,001)      (001,110)   
  -25.0000  4.0168357E-09  1.7185618E-09  8.0992168E-10
  -24.0000  1.0316277E-08  4.3964261E-09  1.8582889E-09
  -23.0000  3.0856944E-08  1.3317923E-08  4.8227520E-09
  -22.0000  1.1984595E-07  5.4713481E-08  1.5367218E-08
  -21.0000  8.4694519E-07  4.9754566E-07  7.7662115E-08
  -20.0000  3.7446135E-03  2.6161183E-05  1.9265442E-04
  -19.0000  4.0527214E-06  7.2302540E-05  8.2276458E-05
  -18.0000  1.8626721E-06  7.9902739E-07  6.6317910E-07
  -17.0000  2.0885283E-06  8.0030251E-07  4.7114063E-07
  -16.0000  4.3723841E-06  1.5337648E-06  9.5571407E-07
  -15.0000  3.5581636E-04  3.9952470E-04  3.7947618E-04
  -14.0000  5.8926457E-06  1.1246796E-05  7.3952195E-06
  -13.0000  1.2038421E-06  2.3721684E-06  3.0782238E-06
  -12.0000  5.1519505E-06  1.0003578E-05  2.3006147E-05
  -11.0000  2.4202711E-05  2.0675931E-05  2.3459304E-05
  -10.0000  2.3975471E-04  6.1199211E-05  2.3629108E-05
  -9.00000  1.3842512E-01  1.4458724E-01  9.0894117E-03
  -8.00000  1.0105485E-04  6.4035557E-05  1.2990325E-05
  -7.00000  1.6510888E-02  6.0619565E-04  9.1248864E-04
  -6.00000  3.9351622E-04  5.3301829E-04  5.4824436E-04
  -5.00000  9.3001390E-03  2.4638664E-04  9.9496807E-03
  -4.00000  1.9124708E-03  3.3676236E-03  2.4215296E-03
  -3.00000  3.8884862E-03  1.2434320E-02  2.1594525E-03
  -2.00000  1.2677139E-03  1.5175712E-03  1.3187090E-03
  -1.00000  5.7687666E-04  9.3231464E-04  3.3543103E-04
   0.00000  1.2824835E-03  2.0380344E-03  6.6299098E-04
   1.00000  5.9818458E-04  1.1573832E-03  6.6535293E-04
   2.00000  5.4405866E-04  7.5981795E-04  4.9897657E-04
   3.00000  7.4162846E-04  9.6392882E-04  6.3176190E-04
   4.00000  1.1592078E-03  1.4312213E-03  9.8996001E-04
   5.00000  1.9260630E-03  2.3840523E-03  1.9381556E-03
   5.20000  2.1296855E-03  2.6821374E-03  2.2848447E-03
   5.40000  2.3509685E-03  3.0330437E-03  2.7289401E-03
   5.60000  2.5928099E-03  3.4489401E-03  3.3116620E-03
   5.80000  2.8642422E-03  3.9489232E-03  4.0986371E-03
   6.00000  3.1902360E-03  4.5620259E-03  5.1870725E-03
   6.20000  3.6149201E-03  5.3365026E-03  6.6977765E-03
   6.40000  4.1521193E-03  6.3269947E-03  8.7009231E-03
   6.60000  4.7198127E-03  7.5493566E-03  1.1104639E-02
   6.80000  5.2506941E-03  8.9515100E-03  1.3559755E-02
   7.00000  5.7881283E-03  1.0415812E-02  1.4998391E-02
   7.20000  6.3328398E-03  1.1719851E-02  1.4425694E-02
   7.40000  6.8263586E-03  1.2637073E-02  1.2546694E-02
   7.60000  7.2293495E-03  1.3078645E-02  1.0714303E-02
   7.80000  7.5618613E-03  1.3202006E-02  9.4787514E-03
   8.00000  7.9138572E-03  1.3427864E-02  8.8230788E-03
   8.20000  8.3878507E-03  1.4166562E-02  8.6361871E-03
   8.40000  9.0577022E-03  1.5617118E-02  8.8618820E-03
   8.60000  9.9840645E-03  1.7809556E-02  9.4907412E-03
   8.80000  1.1227930E-02  2.0648627E-02  1.0514459E-02
   9.00000  1.2811634E-02  2.3777381E-02  1.1859465E-02
   9.20000  1.4637013E-02  2.6387988E-02  1.3327575E-02
   9.40000  1.6471557E-02  2.7496242E-02  1.4654914E-02
   9.60000  1.8119718E-02  2.6747988E-02  1.5720343E-02
   9.80000  1.9594290E-02  2.4808826E-02  1.6584921E-02
   10.0000  2.1043932E-02  2.2441314E-02  1.7591196E-02
   10.2500  2.3083455E-02  1.9899316E-02  1.9229486E-02
   10.5000  2.5530386E-02  1.8218671E-02  2.1412298E-02
   10.7500  2.8407940E-02  1.7430000E-02  2.4151827E-02
   11.0000  3.1631433E-02  1.7438863E-02  2.7414631E-02
   11.2500  3.5015834E-02  1.8137236E-02  3.1149574E-02
   11.5000  3.8255431E-02  1.9431562E-02  3.5272449E-02
   11.7500  4.0884738E-02  2.1244520E-02  3.9229154E-02
   12.0000  4.2970507E-02  2.3861590E-02  4.3342182E-02
   12.2500  4.3448068E-02  2.6819722E-02  4.7044297E-02
   12.5000  4.2882539E-02  3.0556684E-02  4.9890126E-02
   12.7500  4.1704242E-02  3.5259072E-02  5.1549464E-02
   13.0000  4.0376238E-02  4.0983704E-02  5.1925049E-02
   13.2500  3.9199654E-02  4.7426949E-02  5.1161859E-02
   13.5000  3.8519683E-02  5.3426816E-02  4.9646465E-02
   13.7500  3.8084654E-02  5.8670583E-02  4.7688311E-02
   14.0000  3.7547344E-02  6.0754406E-02  4.5357178E-02
   14.2500  3.7154049E-02  6.0201392E-02  4.3104387E-02
   14.5000  3.6883445E-02  5.7612104E-02  4.1078091E-02
   14.7500  3.6718995E-02  5.3916740E-02  3.9344147E-02
   15.0000  3.6640383E-02  4.9915853E-02  3.7915825E-02
   15.2500  3.6625038E-02  4.6109673E-02  3.6777944E-02
   15.5000  3.6651168E-02  4.2737256E-02  3.5904556E-02
   15.7500  3.6691448E-02  3.9866059E-02  3.5259952E-02
   16.0000  3.6731143E-02  3.7480638E-02  3.4817989E-02
   16.2500  3.6756459E-02  3.5527344E-02  3.4551840E-02
   16.5000  3.6756531E-02  3.3942546E-02  3.4438182E-02
   16.7500  3.6724161E-02  3.2662865E-02  3.4454748E-02
   17.0000  3.6658389E-02  3.1632112E-02  3.4579961E-02
   17.2500  3.6565664E-02  3.0803174E-02  3.4792587E-02
   17.5000  3.6459739E-02  3.0137741E-02  3.5072571E-02
   17.7500  3.6361646E-02  2.9606767E-02  3.5402773E-02
   18.0000  3.6296756E-02  2.9188408E-02  3.5769162E-02
   18.2500  3.6289339E-02  2.8867098E-02  3.6161036E-02
   18.5000  3.6358865E-02  2.8632898E-02  3.6572038E-02
   18.7500  3.6519367E-02  2.8479499E-02  3.6999270E-02
   19.0000  3.6776613E-02  2.8401481E-02  3.7440290E-02
   19.2500  3.7127611E-02  2.8394661E-02  3.7887375E-02
   19.5000  3.7565731E-02  2.8456419E-02  3.8333989E-02
   19.7500  3.8077880E-02  2.8582953E-02  3.8767123E-02
   20.0000  3.8647670E-02  2.8770847E-02  3.9169547E-02
   21.0000  4.0981682E-02  3.0067781E-02  4.0051041E-02
   22.0000  4.1887233E-02  3.2096603E-02  3.9012747E-02
   23.0000  4.0653009E-02  3.4624102E-02  3.6593025E-02
   24.0000  3.8790956E-02  3.7147114E-02  3.4433574E-02
   25.0000  3.7311563E-02  3.8969539E-02  3.3195139E-02
   26.0000  3.6238312E-02  3.9580782E-02  3.2625357E-02
   27.0000  3.5495828E-02  3.8868276E-02  3.2335417E-02
   28.0000  3.4941293E-02  3.7099576E-02  3.2068965E-02
   29.0000  3.4182621E-02  3.4748548E-02  3.1577995E-02
   30.0000  3.3293436E-02  3.2544485E-02  3.1153674E-02
   31.0000  3.2053731E-02  3.0756032E-02  3.0630235E-02
   32.0000  3.0577276E-02  2.9464047E-02  3.0010102E-02
   33.0000  2.9028379E-02  2.8590598E-02  2.9308919E-02
   34.0000  2.7548778E-02  2.8030179E-02  2.8566240E-02
   35.0000  2.6227772E-02  2.7683417E-02  2.7818119E-02
   36.0000  2.5100425E-02  2.7457905E-02  2.7089115E-02
   37.0000  2.4138603E-02  2.7264765E-02  2.6373141E-02
   38.0000  2.3279940E-02  2.7035673E-02  2.5637852E-02
   39.0000  2.2475841E-02  2.6744530E-02  2.4843907E-02
   40.0000  2.1728756E-02  2.6404786E-02  2.3962089E-02
