  7709.000   27  1  1  1.9222038E-02 -4.6511831E+00 -2.9723146E-01  1  1  7.5662179E+03  8.0000000E+03  0.0000000E+00  1.1792254E+00  1.0000000E+00  0.0000000E+00  = E_edge, Z, n_edge, j_edge, Abs_before_edge, VO_interstitial, E_cut, ninit, ninit1, Epsii, UnitCell_Volume, Surface_ref, f0_forward, natomsym_f, abs_u_iso
    Energy   (100,001)      (010,001)      (001,110)   
  -25.0000  5.1877979E-09  1.5519079E-09  7.1782163E-10
  -24.0000  1.3687735E-08  4.0049177E-09  1.6469011E-09
  -23.0000  4.2653525E-08  1.2354999E-08  4.2960428E-09
  -22.0000  1.7874936E-07  5.3096793E-08  1.4030430E-08
  -21.0000  1.6027448E-06  5.9005911E-07  8.3212783E-08
  -20.0000  1.7440127E-04  9.2546774E-06  7.3243860E-06
  -19.0000  1.7097156E-05  5.7851236E-05  1.7644565E-04
  -18.0000  2.2019992E-06  7.3019787E-07  8.4219041E-07
  -17.0000  2.7332811E-06  6.9274690E-07  4.8029270E-07
  -16.0000  6.5089228E-06  1.3149177E-06  7.3779995E-07
  -15.0000  1.9770914E-04  1.1678857E-05  1.3610716E-05
  -14.0000  7.1505845E-06  1.3330360E-05  8.2060097E-06
  -13.0000  1.0563450E-06  2.2294570E-06  3.4523352E-06
  -12.0000  7.2656748E-06  1.9816492E-05  5.3719931E-05
  -11.0000  2.0991060E-05  1.2747948E-05  1.8326446E-05
  -10.0000  3.4890606E-04  8.3860633E-05  2.8447325E-05
  -9.00000  1.7593343E-03  2.2429945E-03  3.5492007E-04
  -8.00000  1.2102216E-04  3.8455708E-05  1.2507623E-05
  -7.00000  2.3227940E-01  1.6453070E-03  6.0042426E-03
  -6.00000  8.4849057E-04  4.0306366E-04  2.1201145E-04
  -5.00000  9.0898622E-04  8.1533002E-04  6.4419251E-04
  -4.00000  3.6481174E-03  1.1084547E-03  2.4041329E-03
  -3.00000  4.3365801E-03  1.1084146E-02  3.8166023E-03
  -2.00000  1.5665714E-03  1.9620233E-03  3.9375499E-03
  -1.00000  5.6112664E-04  7.9694062E-04  4.5859733E-04
   0.00000  9.7680771E-04  1.3238977E-03  9.1411029E-04
   1.00000  6.0330991E-04  4.8647359E-04  5.0551440E-04
   2.00000  4.1197718E-04  5.7327376E-04  3.8637179E-04
   3.00000  5.4358876E-04  8.1255767E-04  5.0619669E-04
   4.00000  8.1450990E-04  1.2678541E-03  7.8341794E-04
   5.00000  1.2784160E-03  2.2079281E-03  1.4721937E-03
   5.20000  1.3930218E-03  2.5189227E-03  1.7083534E-03
   5.40000  1.5113152E-03  2.8979960E-03  1.9972201E-03
   5.60000  1.6310949E-03  3.3653077E-03  2.3550327E-03
   5.80000  1.7513813E-03  3.9495912E-03  2.8066084E-03
   6.00000  1.8753550E-03  4.6916980E-03  3.3903680E-03
   6.20000  2.0174055E-03  5.6481844E-03  4.1636436E-03
   6.40000  2.2130597E-03  6.8919372E-03  5.2105781E-03
   6.60000  2.5184576E-03  8.4800296E-03  6.6420626E-03
   6.80000  2.9633950E-03  1.0399365E-02  8.5700254E-03
   7.00000  3.4918566E-03  1.2558734E-02  1.0987276E-02
   7.20000  4.0299670E-03  1.4847304E-02  1.3518698E-02
   7.40000  4.5396073E-03  1.7198985E-02  1.5305212E-02
   7.60000  5.0245459E-03  1.9299968E-02  1.5501923E-02
   7.80000  5.4844397E-03  2.0800281E-02  1.4225638E-02
   8.00000  5.9130800E-03  2.1700804E-02  1.2380646E-02
   8.20000  6.3182892E-03  2.2497250E-02  1.0727305E-02
   8.40000  6.7254809E-03  2.3812388E-02  9.5473921E-03
   8.60000  7.1641307E-03  2.6060030E-02  8.8522771E-03
   8.80000  7.6547380E-03  2.9248263E-02  8.5883078E-03
   9.00000  8.2014556E-03  3.2637950E-02  8.7116463E-03
   9.20000  8.8030920E-03  3.4480254E-02  9.1949730E-03
   9.40000  9.4924909E-03  3.3088068E-02  1.0026733E-02
   9.60000  1.0356623E-02  2.8902857E-02  1.1227545E-02
   9.80000  1.1489531E-02  2.4058534E-02  1.2857482E-02
   10.0000  1.2956836E-02  2.0141718E-02  1.5006810E-02
   10.2500  1.5346343E-02  1.7191122E-02  1.8598326E-02
   10.5000  1.8466831E-02  1.6162274E-02  2.3439643E-02
   10.7500  2.2425708E-02  1.6633550E-02  2.9797324E-02
   11.0000  2.7409586E-02  1.8778846E-02  3.7928158E-02
   11.2500  3.2687150E-02  2.1236050E-02  4.7288998E-02
   11.5000  3.7532850E-02  2.4727397E-02  5.6781369E-02
   11.7500  4.0711640E-02  2.9264179E-02  6.4217418E-02
   12.0000  4.1787557E-02  3.5040639E-02  6.6870411E-02
   12.2500  4.0745841E-02  4.1777350E-02  6.6015445E-02
   12.5000  3.9036062E-02  4.9350086E-02  6.2321075E-02
   12.7500  3.7584660E-02  5.7027757E-02  5.7569656E-02
   13.0000  3.6675330E-02  6.3524854E-02  5.2894366E-02
   13.2500  3.6206784E-02  6.7404487E-02  4.8750871E-02
   13.5000  3.6000797E-02  6.7856556E-02  4.5205166E-02
   13.7500  3.6114174E-02  6.4408285E-02  4.1801673E-02
   14.0000  3.6547221E-02  5.9485565E-02  3.9045319E-02
   14.2500  3.6656974E-02  5.4158675E-02  3.6804986E-02
   14.5000  3.6847413E-02  4.9014805E-02  3.4894969E-02
   14.7500  3.7124045E-02  4.4409219E-02  3.3282663E-02
   15.0000  3.7487177E-02  4.0458757E-02  3.1940635E-02
   15.2500  3.7933590E-02  3.7153307E-02  3.0845985E-02
   15.5000  3.8456473E-02  3.4431671E-02  2.9980631E-02
   15.7500  3.9041523E-02  3.2212081E-02  2.9325507E-02
   16.0000  3.9674347E-02  3.0420187E-02  2.8869626E-02
   16.2500  4.0331948E-02  2.8990268E-02  2.8601975E-02
   16.5000  4.0983723E-02  2.7867809E-02  2.8510651E-02
   16.7500  4.1594154E-02  2.7008114E-02  2.8581024E-02
   17.0000  4.2128585E-02  2.6374807E-02  2.8795782E-02
   17.2500  4.2558945E-02  2.5937768E-02  2.9136225E-02
   17.5000  4.2870466E-02  2.5671783E-02  2.9583080E-02
   17.7500  4.3065114E-02  2.5555117E-02  3.0117812E-02
   18.0000  4.3158313E-02  2.5568568E-02  3.0724009E-02
   18.2500  4.3174877E-02  2.5694368E-02  3.1387522E-02
   18.5000  4.3143305E-02  2.5915834E-02  3.2095957E-02
   18.7500  4.3090762E-02  2.6217117E-02  3.2837964E-02
   19.0000  4.3039630E-02  2.6583456E-02  3.3603357E-02
   19.2500  4.3002446E-02  2.6999047E-02  3.4377024E-02
   19.5000  4.2986614E-02  2.7450657E-02  3.5145141E-02
   19.7500  4.2991557E-02  2.7926256E-02  3.5888992E-02
   20.0000  4.3010966E-02  2.8416394E-02  3.6587469E-02
   21.0000  4.2916341E-02  3.0436634E-02  3.8410340E-02
   22.0000  4.1766760E-02  3.2628474E-02  3.7930781E-02
   23.0000  3.9954270E-02  3.5111522E-02  3.6140392E-02
   24.0000  3.8763866E-02  3.7472608E-02  3.4868884E-02
   25.0000  3.8265767E-02  3.8850302E-02  3.4482903E-02
   26.0000  3.7712233E-02  3.8548456E-02  3.4323049E-02
   27.0000  3.7592556E-02  3.7184500E-02  3.4347493E-02
   28.0000  3.7264726E-02  3.5291781E-02  3.4060039E-02
   29.0000  3.6511675E-02  3.3404821E-02  3.3467348E-02
   30.0000  3.5180894E-02  3.1768109E-02  3.2710174E-02
   31.0000  3.3308454E-02  3.0449485E-02  3.1906096E-02
   32.0000  3.1136016E-02  2.9422846E-02  3.1118180E-02
   33.0000  2.8922278E-02  2.8607675E-02  3.0347331E-02
   34.0000  2.6836501E-02  2.7917372E-02  2.9584413E-02
   35.0000  2.4957775E-02  2.7262642E-02  2.8808429E-02
   36.0000  2.3314424E-02  2.6556706E-02  2.7981840E-02
   37.0000  2.1919239E-02  2.5728655E-02  2.7065304E-02
   38.0000  2.0796489E-02  2.4743279E-02  2.6029970E-02
   39.0000  1.9964167E-02  2.3615393E-02  2.4872043E-02
   40.0000  1.9378595E-02  2.2402026E-02  2.3612687E-02
