  7709.000   27  1  1  1.9222038E-02 -4.3689152E+00 -2.8275900E-01  1  1  7.5663857E+03  8.0000000E+03  0.0000000E+00  1.1792254E+00  1.0000000E+00  0.0000000E+00  = E_edge, Z, n_edge, j_edge, Abs_before_edge, VO_interstitial, E_cut, ninit, ninit1, Epsii, UnitCell_Volume, Surface_ref, f0_forward, natomsym_f, abs_u_iso
    Energy   (100,001)      (010,001)      (001,110)   
  -25.0000  4.1975376E-09  1.4547749E-09  7.9735801E-10
  -24.0000  1.0806188E-08  3.7132601E-09  1.7998570E-09
  -23.0000  3.2491568E-08  1.1249675E-08  4.5314092E-09
  -22.0000  1.2814746E-07  4.6456778E-08  1.3515898E-08
  -21.0000  9.8449215E-07  4.3076343E-07  5.5715374E-08
  -20.0000  2.9536226E-04  1.4685059E-05  2.1662878E-06
  -19.0000  7.9988723E-04  3.7478656E-04  1.6003246E-03
  -18.0000  2.2938767E-06  5.3145674E-07  9.3133436E-07
  -17.0000  2.5179131E-06  5.8340422E-07  5.8278300E-07
  -16.0000  6.0430183E-06  1.1897397E-06  8.8722389E-07
  -15.0000  2.5581309E-04  1.1827059E-04  9.7294939E-05
  -14.0000  1.0550913E-05  1.3540324E-05  1.3782677E-05
  -13.0000  1.2376094E-06  2.7400441E-06  4.4968785E-06
  -12.0000  1.5808569E-05  9.1767855E-05  2.1986287E-04
  -11.0000  1.4989474E-05  1.2643623E-05  1.2158849E-05
  -10.0000  1.6216945E-04  6.0017259E-05  3.6546867E-05
  -9.00000  2.9278995E-03  9.3935631E-04  1.5454966E-04
  -8.00000  1.3744995E-04  7.8045965E-05  1.8637231E-05
  -7.00000  5.2088452E-04  2.1453713E-04  4.6229759E-05
  -6.00000  8.8617682E-04  3.1018657E-04  2.0531143E-04
  -5.00000  2.2128732E-03  1.8008916E-04  5.2565757E-03
  -4.00000  1.0618771E-03  1.4782914E-03  7.8437734E-04
  -3.00000  3.5253468E-03  8.8335370E-03  3.5406187E-03
  -2.00000  1.0058667E-03  1.7048320E-03  1.2430480E-03
  -1.00000  5.1740529E-04  7.6187968E-04  4.5061850E-04
   0.00000  1.5604923E-03  6.9448430E-03  1.5164377E-03
   1.00000  4.4122357E-04  8.5037591E-04  5.2143564E-04
   2.00000  4.5731869E-04  7.2544794E-04  4.4703319E-04
   3.00000  6.5714269E-04  9.6971767E-04  5.9677990E-04
   4.00000  1.0584623E-03  1.4724572E-03  9.4802186E-04
   5.00000  1.6753343E-03  2.5918891E-03  1.8733084E-03
   5.20000  1.7802336E-03  3.0447696E-03  2.2199207E-03
   5.40000  1.9794938E-03  3.6497942E-03  2.6272130E-03
   5.60000  2.3909232E-03  4.4112930E-03  3.0863806E-03
   5.80000  2.9241465E-03  5.2709519E-03  3.6637779E-03
   6.00000  3.4442764E-03  6.1859862E-03  4.4784037E-03
   6.20000  3.9490861E-03  7.2101693E-03  5.6479401E-03
   6.40000  4.4934993E-03  8.5215770E-03  7.3151513E-03
   6.60000  5.1350124E-03  1.0230792E-02  9.6185848E-03
   6.80000  5.9253485E-03  1.2390160E-02  1.2512678E-02
   7.00000  6.9118344E-03  1.4816339E-02  1.5320342E-02
   7.20000  8.1201271E-03  1.6964560E-02  1.6629027E-02
   7.40000  9.4512204E-03  1.8196449E-02  1.5705104E-02
   7.60000  1.0796712E-02  1.8452837E-02  1.3539300E-02
   7.80000  1.2293700E-02  1.8512548E-02  1.1421994E-02
   8.00000  1.4244645E-02  1.9254599E-02  9.9263926E-03
   8.20000  1.6743515E-02  2.0817696E-02  9.1530612E-03
   8.40000  1.9408449E-02  2.2512875E-02  9.0557405E-03
   8.60000  2.1315091E-02  2.3155104E-02  9.5010176E-03
   8.80000  2.1638263E-02  2.2093255E-02  1.0252524E-02
   9.00000  2.0658159E-02  2.0143209E-02  1.1113149E-02
   9.20000  1.9219351E-02  1.8745347E-02  1.2023651E-02
   9.40000  1.8578375E-02  1.8662250E-02  1.3189255E-02
   9.60000  1.8774095E-02  2.0028676E-02  1.4667467E-02
   9.80000  1.9817704E-02  2.2683688E-02  1.6530868E-02
   10.0000  2.1643676E-02  2.6392165E-02  1.8836524E-02
   10.2500  2.4871692E-02  3.2108564E-02  2.2425910E-02
   10.5000  2.8845437E-02  3.8476324E-02  2.6916879E-02
   10.7500  3.3038217E-02  4.4833171E-02  3.2436473E-02
   11.0000  3.6773603E-02  5.0565324E-02  3.9055193E-02
   11.2500  3.9447692E-02  5.5332299E-02  4.6614180E-02
   11.5000  4.0948193E-02  5.8753774E-02  5.4641010E-02
   11.7500  4.0822134E-02  6.1565142E-02  6.0925323E-02
   12.0000  3.9583969E-02  6.3495561E-02  6.4483825E-02
   12.2500  3.8000752E-02  6.4118233E-02  6.4552086E-02
   12.5000  3.6502751E-02  6.3023053E-02  6.1736524E-02
   12.7500  3.5350815E-02  6.0158459E-02  5.7438880E-02
   13.0000  3.4585484E-02  5.5993581E-02  5.2816209E-02
   13.2500  3.4141858E-02  5.1255057E-02  4.8492553E-02
   13.5000  3.3937778E-02  4.6562215E-02  4.4701445E-02
   13.7500  3.4014393E-02  4.2363526E-02  4.1274809E-02
   14.0000  3.4142335E-02  3.9081997E-02  3.8618782E-02
   14.2500  3.4289617E-02  3.6344981E-02  3.5824756E-02
   14.5000  3.4500985E-02  3.3702038E-02  3.3996993E-02
   14.7500  3.4797536E-02  3.1502420E-02  3.2540529E-02
   15.0000  3.5173380E-02  2.9681559E-02  3.1411138E-02
   15.2500  3.5617298E-02  2.8181399E-02  3.0573262E-02
   15.5000  3.6113155E-02  2.6953520E-02  2.9997622E-02
   15.7500  3.6642906E-02  2.5960533E-02  2.9660153E-02
   16.0000  3.7175366E-02  2.5169276E-02  2.9534141E-02
   16.2500  3.7682378E-02  2.4557930E-02  2.9598150E-02
   16.5000  3.8131376E-02  2.4107937E-02  2.9826715E-02
   16.7500  3.8492242E-02  2.3803539E-02  3.0192653E-02
   17.0000  3.8745872E-02  2.3630973E-02  3.0666834E-02
   17.2500  3.8889904E-02  2.3578678E-02  3.1222015E-02
   17.5000  3.8939236E-02  2.3635339E-02  3.1831828E-02
   17.7500  3.8923694E-02  2.3788811E-02  3.2473518E-02
   18.0000  3.8879654E-02  2.4027407E-02  3.3128919E-02
   18.2500  3.8841211E-02  2.4339814E-02  3.3783552E-02
   18.5000  3.8836149E-02  2.4715418E-02  3.4424706E-02
   18.7500  3.8882002E-02  2.5143282E-02  3.5040742E-02
   19.0000  3.8986036E-02  2.5613944E-02  3.5619549E-02
   19.2500  3.9146929E-02  2.6119585E-02  3.6146831E-02
   19.5000  3.9354947E-02  2.6651332E-02  3.6604307E-02
   19.7500  3.9595017E-02  2.7204147E-02  3.6974522E-02
   20.0000  3.9845345E-02  2.7775018E-02  3.7237637E-02
   21.0000  4.0500921E-02  3.0243103E-02  3.6957861E-02
   22.0000  4.0180157E-02  3.2994102E-02  3.5082563E-02
   23.0000  3.9429340E-02  3.5507009E-02  3.3586138E-02
   24.0000  3.8636331E-02  3.6787551E-02  3.3315855E-02
   25.0000  3.7879398E-02  3.6415105E-02  3.3800061E-02
   26.0000  3.7233567E-02  3.4925212E-02  3.4263824E-02
   27.0000  3.6348008E-02  3.3084870E-02  3.3998332E-02
   28.0000  3.5540656E-02  3.1490590E-02  3.3367296E-02
   29.0000  3.4368734E-02  3.0261746E-02  3.2418328E-02
   30.0000  3.2780772E-02  2.9402565E-02  3.1354808E-02
   31.0000  3.0859210E-02  2.8805222E-02  3.0260968E-02
   32.0000  2.8783462E-02  2.8369547E-02  2.9171292E-02
   33.0000  2.6728314E-02  2.8044615E-02  2.8115053E-02
   34.0000  2.4815290E-02  2.7820905E-02  2.7128674E-02
   35.0000  2.3122895E-02  2.7688819E-02  2.6248974E-02
   36.0000  2.1704139E-02  2.7610755E-02  2.5486996E-02
   37.0000  2.0597307E-02  2.7512498E-02  2.4820125E-02
   38.0000  1.9803450E-02  2.7290124E-02  2.4193896E-02
   39.0000  1.9267831E-02  2.6846653E-02  2.3551549E-02
   40.0000  1.8894105E-02  2.6140843E-02  2.2855559E-02
