  7709.000   27  1  1  1.9222038E-02 -4.6431291E+00 -2.3865467E-01  1  1  7.5664205E+03  8.0000000E+03  0.0000000E+00  1.1792254E+00  1.0000000E+00  0.0000000E+00  = E_edge, Z, n_edge, j_edge, Abs_before_edge, VO_interstitial, E_cut, ninit, ninit1, Epsii, UnitCell_Volume, Surface_ref, f0_forward, natomsym_f, abs_u_iso
    Energy   (100,001)      (010,001)      (001,110)   
  -25.0000  4.6373904E-09  1.3970333E-09  6.8007673E-10
  -24.0000  1.2192393E-08  3.5843733E-09  1.5707974E-09
  -23.0000  3.7879985E-08  1.0985659E-08  4.1347508E-09
  -22.0000  1.5883823E-07  4.6867846E-08  1.3664845E-08
  -21.0000  1.4733308E-06  5.1399015E-07  7.9539216E-08
  -20.0000  4.6235877E-04  6.1831896E-06  4.6042633E-05
  -19.0000  4.2293304E-06  8.5042210E-05  1.5909432E-04
  -18.0000  1.8883083E-06  7.3949977E-07  6.8975692E-07
  -17.0000  2.3340282E-06  7.1920142E-07  3.8919921E-07
  -16.0000  5.7688373E-06  1.6233089E-06  5.3375926E-07
  -15.0000  2.5056615E-02  5.8383165E-04  6.8596665E-04
  -14.0000  2.5409492E-05  2.6213660E-05  3.3214850E-05
  -13.0000  1.3478882E-06  2.6818855E-06  3.2513029E-06
  -12.0000  1.0097822E-05  2.9161197E-05  5.3109950E-05
  -11.0000  1.8551859E-05  1.4134865E-05  1.1072805E-05
  -10.0000  3.0168507E-04  9.7662148E-05  2.8903485E-05
  -9.00000  4.6430076E-03  1.9698190E-04  6.8336006E-04
  -8.00000  1.1438593E-04  3.6446272E-05  8.4830738E-06
  -7.00000  2.6805062E-03  4.2898470E-04  1.1208308E-04
  -6.00000  1.0467458E-03  3.4064640E-04  1.8003411E-04
  -5.00000  3.5382789E-03  1.7294118E-03  4.2750414E-03
  -4.00000  2.2076711E-03  7.0819076E-04  1.1686572E-03
  -3.00000  5.0572574E-02  8.4071167E-03  4.7434753E-02
  -2.00000  1.4716735E-03  2.4701092E-03  1.7676587E-03
  -1.00000  6.5548271E-04  8.2308029E-04  5.6480671E-04
   0.00000  1.1088456E-02  7.8716198E-03  1.5128562E-03
   1.00000  3.7925665E-04  5.4098381E-04  3.3432080E-04
   2.00000  3.8651218E-04  5.7785127E-04  3.2643045E-04
   3.00000  5.6329415E-04  8.0950655E-04  4.7134995E-04
   4.00000  9.1454838E-04  1.2891024E-03  7.9126413E-04
   5.00000  1.5331266E-03  2.4286333E-03  1.5723541E-03
   5.20000  1.6927622E-03  2.8432128E-03  1.8415962E-03
   5.40000  1.8644636E-03  3.3644662E-03  2.1728451E-03
   5.60000  2.0468858E-03  4.0500698E-03  2.5859470E-03
   5.80000  2.2517745E-03  4.9561502E-03  3.1098067E-03
   6.00000  2.5156620E-03  6.1691595E-03  3.7874506E-03
   6.20000  2.9337609E-03  7.7757300E-03  4.6814757E-03
   6.40000  3.6474492E-03  9.8605935E-03  5.8567276E-03
   6.60000  4.6608446E-03  1.2454603E-02  7.3726727E-03
   6.80000  5.7109249E-03  1.5633880E-02  9.2698463E-03
   7.00000  6.6214962E-03  1.9470236E-02  1.1520862E-02
   7.20000  7.4910312E-03  2.3790125E-02  1.3862075E-02
   7.40000  8.4936811E-03  2.8067993E-02  1.5723149E-02
   7.60000  9.7547789E-03  3.1859396E-02  1.6538493E-02
   7.80000  1.1391333E-02  3.5364895E-02  1.6258022E-02
   8.00000  1.3422992E-02  3.8910761E-02  1.5324565E-02
   8.20000  1.5447785E-02  4.1359961E-02  1.4167341E-02
   8.40000  1.6427740E-02  3.9573051E-02  1.3014798E-02
   8.60000  1.5944965E-02  3.3087061E-02  1.2089285E-02
   8.80000  1.5043843E-02  2.5974962E-02  1.1648326E-02
   9.00000  1.4640230E-02  2.0918364E-02  1.1846217E-02
   9.20000  1.4970355E-02  1.8045502E-02  1.2732441E-02
   9.40000  1.6034457E-02  1.6799177E-02  1.4329273E-02
   9.60000  1.7823229E-02  1.6741955E-02  1.6681986E-02
   9.80000  2.0339487E-02  1.7625245E-02  1.9865509E-02
   10.0000  2.3561671E-02  1.9307790E-02  2.3954299E-02
   10.2500  2.8404092E-02  2.2352527E-02  3.0369448E-02
   10.5000  3.3585269E-02  2.6118007E-02  3.8022112E-02
   10.7500  3.8055582E-02  3.0090874E-02  4.6282812E-02
   11.0000  4.0713539E-02  3.3782323E-02  5.4193790E-02
   11.2500  4.1122421E-02  3.7062143E-02  6.0757101E-02
   11.5000  3.9765356E-02  4.0227628E-02  6.5094776E-02
   11.7500  3.7904540E-02  4.3182463E-02  6.6116438E-02
   12.0000  3.5772614E-02  4.6698062E-02  6.4331791E-02
   12.2500  3.4171979E-02  5.0284656E-02  6.1066585E-02
   12.5000  3.3327524E-02  5.3326013E-02  5.7020429E-02
   12.7500  3.3146565E-02  5.5053713E-02  5.2949459E-02
   13.0000  3.3454628E-02  5.4972204E-02  4.9151804E-02
   13.2500  3.4073514E-02  5.3131572E-02  4.5699294E-02
   13.5000  3.4852275E-02  5.0048598E-02  4.2606373E-02
   13.7500  3.6283146E-02  4.6846479E-02  3.9273323E-02
   14.0000  3.7044675E-02  4.3272348E-02  3.6900433E-02
   14.2500  3.7767020E-02  3.9915071E-02  3.4902768E-02
   14.5000  3.8454856E-02  3.6928165E-02  3.3255110E-02
   14.7500  3.9117098E-02  3.4357452E-02  3.1930822E-02
   15.0000  3.9755572E-02  3.2191389E-02  3.0904348E-02
   15.2500  4.0364387E-02  3.0394106E-02  3.0152631E-02
   15.5000  4.0931088E-02  2.8924301E-02  2.9656846E-02
   15.7500  4.1425087E-02  2.7742283E-02  2.9395360E-02
   16.0000  4.1816329E-02  2.6817647E-02  2.9350172E-02
   16.2500  4.2073976E-02  2.6124894E-02  2.9499804E-02
   16.5000  4.2176275E-02  2.5643295E-02  2.9819504E-02
   16.7500  4.2119665E-02  2.5355734E-02  3.0282091E-02
   17.0000  4.1924376E-02  2.5247674E-02  3.0857638E-02
   17.2500  4.1629327E-02  2.5304062E-02  3.1514156E-02
   17.5000  4.1281952E-02  2.5508467E-02  3.2219383E-02
   17.7500  4.0926611E-02  2.5842085E-02  3.2941773E-02
   18.0000  4.0597301E-02  2.6284485E-02  3.3653602E-02
   18.2500  4.0313197E-02  2.6812786E-02  3.4329254E-02
   18.5000  4.0076548E-02  2.7402297E-02  3.4943542E-02
   18.7500  3.9879204E-02  2.8028930E-02  3.5473269E-02
   19.0000  3.9708115E-02  2.8673243E-02  3.5898757E-02
   19.2500  3.9544843E-02  2.9319704E-02  3.6202040E-02
   19.5000  3.9377626E-02  2.9961399E-02  3.6372901E-02
   19.7500  3.9197128E-02  3.0596462E-02  3.6406158E-02
   20.0000  3.8999354E-02  3.1227880E-02  3.6304221E-02
   21.0000  3.8041162E-02  3.3798224E-02  3.4878766E-02
   22.0000  3.7058904E-02  3.6302596E-02  3.3176949E-02
   23.0000  3.6380299E-02  3.8051343E-02  3.2464446E-02
   24.0000  3.5898540E-02  3.8390679E-02  3.2628643E-02
   25.0000  3.5568622E-02  3.7369066E-02  3.3151008E-02
   26.0000  3.5530198E-02  3.5615631E-02  3.3525438E-02
   27.0000  3.5702329E-02  3.3784974E-02  3.3416564E-02
   28.0000  3.5562446E-02  3.2150520E-02  3.2691354E-02
   29.0000  3.4940985E-02  3.0917274E-02  3.1747768E-02
   30.0000  3.3571993E-02  2.9904677E-02  3.0635319E-02
   31.0000  3.1707572E-02  2.9004103E-02  2.9455166E-02
   32.0000  2.9700657E-02  2.8166945E-02  2.8278849E-02
   33.0000  2.7775991E-02  2.7353577E-02  2.7135178E-02
   34.0000  2.6014423E-02  2.6545739E-02  2.6057245E-02
   35.0000  2.4407212E-02  2.5728035E-02  2.5071557E-02
   36.0000  2.2910346E-02  2.4891249E-02  2.4188678E-02
   37.0000  2.1503301E-02  2.4030752E-02  2.3402764E-02
   38.0000  2.0209186E-02  2.3155524E-02  2.2686621E-02
   39.0000  1.9081304E-02  2.2291715E-02  2.2002132E-02
   40.0000  1.8176142E-02  2.1489120E-02  2.1308307E-02
