  7709.000   27  1  1  1.9222038E-02 -4.6782483E+00 -3.4627843E-01  1  1  7.5660366E+03  8.0000000E+03  0.0000000E+00  1.1792254E+00  1.0000000E+00  0.0000000E+00  = E_edge, Z, n_edge, j_edge, Abs_before_edge, VO_interstitial, E_cut, ninit, ninit1, Epsii, UnitCell_Volume, Surface_ref, f0_forward, natomsym_f, abs_u_iso
    Energy   (100,001)      (010,001)      (001,110)   
  -25.0000  4.5657563E-09  1.7287026E-09  7.1159609E-10
  -24.0000  1.2176063E-08  4.6122521E-09  1.6355275E-09
  -23.0000  3.9081738E-08  1.5175519E-08  4.3045420E-09
  -22.0000  1.8082365E-07  7.6879381E-08  1.4617056E-08
  -21.0000  3.7588418E-06  2.2974590E-06  1.4366076E-07
  -20.0000  1.9266478E-04  1.3757336E-05  1.0378356E-05
  -19.0000  3.4656437E-06  2.6006423E-05  9.0906994E-05
  -18.0000  1.4586003E-06  5.4937314E-07  5.4498046E-07
  -17.0000  1.7978813E-06  5.8231584E-07  3.4248972E-07
  -16.0000  4.5210369E-06  1.2631558E-06  5.9437066E-07
  -15.0000  1.8964063E-02  1.8632349E-02  2.1106366E-02
  -14.0000  5.0476428E-06  7.6859563E-06  6.8422394E-06
  -13.0000  1.3857057E-06  1.8466712E-06  2.4686249E-06
  -12.0000  6.0558426E-06  1.0933827E-05  2.2688260E-05
  -11.0000  2.4064884E-05  1.4239943E-05  1.1786498E-05
  -10.0000  1.8434933E-03  7.1868622E-04  1.7253823E-04
  -9.00000  2.7044211E-04  1.4167070E-04  2.7799222E-05
  -8.00000  5.7364715E-05  3.2402104E-05  1.1812353E-05
  -7.00000  6.3497349E-04  1.4314899E-04  4.2215173E-05
  -6.00000  4.1790009E-04  1.8851609E-04  2.2607450E-04
  -5.00000  6.9996774E-02  1.5729871E-01  2.4867627E-02
  -4.00000  5.2100482E-03  1.7229616E-03  7.4281078E-03
  -3.00000  6.8568958E-03  1.6664001E-02  5.1158624E-03
  -2.00000  2.9398194E-03  2.3016024E-03  3.2638896E-03
  -1.00000  5.5038696E-04  8.5452944E-04  3.2981656E-04
   0.00000  9.4594273E-04  1.1015456E-03  4.2913624E-04
   1.00000  5.3416967E-04  9.4954595E-04  9.4190957E-04
   2.00000  4.5380325E-04  6.2383605E-04  4.8752185E-04
   3.00000  6.0060267E-04  8.0107409E-04  5.5374932E-04
   4.00000  9.1475573E-04  1.1964669E-03  7.7943587E-04
   5.00000  1.4861366E-03  1.9234545E-03  1.3124290E-03
   5.20000  1.6360701E-03  2.1360064E-03  1.4820647E-03
   5.40000  1.7969586E-03  2.3803505E-03  1.6799025E-03
   5.60000  1.9680058E-03  2.6624663E-03  1.9097952E-03
   5.80000  2.1484623E-03  2.9903781E-03  2.1769105E-03
   6.00000  2.3381981E-03  3.3728629E-03  2.4870072E-03
   6.20000  2.5390785E-03  3.8221552E-03  2.8483304E-03
   6.40000  2.7569653E-03  4.3558896E-03  3.2726635E-03
   6.60000  3.0065749E-03  4.9985982E-03  3.7750709E-03
   6.80000  3.3217023E-03  5.7800047E-03  4.3701817E-03
   7.00000  3.7603174E-03  6.7526675E-03  5.0790205E-03
   7.20000  4.3901302E-03  7.9603147E-03  5.9081322E-03
   7.40000  5.2168529E-03  9.4080016E-03  6.8553920E-03
   7.60000  6.1768389E-03  1.1073087E-02  7.8936478E-03
   7.80000  7.1635606E-03  1.2889402E-02  8.9623658E-03
   8.00000  8.0750113E-03  1.4764562E-02  1.0066474E-02
   8.20000  8.8824261E-03  1.6625891E-02  1.1379658E-02
   8.40000  9.6313746E-03  1.8472121E-02  1.3157760E-02
   8.60000  1.0399340E-02  2.0371796E-02  1.5592320E-02
   8.80000  1.1272146E-02  2.2368064E-02  1.8707753E-02
   9.00000  1.2323744E-02  2.4311506E-02  2.2218272E-02
   9.20000  1.3593814E-02  2.5735690E-02  2.5349135E-02
   9.40000  1.5060682E-02  2.6015799E-02  2.7018295E-02
   9.60000  1.6641539E-02  2.4901501E-02  2.6756034E-02
   9.80000  1.8270174E-02  2.2911663E-02  2.5267757E-02
   10.0000  2.0401184E-02  2.2576333E-02  2.3936784E-02
   10.2500  2.2967027E-02  2.0580232E-02  2.3435061E-02
   10.5000  2.6004530E-02  1.9792152E-02  2.4507341E-02
   10.7500  2.9641203E-02  2.0382266E-02  2.7077335E-02
   11.0000  3.3874288E-02  2.2270636E-02  3.0997210E-02
   11.2500  3.8540780E-02  2.5322571E-02  3.6132436E-02
   11.5000  4.3254121E-02  2.9395569E-02  4.2319296E-02
   11.7500  4.7388785E-02  3.4351215E-02  4.9190654E-02
   12.0000  5.0215761E-02  4.0088439E-02  5.5893647E-02
   12.2500  5.1396581E-02  4.6538573E-02  6.0826044E-02
   12.5000  5.0690111E-02  5.3784126E-02  6.3083992E-02
   12.7500  4.9332004E-02  6.1099512E-02  6.1662016E-02
   13.0000  4.7511287E-02  6.7093997E-02  5.8293576E-02
   13.2500  4.5669994E-02  7.0321543E-02  5.3956376E-02
   13.5000  4.3878800E-02  6.9891552E-02  4.9633045E-02
   13.7500  4.2176800E-02  6.6243531E-02  4.5733914E-02
   14.0000  4.0636338E-02  6.0021571E-02  4.1976317E-02
   14.2500  3.9460226E-02  5.3954784E-02  3.8886383E-02
   14.5000  3.8448348E-02  4.8557076E-02  3.6445235E-02
   14.7500  3.7745000E-02  4.3831109E-02  3.4460016E-02
   15.0000  3.7324328E-02  3.9850316E-02  3.2880900E-02
   15.2500  3.7144060E-02  3.6566694E-02  3.1658075E-02
   15.5000  3.7156882E-02  3.3890706E-02  3.0747199E-02
   15.7500  3.7308020E-02  3.1725194E-02  3.0103290E-02
   16.0000  3.7548940E-02  2.9985669E-02  2.9693704E-02
   16.2500  3.7828921E-02  2.8600911E-02  2.9488294E-02
   16.5000  3.8098174E-02  2.7513483E-02  2.9461788E-02
   16.7500  3.8310719E-02  2.6676883E-02  2.9590089E-02
   17.0000  3.8427714E-02  2.6053680E-02  2.9849809E-02
   17.2500  3.8422475E-02  2.5613635E-02  3.0217952E-02
   17.5000  3.8286674E-02  2.5330998E-02  3.0671799E-02
   17.7500  3.8031824E-02  2.5182946E-02  3.1189827E-02
   18.0000  3.7686522E-02  2.5149672E-02  3.1752905E-02
   18.2500  3.7291693E-02  2.5213249E-02  3.2347049E-02
   18.5000  3.6890421E-02  2.5357222E-02  3.2962513E-02
   18.7500  3.6521619E-02  2.5565931E-02  3.3592455E-02
   19.0000  3.6216800E-02  2.5826134E-02  3.4234209E-02
   19.2500  3.5994985E-02  2.6124787E-02  3.4881994E-02
   19.5000  3.5865312E-02  2.6452823E-02  3.5531542E-02
   19.7500  3.5828114E-02  2.6802754E-02  3.6174861E-02
   20.0000  3.5877047E-02  2.7170649E-02  3.6797591E-02
   21.0000  3.6650120E-02  2.8831717E-02  3.8634119E-02
   22.0000  3.7277469E-02  3.0970936E-02  3.8358950E-02
   23.0000  3.6703871E-02  3.3680595E-02  3.6270749E-02
   24.0000  3.5601179E-02  3.6522008E-02  3.4250302E-02
   25.0000  3.4257873E-02  3.8387078E-02  3.2859916E-02
   26.0000  3.3605793E-02  3.9225930E-02  3.2448748E-02
   27.0000  3.3336358E-02  3.8550572E-02  3.2356426E-02
   28.0000  3.3485177E-02  3.6769056E-02  3.2236292E-02
   29.0000  3.3760387E-02  3.4507960E-02  3.1890574E-02
   30.0000  3.3794279E-02  3.2314790E-02  3.1322340E-02
   31.0000  3.3332901E-02  3.0525209E-02  3.0610130E-02
   32.0000  3.2343745E-02  2.9231828E-02  2.9827786E-02
   33.0000  3.0946963E-02  2.8354395E-02  2.9012829E-02
   34.0000  2.9292869E-02  2.7770073E-02  2.8193417E-02
   35.0000  2.7510686E-02  2.7364573E-02  2.7378148E-02
   36.0000  2.5713548E-02  2.7037444E-02  2.6574973E-02
   37.0000  2.4002842E-02  2.6698183E-02  2.5788095E-02
   38.0000  2.2463544E-02  2.6276021E-02  2.5007351E-02
   39.0000  2.1162921E-02  2.5740972E-02  2.4212814E-02
   40.0000  2.0150050E-02  2.5111005E-02  2.3391268E-02
