  7709.000   27  1  1  1.9222038E-02 -4.5627104E+00 -2.8704326E-01  1  1  7.5664687E+03  8.0000000E+03  0.0000000E+00  1.1792254E+00  1.0000000E+00  0.0000000E+00  = E_edge, Z, n_edge, j_edge, Abs_before_edge, VO_interstitial, E_cut, ninit, ninit1, Epsii, UnitCell_Volume, Surface_ref, f0_forward, natomsym_f, abs_u_iso
    Energy   (100,001)      (010,001)      (001,110)   
  -25.0000  4.1084828E-09  1.0142877E-09  7.1716290E-10
  -24.0000  1.0433620E-08  2.4279426E-09  1.6434445E-09
  -23.0000  3.0645340E-08  6.7012903E-09  4.2584728E-09
  -22.0000  1.1537080E-07  2.3720996E-08  1.3561900E-08
  -21.0000  7.7815708E-07  1.5549034E-07  6.9755916E-08
  -20.0000  6.3933399E-05  1.5376066E-05  4.2070090E-06
  -19.0000  8.2001556E-06  8.2226093E-06  2.3097198E-05
  -18.0000  3.1862361E-06  1.9479905E-06  1.4994726E-06
  -17.0000  3.1208657E-06  8.3583992E-07  5.5537074E-07
  -16.0000  6.8911993E-06  1.1592202E-06  7.0078117E-07
  -15.0000  9.8939586E-05  5.3751634E-06  4.6703635E-06
  -14.0000  1.8001864E-05  3.2933547E-05  2.6960363E-05
  -13.0000  1.2759316E-06  2.8608165E-06  4.5847241E-06
  -12.0000  1.8724008E-05  5.1744787E-05  1.5564345E-04
  -11.0000  1.8504038E-05  9.5961162E-06  1.8042922E-05
  -10.0000  3.8290583E-04  5.7435128E-05  1.9131416E-05
  -9.00000  6.2614899E-02  6.1315596E-03  4.8443140E-05
  -8.00000  2.3416762E-04  5.5586961E-05  1.6785956E-05
  -7.00000  3.1959327E-03  1.2525666E-03  3.6078398E-04
  -6.00000  5.7774761E-04  3.3312643E-04  1.9724844E-04
  -5.00000  1.9355714E-02  1.0302140E-02  2.7039148E-01
  -4.00000  1.4242200E-03  9.4555079E-04  7.5914222E-04
  -3.00000  6.9960793E-03  4.1816960E-03  6.3403511E-03
  -2.00000  2.5184623E-03  3.2321103E-03  3.3030923E-03
  -1.00000  6.3170717E-04  8.6171418E-04  6.0541107E-04
   0.00000  1.1738979E-02  7.8376280E-03  1.4124817E-02
   1.00000  3.6874361E-04  4.6341398E-04  2.7772204E-04
   2.00000  3.8518158E-04  5.8553377E-04  3.5166583E-04
   3.00000  5.4968232E-04  8.6267307E-04  5.4540515E-04
   4.00000  8.4721113E-04  1.3915944E-03  1.0661712E-03
   5.00000  1.4442003E-03  2.7003838E-03  2.4931809E-03
   5.20000  1.6375243E-03  3.1974178E-03  2.8434470E-03
   5.40000  1.8266003E-03  3.8274571E-03  3.3368889E-03
   5.60000  2.0106801E-03  4.6633422E-03  4.0510187E-03
   5.80000  2.2006619E-03  5.7981318E-03  5.0817655E-03
   6.00000  2.4184567E-03  7.3556058E-03  6.5744979E-03
   6.20000  2.6875124E-03  9.4312601E-03  8.7154157E-03
   6.40000  2.9953039E-03  1.1950705E-02  1.1518288E-02
   6.60000  3.3122632E-03  1.4529990E-02  1.4069198E-02
   6.80000  3.6516170E-03  1.6933992E-02  1.4782611E-02
   7.00000  4.0178420E-03  1.9581629E-02  1.3801035E-02
   7.20000  4.4174470E-03  2.2584799E-02  1.2254709E-02
   7.40000  4.8544852E-03  2.5444837E-02  1.0687349E-02
   7.60000  5.3458047E-03  2.7807385E-02  9.3092398E-03
   7.80000  5.9094749E-03  3.0033749E-02  8.1968911E-03
   8.00000  6.5623791E-03  3.3076617E-02  7.4305540E-03
   8.20000  7.2961235E-03  3.7220126E-02  7.0698851E-03
   8.40000  8.0363460E-03  4.0444444E-02  7.1130468E-03
   8.60000  8.6909865E-03  3.8938644E-02  7.5243715E-03
   8.80000  9.3497735E-03  3.2423793E-02  8.2930334E-03
   9.00000  1.0235614E-02  2.5007653E-02  9.4597929E-03
   9.20000  1.1476166E-02  1.9401491E-02  1.1095601E-02
   9.40000  1.3116732E-02  1.5864223E-02  1.3292103E-02
   9.60000  1.5210089E-02  1.3900131E-02  1.6168510E-02
   9.80000  1.7835875E-02  1.3051479E-02  1.9866727E-02
   10.0000  2.1084744E-02  1.3017327E-02  2.4533934E-02
   10.2500  2.6100937E-02  1.3852788E-02  3.1884875E-02
   10.5000  3.2010543E-02  1.5491377E-02  4.0782766E-02
   10.7500  3.8052901E-02  1.7849185E-02  5.0306116E-02
   11.0000  4.3074164E-02  2.0564806E-02  5.8547676E-02
   11.2500  4.5315250E-02  2.4479717E-02  6.3469029E-02
   11.5000  4.5398097E-02  2.9637635E-02  6.4720539E-02
   11.7500  4.4155501E-02  3.6596787E-02  6.3555617E-02
   12.0000  4.2733989E-02  4.5433657E-02  6.1602404E-02
   12.2500  4.1820518E-02  5.5705302E-02  5.9231104E-02
   12.5000  4.1471991E-02  6.4426791E-02  5.6813447E-02
   12.7500  4.1520923E-02  6.9110520E-02  5.4079028E-02
   13.0000  4.1728968E-02  6.8600335E-02  5.1004166E-02
   13.2500  4.1915403E-02  6.4164214E-02  4.7755636E-02
   13.5000  4.1990296E-02  5.7985792E-02  4.4552798E-02
   13.7500  4.2308154E-02  5.1711101E-02  4.1101343E-02
   14.0000  4.1964406E-02  4.6346189E-02  3.8311839E-02
   14.2500  4.1604407E-02  4.1786257E-02  3.5895649E-02
   14.5000  4.1273799E-02  3.8029566E-02  3.3855576E-02
   14.7500  4.0997929E-02  3.4984081E-02  3.2173005E-02
   15.0000  4.0786618E-02  3.2536661E-02  3.0822970E-02
   15.2500  4.0636559E-02  3.0582897E-02  2.9778580E-02
   15.5000  4.0533000E-02  2.9036144E-02  2.9013122E-02
   15.7500  4.0450521E-02  2.7822276E-02  2.8500621E-02
   16.0000  4.0361459E-02  2.6887031E-02  2.8216818E-02
   16.2500  4.0239657E-02  2.6187218E-02  2.8137480E-02
   16.5000  4.0071333E-02  2.5689182E-02  2.8238468E-02
   16.7500  3.9860711E-02  2.5366125E-02  2.8495270E-02
   17.0000  3.9631506E-02  2.5196343E-02  2.8884101E-02
   17.2500  3.9417791E-02  2.5160809E-02  2.9380648E-02
   17.5000  3.9256046E-02  2.5242985E-02  2.9962711E-02
   17.7500  3.9173926E-02  2.5426285E-02  3.0608242E-02
   18.0000  3.9185917E-02  2.5694214E-02  3.1295769E-02
   18.2500  3.9291319E-02  2.6032320E-02  3.2005950E-02
   18.5000  3.9476058E-02  2.6427409E-02  3.2719076E-02
   18.7500  3.9716155E-02  2.6868254E-02  3.3415652E-02
   19.0000  3.9982708E-02  2.7347632E-02  3.4076775E-02
   19.2500  4.0245560E-02  2.7860482E-02  3.4682147E-02
   19.5000  4.0477584E-02  2.8405252E-02  3.5215357E-02
   19.7500  4.0653942E-02  2.8982303E-02  3.5659170E-02
   20.0000  4.0753710E-02  2.9593332E-02  3.5998058E-02
   21.0000  4.0153638E-02  3.2407279E-02  3.6144797E-02
   22.0000  3.8348085E-02  3.5598758E-02  3.4960572E-02
   23.0000  3.6598019E-02  3.8280247E-02  3.3959815E-02
   24.0000  3.5501439E-02  3.9469679E-02  3.3742421E-02
   25.0000  3.5061112E-02  3.8906395E-02  3.4004916E-02
   26.0000  3.4831721E-02  3.7136989E-02  3.4028377E-02
   27.0000  3.4866938E-02  3.5209359E-02  3.3744757E-02
   28.0000  3.4543513E-02  3.3505029E-02  3.3013170E-02
   29.0000  3.3614958E-02  3.2098264E-02  3.2030822E-02
   30.0000  3.2113657E-02  3.0914592E-02  3.0951957E-02
   31.0000  3.0315470E-02  2.9873816E-02  2.9851150E-02
   32.0000  2.8501277E-02  2.8916998E-02  2.8756843E-02
   33.0000  2.6832764E-02  2.8004566E-02  2.7688959E-02
   34.0000  2.5347040E-02  2.7105533E-02  2.6666693E-02
   35.0000  2.4006803E-02  2.6184295E-02  2.5689327E-02
   36.0000  2.2745837E-02  2.5210978E-02  2.4743049E-02
   37.0000  2.1520320E-02  2.4170779E-02  2.3800038E-02
   38.0000  2.0345554E-02  2.3066258E-02  2.2812789E-02
   39.0000  1.9272491E-02  2.1924688E-02  2.1725271E-02
   40.0000  1.8343685E-02  2.0807892E-02  2.0527354E-02
