  7709.000   27  1  1  1.9222038E-02 -4.8579887E+00 -4.0573540E-01  1  1  7.5664747E+03  8.0000000E+03  0.0000000E+00  1.1792254E+00  1.0000000E+00  0.0000000E+00  = E_edge, Z, n_edge, j_edge, Abs_before_edge, VO_interstitial, E_cut, ninit, ninit1, Epsii, UnitCell_Volume, Surface_ref, f0_forward, natomsym_f, abs_u_iso
    Energy   (100,001)      (010,001)      (001,110)   
  -25.0000  7.5724014E-09  3.7915579E-10  8.0729866E-10
  -24.0000  2.0343459E-08  6.9554543E-10  1.8275624E-09
  -23.0000  6.4970540E-08  1.3313812E-09  4.5895027E-09
  -22.0000  2.8394199E-07  2.6982050E-09  1.3488378E-08
  -21.0000  2.8224551E-06  6.0140391E-09  5.2244302E-08
  -20.0000  5.2952794E-05  1.7634188E-08  3.9322421E-07
  -19.0000  4.6192674E-06  1.1967078E-06  9.5587986E-05
  -18.0000  2.9935669E-06  7.7874981E-08  9.7417021E-07
  -17.0000  4.0454613E-06  2.4312981E-07  5.3553652E-07
  -16.0000  1.1462147E-05  1.2838887E-06  5.6423928E-07
  -15.0000  6.7920787E-04  4.3658204E-05  1.4544403E-06
  -14.0000  1.4942768E-06  1.3134975E-05  1.5367002E-06
  -13.0000  3.7802734E-07  4.1441206E-06  6.2931102E-06
  -12.0000  4.9318480E-06  2.2832724E-05  7.6621878E-02
  -11.0000  2.1095846E-05  3.0675129E-06  1.2361734E-05
  -10.0000  3.1938056E-04  8.4061817E-06  2.3385191E-05
  -9.00000  1.1706264E-02  2.0597587E-05  7.0635687E-06
  -8.00000  7.5059158E-05  1.9142637E-04  6.3797578E-05
  -7.00000  1.0273976E-03  8.4900486E-05  1.0118907E-04
  -6.00000  7.5617912E-04  4.4914903E-05  8.8486617E-05
  -5.00000  6.2508838E-04  1.8922519E-04  1.9832270E-04
  -4.00000  2.3334477E-02  1.6389922E-03  2.6854661E-04
  -3.00000  8.2731580E-04  3.8802571E-02  9.5880770E-03
  -2.00000  4.4249600E-04  2.5302614E-03  3.2748335E-04
  -1.00000  2.9009403E-04  1.3163233E-03  1.6072436E-04
   0.00000  6.2382129E-04  9.3062885E-04  3.4491049E-04
   1.00000  3.1545390E-04  8.7535082E-04  2.0063720E-04
   2.00000  3.0882697E-04  9.8236425E-04  2.4447088E-04
   3.00000  4.1423877E-04  1.3002536E-03  4.0100845E-04
   4.00000  6.1334015E-04  2.0725731E-03  7.6791432E-04
   5.00000  9.0600312E-04  3.3695246E-03  1.8142053E-03
   5.20000  9.6737191E-04  3.6740329E-03  2.2416817E-03
   5.40000  1.0249876E-03  3.9936823E-03  2.8135115E-03
   5.60000  1.0764973E-03  4.3336191E-03  3.5833347E-03
   5.80000  1.1215236E-03  4.7040759E-03  4.6144244E-03
   6.00000  1.1687366E-03  5.1251408E-03  5.9641962E-03
   6.20000  1.2540569E-03  5.6292765E-03  7.6473090E-03
   6.40000  1.4730385E-03  6.2602194E-03  9.5832454E-03
   6.60000  1.9595465E-03  7.0583392E-03  1.1564459E-02
   6.80000  2.6717752E-03  8.0411198E-03  1.3304254E-02
   7.00000  3.3299217E-03  9.1948716E-03  1.4558131E-02
   7.20000  3.8038762E-03  1.0495188E-02  1.5219707E-02
   7.40000  4.1666455E-03  1.1970367E-02  1.5346424E-02
   7.60000  4.5057081E-03  1.3521132E-02  1.5059038E-02
   7.80000  4.8735074E-03  1.5167692E-02  1.4463218E-02
   8.00000  5.2991541E-03  1.6902791E-02  1.3679259E-02
   8.20000  5.8016335E-03  1.8739071E-02  1.2853974E-02
   8.40000  6.3967089E-03  2.0723534E-02  1.2163041E-02
   8.60000  7.0962547E-03  2.2947611E-02  1.1784527E-02
   8.80000  7.9108671E-03  2.5542919E-02  1.1874954E-02
   9.00000  8.8543656E-03  2.8681416E-02  1.2566389E-02
   9.20000  9.9474232E-03  3.2562847E-02  1.3976545E-02
   9.40000  1.1215076E-02  3.7439077E-02  1.6192862E-02
   9.60000  1.2697313E-02  4.3615845E-02  1.9259929E-02
   9.80000  1.4434324E-02  5.1424233E-02  2.3105451E-02
   10.0000  1.6480743E-02  6.1207237E-02  2.7521340E-02
   10.2500  1.9571697E-02  7.6552374E-02  3.3375713E-02
   10.5000  2.3374730E-02  9.4827560E-02  3.9084367E-02
   10.7500  2.7985465E-02  1.1274808E-01  4.4336222E-02
   11.0000  3.3376850E-02  1.2303250E-01  4.9068594E-02
   11.2500  3.9280517E-02  1.1891108E-01  5.3417229E-02
   11.5000  4.5080987E-02  1.0226719E-01  5.7551254E-02
   11.7500  4.9474203E-02  8.0624564E-02  6.1113943E-02
   12.0000  5.2321894E-02  6.2673188E-02  6.4389748E-02
   12.2500  5.3082689E-02  4.9069629E-02  6.6009347E-02
   12.5000  5.2117460E-02  3.9350017E-02  6.5587098E-02
   12.7500  5.0130479E-02  3.2522848E-02  6.3210837E-02
   13.0000  4.7792528E-02  2.7699376E-02  5.9381448E-02
   13.2500  4.5562215E-02  2.4224607E-02  5.4783331E-02
   13.5000  4.3650653E-02  2.1657692E-02  4.9159692E-02
   13.7500  4.2266483E-02  1.9686981E-02  4.4869888E-02
   14.0000  4.1284338E-02  1.8158868E-02  4.1072389E-02
   14.2500  4.0693186E-02  1.6950530E-02  3.7865936E-02
   14.5000  4.0463352E-02  1.5982554E-02  3.5262855E-02
   14.7500  4.0558092E-02  1.5197774E-02  3.3232635E-02
   15.0000  4.0940106E-02  1.4557275E-02  3.1727415E-02
   15.2500  4.1578671E-02  1.4033471E-02  3.0700488E-02
   15.5000  4.2426526E-02  1.3608781E-02  3.0105901E-02
   15.7500  4.3449960E-02  1.3269637E-02  2.9907952E-02
   16.0000  4.4599928E-02  1.3007766E-02  3.0073858E-02
   16.2500  4.5819943E-02  1.2817081E-02  3.0572620E-02
   16.5000  4.7040680E-02  1.2693837E-02  3.1368066E-02
   16.7500  4.8177322E-02  1.2634501E-02  3.2409656E-02
   17.0000  4.9134167E-02  1.2636788E-02  3.3629310E-02
   17.2500  4.9816794E-02  1.2699384E-02  3.4938882E-02
   17.5000  5.0140668E-02  1.2820344E-02  3.6233292E-02
   17.7500  5.0052401E-02  1.2997543E-02  3.7402658E-02
   18.0000  4.9545963E-02  1.3229236E-02  3.8346113E-02
   18.2500  4.8667187E-02  1.3513989E-02  3.8996702E-02
   18.5000  4.7507199E-02  1.3849767E-02  3.9326934E-02
   18.7500  4.6185567E-02  1.4234371E-02  3.9349978E-02
   19.0000  4.4827142E-02  1.4666434E-02  3.9111630E-02
   19.2500  4.3540337E-02  1.5145769E-02  3.8676978E-02
   19.5000  4.2404219E-02  1.5671646E-02  3.8116638E-02
   19.7500  4.1469252E-02  1.6244393E-02  3.7490984E-02
   20.0000  4.0759566E-02  1.6864547E-02  3.6849488E-02
   21.0000  4.0100601E-02  1.9838514E-02  3.4718485E-02
   22.0000  4.1939966E-02  2.3658065E-02  3.3638362E-02
   23.0000  4.4127936E-02  2.8346134E-02  3.3316216E-02
   24.0000  4.3867729E-02  3.4425493E-02  3.3188556E-02
   25.0000  4.0478029E-02  3.9403996E-02  3.2911735E-02
   26.0000  3.5124707E-02  4.2707020E-02  3.2196153E-02
   27.0000  2.9952179E-02  4.3676294E-02  3.0955358E-02
   28.0000  2.6363444E-02  4.2697264E-02  2.9395564E-02
   29.0000  2.4430944E-02  4.0633899E-02  2.7952444E-02
   30.0000  2.3594813E-02  3.8247518E-02  2.7011874E-02
   31.0000  2.3332202E-02  3.5997572E-02  2.6642006E-02
   32.0000  2.3328277E-02  3.4112788E-02  2.6661338E-02
   33.0000  2.3391119E-02  3.2603313E-02  2.6783467E-02
   34.0000  2.3409591E-02  3.1375895E-02  2.6812196E-02
   35.0000  2.3295828E-02  3.0294469E-02  2.6620740E-02
   36.0000  2.2971702E-02  2.9214928E-02  2.6096009E-02
   37.0000  2.2385753E-02  2.8037046E-02  2.5153506E-02
   38.0000  2.1560457E-02  2.6706429E-02  2.3749464E-02
   39.0000  2.0598600E-02  2.5227477E-02  2.1933129E-02
   40.0000  1.9637018E-02  2.3646811E-02  1.9903033E-02
