  7709.000   27  1  1  1.9222038E-02 -4.5936133E+00 -3.3948430E-01  1  1  7.5663657E+03  8.0000000E+03  0.0000000E+00  1.1792254E+00  1.0000000E+00  0.0000000E+00  = E_edge, Z, n_edge, j_edge, Abs_before_edge, VO_interstitial, E_cut, ninit, ninit1, Epsii, UnitCell_Volume, Surface_ref, f0_forward, natomsym_f, abs_u_iso
    Energy   (100,001)      (010,001)      (001,110)   
  -25.0000  6.7040282E-09  3.3183420E-10  7.7180396E-10
  -24.0000  1.7591286E-08  6.0681741E-10  1.7332313E-09
  -23.0000  5.4122048E-08  1.1569840E-09  4.3065428E-09
  -22.0000  2.1986579E-07  2.3353599E-09  1.2473502E-08
  -21.0000  1.7470232E-06  5.2473478E-09  4.8175137E-08
  -20.0000  6.3009794E-03  2.6162624E-07  8.1276151E-07
  -19.0000  8.7444493E-06  2.8980484E-06  2.7315869E-04
  -18.0000  3.6630106E-06  6.8369231E-08  1.2034032E-06
  -17.0000  4.7633480E-06  1.9413212E-07  6.0140204E-07
  -16.0000  1.7182266E-05  9.2499090E-07  9.6005346E-07
  -15.0000  3.9697237E-05  1.8664859E-05  1.7875593E-06
  -14.0000  4.7724146E-07  1.9865767E-05  1.4281011E-06
  -13.0000  7.0143282E-07  4.3817402E-06  3.9100154E-06
  -12.0000  4.5576384E-06  2.9692472E-06  8.1162739E-05
  -11.0000  2.1369934E-05  3.1395206E-06  2.0797693E-05
  -10.0000  2.3739606E-04  5.3108535E-06  1.2311223E-05
  -9.00000  2.7105241E-03  7.9240707E-05  2.9070998E-05
  -8.00000  1.9981625E-04  3.7291835E-05  1.2820431E-05
  -7.00000  3.5262185E-03  9.4593594E-05  2.3204500E-04
  -6.00000  1.1090327E-03  3.9783921E-05  1.6436126E-04
  -5.00000  6.4389196E-04  1.7347095E-04  4.9142315E-04
  -4.00000  1.9520086E-02  1.0265756E-03  4.0850826E-04
  -3.00000  7.1950988E-04  3.4431810E-02  1.5465721E-03
  -2.00000  3.9774410E-04  2.9170674E-03  3.5756120E-04
  -1.00000  2.7248415E-04  1.4268339E-03  1.6624507E-04
   0.00000  1.2398495E-03  1.7219674E-03  5.9084899E-04
   1.00000  4.0323788E-04  9.2504952E-04  2.7179834E-04
   2.00000  3.6257691E-04  9.9572286E-04  2.7207721E-04
   3.00000  5.0593879E-04  1.2988113E-03  4.3504176E-04
   4.00000  7.8254945E-04  2.0384224E-03  8.0557362E-04
   5.00000  1.1790479E-03  3.3895679E-03  1.8561550E-03
   5.20000  1.2489954E-03  3.7304124E-03  2.3050000E-03
   5.40000  1.2986058E-03  4.0963563E-03  2.9246520E-03
   5.60000  1.3188083E-03  4.4935347E-03  3.7856219E-03
   5.80000  1.3329233E-03  4.9360053E-03  4.9638195E-03
   6.00000  1.4676505E-03  5.4487126E-03  6.4930847E-03
   6.20000  1.8664709E-03  6.0665038E-03  8.2537887E-03
   6.40000  2.3738885E-03  6.8178816E-03  9.8691688E-03
   6.60000  2.7885382E-03  7.6977918E-03  1.0870551E-02
   6.80000  3.1070704E-03  8.6692911E-03  1.1076964E-02
   7.00000  3.3838923E-03  9.7168775E-03  1.0688696E-02
   7.20000  3.6679501E-03  1.0845290E-02  1.0065545E-02
   7.40000  3.9755115E-03  1.2075898E-02  9.4262283E-03
   7.60000  4.3221968E-03  1.3437008E-02  8.8242734E-03
   7.80000  4.7286331E-03  1.4974689E-02  8.3212485E-03
   8.00000  5.2085590E-03  1.6690729E-02  7.9745971E-03
   8.20000  5.7900764E-03  1.8637359E-02  7.8056073E-03
   8.40000  6.5039905E-03  2.0865762E-02  7.8375802E-03
   8.60000  7.3886611E-03  2.3447226E-02  8.1208144E-03
   8.80000  8.4833290E-03  2.6479049E-02  8.7289501E-03
   9.00000  9.7976116E-03  3.0086646E-02  9.7427641E-03
   9.20000  1.1236680E-02  3.4420938E-02  1.1208375E-02
   9.40000  1.2530503E-02  3.9613238E-02  1.3074600E-02
   9.60000  1.3395736E-02  4.5812619E-02  1.5229272E-02
   9.80000  1.3896689E-02  5.3223405E-02  1.7657237E-02
   10.0000  1.4383186E-02  6.2085238E-02  2.0413312E-02
   10.2500  1.5362877E-02  7.5348185E-02  2.4216190E-02
   10.5000  1.6518975E-02  9.0315282E-02  2.7879556E-02
   10.7500  1.8660931E-02  1.0476099E-01  3.1554763E-02
   11.0000  2.1346153E-02  1.1330710E-01  3.4914772E-02
   11.2500  2.4536372E-02  1.1070834E-01  3.8044665E-02
   11.5000  2.8141481E-02  9.7446138E-02  4.1093104E-02
   11.7500  3.1970358E-02  7.9719179E-02  4.4160213E-02
   12.0000  3.5603821E-02  6.2731511E-02  4.7135769E-02
   12.2500  3.8720480E-02  4.9956213E-02  5.0274598E-02
   12.5000  4.1157946E-02  4.0490823E-02  5.2573479E-02
   12.7500  4.2719615E-02  3.3670917E-02  5.3810573E-02
   13.0000  4.3497046E-02  2.8754197E-02  5.3808196E-02
   13.2500  4.3710823E-02  2.5162859E-02  5.2633140E-02
   13.5000  4.3608817E-02  2.2487895E-02  5.0562897E-02
   13.7500  4.3270521E-02  2.0542365E-02  4.7599276E-02
   14.0000  4.2544609E-02  1.9013755E-02  4.4227986E-02
   14.2500  4.2542315E-02  1.7747238E-02  4.1650877E-02
   14.5000  4.2696198E-02  1.6736418E-02  3.9396783E-02
   14.7500  4.3027967E-02  1.5923990E-02  3.7547454E-02
   15.0000  4.3540863E-02  1.5269877E-02  3.6134261E-02
   15.2500  4.4227520E-02  1.4745292E-02  3.5160261E-02
   15.5000  4.5077689E-02  1.4330727E-02  3.4617421E-02
   15.7500  4.6054419E-02  1.4012444E-02  3.4489275E-02
   16.0000  4.7132307E-02  1.3780868E-02  3.4758823E-02
   16.2500  4.8269452E-02  1.3629782E-02  3.5403838E-02
   16.5000  4.9411790E-02  1.3554800E-02  3.6390740E-02
   16.7500  5.0490973E-02  1.3551713E-02  3.7667711E-02
   17.0000  5.1426294E-02  1.3618569E-02  3.9158048E-02
   17.2500  5.2129366E-02  1.3752886E-02  4.0753148E-02
   17.5000  5.2516548E-02  1.3952740E-02  4.2320277E-02
   17.7500  5.2519758E-02  1.4216507E-02  4.3718310E-02
   18.0000  5.2105085E-02  1.4542352E-02  4.4817794E-02
   18.2500  5.1285006E-02  1.4929174E-02  4.5527629E-02
   18.5000  5.0119420E-02  1.5375248E-02  4.5815421E-02
   18.7500  4.8705246E-02  1.5879358E-02  4.5704847E-02
   19.0000  4.7160310E-02  1.6440484E-02  4.5262943E-02
   19.2500  4.5602290E-02  1.7057458E-02  4.4578960E-02
   19.5000  4.4131001E-02  1.7728848E-02  4.3743393E-02
   19.7500  4.2821868E-02  1.8453534E-02  4.2835858E-02
   20.0000  4.1722049E-02  1.9230228E-02  4.1918566E-02
   21.0000  3.9634621E-02  2.2807336E-02  3.8814074E-02
   22.0000  4.0450900E-02  2.6979558E-02  3.6914150E-02
   23.0000  4.2133080E-02  3.1443012E-02  3.5742261E-02
   24.0000  4.2774936E-02  3.5697309E-02  3.4713097E-02
   25.0000  4.1403610E-02  3.9061017E-02  3.3563874E-02
   26.0000  3.7327573E-02  4.1127728E-02  3.2057912E-02
   27.0000  3.2931435E-02  4.1233176E-02  3.0559965E-02
   28.0000  2.9216969E-02  4.0139191E-02  2.9010474E-02
   29.0000  2.6742269E-02  3.8351012E-02  2.7684170E-02
   30.0000  2.5307874E-02  3.6332919E-02  2.6840773E-02
   31.0000  2.4550427E-02  3.4421417E-02  2.6492757E-02
   32.0000  2.4187098E-02  3.2780032E-02  2.6434107E-02
   33.0000  2.4031833E-02  3.1432632E-02  2.6450888E-02
   34.0000  2.3961391E-02  3.0310414E-02  2.6413685E-02
   35.0000  2.3869507E-02  2.9305667E-02  2.6252076E-02
   36.0000  2.3650211E-02  2.8312337E-02  2.5920418E-02
   37.0000  2.3200452E-02  2.7253612E-02  2.5364039E-02
   38.0000  2.2470980E-02  2.6083261E-02  2.4531168E-02
   39.0000  2.1498917E-02  2.4781733E-02  2.3393625E-02
   40.0000  2.0398154E-02  2.3359175E-02  2.1989093E-02
