  7709.000   27  1  1  1.9222038E-02 -4.7216263E+00 -3.6622968E-01  1  1  7.5664440E+03  8.0000000E+03  0.0000000E+00  1.1792254E+00  1.0000000E+00  0.0000000E+00  = E_edge, Z, n_edge, j_edge, Abs_before_edge, VO_interstitial, E_cut, ninit, ninit1, Epsii, UnitCell_Volume, Surface_ref, f0_forward, natomsym_f, abs_u_iso
    Energy   (100,001)      (010,001)      (001,110)   
  -25.0000  7.7321548E-09  3.6732946E-10  8.1998803E-10
  -24.0000  2.0975504E-08  6.7155702E-10  1.8707428E-09
  -23.0000  6.8215322E-08  1.2797359E-09  4.7597674E-09
  -22.0000  3.1040689E-07  2.5776386E-09  1.4340494E-08
  -21.0000  3.6158422E-06  5.7651466E-09  6.0701275E-08
  -20.0000  2.6827423E-05  1.7635995E-08  5.6478274E-07
  -19.0000  3.8617231E-06  2.8583521E-07  3.5465110E-05
  -18.0000  2.6788231E-06  7.1512610E-08  8.0502956E-07
  -17.0000  3.7174183E-06  2.3211329E-07  4.9060574E-07
  -16.0000  1.1038277E-05  1.2056938E-06  6.3782538E-07
  -15.0000  2.5702509E-04  3.4231446E-05  4.0578189E-06
  -14.0000  1.1220594E-06  1.4429357E-05  1.6421901E-06
  -13.0000  5.4195528E-07  4.2568192E-06  6.8875086E-06
  -12.0000  1.7611044E-05  3.0375911E-06  1.5403554E-03
  -11.0000  2.4279492E-05  3.1757483E-06  1.0325199E-05
  -10.0000  4.9736333E-04  1.0768153E-05  2.5888143E-05
  -9.00000  6.8785343E-04  1.8056904E-05  7.0127492E-06
  -8.00000  3.6867102E-04  4.9094913E-04  6.9633404E-04
  -7.00000  4.8290824E-03  1.6162651E-04  2.4841349E-03
  -6.00000  9.1007963E-04  4.5022824E-05  7.6394115E-05
  -5.00000  5.5595414E-04  1.9520747E-04  2.6711074E-04
  -4.00000  4.5234098E-02  1.3970369E-03  6.9132939E-04
  -3.00000  8.9901366E-04  7.3150334E-02  2.0161413E-02
  -2.00000  4.1285912E-04  2.5451211E-03  3.1159343E-04
  -1.00000  2.7800541E-04  1.3505538E-03  1.6988811E-04
   0.00000  1.5445914E-03  1.1152202E-03  8.1051467E-04
   1.00000  3.3924375E-04  8.8259909E-04  2.3046880E-04
   2.00000  3.2153218E-04  9.8355490E-04  2.5491218E-04
   3.00000  4.3788232E-04  1.2843369E-03  4.1506798E-04
   4.00000  6.6325703E-04  2.0050751E-03  7.9799973E-04
   5.00000  1.0184381E-03  3.2435172E-03  1.9139311E-03
   5.20000  1.1010944E-03  3.5435373E-03  2.3808590E-03
   5.40000  1.1846586E-03  3.8638831E-03  3.0136555E-03
   5.60000  1.2673088E-03  4.2107405E-03  3.8758165E-03
   5.80000  1.3491950E-03  4.5966345E-03  5.0382858E-03
   6.00000  1.4395036E-03  5.0452377E-03  6.5490855E-03
   6.20000  1.5752342E-03  5.5924127E-03  8.3685570E-03
   6.40000  1.8514124E-03  6.2784647E-03  1.0300207E-02
   6.60000  2.3886153E-03  7.1276142E-03  1.2011908E-02
   6.80000  3.1355601E-03  8.1335349E-03  1.3214648E-02
   7.00000  3.8471324E-03  9.2695196E-03  1.3836067E-02
   7.20000  4.4185318E-03  1.0521475E-02  1.3984180E-02
   7.40000  4.9161597E-03  1.1880032E-02  1.3820908E-02
   7.60000  5.4294059E-03  1.3361032E-02  1.3452551E-02
   7.80000  6.0117552E-03  1.4961158E-02  1.2929935E-02
   8.00000  6.7193646E-03  1.6643027E-02  1.2390940E-02
   8.20000  7.6007540E-03  1.8445946E-02  1.1948404E-02
   8.40000  8.6947525E-03  2.0397410E-02  1.1710935E-02
   8.60000  1.0006775E-02  2.2577392E-02  1.1829185E-02
   8.80000  1.1438234E-02  2.5101004E-02  1.2437660E-02
   9.00000  1.2715965E-02  2.8110623E-02  1.3562174E-02
   9.20000  1.3590592E-02  3.1800733E-02  1.5158168E-02
   9.40000  1.4222576E-02  3.6481026E-02  1.7321265E-02
   9.60000  1.5000316E-02  4.2545541E-02  2.0261077E-02
   9.80000  1.5704007E-02  5.0423498E-02  2.3705702E-02
   10.0000  1.7297756E-02  6.0648429E-02  2.8161124E-02
   10.2500  1.9849042E-02  7.7252571E-02  3.4172462E-02
   10.5000  2.2997056E-02  9.7627095E-02  4.0122471E-02
   10.7500  2.6733378E-02  1.1772516E-01  4.5677698E-02
   11.0000  3.1009000E-02  1.2836237E-01  5.0702985E-02
   11.2500  3.5668373E-02  1.2188387E-01  5.5138266E-02
   11.5000  4.0392088E-02  1.0232928E-01  5.8897477E-02
   11.7500  4.4551554E-02  7.9960110E-02  6.1768752E-02
   12.0000  4.7631881E-02  6.1566810E-02  6.3763000E-02
   12.2500  4.9561988E-02  4.8166871E-02  6.3970919E-02
   12.5000  5.0155100E-02  3.8694710E-02  6.2536703E-02
   12.7500  4.9654513E-02  3.2028985E-02  5.9706320E-02
   13.0000  4.8451696E-02  2.7280192E-02  5.5925204E-02
   13.2500  4.6934919E-02  2.3827819E-02  5.1699602E-02
   13.5000  4.5399434E-02  2.1260582E-02  4.7464946E-02
   13.7500  4.3608149E-02  1.9307187E-02  4.2223373E-02
   14.0000  4.2494271E-02  1.7776720E-02  3.8876269E-02
   14.2500  4.1672764E-02  1.6574198E-02  3.6063313E-02
   14.5000  4.1148360E-02  1.5617412E-02  3.3782643E-02
   14.7500  4.0907919E-02  1.4849382E-02  3.2004249E-02
   15.0000  4.0931755E-02  1.4231008E-02  3.0688910E-02
   15.2500  4.1204295E-02  1.3733856E-02  2.9799131E-02
   15.5000  4.1687540E-02  1.3338897E-02  2.9298047E-02
   15.7500  4.2363734E-02  1.3033063E-02  2.9157976E-02
   16.0000  4.3204630E-02  1.2806546E-02  2.9353965E-02
   16.2500  4.4172960E-02  1.2652707E-02  2.9859789E-02
   16.5000  4.5222762E-02  1.2567233E-02  3.0642678E-02
   16.7500  4.6294055E-02  1.2546331E-02  3.1655928E-02
   17.0000  4.7312177E-02  1.2587932E-02  3.2835104E-02
   17.2500  4.8190064E-02  1.2689779E-02  3.4097429E-02
   17.5000  4.8836286E-02  1.2850201E-02  3.5344636E-02
   17.7500  4.9167771E-02  1.3067568E-02  3.6474886E-02
   18.0000  4.9125576E-02  1.3340635E-02  3.7401135E-02
   18.2500  4.8692000E-02  1.3667952E-02  3.8064415E-02
   18.5000  4.7900007E-02  1.4048225E-02  3.8444160E-02
   18.7500  4.6827702E-02  1.4480376E-02  3.8556338E-02
   19.0000  4.5581848E-02  1.4963743E-02  3.8442284E-02
   19.2500  4.4279816E-02  1.5497510E-02  3.8158415E-02
   19.5000  4.3026110E-02  1.6080718E-02  3.7763487E-02
   19.7500  4.1900815E-02  1.6713483E-02  3.7309240E-02
   20.0000  4.0956559E-02  1.7394935E-02  3.6837596E-02
   21.0000  3.9266871E-02  2.0598725E-02  3.5267430E-02
   22.0000  4.0224806E-02  2.4548857E-02  3.4542636E-02
   23.0000  4.1901761E-02  2.9177586E-02  3.4366971E-02
   24.0000  4.1829950E-02  3.4887982E-02  3.4031614E-02
   25.0000  3.9155808E-02  3.9314709E-02  3.3253269E-02
   26.0000  3.4527936E-02  4.2182909E-02  3.1924654E-02
   27.0000  2.9865122E-02  4.3041826E-02  3.0237992E-02
   28.0000  2.6526522E-02  4.2175785E-02  2.8513052E-02
   29.0000  2.4679158E-02  4.0277783E-02  2.7119931E-02
   30.0000  2.3880922E-02  3.8012281E-02  2.6338824E-02
   31.0000  2.3651075E-02  3.5844228E-02  2.6177676E-02
   32.0000  2.3672345E-02  3.3998169E-02  2.6376784E-02
   33.0000  2.3745894E-02  3.2497094E-02  2.6634891E-02
   34.0000  2.3762261E-02  3.1265456E-02  2.6755968E-02
   35.0000  2.3638517E-02  3.0172234E-02  2.6634338E-02
   36.0000  2.3303058E-02  2.9086623E-02  2.6211288E-02
   37.0000  2.2717864E-02  2.7912136E-02  2.5445602E-02
   38.0000  2.1905856E-02  2.6597874E-02  2.4312715E-02
   39.0000  2.0963633E-02  2.5148297E-02  2.2848543E-02
   40.0000  2.0015753E-02  2.3605043E-02  2.1198925E-02
