  7709.000   27  1  1  1.9222038E-02 -4.8114026E+00 -3.6297878E-01  1  1  7.5664136E+03  8.0000000E+03  0.0000000E+00  1.1792254E+00  1.0000000E+00  0.0000000E+00  = E_edge, Z, n_edge, j_edge, Abs_before_edge, VO_interstitial, E_cut, ninit, ninit1, Epsii, UnitCell_Volume, Surface_ref, f0_forward, natomsym_f, abs_u_iso
    Energy   (100,001)      (010,001)      (001,110)   
  -25.0000  6.2022708E-09  3.6113662E-10  7.7243150E-10
  -24.0000  1.6287587E-08  6.6086862E-10  1.7455564E-09
  -23.0000  5.0271999E-08  1.2615846E-09  4.3799822E-09
  -22.0000  2.0625864E-07  2.5493152E-09  1.2901391E-08
  -21.0000  1.6923775E-06  5.6886869E-09  5.1147250E-08
  -20.0000  2.1409772E-04  3.2534149E-08  1.0057475E-06
  -19.0000  4.5100621E-06  7.7315703E-07  6.5597701E-05
  -18.0000  2.6086948E-06  7.1908677E-08  8.6856536E-07
  -17.0000  3.2313354E-06  2.2460578E-07  4.7881055E-07
  -16.0000  8.0905879E-06  1.1574267E-06  5.1409523E-07
  -15.0000  1.8134468E-03  4.0273935E-05  1.6429281E-05
  -14.0000  7.9278601E-07  1.3928222E-05  1.3739918E-06
  -13.0000  5.6130732E-07  4.0888006E-06  5.0500108E-06
  -12.0000  1.3397387E-05  3.8293835E-06  5.3927530E-03
  -11.0000  1.9717398E-05  2.9926810E-06  9.8099545E-06
  -10.0000  2.3454274E-04  5.9641775E-06  1.2782695E-05
  -9.00000  4.2643033E-03  2.4670846E-05  4.9697521E-05
  -8.00000  7.2480351E-05  8.5721839E-05  2.4702868E-05
  -7.00000  1.9067122E-03  7.8996171E-05  3.0143319E-04
  -6.00000  6.6430746E-04  4.4076582E-05  1.0793317E-04
  -5.00000  8.8275508E-04  1.8785138E-04  4.3525705E-04
  -4.00000  2.1513747E-01  1.4005027E-03  5.1380453E-04
  -3.00000  1.1180058E-03  3.9294334E-02  6.3686083E-03
  -2.00000  4.7108608E-04  2.5405779E-03  3.0242525E-04
  -1.00000  2.9545579E-04  1.3536525E-03  1.7448185E-04
   0.00000  3.2115571E-03  9.7560683E-04  1.2575595E-03
   1.00000  3.0312313E-04  8.7026160E-04  2.0080252E-04
   2.00000  3.1552370E-04  9.6462444E-04  2.4048351E-04
   3.00000  4.3805485E-04  1.2428753E-03  3.8777734E-04
   4.00000  6.7452726E-04  1.9078736E-03  7.2346990E-04
   5.00000  1.0550035E-03  3.0823544E-03  1.6275130E-03
   5.20000  1.1443172E-03  3.3724000E-03  1.9837749E-03
   5.40000  1.2338432E-03  3.6823451E-03  2.4545409E-03
   5.60000  1.3201597E-03  4.0157771E-03  3.0832546E-03
   5.80000  1.4000694E-03  4.3809073E-03  3.9262219E-03
   6.00000  1.4746422E-03  4.7923898E-03  5.0475452E-03
   6.20000  1.5620908E-03  5.2732416E-03  6.5006325E-03
   6.40000  1.7300734E-03  5.8559334E-03  8.2897853E-03
   6.60000  2.1189218E-03  6.5756988E-03  1.0313534E-02
   6.80000  2.7997780E-03  7.4561508E-03  1.2339642E-02
   7.00000  3.5685394E-03  8.4959079E-03  1.4086469E-02
   7.20000  4.2248713E-03  9.6812381E-03  1.5341637E-02
   7.40000  4.7818972E-03  1.0978730E-02  1.6032409E-02
   7.60000  5.3259590E-03  1.2406704E-02  1.6202435E-02
   7.80000  5.9076527E-03  1.3858779E-02  1.5885717E-02
   8.00000  6.5737659E-03  1.5369404E-02  1.5241950E-02
   8.20000  7.3538402E-03  1.6964856E-02  1.4459636E-02
   8.40000  8.2712958E-03  1.8708468E-02  1.3764797E-02
   8.60000  9.3458949E-03  2.0701711E-02  1.3390572E-02
   8.80000  1.0598046E-02  2.3080027E-02  1.3551855E-02
   9.00000  1.2052755E-02  2.6016522E-02  1.4431797E-02
   9.20000  1.3736101E-02  2.9707191E-02  1.6175004E-02
   9.40000  1.5688091E-02  3.4422901E-02  1.8866208E-02
   9.60000  1.7943629E-02  4.0495929E-02  2.2472620E-02
   9.80000  2.0545158E-02  4.8355525E-02  2.6807122E-02
   10.0000  2.3537603E-02  5.8520901E-02  3.1543588E-02
   10.2500  2.7892739E-02  7.5224640E-02  3.7494094E-02
   10.5000  3.2968166E-02  9.6253221E-02  4.3029808E-02
   10.7500  3.8688197E-02  1.1766755E-01  4.7956755E-02
   11.0000  4.4748967E-02  1.2940436E-01  5.2324215E-02
   11.2500  5.0520181E-02  1.2280349E-01  5.6381649E-02
   11.5000  5.5094651E-02  1.0249719E-01  6.0253701E-02
   11.7500  5.7224724E-02  7.9875630E-02  6.4075004E-02
   12.0000  5.7267384E-02  6.1598239E-02  6.6416217E-02
   12.2500  5.5651888E-02  4.8179546E-02  6.6899782E-02
   12.5000  5.2950195E-02  3.8748535E-02  6.5320501E-02
   12.7500  4.9873826E-02  3.2148767E-02  6.1978546E-02
   13.0000  4.6921483E-02  2.7468397E-02  5.7506480E-02
   13.2500  4.4362985E-02  2.4076072E-02  5.2595831E-02
   13.5000  4.2358297E-02  2.1637178E-02  4.7718388E-02
   13.7500  4.0864095E-02  1.9753901E-02  4.2750527E-02
   14.0000  3.9764976E-02  1.8238078E-02  3.9157723E-02
   14.2500  3.9073618E-02  1.7043412E-02  3.6189209E-02
   14.5000  3.8745792E-02  1.6091068E-02  3.3827501E-02
   14.7500  3.8738164E-02  1.5324652E-02  3.2028027E-02
   15.0000  3.9012281E-02  1.4705644E-02  3.0739393E-02
   15.2500  3.9535652E-02  1.4205016E-02  2.9914205E-02
   15.5000  4.0260714E-02  1.3803585E-02  2.9509156E-02
   15.7500  4.1153416E-02  1.3487896E-02  2.9492554E-02
   16.0000  4.2167838E-02  1.3249342E-02  2.9835202E-02
   16.2500  4.3245472E-02  1.3081248E-02  3.0504095E-02
   16.5000  4.4315238E-02  1.2979614E-02  3.1458278E-02
   16.7500  4.5291664E-02  1.2942142E-02  3.2640258E-02
   17.0000  4.6078216E-02  1.2966241E-02  3.3970184E-02
   17.2500  4.6583166E-02  1.3050758E-02  3.5347309E-02
   17.5000  4.6734207E-02  1.3194381E-02  3.6658829E-02
   17.7500  4.6492702E-02  1.3395814E-02  3.7796514E-02
   18.0000  4.5871394E-02  1.3653531E-02  3.8675967E-02
   18.2500  4.4932143E-02  1.3966646E-02  3.9251114E-02
   18.5000  4.3771271E-02  1.4334687E-02  3.9519161E-02
   18.7500  4.2504083E-02  1.4756129E-02  3.9511098E-02
   19.0000  4.1240943E-02  1.5230231E-02  3.9284644E-02
   19.2500  4.0072918E-02  1.5756780E-02  3.8902987E-02
   19.5000  3.9063403E-02  1.6334233E-02  3.8426177E-02
   19.7500  3.8249259E-02  1.6962640E-02  3.7906774E-02
   20.0000  3.7644857E-02  1.7641854E-02  3.7384257E-02
   21.0000  3.7194242E-02  2.0855617E-02  3.5706577E-02
   22.0000  3.8966332E-02  2.4845462E-02  3.4911922E-02
   23.0000  4.1089984E-02  3.0219898E-02  3.4593953E-02
   24.0000  4.1356917E-02  3.5219727E-02  3.4148437E-02
   25.0000  3.8809732E-02  3.9585814E-02  3.3194607E-02
   26.0000  3.4198056E-02  4.2394911E-02  3.1636730E-02
   27.0000  2.9501103E-02  4.3214105E-02  2.9683651E-02
   28.0000  2.6192841E-02  4.2310924E-02  2.7724939E-02
   29.0000  2.4437769E-02  4.0365773E-02  2.6216920E-02
   30.0000  2.3709332E-02  3.8061115E-02  2.5434682E-02
   31.0000  2.3496432E-02  3.5860897E-02  2.5283724E-02
   32.0000  2.3502763E-02  3.4005058E-02  2.5457096E-02
   33.0000  2.3544312E-02  3.2512652E-02  2.5627805E-02
   34.0000  2.3517373E-02  3.1292646E-02  2.5601321E-02
   35.0000  2.3341394E-02  3.0204970E-02  2.5264114E-02
   36.0000  2.2951246E-02  2.9113894E-02  2.4541347E-02
   37.0000  2.2331491E-02  2.7922625E-02  2.3400582E-02
   38.0000  2.1538732E-02  2.6584414E-02  2.1888524E-02
   39.0000  2.0680202E-02  2.5107517E-02  2.0186912E-02
   40.0000  1.9862177E-02  2.3540396E-02  1.8632099E-02
