  7709.000   27  1  1  1.9222038E-02 -4.6094266E+00 -2.7927250E-01  1  1  7.5664944E+03  8.0000000E+03  0.0000000E+00  1.1792254E+00  1.0000000E+00  0.0000000E+00  = E_edge, Z, n_edge, j_edge, Abs_before_edge, VO_interstitial, E_cut, ninit, ninit1, Epsii, UnitCell_Volume, Surface_ref, f0_forward, natomsym_f, abs_u_iso
    Energy   (100,001)      (010,001)      (001,110)   
  -25.0000  5.5176603E-09  3.6147505E-10  9.7329599E-10
  -24.0000  1.4044650E-08  6.6217675E-10  2.2213238E-09
  -23.0000  4.1277402E-08  1.2669856E-09  5.6374422E-09
  -22.0000  1.5467931E-07  2.5749461E-09  1.6835870E-08
  -21.0000  9.9880817E-07  5.8734460E-09  6.8209742E-08
  -20.0000  1.6573630E-04  7.5727447E-08  2.0935697E-06
  -19.0000  8.1676055E-05  1.1571354E-06  1.0186902E-04
  -18.0000  3.1982741E-06  7.1951846E-08  1.2440961E-06
  -17.0000  3.2564179E-06  2.1650347E-07  7.4276357E-07
  -16.0000  6.1005816E-06  1.0757886E-06  1.0587233E-06
  -15.0000  2.2705446E-04  2.5844917E-05  3.1538078E-04
  -14.0000  2.3637540E-06  1.6709090E-05  4.1346012E-06
  -13.0000  6.4519725E-07  4.4531339E-06  1.0364921E-05
  -12.0000  1.6414196E-05  5.6449383E-06  6.8441199E-03
  -11.0000  2.2541477E-05  3.3238794E-06  1.3430466E-05
  -10.0000  2.3664801E-04  6.9481813E-06  9.4130321E-06
  -9.00000  1.6335474E-02  7.2679288E-05  9.2979785E-05
  -8.00000  3.8360264E-04  3.8090387E-05  2.0629586E-05
  -7.00000  1.2907080E-03  1.9533367E-04  3.0674830E-03
  -6.00000  9.4199480E-04  4.2844670E-05  2.7677898E-04
  -5.00000  2.1791315E-02  4.4794449E-04  5.2649419E-03
  -4.00000  5.8113954E-03  1.2618807E-03  2.6128116E-04
  -3.00000  4.7038651E-04  1.6408771E-02  1.6197907E-03
  -2.00000  3.3048419E-04  3.0971674E-03  5.0265334E-04
  -1.00000  2.4247846E-04  1.3890272E-03  1.6792278E-04
   0.00000  6.7115821E-03  1.4414979E-03  5.9193714E-03
   1.00000  1.1012385E-03  1.0504083E-03  1.0364214E-03
   2.00000  4.6181457E-04  1.0337956E-03  4.0479442E-04
   3.00000  5.8013334E-04  1.4043312E-03  5.4418003E-04
   4.00000  8.9245208E-04  2.2980944E-03  1.0002367E-03
   5.00000  1.4525620E-03  3.8489194E-03  2.9121434E-03
   5.20000  1.5554542E-03  4.2348134E-03  3.9547230E-03
   5.40000  1.6523065E-03  4.6642962E-03  5.5256984E-03
   5.60000  1.8487815E-03  5.1790981E-03  7.7230153E-03
   5.80000  2.2730395E-03  5.8505489E-03  1.0091093E-02
   6.00000  2.7961658E-03  6.7072677E-03  1.1408273E-02
   6.20000  3.2135397E-03  7.6600500E-03  1.1149417E-02
   6.40000  3.5394671E-03  8.6211730E-03  1.0139402E-02
   6.60000  3.8565470E-03  9.5853001E-03  9.1728717E-03
   6.80000  4.2124182E-03  1.0568076E-02  8.4425930E-03
   7.00000  4.6039648E-03  1.1565417E-02  7.7724777E-03
   7.20000  5.0482290E-03  1.2584919E-02  7.1416399E-03
   7.40000  5.5852980E-03  1.3522383E-02  6.6173966E-03
   7.60000  6.2657431E-03  1.4452020E-02  6.1992278E-03
   7.80000  7.1268170E-03  1.5490145E-02  5.9302166E-03
   8.00000  8.2214722E-03  1.6772395E-02  5.8994772E-03
   8.20000  9.6252726E-03  1.8397654E-02  6.1945220E-03
   8.40000  1.1431719E-02  2.0446590E-02  6.8993422E-03
   8.60000  1.3734670E-02  2.3010888E-02  8.1095996E-03
   8.80000  1.6555970E-02  2.6203467E-02  9.9105952E-03
   9.00000  1.9672749E-02  3.0163609E-02  1.2268669E-02
   9.20000  2.2415640E-02  3.5073426E-02  1.4841633E-02
   9.40000  2.3890890E-02  4.1189658E-02  1.6987609E-02
   9.60000  2.3875023E-02  4.8926805E-02  1.8327982E-02
   9.80000  2.3122307E-02  5.8817898E-02  1.9167828E-02
   10.0000  2.2505274E-02  7.1324043E-02  2.0076082E-02
   10.2500  2.2510657E-02  9.0480154E-02  2.1829568E-02
   10.5000  2.3423952E-02  1.1037848E-01  2.4420123E-02
   10.7500  2.5064817E-02  1.2272679E-01  2.7693950E-02
   11.0000  2.7208142E-02  1.1956455E-01  3.1282924E-02
   11.2500  2.9601612E-02  1.0329033E-01  3.4840921E-02
   11.5000  3.1749792E-02  8.3523411E-02  3.7995645E-02
   11.7500  3.3699651E-02  6.6168934E-02  4.1183751E-02
   12.0000  3.5204441E-02  5.2859405E-02  4.4190760E-02
   12.2500  3.6140518E-02  4.3165022E-02  4.6862128E-02
   12.5000  3.6588678E-02  3.6157257E-02  4.9062935E-02
   12.7500  3.6721515E-02  3.1040722E-02  5.0601453E-02
   13.0000  3.6722742E-02  2.7235258E-02  5.1266751E-02
   13.2500  3.6730080E-02  2.4339192E-02  5.0925805E-02
   13.5000  3.6816753E-02  2.2081689E-02  4.9616367E-02
   13.7500  3.6719254E-02  2.0313732E-02  4.7282267E-02
   14.0000  3.6975636E-02  1.8853692E-02  4.4689323E-02
   14.2500  3.7375359E-02  1.7642844E-02  4.2046355E-02
   14.5000  3.7860306E-02  1.6647270E-02  3.9592324E-02
   14.7500  3.8434243E-02  1.5827171E-02  3.7476427E-02
   15.0000  3.9103677E-02  1.5153090E-02  3.5771540E-02
   15.2500  3.9873222E-02  1.4604260E-02  3.4500994E-02
   15.5000  4.0746667E-02  1.4166218E-02  3.3662189E-02
   15.7500  4.1698704E-02  1.3827094E-02  3.3236005E-02
   16.0000  4.2713296E-02  1.3579439E-02  3.3201465E-02
   16.2500  4.3751779E-02  1.3417518E-02  3.3531997E-02
   16.5000  4.4757099E-02  1.3336342E-02  3.4191675E-02
   16.7500  4.5656061E-02  1.3332274E-02  3.5133171E-02
   17.0000  4.6362846E-02  1.3402381E-02  3.6291190E-02
   17.2500  4.6789883E-02  1.3544576E-02  3.7579616E-02
   17.5000  4.6859745E-02  1.3756293E-02  3.8898255E-02
   17.7500  4.6529496E-02  1.4035216E-02  4.0136760E-02
   18.0000  4.5803174E-02  1.4378774E-02  4.1194211E-02
   18.2500  4.4733561E-02  1.4784543E-02  4.1994229E-02
   18.5000  4.3414367E-02  1.5250640E-02  4.2496183E-02
   18.7500  4.1962108E-02  1.5775276E-02  4.2698002E-02
   19.0000  4.0493723E-02  1.6357106E-02  4.2629341E-02
   19.2500  3.9109731E-02  1.6994451E-02  4.2341369E-02
   19.5000  3.7884924E-02  1.7686282E-02  4.1894472E-02
   19.7500  3.6867797E-02  1.8431414E-02  4.1347315E-02
   20.0000  3.6082661E-02  1.9227868E-02  4.0749771E-02
   21.0000  3.5200338E-02  2.2873056E-02  3.8515410E-02
   22.0000  3.6908062E-02  2.7044221E-02  3.7054085E-02
   23.0000  3.9312767E-02  3.1417722E-02  3.6146683E-02
   24.0000  4.0808057E-02  3.5662606E-02  3.5243685E-02
   25.0000  4.0489439E-02  3.9211812E-02  3.3994732E-02
   26.0000  3.8077784E-02  4.1398658E-02  3.2357527E-02
   27.0000  3.4296309E-02  4.1856419E-02  3.0481582E-02
   28.0000  3.0536678E-02  4.0787926E-02  2.8664868E-02
   29.0000  2.7686542E-02  3.8821437E-02  2.7260754E-02
   30.0000  2.5855537E-02  3.6599293E-02  2.6485287E-02
   31.0000  2.4814473E-02  3.4527616E-02  2.6271794E-02
   32.0000  2.4286072E-02  3.2765758E-02  2.6385521E-02
   33.0000  2.4172305E-02  3.1181020E-02  2.6675164E-02
   34.0000  2.4091390E-02  3.0004714E-02  2.6782633E-02
   35.0000  2.4083589E-02  2.8963395E-02  2.6729909E-02
   36.0000  2.4095373E-02  2.7950363E-02  2.6475565E-02
   37.0000  2.4082948E-02  2.6877631E-02  2.6008456E-02
   38.0000  2.4016821E-02  2.5693332E-02  2.5389858E-02
   39.0000  2.3871349E-02  2.4388262E-02  2.4745683E-02
   40.0000  2.3608178E-02  2.2991985E-02  2.4170368E-02
