  7709.000   27  1  1  1.9222038E-02 -5.1554200E+00 -3.7215845E-01  1  1  7.5665728E+03  8.0000000E+03  0.0000000E+00  1.1792254E+00  1.0000000E+00  0.0000000E+00  = E_edge, Z, n_edge, j_edge, Abs_before_edge, VO_interstitial, E_cut, ninit, ninit1, Epsii, UnitCell_Volume, Surface_ref, f0_forward, natomsym_f, abs_u_iso
    Energy   (100,001)      (010,001)      (001,110)   
  -25.0000  1.1659149E-08  3.8974171E-10  1.0032979E-09
  -24.0000  3.5622752E-08  7.1492818E-10  2.3986473E-09
  -23.0000  1.4655413E-07  1.3713679E-09  6.5882414E-09
  -22.0000  1.3469375E-06  2.8111033E-09  2.2914616E-08
  -21.0000  9.1956028E-04  7.7463074E-09  1.4190954E-07
  -20.0000  2.6445676E-06  1.3651983E-07  1.3797750E-05
  -19.0000  1.4787565E-06  3.2407320E-08  7.3417592E-07
  -18.0000  1.6162127E-06  7.8405299E-08  2.9115636E-07
  -17.0000  2.9252415E-06  2.6857274E-07  2.4857949E-07
  -16.0000  1.9464581E-05  1.4932636E-06  3.1932219E-07
  -15.0000  3.6179374E-06  7.7450697E-05  1.4306575E-06
  -14.0000  2.2306468E-07  1.1212547E-05  1.0863290E-06
  -13.0000  1.3959998E-06  3.8645749E-06  6.7819000E-06
  -12.0000  6.8809748E-06  2.9372843E-06  3.4913426E-05
  -11.0000  4.5872492E-05  2.8544981E-06  6.9304445E-06
  -10.0000  4.6762629E-03  2.2858882E-05  1.8563393E-05
  -9.00000  1.5230001E-04  1.8503200E-05  1.9585871E-06
  -8.00000  1.0606628E-03  9.0482448E-05  3.4856199E-06
  -7.00000  2.7560869E-04  6.5484143E-05  1.7183560E-04
  -6.00000  5.6484846E-04  5.3507043E-05  7.2910797E-05
  -5.00000  3.2178102E-04  2.2418783E-04  4.1301598E-04
  -4.00000  2.6322077E-03  2.5976088E-03  3.5336038E-04
  -3.00000  3.3647644E-03  1.3589468E-02  6.6897804E-04
  -2.00000  2.0735906E-03  3.1975178E-03  7.0333737E-04
  -1.00000  3.9433989E-04  1.3313837E-03  1.6824049E-04
   0.00000  3.8713151E-03  1.1304535E-03  1.3171137E-03
   1.00000  3.5063619E-04  8.8127769E-04  1.6510382E-04
   2.00000  3.8244617E-04  1.0070626E-03  2.2273124E-04
   3.00000  5.4807407E-04  1.3444045E-03  3.7651977E-04
   4.00000  8.9829426E-04  2.0989883E-03  7.4389770E-04
   5.00000  1.6036996E-03  3.4102720E-03  1.7041505E-03
   5.20000  1.8166598E-03  3.7637938E-03  2.0611886E-03
   5.40000  2.0649739E-03  4.1629769E-03  2.5180553E-03
   5.60000  2.3569979E-03  4.6196627E-03  3.1085158E-03
   5.80000  2.7045532E-03  5.1501573E-03  3.8777692E-03
   6.00000  3.1246124E-03  5.7769563E-03  4.8844486E-03
   6.20000  3.6405401E-03  6.5310310E-03  6.2003562E-03
   6.40000  4.2837368E-03  7.4534197E-03  7.9037447E-03
   6.60000  5.0900132E-03  8.5881516E-03  1.0054586E-02
   6.80000  6.0915734E-03  9.9706310E-03  1.2642397E-02
   7.00000  7.3122086E-03  1.1603154E-02  1.5505182E-02
   7.20000  8.8101175E-03  1.3531598E-02  1.8260677E-02
   7.40000  1.0727851E-02  1.5490478E-02  2.0507788E-02
   7.60000  1.3403710E-02  1.7477879E-02  2.1945806E-02
   7.80000  1.6910716E-02  1.9502805E-02  2.2647889E-02
   8.00000  1.9793505E-02  2.1643375E-02  2.2972387E-02
   8.20000  2.0005061E-02  2.3967581E-02  2.3355940E-02
   8.40000  1.7064605E-02  2.6509127E-02  2.4142065E-02
   8.60000  1.7215427E-02  2.9349392E-02  2.5509196E-02
   8.80000  1.8686246E-02  3.2624406E-02  2.7777286E-02
   9.00000  2.1119855E-02  3.6527590E-02  3.1363724E-02
   9.20000  2.4362957E-02  4.1311843E-02  3.6649141E-02
   9.40000  2.8417428E-02  4.7351983E-02  4.3796253E-02
   9.60000  3.3336772E-02  5.5217008E-02  5.2440051E-02
   9.80000  3.9132977E-02  6.5659965E-02  6.1357685E-02
   10.0000  4.5672172E-02  7.9228842E-02  6.8684768E-02
   10.2500  5.4276761E-02  9.9328122E-02  7.3537141E-02
   10.5000  6.2036222E-02  1.1655362E-01  7.3845519E-02
   10.7500  6.7241283E-02  1.2146560E-01  7.1620287E-02
   11.0000  6.8769478E-02  1.1148662E-01  6.8485969E-02
   11.2500  6.6774152E-02  9.3410541E-02  6.5120083E-02
   11.5000  6.0285245E-02  7.4893942E-02  6.2191610E-02
   11.7500  5.5268212E-02  5.9186931E-02  5.8724740E-02
   12.0000  5.0374656E-02  4.7173951E-02  5.5018990E-02
   12.2500  4.6110695E-02  3.8314505E-02  5.1173246E-02
   12.5000  4.2648718E-02  3.1850650E-02  4.7324654E-02
   12.7500  3.9978764E-02  2.7127501E-02  4.3621749E-02
   13.0000  3.8054179E-02  2.3729010E-02  3.9358668E-02
   13.2500  3.6511379E-02  2.0802016E-02  3.5558808E-02
   13.5000  3.5547018E-02  1.8840292E-02  3.3242249E-02
   13.7500  3.5018763E-02  1.7329999E-02  3.1318867E-02
   14.0000  3.4856349E-02  1.6149309E-02  2.9782938E-02
   14.2500  3.4998636E-02  1.5214660E-02  2.8619325E-02
   14.5000  3.5391947E-02  1.4468625E-02  2.7807101E-02
   14.7500  3.5987606E-02  1.3871452E-02  2.7323797E-02
   15.0000  3.6741886E-02  1.3395624E-02  2.7150315E-02
   15.2500  3.7602270E-02  1.3020694E-02  2.7266025E-02
   15.5000  3.8522146E-02  1.2733252E-02  2.7652467E-02
   15.7500  3.9447732E-02  1.2524228E-02  2.8283722E-02
   16.0000  4.0318878E-02  1.2386749E-02  2.9125009E-02
   16.2500  4.1069345E-02  1.2316682E-02  3.0125156E-02
   16.5000  4.1630513E-02  1.2310575E-02  3.1215494E-02
   16.7500  4.1938794E-02  1.2365959E-02  3.2314534E-02
   17.0000  4.1943600E-02  1.2481366E-02  3.3331696E-02
   17.2500  4.1620595E-02  1.2655101E-02  3.4186824E-02
   17.5000  4.0974585E-02  1.2885714E-02  3.4819797E-02
   17.7500  4.0043077E-02  1.3171622E-02  3.5203820E-02
   18.0000  3.8893879E-02  1.3511687E-02  3.5342829E-02
   18.2500  3.7612866E-02  1.3905364E-02  3.5265217E-02
   18.5000  3.6292653E-02  1.4351817E-02  3.5017157E-02
   18.7500  3.5019282E-02  1.4850975E-02  3.4646981E-02
   19.0000  3.3860139E-02  1.5403323E-02  3.4200446E-02
   19.2500  3.2865163E-02  1.6009174E-02  3.3715559E-02
   19.5000  3.2063471E-02  1.6668276E-02  3.3222326E-02
   19.7500  3.1468765E-02  1.7380854E-02  3.2743049E-02
   20.0000  3.1083311E-02  1.8146839E-02  3.2292287E-02
   21.0000  3.1422413E-02  2.1756574E-02  3.0938646E-02
   22.0000  3.3548039E-02  2.6734760E-02  3.0336359E-02
   23.0000  3.5196180E-02  3.2180308E-02  3.0222658E-02
   24.0000  3.3780101E-02  3.7603434E-02  3.0189404E-02
   25.0000  2.9923033E-02  4.1798020E-02  2.9664139E-02
   26.0000  2.6317805E-02  4.3779941E-02  2.8484580E-02
   27.0000  2.4275073E-02  4.3424833E-02  2.6960215E-02
   28.0000  2.3570749E-02  4.1479123E-02  2.5622961E-02
   29.0000  2.3585520E-02  3.8871916E-02  2.4875617E-02
   30.0000  2.3870946E-02  3.6269827E-02  2.4741608E-02
   31.0000  2.4201417E-02  3.4013098E-02  2.4948864E-02
   32.0000  2.4480545E-02  3.2207661E-02  2.5195308E-02
   33.0000  2.4668509E-02  3.0822365E-02  2.5284948E-02
   34.0000  2.4717423E-02  2.9692032E-02  2.5105002E-02
   35.0000  2.4625813E-02  2.8644689E-02  2.4604404E-02
   36.0000  2.4433385E-02  2.7539067E-02  2.3758853E-02
   37.0000  2.4194240E-02  2.6289611E-02  2.2619964E-02
   38.0000  2.3927537E-02  2.4875524E-02  2.1393343E-02
   39.0000  2.3619356E-02  2.3342339E-02  2.0452085E-02
   40.0000  2.3263757E-02  2.1785978E-02  2.0161929E-02
