  7709.000   27  1  1  1.9222038E-02 -4.9229194E+00 -3.6513508E-01  1  1  7.5664429E+03  8.0000000E+03  0.0000000E+00  1.1792254E+00  1.0000000E+00  0.0000000E+00  = E_edge, Z, n_edge, j_edge, Abs_before_edge, VO_interstitial, E_cut, ninit, ninit1, Epsii, UnitCell_Volume, Surface_ref, f0_forward, natomsym_f, abs_u_iso
    Energy   (100,001)      (010,001)      (001,110)   
  -25.0000  4.7152416E-09  3.6307306E-10  9.2024197E-10
  -24.0000  1.1501411E-08  6.6891924E-10  2.0433500E-09
  -23.0000  3.1556233E-08  1.2859188E-09  4.9631222E-09
  -22.0000  1.0401897E-07  2.6160557E-09  1.3719217E-08
  -21.0000  4.8290717E-07  5.8106547E-09  4.6705368E-08
  -20.0000  6.0676603E-06  1.5879767E-08  2.4183003E-07
  -19.0000  3.0768584E-05  1.2914666E-07  5.4795598E-06
  -18.0000  6.0375307E-06  1.2279426E-07  4.4614820E-06
  -17.0000  4.1440631E-06  2.1613356E-07  1.2966963E-06
  -16.0000  5.4927964E-06  9.9833989E-07  1.1547872E-06
  -15.0000  1.4177741E-05  1.8115476E-05  2.4495041E-06
  -14.0000  2.7603457E-03  2.2385988E-05  1.7577295E-05
  -13.0000  8.2800531E-07  5.0578186E-06  7.8401006E-06
  -12.0000  3.1476092E-06  3.9756777E-06  7.5478726E-05
  -11.0000  2.0666802E-05  3.0271114E-06  8.0488415E-05
  -10.0000  1.3966756E-04  4.2980679E-06  1.5854855E-05
  -9.00000  1.8210242E-02  6.1759884E-05  1.5272403E-04
  -8.00000  7.3173073E-04  4.0552831E-05  3.5067160E-05
  -7.00000  5.5517241E-04  8.1507994E-05  1.2426941E-04
  -6.00000  2.8488487E-03  3.7572921E-05  9.0506429E-04
  -5.00000  2.7926091E-02  8.9211398E-04  3.2699185E-02
  -4.00000  2.9693004E-03  8.2766306E-04  1.4892829E-04
  -3.00000  5.9571440E-04  4.3079157E-02  3.0968551E-03
  -2.00000  6.1567337E-04  4.1515507E-03  8.1570993E-04
  -1.00000  2.8505824E-04  1.6363627E-03  2.2615431E-04
   0.00000  3.5269996E-04  1.2505287E-03  4.2323677E-04
   1.00000  1.7478148E-02  1.1501833E-03  4.8877530E-03
   2.00000  5.6155613E-04  1.0920269E-03  3.9138722E-04
   3.00000  6.9930778E-04  1.5105468E-03  5.3154026E-04
   4.00000  1.0754219E-03  2.6141231E-03  8.9042808E-04
   5.00000  1.4608162E-03  4.5453151E-03  2.1396018E-03
   5.20000  1.5070644E-03  5.0225850E-03  2.8074517E-03
   5.40000  1.5567023E-03  5.5531801E-03  3.8427827E-03
   5.60000  1.6723162E-03  6.1758503E-03  5.4487380E-03
   5.80000  1.9942740E-03  6.9561396E-03  7.7756077E-03
   6.00000  2.5489666E-03  7.9154366E-03  1.0292712E-02
   6.20000  3.0223159E-03  8.8484678E-03  1.1252612E-02
   6.40000  3.2633806E-03  9.5006100E-03  1.0025271E-02
   6.60000  3.3761748E-03  9.9593411E-03  8.1603748E-03
   6.80000  3.4534830E-03  1.0406639E-02  6.6957571E-03
   7.00000  3.5339983E-03  1.0910614E-02  5.7317837E-03
   7.20000  3.6210343E-03  1.1465528E-02  5.1056797E-03
   7.40000  3.7126409E-03  1.2048708E-02  4.6620529E-03
   7.60000  3.8140552E-03  1.2696435E-02  4.3055542E-03
   7.80000  3.9337539E-03  1.3444041E-02  4.0089619E-03
   8.00000  4.0739660E-03  1.4347527E-02  3.7744920E-03
   8.20000  4.2365276E-03  1.5455263E-02  3.6186997E-03
   8.40000  4.4243401E-03  1.6799310E-02  3.5560511E-03
   8.60000  4.6411525E-03  1.8399635E-02  3.5934300E-03
   8.80000  4.8893920E-03  2.0276212E-02  3.7319732E-03
   9.00000  5.1700820E-03  2.2448439E-02  3.9710059E-03
   9.20000  5.4835959E-03  2.4956880E-02  4.3128228E-03
   9.40000  5.8293156E-03  2.7857410E-02  4.7637220E-03
   9.60000  6.2061001E-03  3.1224708E-02  5.3342085E-03
   9.80000  6.6135710E-03  3.5147884E-02  6.0383454E-03
   10.0000  7.0533510E-03  3.9715773E-02  6.8906585E-03
   10.2500  7.6547051E-03  4.6437665E-02  8.1804406E-03
   10.5000  8.3261989E-03  5.4274130E-02  9.7176805E-03
   10.7500  9.0852225E-03  6.2893863E-02  1.1459949E-02
   11.0000  9.9489614E-03  7.1431163E-02  1.3310386E-02
   11.2500  1.0931095E-02  7.8458417E-02  1.5126574E-02
   11.5000  1.2010247E-02  8.2513779E-02  1.6616442E-02
   11.7500  1.3219632E-02  8.2616432E-02  1.7924303E-02
   12.0000  1.4523770E-02  7.8755925E-02  1.9099567E-02
   12.2500  1.5885728E-02  7.2260572E-02  2.0134110E-02
   12.5000  1.7271887E-02  6.4595195E-02  2.1127782E-02
   12.7500  1.8657322E-02  5.6917398E-02  2.2160962E-02
   13.0000  1.9995939E-02  4.9656474E-02  2.2811627E-02
   13.2500  2.1337229E-02  4.3799936E-02  2.3248974E-02
   13.5000  2.2695099E-02  3.8830673E-02  2.4642206E-02
   13.7500  2.4085267E-02  3.4695160E-02  2.6142215E-02
   14.0000  2.5511824E-02  3.1294352E-02  2.7683499E-02
   14.2500  2.6973039E-02  2.8513795E-02  2.9189800E-02
   14.5000  2.8465721E-02  2.6242277E-02  3.0586695E-02
   14.7500  2.9988530E-02  2.4381212E-02  3.1816937E-02
   15.0000  3.1544547E-02  2.2845269E-02  3.2851927E-02
   15.2500  3.3146471E-02  2.1571975E-02  3.3698275E-02
   15.5000  3.4792782E-02  2.0503246E-02  3.4391717E-02
   15.7500  3.6497049E-02  1.9607887E-02  3.5000310E-02
   16.0000  3.8258358E-02  1.8861501E-02  3.5603153E-02
   16.2500  4.0066047E-02  1.8248359E-02  3.6284952E-02
   16.5000  4.1894926E-02  1.7757394E-02  3.7123043E-02
   16.7500  4.3708292E-02  1.7379075E-02  3.8186769E-02
   17.0000  4.5458888E-02  1.7105062E-02  3.9531888E-02
   17.2500  4.7090354E-02  1.6928412E-02  4.1200420E-02
   17.5000  4.8540209E-02  1.6841995E-02  4.3214465E-02
   17.7500  4.9745627E-02  1.6839471E-02  4.5570432E-02
   18.0000  5.0649622E-02  1.6914955E-02  4.8228645E-02
   18.2500  5.1208037E-02  1.7064634E-02  5.1098705E-02
   18.5000  5.1394818E-02  1.7283161E-02  5.4035458E-02
   18.7500  5.1212743E-02  1.7566340E-02  5.6835240E-02
   19.0000  5.0694873E-02  1.7908819E-02  5.9260704E-02
   19.2500  4.9902990E-02  1.8308238E-02  6.1086022E-02
   19.5000  4.8918894E-02  1.8761115E-02  6.2148211E-02
   19.7500  4.7834465E-02  1.9264515E-02  6.2390654E-02
   20.0000  4.6738263E-02  1.9814456E-02  6.1867673E-02
   21.0000  4.3493047E-02  2.2451660E-02  5.5375580E-02
   22.0000  4.3139035E-02  2.5735821E-02  4.8411596E-02
   23.0000  4.4910954E-02  2.9494110E-02  4.3682934E-02
   24.0000  4.6901311E-02  3.3248192E-02  4.0544496E-02
   25.0000  4.7917443E-02  3.6369150E-02  3.8273932E-02
   26.0000  4.7732058E-02  3.8424391E-02  3.6529377E-02
   27.0000  4.5977546E-02  3.9363670E-02  3.5085459E-02
   28.0000  4.2416117E-02  3.9307962E-02  3.3657582E-02
   29.0000  3.7741848E-02  3.8455813E-02  3.2080826E-02
   30.0000  3.3274304E-02  3.7120125E-02  3.0492524E-02
   31.0000  2.9876149E-02  3.5656708E-02  2.9182029E-02
   32.0000  2.7452701E-02  3.4097343E-02  2.8251321E-02
   33.0000  2.6305754E-02  3.3039274E-02  2.7826834E-02
   34.0000  2.5690061E-02  3.2218288E-02  2.7653997E-02
   35.0000  2.5423554E-02  3.1559273E-02  2.7633834E-02
   36.0000  2.5406120E-02  3.0962202E-02  2.7690965E-02
   37.0000  2.5576936E-02  3.0320747E-02  2.7765776E-02
   38.0000  2.5879046E-02  2.9544056E-02  2.7804208E-02
   39.0000  2.6233778E-02  2.8565427E-02  2.7757789E-02
   40.0000  2.6524861E-02  2.7344340E-02  2.7587697E-02
