  7709.000   27  1  1  1.9222038E-02 -4.8854062E+00 -3.4833716E-01  1  1  7.5662933E+03  8.0000000E+03  0.0000000E+00  1.1792254E+00  1.0000000E+00  0.0000000E+00  = E_edge, Z, n_edge, j_edge, Abs_before_edge, VO_interstitial, E_cut, ninit, ninit1, Epsii, UnitCell_Volume, Surface_ref, f0_forward, natomsym_f, abs_u_iso
    Energy   (100,001)      (010,001)      (001,110)   
  -25.0000  8.1177484E-09  3.4888203E-10  8.5070770E-10
  -24.0000  2.1952291E-08  6.4582177E-10  1.9318738E-09
  -23.0000  7.0895697E-08  1.2470848E-09  4.8822256E-09
  -22.0000  3.1638568E-07  2.5553017E-09  1.4528145E-08
  -21.0000  3.3542712E-06  5.9248302E-09  5.8475200E-08
  -20.0000  4.3855210E-05  2.1061232E-08  4.7830151E-07
  -19.0000  7.4223507E-06  5.4514904E-07  4.8489375E-05
  -18.0000  3.4624877E-06  7.4869393E-08  1.0080671E-06
  -17.0000  5.0882240E-06  2.3574434E-07  6.2165559E-07
  -16.0000  1.8882229E-05  1.2599776E-06  1.0098680E-06
  -15.0000  9.0910759E-05  4.2354007E-05  6.1889333E-06
  -14.0000  1.7413418E-06  1.2644549E-05  2.3721672E-06
  -13.0000  3.2522448E-07  3.9804765E-06  1.0800187E-05
  -12.0000  4.1902834E-05  2.7799886E-06  3.1480768E-04
  -11.0000  1.2628499E-05  2.9504238E-06  1.1004085E-05
  -10.0000  1.6900867E-04  9.2204052E-06  2.6094748E-05
  -9.00000  4.1794341E-04  6.5420494E-05  2.2715614E-05
  -8.00000  3.0577442E-05  4.2728801E-04  2.9122959E-04
  -7.00000  1.1836319E-03  9.2494755E-05  1.2828135E-04
  -6.00000  6.4149854E-04  4.3078137E-05  3.4882540E-05
  -5.00000  1.0488650E-02  2.3447519E-04  5.8484989E-03
  -4.00000  1.1192698E-01  1.2284342E-01  2.5536079E+00
  -3.00000  3.3379084E-03  3.0647639E-02  1.1912529E-02
  -2.00000  7.4096244E-04  2.5427996E-03  5.4143563E-04
  -1.00000  4.1188025E-04  1.2216142E-03  2.0407087E-04
   0.00000  5.0917309E-03  1.0610337E-03  1.7178577E-03
   1.00000  3.9525780E-04  8.4378442E-04  2.6560078E-04
   2.00000  3.6382871E-04  9.6457965E-04  3.0783075E-04
   3.00000  4.7093511E-04  1.3040638E-03  5.1413525E-04
   4.00000  6.7473716E-04  2.0647883E-03  9.8842478E-04
   5.00000  9.6499757E-04  3.2616251E-03  2.2532178E-03
   5.20000  1.0229567E-03  3.5513035E-03  2.7495656E-03
   5.40000  1.0763043E-03  3.8680766E-03  3.3978788E-03
   5.60000  1.1247181E-03  4.2247822E-03  4.2456260E-03
   5.80000  1.1738174E-03  4.6432526E-03  5.3460955E-03
   6.00000  1.2448968E-03  5.1521920E-03  6.7448727E-03
   6.20000  1.3960462E-03  5.7889941E-03  8.4530889E-03
   6.40000  1.7377714E-03  6.5925958E-03  1.0390236E-02
   6.60000  2.3573537E-03  7.5928167E-03  1.2317017E-02
   6.80000  3.1261199E-03  8.8211690E-03  1.3900974E-02
   7.00000  3.7925667E-03  1.0261563E-02  1.5074752E-02
   7.20000  4.2865720E-03  1.1933834E-02  1.5877147E-02
   7.40000  4.6828076E-03  1.3829183E-02  1.6332585E-02
   7.60000  5.0623473E-03  1.5932062E-02  1.6427184E-02
   7.80000  5.4773669E-03  1.8222279E-02  1.6163773E-02
   8.00000  5.9603987E-03  2.0693424E-02  1.5602809E-02
   8.20000  6.5335059E-03  2.3383715E-02  1.4881694E-02
   8.40000  7.2149870E-03  2.6415747E-02  1.4207303E-02
   8.60000  8.0211544E-03  3.0019808E-02  1.3820852E-02
   8.80000  8.9707104E-03  3.4544271E-02  1.3959011E-02
   9.00000  1.0087728E-02  4.0411896E-02  1.4836507E-02
   9.20000  1.1405564E-02  4.8119921E-02  1.6605030E-02
   9.40000  1.2958842E-02  5.8175856E-02  1.9325877E-02
   9.60000  1.4778422E-02  7.1029452E-02  2.2936114E-02
   9.80000  1.6906363E-02  8.6916296E-02  2.7286715E-02
   10.0000  1.9372948E-02  1.0532996E-01  3.2182167E-02
   10.2500  2.2967323E-02  1.2798531E-01  3.8741927E-02
   10.5000  2.7122050E-02  1.3978168E-01  4.5191345E-02
   10.7500  3.1772089E-02  1.3100795E-01  5.0738756E-02
   11.0000  3.6775108E-02  1.0731097E-01  5.5138721E-02
   11.2500  4.1780633E-02  8.2028715E-02  5.8718239E-02
   11.5000  4.6210525E-02  6.1934800E-02  6.1709287E-02
   11.7500  4.8830738E-02  4.6911089E-02  6.4694789E-02
   12.0000  5.0386608E-02  3.7244668E-02  6.6563827E-02
   12.2500  5.0635233E-02  3.0546404E-02  6.7309099E-02
   12.5000  4.9911558E-02  2.5842041E-02  6.6661867E-02
   12.7500  4.8586346E-02  2.2483310E-02  6.4488447E-02
   13.0000  4.6741996E-02  2.0214045E-02  5.9032095E-02
   13.2500  4.5130018E-02  1.8354255E-02  5.4523340E-02
   13.5000  4.3612635E-02  1.6950605E-02  4.9802751E-02
   13.7500  4.2328678E-02  1.5871918E-02  4.5309972E-02
   14.0000  4.1357563E-02  1.5031921E-02  4.1313666E-02
   14.2500  4.0735387E-02  1.4370940E-02  3.7933547E-02
   14.5000  4.0467976E-02  1.3848140E-02  3.5191057E-02
   14.7500  4.0545237E-02  1.3434438E-02  3.3056093E-02
   15.0000  4.0948680E-02  1.3108776E-02  3.1478740E-02
   15.2500  4.1654233E-02  1.2855788E-02  3.0406078E-02
   15.5000  4.2617829E-02  1.2666314E-02  2.9783497E-02
   15.7500  4.3799533E-02  1.2533830E-02  2.9564080E-02
   16.0000  4.5138245E-02  1.2454400E-02  2.9698737E-02
   16.2500  4.6555032E-02  1.2427448E-02  3.0130102E-02
   16.5000  4.7946321E-02  1.2452193E-02  3.0786032E-02
   16.7500  4.9188151E-02  1.2530999E-02  3.1579066E-02
   17.0000  5.0147626E-02  1.2666008E-02  3.2407842E-02
   17.2500  5.0703853E-02  1.2860140E-02  3.3170960E-02
   17.5000  5.0774388E-02  1.3114739E-02  3.3781461E-02
   17.7500  5.0340292E-02  1.3431688E-02  3.4184222E-02
   18.0000  4.9449963E-02  1.3812469E-02  3.4360620E-02
   18.2500  4.8211159E-02  1.4257035E-02  3.4324618E-02
   18.5000  4.6768151E-02  1.4764398E-02  3.4112056E-02
   18.7500  4.5268977E-02  1.5333872E-02  3.3768832E-02
   19.0000  4.3840254E-02  1.5964089E-02  3.3342494E-02
   19.2500  4.2573487E-02  1.6653880E-02  3.2875985E-02
   19.5000  4.1521432E-02  1.7402071E-02  3.2403560E-02
   19.7500  4.0705166E-02  1.8206766E-02  3.1950158E-02
   20.0000  4.0123101E-02  1.9066260E-02  3.1535935E-02
   21.0000  3.9706642E-02  2.3004875E-02  3.0432630E-02
   22.0000  4.0952818E-02  2.7601908E-02  3.0211001E-02
   23.0000  4.1801496E-02  3.2563692E-02  3.0579097E-02
   24.0000  3.9929326E-02  3.7781007E-02  3.1071552E-02
   25.0000  3.5628483E-02  4.1174000E-02  3.1146157E-02
   26.0000  3.0369254E-02  4.2509456E-02  3.0503622E-02
   27.0000  2.6192586E-02  4.1830011E-02  2.9276062E-02
   28.0000  2.3858384E-02  3.9867400E-02  2.7979255E-02
   29.0000  2.3021335E-02  3.7411358E-02  2.7163711E-02
   30.0000  2.3043367E-02  3.5009400E-02  2.7071049E-02
   31.0000  2.3414256E-02  3.2941327E-02  2.7532048E-02
   32.0000  2.3836483E-02  3.1276271E-02  2.8166307E-02
   33.0000  2.4135659E-02  2.9921718E-02  2.8630501E-02
   34.0000  2.4207992E-02  2.8730273E-02  2.8738349E-02
   35.0000  2.3994786E-02  2.7550157E-02  2.8398655E-02
   36.0000  2.3489525E-02  2.6271294E-02  2.7565082E-02
   37.0000  2.2768556E-02  2.4847194E-02  2.6233897E-02
   38.0000  2.1950600E-02  2.3304490E-02  2.4469134E-02
   39.0000  2.1129573E-02  2.1727226E-02  2.2433358E-02
   40.0000  2.0349388E-02  2.0229009E-02  2.0433397E-02
