  7709.000   27  1  1  1.9222038E-02 -4.7346491E+00 -3.2616596E-01  1  1  7.5663338E+03  8.0000000E+03  0.0000000E+00  1.1792254E+00  1.0000000E+00  0.0000000E+00  = E_edge, Z, n_edge, j_edge, Abs_before_edge, VO_interstitial, E_cut, ninit, ninit1, Epsii, UnitCell_Volume, Surface_ref, f0_forward, natomsym_f, abs_u_iso
    Energy   (100,001)      (010,001)      (001,110)   
  -25.0000  6.4231728E-09  3.4385637E-10  8.2005333E-10
  -24.0000  1.7003824E-08  6.2784386E-10  1.8631507E-09
  -23.0000  5.3233812E-08  1.1961858E-09  4.7089837E-09
  -22.0000  2.2599678E-07  2.4163886E-09  1.4037701E-08
  -21.0000  2.2194077E-06  5.4951016E-09  5.8751915E-08
  -20.0000  5.7111999E-03  3.8346088E-07  1.7299655E-05
  -19.0000  1.7221992E-05  1.7444264E-06  1.3243823E-04
  -18.0000  2.5362038E-06  6.5690209E-08  8.9511932E-07
  -17.0000  3.0310974E-06  1.9726086E-07  5.1065879E-07
  -16.0000  6.7450096E-06  9.4858221E-07  6.0309377E-07
  -15.0000  4.6761947E-04  1.7684184E-05  5.9523859E-06
  -14.0000  1.3325912E-06  1.8730611E-05  1.7963569E-06
  -13.0000  7.2652542E-07  4.4063067E-06  5.1255471E-06
  -12.0000  5.6177768E-06  2.9783869E-06  2.9418084E-04
  -11.0000  2.7118804E-05  3.1784594E-06  1.6181003E-05
  -10.0000  4.6145124E-04  8.5441670E-06  1.3315692E-05
  -9.00000  1.4901293E-03  2.3854714E-05  1.4539560E-05
  -8.00000  1.9475641E-04  4.5673268E-05  3.9679423E-05
  -7.00000  4.2262903E-03  1.2163777E-04  4.7581140E-04
  -6.00000  8.4807313E-04  3.8517973E-05  1.4702728E-04
  -5.00000  6.2963664E-04  1.7049930E-04  4.4884702E-04
  -4.00000  3.0445969E-02  9.8952986E-04  5.7414732E-04
  -3.00000  9.7270700E-04  2.6336928E-02  1.3247930E-03
  -2.00000  4.3596139E-04  3.0269939E-03  4.0229298E-04
  -1.00000  2.7656338E-04  1.4087221E-03  1.6908328E-04
   0.00000  9.9058477E-04  1.1467045E-03  7.6054051E-04
   1.00000  5.4288134E-04  8.8420823E-04  4.0100598E-04
   2.00000  3.7153759E-04  9.8402926E-04  2.8505269E-04
   3.00000  4.9080344E-04  1.3027510E-03  3.9948919E-04
   4.00000  7.5006579E-04  2.0834103E-03  6.7181981E-04
   5.00000  1.1709371E-03  3.4837347E-03  1.3953578E-03
   5.20000  1.2723504E-03  3.8330986E-03  1.6843991E-03
   5.40000  1.3779748E-03  4.2085429E-03  2.0714038E-03
   5.60000  1.4862820E-03  4.6158569E-03  2.5984865E-03
   5.80000  1.5940675E-03  5.0658619E-03  3.3261425E-03
   6.00000  1.6966622E-03  5.5759854E-03  4.3343132E-03
   6.20000  1.7966144E-03  6.1748199E-03  5.7131818E-03
   6.40000  1.9381435E-03  6.9019238E-03  7.5204766E-03
   6.60000  2.2523325E-03  7.7984799E-03  9.6911358E-03
   6.80000  2.8750673E-03  8.8854777E-03  1.1962903E-02
   7.00000  3.6705931E-03  1.0162015E-02  1.3910295E-02
   7.20000  4.3579574E-03  1.1553625E-02  1.5136796E-02
   7.40000  4.8980214E-03  1.2961295E-02  1.5496740E-02
   7.60000  5.4075812E-03  1.4339431E-02  1.5173265E-02
   7.80000  5.9860785E-03  1.5681042E-02  1.4381582E-02
   8.00000  6.7026347E-03  1.7052170E-02  1.3211849E-02
   8.20000  7.6163093E-03  1.8585855E-02  1.2011770E-02
   8.40000  8.7916380E-03  2.0365198E-02  1.1283984E-02
   8.60000  1.0293979E-02  2.2478120E-02  1.1203549E-02
   8.80000  1.2152321E-02  2.5061621E-02  1.1810565E-02
   9.00000  1.4260984E-02  2.8251015E-02  1.3091556E-02
   9.20000  1.6225357E-02  3.2169349E-02  1.4818343E-02
   9.40000  1.7402957E-02  3.7006691E-02  1.6452724E-02
   9.60000  1.7480479E-02  4.3075024E-02  1.7527728E-02
   9.80000  1.6914716E-02  5.0823317E-02  1.8158086E-02
   10.0000  1.6410600E-02  6.0716337E-02  1.8804497E-02
   10.2500  1.6419295E-02  7.6464681E-02  2.0074360E-02
   10.5000  1.7234646E-02  9.5053506E-02  2.1947555E-02
   10.7500  1.8764944E-02  1.1233967E-01  2.4366331E-02
   11.0000  2.0906335E-02  1.2075251E-01  2.7279250E-02
   11.2500  2.3563660E-02  1.1499074E-01  3.0638831E-02
   11.5000  2.6612580E-02  9.8476445E-02  3.4370958E-02
   11.7500  2.9862257E-02  7.9264422E-02  3.8367947E-02
   12.0000  3.2324388E-02  6.2309129E-02  4.2128902E-02
   12.2500  3.5135544E-02  4.9667256E-02  4.6230871E-02
   12.5000  3.7338443E-02  4.0461635E-02  4.9752620E-02
   12.7500  3.8831712E-02  3.3831563E-02  5.2278058E-02
   13.0000  3.9669290E-02  2.9021433E-02  5.3498700E-02
   13.2500  4.0015789E-02  2.5473642E-02  5.3337743E-02
   13.5000  4.0070890E-02  2.2802283E-02  5.1981723E-02
   13.7500  3.9943556E-02  2.0783628E-02  4.9770287E-02
   14.0000  3.9404320E-02  1.9206230E-02  4.6573863E-02
   14.2500  3.9498734E-02  1.7902481E-02  4.3874156E-02
   14.5000  3.9719578E-02  1.6852399E-02  4.1376931E-02
   14.7500  4.0089628E-02  1.6000685E-02  3.9225030E-02
   15.0000  4.0616293E-02  1.5308338E-02  3.7487596E-02
   15.2500  4.1305452E-02  1.4748392E-02  3.6191720E-02
   15.5000  4.2134643E-02  1.4301167E-02  3.5335480E-02
   15.7500  4.3099136E-02  1.3953900E-02  3.4909686E-02
   16.0000  4.4179130E-02  1.3697328E-02  3.4898564E-02
   16.2500  4.5344319E-02  1.3524876E-02  3.5280848E-02
   16.5000  4.6552788E-02  1.3431691E-02  3.6028274E-02
   16.7500  4.7747313E-02  1.3414152E-02  3.7098373E-02
   17.0000  4.8853902E-02  1.3469389E-02  3.8426356E-02
   17.2500  4.9786238E-02  1.3595223E-02  3.9919459E-02
   17.5000  5.0450466E-02  1.3789244E-02  4.1457667E-02
   17.7500  5.0759370E-02  1.4049972E-02  4.2902408E-02
   18.0000  5.0650894E-02  1.4375389E-02  4.4116644E-02
   18.2500  5.0100026E-02  1.4763149E-02  4.4991161E-02
   18.5000  4.9136521E-02  1.5210771E-02  4.5462926E-02
   18.7500  4.7837273E-02  1.5716307E-02  4.5526672E-02
   19.0000  4.6315366E-02  1.6277853E-02  4.5228706E-02
   19.2500  4.4698247E-02  1.6892941E-02  4.4649005E-02
   19.5000  4.3105185E-02  1.7560672E-02  4.3878299E-02
   19.7500  4.1631987E-02  1.8279386E-02  4.3001443E-02
   20.0000  4.0346095E-02  1.9047214E-02  4.2087819E-02
   21.0000  3.7566779E-02  2.2564666E-02  3.8870268E-02
   22.0000  3.8095124E-02  2.6673601E-02  3.6863181E-02
   23.0000  4.0136279E-02  3.1160705E-02  3.5685186E-02
   24.0000  4.1707395E-02  3.5614913E-02  3.4703962E-02
   25.0000  4.1549681E-02  3.9326347E-02  3.3559827E-02
   26.0000  3.9244466E-02  4.1551762E-02  3.2159426E-02
   27.0000  3.5489348E-02  4.2008510E-02  3.0553192E-02
   28.0000  3.1703148E-02  4.0981725E-02  2.8916844E-02
   29.0000  2.8693387E-02  3.8854530E-02  2.7491110E-02
   30.0000  2.7025879E-02  3.6659287E-02  2.6724228E-02
   31.0000  2.6088835E-02  3.4593223E-02  2.6467040E-02
   32.0000  2.5614944E-02  3.2841456E-02  2.6515149E-02
   33.0000  2.5392478E-02  3.1421079E-02  2.6645280E-02
   34.0000  2.5287755E-02  3.0260188E-02  2.6726542E-02
   35.0000  2.5193172E-02  2.9241560E-02  2.6703182E-02
   36.0000  2.5011431E-02  2.8242486E-02  2.6541873E-02
   37.0000  2.4653846E-02  2.7169201E-02  2.6204167E-02
   38.0000  2.4055429E-02  2.5964374E-02  2.5639966E-02
   39.0000  2.3212301E-02  2.4621887E-02  2.4821366E-02
   40.0000  2.2190360E-02  2.3172104E-02  2.3766318E-02
