  7709.000   27  1  1  1.9222038E-02 -4.6286182E+00 -2.9496605E-01  1  1  7.5665160E+03  8.0000000E+03  0.0000000E+00  1.1792254E+00  1.0000000E+00  0.0000000E+00  = E_edge, Z, n_edge, j_edge, Abs_before_edge, VO_interstitial, E_cut, ninit, ninit1, Epsii, UnitCell_Volume, Surface_ref, f0_forward, natomsym_f, abs_u_iso
    Energy   (100,001)      (010,001)      (001,110)   
  -25.0000  4.7138780E-09  3.7113643E-10  9.0871667E-10
  -24.0000  1.1715599E-08  6.8228909E-10  2.0335008E-09
  -23.0000  3.3130469E-08  1.3063180E-09  5.0215694E-09
  -22.0000  1.1548427E-07  2.6383711E-09  1.4420660E-08
  -21.0000  6.1716635E-07  5.8239529E-09  5.5550957E-08
  -20.0000  2.8365804E-05  3.6193582E-08  1.7608636E-06
  -19.0000  2.0286253E-05  2.0309001E-07  2.1204654E-05
  -18.0000  4.0053399E-06  8.0113318E-08  2.3162445E-06
  -17.0000  3.4921236E-06  2.4090032E-07  9.1722217E-07
  -16.0000  5.6244986E-06  1.2581896E-06  9.9310056E-07
  -15.0000  5.4842158E-05  3.6746612E-05  1.4951635E-05
  -14.0000  1.1895435E-05  1.5214610E-05  4.5352086E-06
  -13.0000  4.0277147E-07  4.4990346E-06  6.6519718E-06
  -12.0000  4.0404635E-06  3.1305391E-06  1.3640853E-04
  -11.0000  2.1105190E-05  4.0539785E-06  2.9136084E-05
  -10.0000  1.9501788E-04  5.8462699E-06  7.4327032E-06
  -9.00000  1.7319122E-02  2.3990194E-03  1.6067159E-04
  -8.00000  6.1558023E-04  3.0591035E-05  2.1991060E-05
  -7.00000  1.2381991E-03  1.9667853E-02  1.0194626E-01
  -6.00000  5.2766660E-03  1.0033339E-04  6.5174821E-04
  -5.00000  1.2093840E-01  1.7967841E-03  8.2931804E-03
  -4.00000  5.2696910E-03  9.5404978E-04  3.9205307E-04
  -3.00000  4.9072252E-04  1.4798450E-02  2.2940645E-03
  -2.00000  3.4619232E-04  3.3995863E-03  7.1936115E-04
  -1.00000  2.7998909E-04  1.4475275E-03  2.2320165E-04
   0.00000  2.2611824E-03  1.3204934E-03  1.8266527E-03
   1.00000  1.6436250E-03  1.0982844E-03  1.1878486E-03
   2.00000  6.5937018E-04  1.0376523E-03  4.9850585E-04
   3.00000  9.2391435E-04  1.3708030E-03  7.3075029E-04
   4.00000  1.5162761E-03  2.1851149E-03  1.4372040E-03
   5.00000  2.5455040E-03  3.6787922E-03  4.7791498E-03
   5.20000  2.7797102E-03  4.0955663E-03  6.4292721E-03
   5.40000  2.9527414E-03  4.5842984E-03  8.0884984E-03
   5.60000  3.0627097E-03  5.1311112E-03  9.0075094E-03
   5.80000  3.2700410E-03  5.6941603E-03  8.9842332E-03
   6.00000  3.8090071E-03  6.2549278E-03  8.4676390E-03
   6.20000  4.5039026E-03  6.8270895E-03  7.9365783E-03
   6.40000  5.0759234E-03  7.4290087E-03  7.6423066E-03
   6.60000  5.5427061E-03  8.0734505E-03  7.5415284E-03
   6.80000  5.9930889E-03  8.7714138E-03  7.5629357E-03
   7.00000  6.4986296E-03  9.5436982E-03  7.7261336E-03
   7.20000  7.0644593E-03  1.0359010E-02  7.9072579E-03
   7.40000  7.7006344E-03  1.1192913E-02  7.9141891E-03
   7.60000  8.4178660E-03  1.2061889E-02  7.6340776E-03
   7.80000  9.2289012E-03  1.2980879E-02  7.1170568E-03
   8.00000  1.0127869E-02  1.3995261E-02  6.5319098E-03
   8.20000  1.1148183E-02  1.5200962E-02  6.0819930E-03
   8.40000  1.2300786E-02  1.6662151E-02  5.8724459E-03
   8.60000  1.3578399E-02  1.8433876E-02  5.9368882E-03
   8.80000  1.4956321E-02  2.0579152E-02  6.2794463E-03
   9.00000  1.6390217E-02  2.3180850E-02  6.8981246E-03
   9.20000  1.7814131E-02  2.6356021E-02  7.7917933E-03
   9.40000  1.9158503E-02  3.0251806E-02  8.9560901E-03
   9.60000  2.0353737E-02  3.5073233E-02  1.0379781E-02
   9.80000  2.1360578E-02  4.1072281E-02  1.2038904E-02
   10.0000  2.2185398E-02  4.8535376E-02  1.3900276E-02
   10.2500  2.3047873E-02  6.0289244E-02  1.6458922E-02
   10.5000  2.3879008E-02  7.4643460E-02  1.9218995E-02
   10.7500  2.4822032E-02  8.9920495E-02  2.2082143E-02
   11.0000  2.5963497E-02  1.0187546E-01  2.4778109E-02
   11.2500  2.7102852E-02  1.0545812E-01  2.7075680E-02
   11.5000  2.8142283E-02  9.9191597E-02  2.8704252E-02
   11.7500  2.9179648E-02  8.6738802E-02  3.0169586E-02
   12.0000  3.0075783E-02  7.2996418E-02  3.1630428E-02
   12.2500  3.0861108E-02  6.0797360E-02  3.3287904E-02
   12.5000  3.1570793E-02  5.0953757E-02  3.5200766E-02
   12.7500  3.2226627E-02  4.3307339E-02  3.7319558E-02
   13.0000  3.2831898E-02  3.7428133E-02  3.9503177E-02
   13.2500  3.3100319E-02  3.3163604E-02  4.1319863E-02
   13.5000  3.3603013E-02  2.9601308E-02  4.2975798E-02
   13.7500  3.4104191E-02  2.6804040E-02  4.4358294E-02
   14.0000  3.4457948E-02  2.4537311E-02  4.4593437E-02
   14.2500  3.4598186E-02  2.2702960E-02  4.4024695E-02
   14.5000  3.4864796E-02  2.1227681E-02  4.3107641E-02
   14.7500  3.5073733E-02  2.0033980E-02  4.1892587E-02
   15.0000  3.5240200E-02  1.9069686E-02  4.0605786E-02
   15.2500  3.5389398E-02  1.8294488E-02  3.9430374E-02
   15.5000  3.5563285E-02  1.7677767E-02  3.8493879E-02
   15.7500  3.5783980E-02  1.7193848E-02  3.7875826E-02
   16.0000  3.6096632E-02  1.6825904E-02  3.7623808E-02
   16.2500  3.6530669E-02  1.6560494E-02  3.7763405E-02
   16.5000  3.7104407E-02  1.6387259E-02  3.8305221E-02
   16.7500  3.7821830E-02  1.6298160E-02  3.9248273E-02
   17.0000  3.8667375E-02  1.6285866E-02  4.0574898E-02
   17.2500  3.9604470E-02  1.6345415E-02  4.2246334E-02
   17.5000  4.0572868E-02  1.6471576E-02  4.4192044E-02
   17.7500  4.1493310E-02  1.6659291E-02  4.6300529E-02
   18.0000  4.2276994E-02  1.6903435E-02  4.8422260E-02
   18.2500  4.2838935E-02  1.7199445E-02  5.0382807E-02
   18.5000  4.3115956E-02  1.7541877E-02  5.2010338E-02
   18.7500  4.3078858E-02  1.7924783E-02  5.3166438E-02
   19.0000  4.2739325E-02  1.8341852E-02  5.3773070E-02
   19.2500  4.2145892E-02  1.8786295E-02  5.3821018E-02
   19.5000  4.1370730E-02  1.9251704E-02  5.3363830E-02
   19.7500  4.0494957E-02  1.9732582E-02  5.2494301E-02
   20.0000  3.9600242E-02  2.0225161E-02  5.1322237E-02
   21.0000  3.7022507E-02  2.2280882E-02  4.5515935E-02
   22.0000  3.7273670E-02  2.4517865E-02  4.0429922E-02
   23.0000  4.0016746E-02  2.7127481E-02  3.6853744E-02
   24.0000  4.3608025E-02  3.0330478E-02  3.4426875E-02
   25.0000  4.6332760E-02  3.4090997E-02  3.2725123E-02
   26.0000  4.6734938E-02  3.7811910E-02  3.1354779E-02
   27.0000  4.3906951E-02  4.0408921E-02  2.9952513E-02
   28.0000  3.8630325E-02  4.1166136E-02  2.8444072E-02
   29.0000  3.3124565E-02  4.0337292E-02  2.7132336E-02
   30.0000  2.8964896E-02  3.8682747E-02  2.6295879E-02
   31.0000  2.6348541E-02  3.6840735E-02  2.5953697E-02
   32.0000  2.4894870E-02  3.5142462E-02  2.5989751E-02
   33.0000  2.4191570E-02  3.3703752E-02  2.6224970E-02
   34.0000  2.4062927E-02  3.2312355E-02  2.6566744E-02
   35.0000  2.4016355E-02  3.1327775E-02  2.6735329E-02
   36.0000  2.4008186E-02  3.0411181E-02  2.6738767E-02
   37.0000  2.3937492E-02  2.9460962E-02  2.6527905E-02
   38.0000  2.3754340E-02  2.8392315E-02  2.6075867E-02
   39.0000  2.3466834E-02  2.7151320E-02  2.5403466E-02
   40.0000  2.3119704E-02  2.5729290E-02  2.4610086E-02
