  7709.000   27  1  1  1.9222038E-02 -4.9203726E+00 -3.0467909E-01  1  1  7.5663786E+03  8.0000000E+03  0.0000000E+00  1.1792254E+00  1.0000000E+00  0.0000000E+00  = E_edge, Z, n_edge, j_edge, Abs_before_edge, VO_interstitial, E_cut, ninit, ninit1, Epsii, UnitCell_Volume, Surface_ref, f0_forward, natomsym_f, abs_u_iso
    Energy   (100,001)      (010,001)      (001,110)   
  -25.0000  6.2173335E-09  3.5083051E-10  9.2088022E-10
  -24.0000  1.6167005E-08  6.4307640E-10  2.1047793E-09
  -23.0000  4.9337333E-08  1.2311072E-09  5.3637515E-09
  -22.0000  2.0066001E-07  2.5089805E-09  1.6265096E-08
  -21.0000  1.7459109E-06  5.9915653E-09  7.4652275E-08
  -20.0000  2.9729191E-03  2.7793823E-08  1.8203856E-06
  -19.0000  6.1702423E-06  7.8556071E-07  6.4502947E-05
  -18.0000  2.3553597E-06  6.8691402E-08  1.0870542E-06
  -17.0000  2.5460285E-06  2.0252536E-07  6.1039724E-07
  -16.0000  4.7769953E-06  9.6226220E-07  7.5938712E-07
  -15.0000  7.5551101E-05  1.7303730E-05  7.7430708E-05
  -14.0000  5.8737620E-07  2.1502533E-05  2.5267786E-06
  -13.0000  1.5546533E-06  4.8455463E-06  5.2940614E-06
  -12.0000  7.2039617E-06  3.4369736E-06  1.6617746E-04
  -11.0000  3.1179996E-05  3.4372994E-06  1.6127651E-05
  -10.0000  3.6143322E-04  5.8876668E-06  1.2024484E-05
  -9.00000  1.1153293E-02  2.2835696E-04  3.8973176E-04
  -8.00000  4.1671581E-04  2.8748366E-05  1.4033500E-05
  -7.00000  3.6156103E-03  1.1159992E-02  7.4146927E-03
  -6.00000  6.8739960E-04  4.3383947E-05  4.1137078E-04
  -5.00000  1.1602790E-03  2.2282358E-04  3.7227381E-03
  -4.00000  2.7111355E-01  1.3576681E-03  7.2257382E-03
  -3.00000  9.1601070E-04  2.0622980E-02  2.1638405E-03
  -2.00000  5.6671994E-04  3.5564837E-03  5.1691670E-04
  -1.00000  2.8645837E-04  1.5931271E-03  1.8048698E-04
   0.00000  1.9118563E-03  1.2587993E-03  1.6241925E-03
   1.00000  1.6564431E-03  1.1052024E-03  1.4722999E-03
   2.00000  4.8506371E-04  1.0415962E-03  3.2743125E-04
   3.00000  6.1870110E-04  1.3805046E-03  3.6412917E-04
   4.00000  9.6553318E-04  2.2571812E-03  5.3192967E-04
   5.00000  1.4805489E-03  3.8107416E-03  9.4591538E-04
   5.20000  1.5963278E-03  4.1854883E-03  1.0952250E-03
   5.40000  1.7174724E-03  4.5800090E-03  1.2850028E-03
   5.60000  1.8481938E-03  4.9963140E-03  1.5302613E-03
   5.80000  1.9995860E-03  5.4386784E-03  1.8523636E-03
   6.00000  2.2029007E-03  5.9161616E-03  2.2809928E-03
   6.20000  2.5382758E-03  6.4441171E-03  2.8562467E-03
   6.40000  3.1339500E-03  7.0461394E-03  3.6215269E-03
   6.60000  4.0115868E-03  7.7548734E-03  4.6005173E-03
   6.80000  4.9258436E-03  8.6088410E-03  5.7608797E-03
   7.00000  5.6470238E-03  9.6493506E-03  7.0020523E-03
   7.20000  6.1785190E-03  1.0891806E-02  8.1838455E-03
   7.40000  6.6289650E-03  1.2283920E-02  9.1740860E-03
   7.60000  7.0868762E-03  1.3744421E-02  9.9075438E-03
   7.80000  7.6191134E-03  1.5212428E-02  1.0365494E-02
   8.00000  8.2512967E-03  1.6636783E-02  1.0547381E-02
   8.20000  9.0127610E-03  1.8002256E-02  1.0497927E-02
   8.40000  9.9702159E-03  1.9338587E-02  1.0396189E-02
   8.60000  1.1176974E-02  2.0723750E-02  1.0422501E-02
   8.80000  1.2661861E-02  2.2269457E-02  1.0698258E-02
   9.00000  1.4441504E-02  2.4096268E-02  1.1322320E-02
   9.20000  1.6503542E-02  2.6327087E-02  1.2361842E-02
   9.40000  1.8765492E-02  2.9077519E-02  1.3823083E-02
   9.60000  2.1020550E-02  3.2460802E-02  1.5603974E-02
   9.80000  2.2940356E-02  3.6594949E-02  1.7473520E-02
   10.0000  2.4226024E-02  4.1627764E-02  1.9158050E-02
   10.2500  2.4928679E-02  4.9462533E-02  2.0830689E-02
   10.5000  2.5185082E-02  5.9285962E-02  2.2250921E-02
   10.7500  2.5641392E-02  7.0948216E-02  2.3799653E-02
   11.0000  2.6591403E-02  8.3203838E-02  2.5690012E-02
   11.2500  2.8023309E-02  9.3186347E-02  2.7950592E-02
   11.5000  2.9754410E-02  9.7244453E-02  3.0485077E-02
   11.7500  3.1512361E-02  9.3619266E-02  3.3117774E-02
   12.0000  3.2680383E-02  8.3795674E-02  3.5589976E-02
   12.2500  3.3628713E-02  7.2151792E-02  3.8007904E-02
   12.5000  3.4037680E-02  6.0926422E-02  4.0105649E-02
   12.7500  3.3998632E-02  5.1376582E-02  4.1832727E-02
   13.0000  3.3689374E-02  4.3720308E-02  4.3126717E-02
   13.2500  3.3296309E-02  3.7729908E-02  4.3911201E-02
   13.5000  3.3050723E-02  3.3294177E-02  4.3920868E-02
   13.7500  3.2488251E-02  2.9622399E-02  4.3645648E-02
   14.0000  3.2563843E-02  2.6714607E-02  4.2906087E-02
   14.2500  3.2866449E-02  2.4378783E-02  4.1845598E-02
   14.5000  3.3400389E-02  2.2480347E-02  4.0640556E-02
   14.7500  3.4158569E-02  2.0922413E-02  3.9442866E-02
   15.0000  3.5128620E-02  1.9636151E-02  3.8368662E-02
   15.2500  3.6296156E-02  1.8575428E-02  3.7500177E-02
   15.5000  3.7630117E-02  1.7700031E-02  3.6890142E-02
   15.7500  3.9105900E-02  1.6987288E-02  3.6574859E-02
   16.0000  4.0684667E-02  1.6417662E-02  3.6574602E-02
   16.2500  4.2316192E-02  1.5976006E-02  3.6899442E-02
   16.5000  4.3935333E-02  1.5650290E-02  3.7547464E-02
   16.7500  4.5463446E-02  1.5430365E-02  3.8504549E-02
   17.0000  4.6810501E-02  1.5306522E-02  3.9739598E-02
   17.2500  4.7880500E-02  1.5271563E-02  4.1197999E-02
   17.5000  4.8583313E-02  1.5319385E-02  4.2797931E-02
   17.7500  4.8850593E-02  1.5443607E-02  4.4432977E-02
   18.0000  4.8647462E-02  1.5639795E-02  4.5976639E-02
   18.2500  4.7984032E-02  1.5903140E-02  4.7300817E-02
   18.5000  4.6914139E-02  1.6230018E-02  4.8295318E-02
   18.7500  4.5527538E-02  1.6615733E-02  4.8889774E-02
   19.0000  4.3935575E-02  1.7056398E-02  4.9060689E-02
   19.2500  4.2254561E-02  1.7549243E-02  4.8836139E-02
   19.5000  4.0590800E-02  1.8091116E-02  4.8281886E-02
   19.7500  3.9030520E-02  1.8679388E-02  4.7483240E-02
   20.0000  3.7637677E-02  1.9311065E-02  4.6527621E-02
   21.0000  3.4262241E-02  2.2221731E-02  4.2455899E-02
   22.0000  3.4070021E-02  2.5623820E-02  3.9331964E-02
   23.0000  3.5578794E-02  2.9295066E-02  3.7199180E-02
   24.0000  3.7266180E-02  3.2945712E-02  3.5518793E-02
   25.0000  3.8283364E-02  3.6210533E-02  3.3914321E-02
   26.0000  3.8277672E-02  3.8675456E-02  3.2236514E-02
   27.0000  3.7057287E-02  4.0056316E-02  3.0490108E-02
   28.0000  3.4751304E-02  4.0268728E-02  2.8761372E-02
   29.0000  3.1973943E-02  3.9487096E-02  2.7234726E-02
   30.0000  2.9445547E-02  3.8088809E-02  2.6122412E-02
   31.0000  2.7545141E-02  3.6479847E-02  2.5505993E-02
   32.0000  2.6291136E-02  3.4956032E-02  2.5291132E-02
   33.0000  2.5651911E-02  3.3440913E-02  2.5382977E-02
   34.0000  2.5216257E-02  3.2361138E-02  2.5447874E-02
   35.0000  2.4942727E-02  3.1425727E-02  2.5495264E-02
   36.0000  2.4744386E-02  3.0540241E-02  2.5480857E-02
   37.0000  2.4557535E-02  2.9613068E-02  2.5353463E-02
   38.0000  2.4340054E-02  2.8564901E-02  2.5073209E-02
   39.0000  2.4088744E-02  2.7346972E-02  2.4666337E-02
   40.0000  2.3835899E-02  2.5953172E-02  2.4241060E-02
