  7709.000   27  1  1  1.9222038E-02 -4.6715150E+00 -3.7386949E-01  1  1  7.5665597E+03  8.0000000E+03  0.0000000E+00  1.1792254E+00  1.0000000E+00  0.0000000E+00  = E_edge, Z, n_edge, j_edge, Abs_before_edge, VO_interstitial, E_cut, ninit, ninit1, Epsii, UnitCell_Volume, Surface_ref, f0_forward, natomsym_f, abs_u_iso
    Energy   (100,001)      (010,001)      (001,110)   
  -25.0000  5.2357738E-09  1.9190093E-09  8.9579167E-10
  -24.0000  1.3812331E-08  5.0129827E-09  2.0697310E-09
  -23.0000  4.3166093E-08  1.5779794E-08  5.4447088E-09
  -22.0000  1.8409167E-07  7.0947573E-08  1.8046387E-08
  -21.0000  1.9728367E-06  9.6846288E-07  1.2313703E-07
  -20.0000  1.4089434E-03  2.9399557E-05  3.1108412E-05
  -19.0000  4.3737276E-06  7.0690062E-06  2.7705801E-05
  -18.0000  2.1005118E-06  6.5847566E-07  6.6720299E-07
  -17.0000  2.4967306E-06  6.7432807E-07  4.7576741E-07
  -16.0000  5.4897677E-06  1.2726191E-06  9.5486435E-07
  -15.0000  5.8835485E-04  4.3228425E-04  1.6909909E-04
  -14.0000  3.9680836E-06  9.5375119E-06  4.4112794E-06
  -13.0000  1.5271659E-06  2.3681170E-06  3.6441964E-06
  -12.0000  7.3140676E-06  1.3733296E-05  3.3096422E-05
  -11.0000  3.6597853E-05  2.7358665E-05  3.5021291E-05
  -10.0000  6.0237503E-03  4.4618668E-03  4.8007919E-04
  -9.00000  5.0075017E-02  1.7618110E-03  3.7822121E-03
  -8.00000  5.3596317E-04  1.8667874E-04  1.0521292E-04
  -7.00000  2.2348698E-03  2.7880086E-04  1.4971078E-04
  -6.00000  1.3908061E-03  1.4725798E-03  5.7932011E-04
  -5.00000  1.6183274E-03  4.2048311E-04  8.2752535E-04
  -4.00000  5.7994233E-02  2.0685768E-01  2.9870541E-02
  -3.00000  1.4009399E-03  6.0557228E-03  9.6573380E-04
  -2.00000  1.7332119E-03  1.0027155E-02  7.6194925E-03
  -1.00000  4.9592557E-04  9.0530179E-04  3.7314036E-04
   0.00000  1.9656244E-03  2.9013038E-03  4.9158050E-03
   1.00000  8.1516812E-04  1.9478684E-03  1.1636142E-03
   2.00000  6.4749011E-04  8.9181647E-04  7.3015353E-04
   3.00000  8.7960456E-04  1.1359551E-03  8.9822221E-04
   4.00000  1.3786656E-03  1.7241380E-03  1.5088148E-03
   5.00000  2.3800557E-03  2.9250583E-03  3.6460788E-03
   5.20000  2.7261423E-03  3.3181680E-03  4.6100856E-03
   5.40000  3.2118413E-03  3.8099626E-03  5.9670601E-03
   5.60000  3.9332109E-03  4.4527879E-03  7.8370353E-03
   5.80000  4.8758126E-03  5.3074939E-03  1.0109977E-02
   6.00000  5.6781435E-03  6.3810151E-03  1.2212317E-02
   6.20000  6.0700424E-03  7.5889633E-03  1.3372048E-02
   6.40000  6.2492527E-03  8.6740955E-03  1.2857171E-02
   6.60000  6.4334333E-03  9.3256942E-03  1.0850831E-02
   6.80000  6.6959778E-03  9.5945693E-03  8.5923879E-03
   7.00000  7.0546119E-03  9.7314589E-03  6.9343277E-03
   7.20000  7.5096206E-03  9.8306446E-03  5.9338633E-03
   7.40000  8.0944069E-03  9.9724016E-03  5.3803195E-03
   7.60000  8.8566021E-03  1.0274967E-02  5.1006374E-03
   7.80000  9.8016700E-03  1.0782202E-02  5.0066580E-03
   8.00000  1.1020752E-02  1.1501713E-02  5.0420345E-03
   8.20000  1.2538726E-02  1.2366553E-02  5.1850546E-03
   8.40000  1.4415725E-02  1.3353423E-02  5.4217717E-03
   8.60000  1.6699237E-02  1.4504727E-02  5.7551665E-03
   8.80000  1.9393396E-02  1.5892636E-02  6.2033679E-03
   9.00000  2.2432215E-02  1.7536237E-02  6.7880567E-03
   9.20000  2.5637873E-02  1.9336285E-02  7.5243600E-03
   9.40000  2.8709178E-02  2.1074858E-02  8.4227317E-03
   9.60000  3.1275118E-02  2.2489619E-02  9.4875682E-03
   9.80000  3.3047092E-02  2.3403179E-02  1.0720757E-02
   10.0000  3.3959383E-02  2.3796061E-02  1.2121677E-02
   10.2500  3.4193427E-02  2.3881077E-02  1.4136599E-02
   10.5000  3.3948792E-02  2.3856488E-02  1.6477869E-02
   10.7500  3.3699169E-02  2.4032401E-02  1.9208230E-02
   11.0000  3.3654103E-02  2.4549078E-02  2.2405272E-02
   11.2500  3.3797026E-02  2.5426970E-02  2.6140727E-02
   11.5000  3.4028420E-02  2.6691623E-02  3.0200967E-02
   11.7500  3.4159677E-02  2.8242531E-02  3.5014592E-02
   12.0000  3.4097998E-02  3.0008483E-02  4.0097562E-02
   12.2500  3.3744568E-02  3.1931708E-02  4.4949439E-02
   12.5000  3.3057305E-02  3.4003401E-02  4.8894103E-02
   12.7500  3.2091212E-02  3.6274788E-02  5.1356251E-02
   13.0000  3.0983728E-02  3.8803974E-02  5.2135304E-02
   13.2500  2.9907500E-02  4.1612876E-02  5.1536761E-02
   13.5000  2.9136146E-02  4.4018615E-02  5.0132395E-02
   13.7500  2.8555889E-02  4.6035938E-02  4.7765823E-02
   14.0000  2.8270521E-02  4.7280593E-02  4.5152733E-02
   14.2500  2.7832911E-02  4.8061429E-02  4.2847890E-02
   14.5000  2.7556026E-02  4.7816869E-02  4.0804390E-02
   14.7500  2.7424273E-02  4.6649530E-02  3.9073087E-02
   15.0000  2.7416329E-02  4.4827430E-02  3.7662295E-02
   15.2500  2.7510109E-02  4.2668809E-02  3.6552294E-02
   15.5000  2.7686246E-02  4.0443559E-02  3.5711938E-02
   15.7500  2.7924572E-02  3.8333435E-02  3.5098939E-02
   16.0000  2.8209350E-02  3.6436843E-02  3.4677971E-02
   16.2500  2.8525295E-02  3.4790587E-02  3.4413693E-02
   16.5000  2.8857460E-02  3.3391868E-02  3.4275520E-02
   16.7500  2.9192465E-02  3.2218003E-02  3.4238267E-02
   17.0000  2.9519261E-02  3.1238075E-02  3.4280783E-02
   17.2500  2.9830193E-02  3.0420587E-02  3.4384634E-02
   17.5000  3.0122628E-02  2.9736525E-02  3.4533946E-02
   17.7500  3.0400256E-02  2.9161480E-02  3.4714834E-02
   18.0000  3.0672919E-02  2.8676174E-02  3.4917017E-02
   18.2500  3.0955613E-02  2.8266478E-02  3.5134098E-02
   18.5000  3.1266940E-02  2.7923582E-02  3.5363827E-02
   18.7500  3.1626459E-02  2.7642547E-02  3.5608356E-02
   19.0000  3.2052258E-02  2.7420154E-02  3.5872668E-02
   19.2500  3.2560046E-02  2.7255451E-02  3.6160859E-02
   19.5000  3.3162080E-02  2.7148500E-02  3.6478932E-02
   19.7500  3.3865523E-02  2.7099059E-02  3.6829417E-02
   20.0000  3.4673115E-02  2.7106948E-02  3.7212203E-02
   21.0000  3.8762803E-02  2.7674222E-02  3.8872836E-02
   22.0000  4.2691084E-02  2.9039090E-02  3.9634792E-02
   23.0000  4.3455154E-02  3.1226464E-02  3.8025770E-02
   24.0000  4.1241388E-02  3.4127834E-02  3.4969814E-02
   25.0000  3.9049461E-02  3.7162567E-02  3.2467744E-02
   26.0000  3.8016980E-02  3.9434145E-02  3.1022284E-02
   27.0000  3.7614619E-02  4.0195142E-02  3.0257525E-02
   28.0000  3.7125115E-02  3.9292145E-02  2.9776765E-02
   29.0000  3.6291376E-02  3.7245127E-02  2.9437629E-02
   30.0000  3.5180378E-02  3.4849387E-02  2.9221074E-02
   31.0000  3.3872404E-02  3.2715411E-02  2.9093863E-02
   32.0000  3.2408493E-02  3.1099228E-02  2.9016903E-02
   33.0000  3.0721829E-02  2.9892356E-02  2.8827543E-02
   34.0000  2.9101053E-02  2.9238722E-02  2.8838610E-02
   35.0000  2.7502371E-02  2.8921362E-02  2.8933365E-02
   36.0000  2.5993000E-02  2.8821665E-02  2.9116747E-02
   37.0000  2.4624694E-02  2.8813943E-02  2.9346221E-02
   38.0000  2.3437282E-02  2.8800671E-02  2.9539971E-02
   39.0000  2.2476858E-02  2.8732389E-02  2.9613877E-02
   40.0000  2.1810823E-02  2.8624928E-02  2.9506853E-02
