  7709.000   27  1  1  1.9222038E-02 -4.7516223E+00 -3.0252000E-01  1  1  7.5662565E+03  8.0000000E+03  0.0000000E+00  1.1792254E+00  1.0000000E+00  0.0000000E+00  = E_edge, Z, n_edge, j_edge, Abs_before_edge, VO_interstitial, E_cut, ninit, ninit1, Epsii, UnitCell_Volume, Surface_ref, f0_forward, natomsym_f, abs_u_iso
    Energy   (100,001)      (010,001)      (001,110)   
  -25.0000  4.0360848E-09  1.1643442E-09  9.8459405E-10
  -24.0000  1.0427173E-08  2.8304693E-09  2.3748399E-09
  -23.0000  3.1591519E-08  8.0297511E-09  6.7035492E-09
  -22.0000  1.2666278E-07  3.0231865E-08  2.5178458E-08
  -21.0000  1.0072000E-06  2.5281593E-07  1.9823238E-07
  -20.0000  6.6308314E-04  9.7749577E-06  1.6492916E-04
  -19.0000  3.4868758E-04  9.2471819E-04  3.3113867E-03
  -18.0000  1.3990345E-06  5.9272969E-07  6.8717851E-07
  -17.0000  1.6227990E-06  4.4251095E-07  5.3272845E-07
  -16.0000  3.2891601E-06  7.0530157E-07  1.3072225E-06
  -15.0000  1.3914037E-04  2.1119529E-04  2.0230746E-04
  -14.0000  3.6967085E-06  4.3863432E-06  4.4655343E-06
  -13.0000  1.2676955E-06  1.6835957E-06  3.1296819E-06
  -12.0000  6.6707181E-06  1.1334693E-05  4.3440537E-05
  -11.0000  1.9079509E-05  7.8033154E-06  1.3435714E-05
  -10.0000  1.7534247E-04  6.6078144E-05  2.2084665E-05
  -9.00000  1.4793251E-03  2.0908631E-04  3.9942304E-05
  -8.00000  1.0018764E-04  3.3373262E-05  8.2813033E-06
  -7.00000  2.1524181E-03  3.5549324E-04  9.7002535E-04
  -6.00000  4.8273536E-04  1.8036976E-04  3.0078047E-04
  -5.00000  1.2748743E-03  1.0553870E-03  6.3689709E-04
  -4.00000  2.9164412E-03  2.8166741E-03  4.3024461E-03
  -3.00000  2.6638000E-03  3.7220816E-03  1.2170044E-03
  -2.00000  7.4831968E-04  8.4891897E-04  7.0267753E-04
  -1.00000  4.0840011E-04  5.8191611E-04  2.4233771E-04
   0.00000  7.2274260E-04  1.8548809E-03  1.6494981E-03
   1.00000  1.2134286E-03  9.8025416E-04  1.0374725E-03
   2.00000  5.6374589E-04  6.7112249E-04  5.2703573E-04
   3.00000  7.0772482E-04  9.0638575E-04  5.8596998E-04
   4.00000  1.0557308E-03  1.3785641E-03  8.0179112E-04
   5.00000  1.6728148E-03  2.1768549E-03  1.3280483E-03
   5.20000  1.8338348E-03  2.4076006E-03  1.5007484E-03
   5.40000  2.0053077E-03  2.6735547E-03  1.7064729E-03
   5.60000  2.1847463E-03  2.9819388E-03  1.9522717E-03
   5.80000  2.3696982E-03  3.3422831E-03  2.2481235E-03
   6.00000  2.5595989E-03  3.7683794E-03  2.6093891E-03
   6.20000  2.7609107E-03  4.2795557E-03  3.0580582E-03
   6.40000  2.9978540E-03  4.9110253E-03  3.6301139E-03
   6.60000  3.3257441E-03  5.7178601E-03  4.3776386E-03
   6.80000  3.8164208E-03  6.7538678E-03  5.3599707E-03
   7.00000  4.4736014E-03  8.0077040E-03  6.6054536E-03
   7.20000  5.2040402E-03  9.4009508E-03  8.0792525E-03
   7.40000  5.9233620E-03  1.0842143E-02  9.6357658E-03
   7.60000  6.6114918E-03  1.2308139E-02  1.0958300E-02
   7.80000  7.2778448E-03  1.3831982E-02  1.1678185E-02
   8.00000  7.9313524E-03  1.5407914E-02  1.1661281E-02
   8.20000  8.5644859E-03  1.6939008E-02  1.1105032E-02
   8.40000  9.1746987E-03  1.8242717E-02  1.0308736E-02
   8.60000  9.7598096E-03  1.9236110E-02  9.5545324E-03
   8.80000  1.0372341E-02  2.0085495E-02  9.0683060E-03
   9.00000  1.1087831E-02  2.1178542E-02  8.9448030E-03
   9.20000  1.1986739E-02  2.2826815E-02  9.2143146E-03
   9.40000  1.3144096E-02  2.5067194E-02  9.8758713E-03
   9.60000  1.4635497E-02  2.7655241E-02  1.0931522E-02
   9.80000  1.6532403E-02  3.0281116E-02  1.2402689E-02
   10.0000  1.8888608E-02  3.2908213E-02  1.4330404E-02
   10.2500  2.2544580E-02  3.6708846E-02  1.7469487E-02
   10.5000  2.7079174E-02  4.1687506E-02  2.1538446E-02
   10.7500  3.2537174E-02  4.7776043E-02  2.6645695E-02
   11.0000  3.8695120E-02  5.4234510E-02  3.2792055E-02
   11.2500  4.4799469E-02  6.0118284E-02  3.9687517E-02
   11.5000  4.9501934E-02  6.4748294E-02  4.6447306E-02
   11.7500  5.1256983E-02  6.7941839E-02  5.1632347E-02
   12.0000  5.0383476E-02  7.0326689E-02  5.4809575E-02
   12.2500  4.7299887E-02  7.1355679E-02  5.5849697E-02
   12.5000  4.3544044E-02  7.0668861E-02  5.5144570E-02
   12.7500  4.0161274E-02  6.7966270E-02  5.3376547E-02
   13.0000  3.7569758E-02  6.3576231E-02  5.1014819E-02
   13.2500  3.5758538E-02  5.8291085E-02  4.8320693E-02
   13.5000  3.4482087E-02  5.2060089E-02  4.5086931E-02
   13.7500  3.3839335E-02  4.7371658E-02  4.2118694E-02
   14.0000  3.3471309E-02  4.3660151E-02  3.9502774E-02
   14.2500  3.3078928E-02  4.0064081E-02  3.6907592E-02
   14.5000  3.2808091E-02  3.7004347E-02  3.4634605E-02
   14.7500  3.2655366E-02  3.4420232E-02  3.2714264E-02
   15.0000  3.2618740E-02  3.2249525E-02  3.1142604E-02
   15.2500  3.2694391E-02  3.0438843E-02  2.9896883E-02
   15.5000  3.2865255E-02  2.8937865E-02  2.8937724E-02
   15.7500  3.3114872E-02  2.7709100E-02  2.8229942E-02
   16.0000  3.3419306E-02  2.6718440E-02  2.7738843E-02
   16.2500  3.3751203E-02  2.5936749E-02  2.7434129E-02
   16.5000  3.4078364E-02  2.5338939E-02  2.7288993E-02
   16.7500  3.4367810E-02  2.4902897E-02  2.7280205E-02
   17.0000  3.4587201E-02  2.4609258E-02  2.7386370E-02
   17.2500  3.4709972E-02  2.4440775E-02  2.7588913E-02
   17.5000  3.4721879E-02  2.4381576E-02  2.7872278E-02
   17.7500  3.4625306E-02  2.4416511E-02  2.8224134E-02
   18.0000  3.4438794E-02  2.4531201E-02  2.8636465E-02
   18.2500  3.4193432E-02  2.4710294E-02  2.9104701E-02
   18.5000  3.3927197E-02  2.4937328E-02  2.9628801E-02
   18.7500  3.3677664E-02  2.5196371E-02  3.0211929E-02
   19.0000  3.3477379E-02  2.5471018E-02  3.0860145E-02
   19.2500  3.3350086E-02  2.5745059E-02  3.1575020E-02
   19.5000  3.3314292E-02  2.6006185E-02  3.2362279E-02
   19.7500  3.3382195E-02  2.6245830E-02  3.3224336E-02
   20.0000  3.3561896E-02  2.6459579E-02  3.4161106E-02
   21.0000  3.5388740E-02  2.7149264E-02  3.8453487E-02
   22.0000  3.8214186E-02  2.8078692E-02  4.2211642E-02
   23.0000  3.9868907E-02  2.9782784E-02  4.2830673E-02
   24.0000  3.9540385E-02  3.2202784E-02  4.0533834E-02
   25.0000  3.8396329E-02  3.4705501E-02  3.7995718E-02
   26.0000  3.7165881E-02  3.6343091E-02  3.6288804E-02
   27.0000  3.6258561E-02  3.6381599E-02  3.5139339E-02
   28.0000  3.5648674E-02  3.4830658E-02  3.3966914E-02
   29.0000  3.5818570E-02  3.2673666E-02  3.3037898E-02
   30.0000  3.6000035E-02  3.0571133E-02  3.2115054E-02
   31.0000  3.5708033E-02  2.8941120E-02  3.1241743E-02
   32.0000  3.4742471E-02  2.7839753E-02  3.0448796E-02
   33.0000  3.3215884E-02  2.7156340E-02  2.9766157E-02
   34.0000  3.1344970E-02  2.6761238E-02  2.9217117E-02
   35.0000  2.9333513E-02  2.6562739E-02  2.8806568E-02
   36.0000  2.7352354E-02  2.6490880E-02  2.8492951E-02
   37.0000  2.5543237E-02  2.6470952E-02  2.8189265E-02
   38.0000  2.4008209E-02  2.6408144E-02  2.7777101E-02
   39.0000  2.2815728E-02  2.6176611E-02  2.7149589E-02
   40.0000  2.1983153E-02  2.5678824E-02  2.6249716E-02
