  7709.000   27  1  1  1.9222038E-02 -4.3987620E+00 -3.3618803E-01  1  1  7.5663856E+03  8.0000000E+03  0.0000000E+00  1.1792254E+00  1.0000000E+00  0.0000000E+00  = E_edge, Z, n_edge, j_edge, Abs_before_edge, VO_interstitial, E_cut, ninit, ninit1, Epsii, UnitCell_Volume, Surface_ref, f0_forward, natomsym_f, abs_u_iso
    Energy   (100,001)      (010,001)      (001,110)   
  -25.0000  3.7338246E-09  8.6585092E-10  9.0193121E-10
  -24.0000  9.5686488E-09  2.0420199E-09  2.1601684E-09
  -23.0000  2.8690198E-08  5.5650116E-09  6.0395744E-09
  -22.0000  1.1339184E-07  1.9752498E-08  2.2264693E-08
  -21.0000  9.0045181E-07  1.4748643E-07  1.6268193E-07
  -20.0000  1.1183731E-04  1.3246862E-06  3.4782550E-05
  -19.0000  7.5533766E-06  1.1103079E-05  2.1278679E-05
  -18.0000  1.3388001E-06  5.2375373E-07  7.9001425E-07
  -17.0000  1.6130182E-06  3.1866787E-07  5.0230272E-07
  -16.0000  3.6640557E-06  7.1574874E-07  1.7073469E-06
  -15.0000  1.5141755E-04  1.7672291E-04  1.9884916E-04
  -14.0000  4.0473449E-06  4.7123063E-06  5.9726561E-06
  -13.0000  1.5596345E-06  1.6310540E-06  2.9373276E-06
  -12.0000  1.4089918E-05  9.5171142E-06  4.7356704E-05
  -11.0000  2.0593287E-05  5.9471196E-06  7.4651888E-06
  -10.0000  1.6346367E-04  6.9075697E-05  1.1749329E-05
  -9.00000  1.9498999E-03  2.0681541E-04  4.7017255E-05
  -8.00000  6.0926703E-05  3.7065066E-05  1.1280301E-05
  -7.00000  1.6851720E-03  1.1358841E-04  4.9758900E-04
  -6.00000  3.5862717E-04  1.3815054E-04  2.5611601E-04
  -5.00000  1.1307483E-03  9.2154144E-04  2.5925819E-03
  -4.00000  3.2519421E-03  3.5564090E-03  3.8405307E-03
  -3.00000  5.0255727E-03  1.2491795E-02  1.6032348E-03
  -2.00000  5.0738180E-04  1.1195581E-03  4.3014865E-04
  -1.00000  3.5657428E-04  6.2804630E-04  2.0257153E-04
   0.00000  8.9089022E-03  2.8752378E-02  1.6475677E-02
   1.00000  7.8379181E-04  9.8779106E-04  8.6646501E-04
   2.00000  6.2741091E-04  7.9836421E-04  6.3290879E-04
   3.00000  7.9160712E-04  1.0755137E-03  7.2093468E-04
   4.00000  1.1873705E-03  1.6647258E-03  1.0137691E-03
   5.00000  1.9413366E-03  2.7056833E-03  1.7373520E-03
   5.20000  2.1520677E-03  3.0130217E-03  1.9871344E-03
   5.40000  2.3847830E-03  3.3691501E-03  2.2942805E-03
   5.60000  2.6388339E-03  3.7810261E-03  2.6752139E-03
   5.80000  2.9125355E-03  4.2534866E-03  3.1535015E-03
   6.00000  3.2029830E-03  4.7854372E-03  3.7627219E-03
   6.20000  3.5072582E-03  5.3698836E-03  4.5505381E-03
   6.40000  3.8298224E-03  6.0158531E-03  5.5909532E-03
   6.60000  4.2047645E-03  6.8069027E-03  7.0064422E-03
   6.80000  4.7196113E-03  7.9422404E-03  8.9981644E-03
   7.00000  5.4766626E-03  9.6530122E-03  1.1822717E-02
   7.20000  6.5479621E-03  1.2107741E-02  1.5653401E-02
   7.40000  7.9903719E-03  1.5315577E-02  2.0108473E-02
   7.60000  9.7179584E-03  1.8936909E-02  2.3679152E-02
   7.80000  1.1552257E-02  2.2130946E-02  2.4589079E-02
   8.00000  1.3350976E-02  2.4525453E-02  2.3030332E-02
   8.20000  1.5211995E-02  2.6521339E-02  2.0862146E-02
   8.40000  1.7180947E-02  2.8373759E-02  1.9290008E-02
   8.60000  1.8872012E-02  2.9994412E-02  1.8325628E-02
   8.80000  1.9632958E-02  3.1445035E-02  1.7490032E-02
   9.00000  1.9501681E-02  3.3328367E-02  1.6689321E-02
   9.20000  1.9309522E-02  3.6480239E-02  1.6284698E-02
   9.40000  1.9706134E-02  4.1233303E-02  1.6540234E-02
   9.60000  2.0898742E-02  4.7224606E-02  1.7502508E-02
   9.80000  2.2914853E-02  5.3600985E-02  1.9136496E-02
   10.0000  2.5764861E-02  5.9307538E-02  2.1394455E-02
   10.2500  3.0534116E-02  6.4183583E-02  2.5011279E-02
   10.5000  3.7075707E-02  6.5915939E-02  3.0054196E-02
   10.7500  4.4037441E-02  6.4991631E-02  3.4843561E-02
   11.0000  5.1497778E-02  6.2752759E-02  4.0012445E-02
   11.2500  5.7683693E-02  5.9774652E-02  4.5514890E-02
   11.5000  6.1213737E-02  5.6737831E-02  5.0799298E-02
   11.7500  6.1226376E-02  5.3609979E-02  5.5128425E-02
   12.0000  5.8255611E-02  5.0632023E-02  5.7827761E-02
   12.2500  5.3646807E-02  4.7568213E-02  5.8402167E-02
   12.5000  4.8879613E-02  4.4755847E-02  5.7002976E-02
   12.7500  4.4574774E-02  4.2114973E-02  5.4070221E-02
   13.0000  4.1002119E-02  3.9679613E-02  5.0303349E-02
   13.2500  3.8160527E-02  3.7460259E-02  4.6324146E-02
   13.5000  3.5952342E-02  3.5452744E-02  4.2548275E-02
   13.7500  3.4284471E-02  3.3653437E-02  3.9093088E-02
   14.0000  3.2897706E-02  3.2193076E-02  3.6010794E-02
   14.2500  3.2070165E-02  3.0826368E-02  3.3649438E-02
   14.5000  3.1447083E-02  2.9560956E-02  3.1807822E-02
   14.7500  3.1070345E-02  2.8441136E-02  3.0374640E-02
   15.0000  3.0896485E-02  2.7461443E-02  2.9293679E-02
   15.2500  3.0885578E-02  2.6615314E-02  2.8513265E-02
   15.5000  3.0999171E-02  2.5894383E-02  2.7987575E-02
   15.7500  3.1201559E-02  2.5291314E-02  2.7678567E-02
   16.0000  3.1447919E-02  2.4792134E-02  2.7549658E-02
   16.2500  3.1702242E-02  2.4386807E-02  2.7575533E-02
   16.5000  3.1927479E-02  2.4062329E-02  2.7732222E-02
   16.7500  3.2093968E-02  2.3805949E-02  2.7999230E-02
   17.0000  3.2183191E-02  2.3605775E-02  2.8359918E-02
   17.2500  3.2191559E-02  2.3451499E-02  2.8799923E-02
   17.5000  3.2130894E-02  2.3333363E-02  2.9307813E-02
   17.7500  3.2026033E-02  2.3244493E-02  2.9875763E-02
   18.0000  3.1909423E-02  2.3180178E-02  3.0499308E-02
   18.2500  3.1813366E-02  2.3138346E-02  3.1176556E-02
   18.5000  3.1767842E-02  2.3120185E-02  3.1907247E-02
   18.7500  3.1795488E-02  2.3129062E-02  3.2691660E-02
   19.0000  3.1911115E-02  2.3170010E-02  3.3528242E-02
   19.2500  3.2123015E-02  2.3248394E-02  3.4413923E-02
   19.5000  3.2430081E-02  2.3368881E-02  3.5338194E-02
   19.7500  3.2828545E-02  2.3537158E-02  3.6288825E-02
   20.0000  3.3309196E-02  2.3757075E-02  3.7246388E-02
   21.0000  3.5627817E-02  2.5188207E-02  4.0520533E-02
   22.0000  3.7032933E-02  2.7459129E-02  4.1189592E-02
   23.0000  3.6227427E-02  3.0304677E-02  3.8778374E-02
   24.0000  3.4306486E-02  3.3217432E-02  3.5429882E-02
   25.0000  3.2101360E-02  3.5116760E-02  3.2457193E-02
   26.0000  3.0965594E-02  3.5777643E-02  3.0522025E-02
   27.0000  3.0940134E-02  3.4598592E-02  2.9216209E-02
   28.0000  3.1710474E-02  3.2308601E-02  2.8406721E-02
   29.0000  3.2576954E-02  3.0024636E-02  2.7892236E-02
   30.0000  3.2995347E-02  2.8446387E-02  2.7503777E-02
   31.0000  3.2761077E-02  2.7676526E-02  2.7169903E-02
   32.0000  3.1924637E-02  2.7517503E-02  2.6896308E-02
   33.0000  3.0655744E-02  2.7736693E-02  2.6704865E-02
   34.0000  2.9142009E-02  2.8126921E-02  2.6590549E-02
   35.0000  2.7553106E-02  2.8524131E-02  2.6515737E-02
   36.0000  2.6028584E-02  2.8798693E-02  2.6428776E-02
   37.0000  2.4665505E-02  2.8861032E-02  2.6283075E-02
   38.0000  2.3526565E-02  2.8678200E-02  2.6038894E-02
   39.0000  2.2648154E-02  2.8268734E-02  2.5666089E-02
   40.0000  2.2030575E-02  2.7699902E-02  2.5163088E-02
