  7709.000   27  1  1  1.9222038E-02 -4.5174341E+00 -3.3263992E-01  1  1  7.5664706E+03  8.0000000E+03  0.0000000E+00  1.1792254E+00  1.0000000E+00  0.0000000E+00  = E_edge, Z, n_edge, j_edge, Abs_before_edge, VO_interstitial, E_cut, ninit, ninit1, Epsii, UnitCell_Volume, Surface_ref, f0_forward, natomsym_f, abs_u_iso
    Energy   (100,001)      (010,001)      (001,110)   
  -25.0000  3.6330895E-09  1.0946673E-09  7.6096927E-10
  -24.0000  9.3010773E-09  2.6569628E-09  1.7749773E-09
  -23.0000  2.7834304E-08  7.5023320E-09  4.7614772E-09
  -22.0000  1.0931592E-07  2.7736208E-08  1.6374195E-08
  -21.0000  8.1890013E-07  2.0577444E-07  1.0580162E-07
  -20.0000  4.8193975E-04  6.5566675E-06  5.8546123E-05
  -19.0000  3.1025752E-06  2.3140528E-05  2.7807559E-05
  -18.0000  1.3902247E-06  6.1417619E-07  4.5574675E-07
  -17.0000  1.5850077E-06  5.0289103E-07  3.2593272E-07
  -16.0000  3.6536239E-06  8.4108741E-07  6.8677629E-07
  -15.0000  4.8870124E-05  3.9103543E-05  3.4691544E-05
  -14.0000  7.0811630E-06  8.8846090E-06  9.4660555E-06
  -13.0000  1.6134285E-06  1.8312613E-06  2.5644737E-06
  -12.0000  8.2636029E-06  1.5867652E-05  5.8340680E-05
  -11.0000  1.6233464E-05  7.1144923E-06  5.8294954E-06
  -10.0000  1.6448946E-04  4.6880614E-05  1.3837962E-05
  -9.00000  1.1702850E-03  1.5257499E-04  6.3555151E-05
  -8.00000  6.1030070E-05  1.9156097E-05  1.6477293E-05
  -7.00000  5.8653867E-04  1.1915608E-04  8.9229105E-05
  -6.00000  3.1015512E-04  1.6258434E-04  1.8565835E-04
  -5.00000  7.0788559E-03  1.3646828E-02  1.5271478E-02
  -4.00000  3.2464564E-03  2.1754991E-03  2.8422391E-03
  -3.00000  2.4466124E-02  6.6152618E-02  2.1158018E-02
  -2.00000  8.1528658E-04  1.3033435E-03  7.2796993E-04
  -1.00000  4.1789527E-04  7.0618666E-04  2.8931841E-04
   0.00000  5.6174756E-03  3.1513552E-03  6.2710144E-03
   1.00000  4.4096783E-04  6.5955178E-04  5.8912631E-04
   2.00000  4.9042366E-04  6.4584260E-04  4.8432253E-04
   3.00000  6.9692276E-04  8.9070070E-04  6.0278977E-04
   4.00000  1.1262670E-03  1.3537552E-03  9.1387991E-04
   5.00000  1.9539998E-03  2.1997633E-03  1.6723538E-03
   5.20000  2.1869114E-03  2.4607015E-03  1.9294769E-03
   5.40000  2.4444869E-03  2.7707743E-03  2.2414122E-03
   5.60000  2.7269963E-03  3.1435807E-03  2.6213477E-03
   5.80000  3.0371675E-03  3.6008027E-03  3.0863088E-03
   6.00000  3.3846907E-03  4.1756133E-03  3.6537074E-03
   6.20000  3.8061007E-03  4.9357913E-03  4.3540064E-03
   6.40000  4.3495101E-03  5.9424513E-03  5.2166985E-03
   6.60000  5.0519517E-03  7.2191233E-03  6.3030643E-03
   6.80000  5.9358914E-03  8.7641311E-03  7.7305958E-03
   7.00000  7.0387165E-03  1.0601333E-02  9.6614581E-03
   7.20000  8.4445365E-03  1.2777220E-02  1.2233986E-02
   7.40000  1.0253645E-02  1.5260510E-02  1.5407657E-02
   7.60000  1.2546677E-02  1.7872311E-02  1.8616404E-02
   7.80000  1.5249236E-02  2.0169487E-02  2.0543985E-02
   8.00000  1.7973672E-02  2.1500498E-02  2.0006668E-02
   8.20000  2.0186571E-02  2.1566302E-02  1.7611118E-02
   8.40000  2.1437390E-02  2.0840740E-02  1.5112773E-02
   8.60000  2.1420554E-02  2.0355246E-02  1.3518476E-02
   8.80000  2.0616001E-02  2.0906981E-02  1.2971997E-02
   9.00000  2.0130268E-02  2.2547773E-02  1.3370460E-02
   9.20000  2.1647543E-02  2.4993406E-02  1.4987014E-02
   9.40000  2.2872697E-02  2.8470962E-02  1.7097834E-02
   9.60000  2.5102618E-02  3.2877440E-02  2.0079499E-02
   9.80000  2.8202557E-02  3.8149249E-02  2.3868531E-02
   10.0000  3.2422302E-02  4.3767636E-02  2.8612113E-02
   10.2500  3.8981537E-02  5.0792176E-02  3.5608731E-02
   10.5000  4.6459214E-02  5.7023509E-02  4.3407799E-02
   10.7500  5.3700438E-02  6.1838620E-02  5.1447924E-02
   11.0000  5.9096330E-02  6.5110559E-02  5.8973808E-02
   11.2500  6.1415253E-02  6.7160857E-02  6.4981187E-02
   11.5000  6.0609101E-02  6.8276590E-02  6.8493183E-02
   11.7500  5.7649195E-02  6.8256674E-02  6.9089543E-02
   12.0000  5.3958420E-02  6.6348693E-02  6.7026748E-02
   12.2500  5.0181794E-02  6.2652542E-02  6.3408172E-02
   12.5000  4.6362336E-02  5.7907142E-02  5.8706349E-02
   12.7500  4.3077710E-02  5.2721838E-02  5.3652101E-02
   13.0000  4.0375141E-02  4.7738331E-02  4.8797809E-02
   13.2500  3.8216914E-02  4.3289200E-02  4.4455374E-02
   13.5000  3.6538966E-02  3.9474696E-02  4.0742496E-02
   13.7500  3.5312854E-02  3.6463516E-02  3.7532723E-02
   14.0000  3.4316642E-02  3.3959023E-02  3.4277252E-02
   14.2500  3.3702618E-02  3.1833187E-02  3.2368716E-02
   14.5000  3.3339220E-02  3.0080303E-02  3.0899809E-02
   14.7500  3.3177501E-02  2.8647729E-02  2.9803232E-02
   15.0000  3.3170703E-02  2.7492212E-02  2.9021899E-02
   15.2500  3.3273393E-02  2.6577217E-02  2.8508246E-02
   15.5000  3.3443524E-02  2.5872349E-02  2.8226317E-02
   15.7500  3.3631247E-02  2.5348012E-02  2.8140321E-02
   16.0000  3.3797570E-02  2.4981024E-02  2.8227360E-02
   16.2500  3.3908219E-02  2.4749187E-02  2.8464544E-02
   16.5000  3.3941887E-02  2.4632157E-02  2.8830631E-02
   16.7500  3.3896535E-02  2.4611247E-02  2.9304428E-02
   17.0000  3.3790364E-02  2.4669024E-02  2.9865648E-02
   17.2500  3.3656245E-02  2.4789396E-02  3.0494565E-02
   17.5000  3.3531855E-02  2.4957159E-02  3.1174378E-02
   17.7500  3.3451421E-02  2.5158879E-02  3.1891284E-02
   18.0000  3.3438113E-02  2.5383553E-02  3.2633399E-02
   18.2500  3.3502986E-02  2.5624617E-02  3.3390638E-02
   18.5000  3.3646701E-02  2.5879293E-02  3.4152731E-02
   18.7500  3.3861518E-02  2.6149582E-02  3.4907866E-02
   19.0000  3.4135605E-02  2.6441277E-02  3.5640430E-02
   19.2500  3.4454697E-02  2.6762177E-02  3.6328792E-02
   19.5000  3.4802957E-02  2.7121322E-02  3.6949636E-02
   19.7500  3.5161428E-02  2.7524970E-02  3.7475775E-02
   20.0000  3.5506849E-02  2.7977915E-02  3.7880382E-02
   21.0000  3.6221674E-02  3.0282566E-02  3.7929810E-02
   22.0000  3.5257646E-02  3.3077560E-02  3.5921587E-02
   23.0000  3.3303954E-02  3.5348225E-02  3.3487618E-02
   24.0000  3.2176912E-02  3.6818955E-02  3.2099925E-02
   25.0000  3.1558020E-02  3.6776439E-02  3.1414820E-02
   26.0000  3.1342277E-02  3.5335744E-02  3.1003224E-02
   27.0000  3.1424994E-02  3.3070781E-02  3.0525449E-02
   28.0000  3.1636293E-02  3.0694515E-02  2.9879703E-02
   29.0000  3.1656173E-02  2.8736102E-02  2.9049374E-02
   30.0000  3.1167903E-02  2.7362927E-02  2.8047496E-02
   31.0000  3.0092112E-02  2.6485661E-02  2.6933701E-02
   32.0000  2.8574263E-02  2.5947878E-02  2.5810860E-02
   33.0000  2.6826803E-02  2.5618599E-02  2.4810543E-02
   34.0000  2.5043965E-02  2.5407809E-02  2.4057145E-02
   35.0000  2.3369292E-02  2.5239237E-02  2.3593183E-02
   36.0000  2.1897584E-02  2.5058631E-02  2.3343412E-02
   37.0000  2.0692198E-02  2.4843548E-02  2.3173727E-02
   38.0000  1.9789918E-02  2.4591769E-02  2.2976251E-02
   39.0000  1.9195051E-02  2.4296281E-02  2.2711142E-02
   40.0000  1.8880904E-02  2.3923480E-02  2.2394106E-02
