  7709.000   27  1  1  1.9222038E-02 -4.5120667E+00 -2.3996669E-01  1  1  7.5664659E+03  8.0000000E+03  0.0000000E+00  1.1792254E+00  1.0000000E+00  0.0000000E+00  = E_edge, Z, n_edge, j_edge, Abs_before_edge, VO_interstitial, E_cut, ninit, ninit1, Epsii, UnitCell_Volume, Surface_ref, f0_forward, natomsym_f, abs_u_iso
    Energy   (100,001)      (010,001)      (001,110)   
  -25.0000  5.1538894E-09  1.7294570E-09  7.2517768E-10
  -24.0000  1.3215549E-08  4.4491775E-09  1.5940155E-09
  -23.0000  3.9506802E-08  1.3634448E-08  3.8689803E-09
  -22.0000  1.5552288E-07  5.7491254E-08  1.1097783E-08
  -21.0000  1.2843927E-06  5.6567906E-07  5.4345762E-08
  -20.0000  2.3110661E-05  1.4162016E-05  2.1160053E-06
  -19.0000  3.3838218E-03  2.7416240E-04  1.3505114E-04
  -18.0000  6.7941137E-06  3.8894963E-06  5.1463991E-06
  -17.0000  5.3369052E-06  1.3423111E-06  9.6735652E-07
  -16.0000  1.0417408E-05  2.1293736E-06  9.9321712E-07
  -15.0000  3.4012955E-03  9.2922972E-04  1.2212004E-03
  -14.0000  1.7094186E-03  4.1196056E-03  4.1707363E-03
  -13.0000  2.9189257E-06  9.4092930E-06  9.8863068E-06
  -12.0000  3.4901564E-05  1.7919760E-03  2.2474489E-03
  -11.0000  1.4281867E-05  2.5760855E-05  3.5542598E-05
  -10.0000  4.1408496E-04  2.1256161E-04  1.2935546E-04
  -9.00000  5.8526501E-03  9.9785518E-04  1.8161452E-04
  -8.00000  3.6440384E-03  3.7843177E-03  1.5862300E-03
  -7.00000  3.0908512E-03  6.8777143E-04  3.6747297E-04
  -6.00000  2.3045849E-02  6.5463176E-03  3.0007488E-04
  -5.00000  6.9738303E-03  1.3081205E-03  4.2615664E-02
  -4.00000  7.1041820E-04  2.5493880E-03  8.9342005E-04
  -3.00000  5.2132715E-03  9.1084233E-03  1.2041716E-02
  -2.00000  7.4448015E-03  1.7840801E-02  1.8314094E-02
  -1.00000  8.3117771E-04  1.1637810E-03  9.1376021E-04
   0.00000  3.4119234E-03  3.5024951E-03  2.6800872E-03
   1.00000  1.0378452E-03  1.5915884E-03  6.1707466E-04
   2.00000  6.2382354E-04  9.3615963E-04  5.1473912E-04
   3.00000  9.0754428E-04  1.1668136E-03  1.0108804E-03
   4.00000  8.7189878E-04  2.0552072E-03  2.5391416E-03
   5.00000  1.1923036E-03  5.8502352E-03  1.2630300E-02
   5.20000  1.3362857E-03  6.3170905E-03  1.1667096E-02
   5.40000  1.4948253E-03  6.6785633E-03  9.0877348E-03
   5.60000  1.6662455E-03  7.5474354E-03  7.9569067E-03
   5.80000  1.8526578E-03  8.9809933E-03  8.2108156E-03
   6.00000  2.0737477E-03  1.0833562E-02  9.2876913E-03
   6.20000  2.3512607E-03  1.2536650E-02  1.0355735E-02
   6.40000  2.6598707E-03  1.3219957E-02  1.0379469E-02
   6.60000  2.9393268E-03  1.2838158E-02  9.2401206E-03
   6.80000  3.1801444E-03  1.2289552E-02  7.8139677E-03
   7.00000  3.4284979E-03  1.2282855E-02  6.7531934E-03
   7.20000  3.7328382E-03  1.3083119E-02  6.2152377E-03
   7.40000  4.1277432E-03  1.4811722E-02  6.1815663E-03
   7.60000  4.6567254E-03  1.7658260E-02  6.6473971E-03
   7.80000  5.3684403E-03  2.1883301E-02  7.6785594E-03
   8.00000  6.2979794E-03  2.7625414E-02  9.4086408E-03
   8.20000  7.3977345E-03  3.4298076E-02  1.1913692E-02
   8.40000  8.4155928E-03  3.9665745E-02  1.4848717E-02
   8.60000  8.8979957E-03  4.0481170E-02  1.7147238E-02
   8.80000  8.7967341E-03  3.5914292E-02  1.8077171E-02
   9.00000  8.4322544E-03  2.9028301E-02  1.7899581E-02
   9.20000  8.1761821E-03  2.2697822E-02  1.7402706E-02
   9.40000  8.1869188E-03  1.7940774E-02  1.7090044E-02
   9.60000  8.4872379E-03  1.4693200E-02  1.7139843E-02
   9.80000  9.0618701E-03  1.2625180E-02  1.7582396E-02
   10.0000  9.8954231E-03  1.1436068E-02  1.8409378E-02
   10.2500  1.1288146E-02  1.0867583E-02  1.9974703E-02
   10.5000  1.3062062E-02  1.1090970E-02  2.2150969E-02
   10.7500  1.5201846E-02  1.1985411E-02  2.4994054E-02
   11.0000  1.7658635E-02  1.3469775E-02  2.8535086E-02
   11.2500  2.0434131E-02  1.5745512E-02  3.2924023E-02
   11.5000  2.3269119E-02  1.8606477E-02  3.8070148E-02
   11.7500  2.5955989E-02  2.1999810E-02  4.3638668E-02
   12.0000  2.8322042E-02  2.5793344E-02  4.9031119E-02
   12.2500  3.0251840E-02  2.9750698E-02  5.3342698E-02
   12.5000  3.1770307E-02  3.3682741E-02  5.5763436E-02
   12.7500  3.3014581E-02  3.7568921E-02  5.6025201E-02
   13.0000  3.4123115E-02  4.1504034E-02  5.4475680E-02
   13.2500  3.5904169E-02  4.4412621E-02  5.2555518E-02
   13.5000  3.6693461E-02  4.8183312E-02  4.9143644E-02
   13.7500  3.7581135E-02  5.2359057E-02  4.5851644E-02
   14.0000  3.7976811E-02  5.3470959E-02  4.2789037E-02
   14.2500  3.8224888E-02  5.2628166E-02  4.0084849E-02
   14.5000  3.8413542E-02  5.0157475E-02  3.7758249E-02
   14.7500  3.8621637E-02  4.6736915E-02  3.5781841E-02
   15.0000  3.8830232E-02  4.2620389E-02  3.4274170E-02
   15.2500  3.9226202E-02  3.9189951E-02  3.2901362E-02
   15.5000  3.9711600E-02  3.6113545E-02  3.1800376E-02
   15.7500  4.0273692E-02  3.3476693E-02  3.0956675E-02
   16.0000  4.0888849E-02  3.1276548E-02  3.0356042E-02
   16.2500  4.1527759E-02  2.9480672E-02  2.9983842E-02
   16.5000  4.2159371E-02  2.8044098E-02  2.9820613E-02
   16.7500  4.2752935E-02  2.6922949E-02  2.9842223E-02
   17.0000  4.3284471E-02  2.6077547E-02  3.0022401E-02
   17.2500  4.3740021E-02  2.5474203E-02  3.0333042E-02
   17.5000  4.4118618E-02  2.5083461E-02  3.0743660E-02
   17.7500  4.4428773E-02  2.4878046E-02  3.1224578E-02
   18.0000  4.4681423E-02  2.4834192E-02  3.1746401E-02
   18.2500  4.4880473E-02  2.4928472E-02  3.2281746E-02
   18.5000  4.5022732E-02  2.5139503E-02  3.2806233E-02
   18.7500  4.5096289E-02  2.5448261E-02  3.3298812E-02
   19.0000  4.5084430E-02  2.5838453E-02  3.3743236E-02
   19.2500  4.4970244E-02  2.6294186E-02  3.4126988E-02
   19.5000  4.4741802E-02  2.6805004E-02  3.4441558E-02
   19.7500  4.4395711E-02  2.7363379E-02  3.4681272E-02
   20.0000  4.3937481E-02  2.7963027E-02  3.4840686E-02
   21.0000  4.1357631E-02  3.0694202E-02  3.4609256E-02
   22.0000  3.8726088E-02  3.3673159E-02  3.3264631E-02
   23.0000  3.6996621E-02  3.6217375E-02  3.1911392E-02
   24.0000  3.6255445E-02  3.7630964E-02  3.1393283E-02
   25.0000  3.6304866E-02  3.7644426E-02  3.1746243E-02
   26.0000  3.6713975E-02  3.6544752E-02  3.2552329E-02
   27.0000  3.6884906E-02  3.4923584E-02  3.3263968E-02
   28.0000  3.6487441E-02  3.3346171E-02  3.3502747E-02
   29.0000  3.5547920E-02  3.2079653E-02  3.3210935E-02
   30.0000  3.4223031E-02  3.1122950E-02  3.2543027E-02
   31.0000  3.2686947E-02  3.0403066E-02  3.1685786E-02
   32.0000  3.1085519E-02  2.9866648E-02  3.0774957E-02
   33.0000  2.9509471E-02  2.9506192E-02  2.9893057E-02
   34.0000  2.8006817E-02  2.9353246E-02  2.9089011E-02
   35.0000  2.6435447E-02  2.9316929E-02  2.8215366E-02
   36.0000  2.5106233E-02  2.9593408E-02  2.7685956E-02
   37.0000  2.3877688E-02  2.9901762E-02  2.7293844E-02
   38.0000  2.2770667E-02  3.0017109E-02  2.6968287E-02
   39.0000  2.1811614E-02  2.9762522E-02  2.6575117E-02
   40.0000  2.1014728E-02  2.9107158E-02  2.5982383E-02
