  7709.000   27  1  1  1.9222038E-02 -4.8394414E+00 -2.1209166E-01  1  1  7.5662306E+03  8.0000000E+03  0.0000000E+00  1.1792254E+00  1.0000000E+00  0.0000000E+00  = E_edge, Z, n_edge, j_edge, Abs_before_edge, VO_interstitial, E_cut, ninit, ninit1, Epsii, UnitCell_Volume, Surface_ref, f0_forward, natomsym_f, abs_u_iso
    Energy   (100,001)      (010,001)      (001,110)   
  -25.0000  5.8784221E-09  1.8534817E-09  7.4113615E-10
  -24.0000  1.6010472E-08  4.9915724E-09  1.7255145E-09
  -23.0000  5.2830585E-08  1.6561601E-08  4.6069656E-09
  -22.0000  2.5259664E-07  8.3246231E-08  1.5761827E-08
  -21.0000  4.3886078E-06  1.8581346E-06  1.0999073E-07
  -20.0000  3.0828557E-05  2.4289678E-06  2.9121817E-06
  -19.0000  2.9029916E-06  2.3883893E-05  3.8620968E-05
  -18.0000  1.9573640E-06  7.9498925E-07  7.2497635E-07
  -17.0000  2.9331852E-06  1.0044856E-06  4.1375321E-07
  -16.0000  1.1601816E-05  4.5437774E-06  6.4556666E-07
  -15.0000  2.5669005E-05  8.0601745E-06  1.3755834E-06
  -14.0000  1.7897450E-05  2.3503648E-05  2.4883837E-05
  -13.0000  1.3855241E-06  4.3825617E-06  4.9657623E-06
  -12.0000  8.4640501E-05  7.1025606E-04  2.1834109E-03
  -11.0000  1.5562620E-05  1.3841491E-05  7.9473250E-06
  -10.0000  2.6892156E-04  7.1439184E-05  4.8434087E-05
  -9.00000  3.0720647E-03  2.8742384E-04  3.1853494E-05
  -8.00000  7.9815394E-04  7.5494230E-04  1.5737275E-04
  -7.00000  3.0451439E-04  1.9938606E-04  8.0501373E-05
  -6.00000  1.3182962E-03  4.8651362E-04  1.9811015E-04
  -5.00000  8.2756786E-03  1.0726495E-03  4.5967086E-04
  -4.00000  1.1141066E-02  2.2179249E-03  1.4006144E-02
  -3.00000  6.6800793E-02  1.2047243E-02  5.4398441E-02
  -2.00000  1.6074802E-03  2.6070106E-03  2.2005288E-03
  -1.00000  7.9525800E-04  8.8385388E-04  6.6519252E-04
   0.00000  2.4535446E-03  2.8204581E-03  2.0792212E-03
   1.00000  4.0612795E-04  6.4832377E-04  3.5154110E-04
   2.00000  4.3532402E-04  6.4248608E-04  3.3550662E-04
   3.00000  6.8050645E-04  8.9057018E-04  4.9635126E-04
   4.00000  1.1750412E-03  1.4470925E-03  8.8292825E-04
   5.00000  1.7568131E-03  3.0709858E-03  1.9244234E-03
   5.20000  1.9168317E-03  3.7041568E-03  2.3061783E-03
   5.40000  2.2425740E-03  4.5152117E-03  2.7782821E-03
   5.60000  2.8202964E-03  5.5809042E-03  3.3475328E-03
   5.80000  3.6643781E-03  7.0380403E-03  4.0095461E-03
   6.00000  4.7201302E-03  9.0578502E-03  4.7759469E-03
   6.20000  5.9186334E-03  1.1865361E-02  5.7129431E-03
   6.40000  7.2574956E-03  1.5737846E-02  6.9407348E-03
   6.60000  8.8252536E-03  2.0993613E-02  8.5901188E-03
   6.80000  1.0787970E-02  2.7897336E-02  1.0715442E-02
   7.00000  1.3353083E-02  3.6092602E-02  1.3064441E-02
   7.20000  1.6546344E-02  4.2939131E-02  1.4741839E-02
   7.40000  1.9530403E-02  4.3053994E-02  1.4819109E-02
   7.60000  2.1005011E-02  3.5620113E-02  1.3986168E-02
   7.80000  2.0697475E-02  2.6844107E-02  1.3700720E-02
   8.00000  1.9544605E-02  2.1107445E-02  1.4434179E-02
   8.20000  1.8565756E-02  1.8569963E-02  1.6079569E-02
   8.40000  1.8222587E-02  1.8089355E-02  1.8420316E-02
   8.60000  1.8575056E-02  1.8806528E-02  2.1199986E-02
   8.80000  1.9576336E-02  2.0314466E-02  2.4182981E-02
   9.00000  2.1215713E-02  2.2504136E-02  2.7244567E-02
   9.20000  2.3529610E-02  2.5396467E-02  3.0399170E-02
   9.40000  2.6563342E-02  2.9017797E-02  3.3754738E-02
   9.60000  3.0283976E-02  3.3273431E-02  3.7420511E-02
   9.80000  3.4468122E-02  3.7849984E-02  4.1426876E-02
   10.0000  3.8605284E-02  4.2181145E-02  4.5687628E-02
   10.2500  4.2550810E-02  4.6181415E-02  5.1127655E-02
   10.5000  4.3991589E-02  4.7827859E-02  5.6534885E-02
   10.7500  4.2912395E-02  4.7530467E-02  6.1971776E-02
   11.0000  4.0419732E-02  4.6544151E-02  6.7226385E-02
   11.2500  3.7625755E-02  4.5340168E-02  7.0864474E-02
   11.5000  3.5185452E-02  4.5240190E-02  7.2874802E-02
   11.7500  3.3628434E-02  4.5365716E-02  7.1052321E-02
   12.0000  3.2810853E-02  4.4824283E-02  6.5908061E-02
   12.2500  3.2592868E-02  4.4357916E-02  5.9509982E-02
   12.5000  3.2853592E-02  4.3379904E-02  5.3207310E-02
   12.7500  3.3412858E-02  4.1932915E-02  4.7674855E-02
   13.0000  3.4194026E-02  4.1074313E-02  4.2697197E-02
   13.2500  3.5260264E-02  3.9765809E-02  3.8695503E-02
   13.5000  3.5991336E-02  3.7364623E-02  3.5163119E-02
   13.7500  3.6487615E-02  3.5199518E-02  3.2685951E-02
   14.0000  3.6931397E-02  3.3117395E-02  3.0675701E-02
   14.2500  3.7346843E-02  3.1188949E-02  2.9070213E-02
   14.5000  3.7752612E-02  2.9461629E-02  2.7822470E-02
   14.7500  3.8160353E-02  2.7957970E-02  2.6895335E-02
   15.0000  3.8568250E-02  2.6680901E-02  2.6255105E-02
   15.2500  3.8966628E-02  2.5622610E-02  2.5874055E-02
   15.5000  3.9332376E-02  2.4770803E-02  2.5722883E-02
   15.7500  3.9634020E-02  2.4112915E-02  2.5777559E-02
   16.0000  3.9832996E-02  2.3639147E-02  2.6013559E-02
   16.2500  3.9897543E-02  2.3342651E-02  2.6405194E-02
   16.5000  3.9816983E-02  2.3218280E-02  2.6926559E-02
   16.7500  3.9608297E-02  2.3260454E-02  2.7549721E-02
   17.0000  3.9314118E-02  2.3462210E-02  2.8244142E-02
   17.2500  3.8988359E-02  2.3812655E-02  2.8976355E-02
   17.5000  3.8680962E-02  2.4298506E-02  2.9710573E-02
   17.7500  3.8424843E-02  2.4899092E-02  3.0408072E-02
   18.0000  3.8228380E-02  2.5588783E-02  3.1029567E-02
   18.2500  3.8077884E-02  2.6338291E-02  3.1537940E-02
   18.5000  3.7943955E-02  2.7115546E-02  3.1902521E-02
   18.7500  3.7792058E-02  2.7892033E-02  3.2103722E-02
   19.0000  3.7588443E-02  2.8642879E-02  3.2135028E-02
   19.2500  3.7311589E-02  2.9355613E-02  3.2007657E-02
   19.5000  3.6953626E-02  3.0028288E-02  3.1746618E-02
   19.7500  3.6521858E-02  3.0667625E-02  3.1386779E-02
   20.0000  3.6035477E-02  3.1284969E-02  3.0966209E-02
   21.0000  3.4056191E-02  3.3666081E-02  2.9339801E-02
   22.0000  3.2851339E-02  3.5575913E-02  2.8654341E-02
   23.0000  3.2529436E-02  3.6214240E-02  2.8948242E-02
   24.0000  3.2610788E-02  3.5447549E-02  2.9825786E-02
   25.0000  3.2764664E-02  3.3876452E-02  3.0984032E-02
   26.0000  3.3038193E-02  3.2234121E-02  3.2011717E-02
   27.0000  3.3443553E-02  3.1009819E-02  3.2489621E-02
   28.0000  3.3648424E-02  3.0227407E-02  3.2271429E-02
   29.0000  3.3163315E-02  2.9517512E-02  3.1411549E-02
   30.0000  3.2062022E-02  2.8881015E-02  3.0313914E-02
   31.0000  3.0488875E-02  2.8161461E-02  2.9075858E-02
   32.0000  2.8746868E-02  2.7416498E-02  2.7815088E-02
   33.0000  2.7012091E-02  2.6688827E-02  2.6593836E-02
   34.0000  2.5352853E-02  2.6012276E-02  2.5475070E-02
   35.0000  2.3791744E-02  2.5391169E-02  2.4511087E-02
   36.0000  2.2362572E-02  2.4821366E-02  2.3732683E-02
   37.0000  2.1136844E-02  2.4303308E-02  2.3132993E-02
   38.0000  2.0209525E-02  2.3850215E-02  2.2673682E-02
   39.0000  1.9642164E-02  2.3480829E-02  2.2327100E-02
   40.0000  1.9412321E-02  2.3214618E-02  2.2114402E-02
