  7709.000   27  1  1  1.9222038E-02 -4.6223854E+00 -3.3975778E-01  1  1  7.5661046E+03  8.0000000E+03  0.0000000E+00  1.1792254E+00  1.0000000E+00  0.0000000E+00  = E_edge, Z, n_edge, j_edge, Abs_before_edge, VO_interstitial, E_cut, ninit, ninit1, Epsii, UnitCell_Volume, Surface_ref, f0_forward, natomsym_f, abs_u_iso
    Energy   (100,001)      (010,001)      (001,110)   
  -25.0000  7.4771753E-09  1.7413723E-09  9.0928502E-10
  -24.0000  2.3199361E-08  5.0887328E-09  2.4705762E-09
  -23.0000  1.0197844E-07  2.0907855E-08  9.4418915E-09
  -22.0000  1.5514197E-06  2.9480382E-07  1.3186646E-07
  -21.0000  3.6960465E-06  5.4134047E-07  3.9244441E-07
  -20.0000  3.8496672E-06  6.0870487E-07  1.1247091E-06
  -19.0000  1.5090070E-05  7.0267773E-05  1.5189995E-04
  -18.0000  1.3201818E-06  5.0121649E-07  3.3620286E-07
  -17.0000  2.2198106E-06  5.4278724E-07  2.2381158E-07
  -16.0000  2.3070872E-05  1.8873684E-06  4.4429763E-07
  -15.0000  5.6007152E-06  8.5321721E-06  3.8864237E-06
  -14.0000  5.6681632E-06  6.7521169E-06  8.4990929E-06
  -13.0000  1.7622798E-06  1.4710654E-06  2.0785755E-06
  -12.0000  6.3551108E-06  3.9290014E-06  1.0032454E-05
  -11.0000  4.1195387E-05  2.5634703E-05  1.4750679E-05
  -10.0000  6.4078666E-04  2.0814373E-04  1.1060903E-03
  -9.00000  1.8924622E-04  1.9417784E-04  6.4714812E-05
  -8.00000  6.5249127E-05  1.7430139E-05  1.2055660E-05
  -7.00000  1.1360547E-03  4.6962431E-04  3.1780027E-04
  -6.00000  3.0919099E-04  1.5962713E-04  1.3109408E-04
  -5.00000  8.2612438E-03  7.2730126E-03  7.1506695E-02
  -4.00000  1.1477527E-01  4.4529636E-03  1.8458727E-01
  -3.00000  5.8381860E-03  2.9003367E-02  5.2380800E-03
  -2.00000  1.2997794E-03  2.3619182E-03  1.2534787E-03
  -1.00000  5.4970894E-04  7.8780704E-04  3.1074303E-04
   0.00000  1.0794290E-02  1.8858803E-03  2.5705668E-03
   1.00000  5.5611061E-04  8.5643609E-04  1.0047263E-03
   2.00000  4.6310254E-04  6.0936298E-04  4.9550725E-04
   3.00000  5.9307014E-04  7.8253762E-04  5.4091362E-04
   4.00000  8.9065775E-04  1.1633858E-03  7.2707813E-04
   5.00000  1.4686218E-03  1.8577225E-03  1.1795339E-03
   5.20000  1.6272703E-03  2.0613895E-03  1.3268300E-03
   5.40000  1.8010908E-03  2.2956948E-03  1.4998584E-03
   5.60000  1.9903283E-03  2.5659437E-03  1.7023474E-03
   5.80000  2.1955248E-03  2.8784125E-03  1.9390630E-03
   6.00000  2.4175969E-03  3.2410769E-03  2.2172064E-03
   6.20000  2.6589940E-03  3.6613792E-03  2.5454762E-03
   6.40000  2.9246362E-03  4.1497891E-03  2.9384274E-03
   6.60000  3.2241016E-03  4.7192984E-03  3.4166487E-03
   6.80000  3.5752019E-03  5.3873406E-03  4.0074495E-03
   7.00000  4.0065663E-03  6.1772242E-03  4.7350431E-03
   7.20000  4.5621991E-03  7.1186180E-03  5.5915961E-03
   7.40000  5.2294273E-03  8.2756878E-03  6.5249994E-03
   7.60000  5.9573418E-03  9.6814184E-03  7.4946266E-03
   7.80000  6.7027870E-03  1.1394874E-02  8.5797151E-03
   8.00000  7.4914392E-03  1.3498545E-02  9.9449131E-03
   8.20000  8.3873361E-03  1.6098733E-02  1.1756725E-02
   8.40000  9.4545011E-03  1.9293499E-02  1.4175413E-02
   8.60000  1.0735405E-02  2.3055992E-02  1.7362983E-02
   8.80000  1.2217796E-02  2.6970240E-02  2.1432114E-02
   9.00000  1.3778992E-02  2.9993308E-02  2.6257164E-02
   9.20000  1.5179941E-02  3.0952314E-02  3.1149739E-02
   9.40000  1.6223656E-02  2.9764310E-02  3.4792202E-02
   9.60000  1.7007371E-02  2.7625986E-02  3.6207281E-02
   9.80000  1.7954608E-02  2.5873040E-02  3.6010064E-02
   10.0000  1.9480157E-02  2.5245062E-02  3.5716449E-02
   10.2500  2.2488609E-02  2.6182524E-02  3.6305087E-02
   10.5000  2.6738229E-02  2.8291707E-02  3.7595061E-02
   10.7500  3.1446767E-02  3.1337284E-02  3.8657962E-02
   11.0000  3.6531896E-02  3.5106642E-02  3.9570314E-02
   11.2500  4.1614677E-02  3.9263426E-02  4.0693032E-02
   11.5000  4.6273588E-02  4.3453347E-02  4.2310583E-02
   11.7500  5.0105851E-02  4.7330317E-02  4.4348944E-02
   12.0000  5.2539589E-02  5.0884673E-02  4.6267906E-02
   12.2500  5.3847914E-02  5.3418912E-02  4.8026241E-02
   12.5000  5.3911066E-02  5.4961545E-02  4.8886859E-02
   12.7500  5.2443996E-02  5.5532153E-02  4.9127743E-02
   13.0000  4.9943007E-02  5.4961602E-02  4.8271694E-02
   13.2500  4.7326506E-02  5.4335609E-02  4.6916599E-02
   13.5000  4.4596234E-02  5.3323901E-02  4.5495003E-02
   13.7500  4.2075971E-02  5.1909676E-02  4.3838538E-02
   14.0000  3.9921523E-02  5.0052815E-02  4.2098260E-02
   14.2500  3.8345466E-02  4.7029405E-02  4.0307948E-02
   14.5000  3.7138362E-02  4.4363577E-02  3.8557438E-02
   14.7500  3.6273397E-02  4.1814391E-02  3.7029257E-02
   15.0000  3.5863832E-02  3.9323591E-02  3.5737196E-02
   15.2500  3.5835612E-02  3.6997966E-02  3.4675851E-02
   15.5000  3.6102995E-02  3.4911585E-02  3.3829212E-02
   15.7500  3.6565940E-02  3.3101162E-02  3.3170454E-02
   16.0000  3.7134457E-02  3.1575483E-02  3.2678838E-02
   16.2500  3.7727059E-02  3.0320581E-02  3.2335305E-02
   16.5000  3.8278004E-02  2.9308598E-02  3.2123996E-02
   16.7500  3.8740002E-02  2.8506169E-02  3.2030810E-02
   17.0000  3.9085978E-02  2.7880425E-02  3.2041225E-02
   17.2500  3.9305885E-02  2.7399523E-02  3.2141082E-02
   17.5000  3.9404216E-02  2.7035833E-02  3.2313042E-02
   17.7500  3.9398918E-02  2.6765815E-02  3.2539840E-02
   18.0000  3.9315409E-02  2.6570886E-02  3.2805657E-02
   18.2500  3.9181607E-02  2.6435582E-02  3.3097963E-02
   18.5000  3.9023044E-02  2.6349017E-02  3.3409107E-02
   18.7500  3.8860779E-02  2.6303817E-02  3.3734183E-02
   19.0000  3.8708552E-02  2.6295588E-02  3.4071270E-02
   19.2500  3.8571420E-02  2.6322122E-02  3.4413859E-02
   19.5000  3.8448302E-02  2.6383237E-02  3.4755775E-02
   19.7500  3.8331616E-02  2.6479796E-02  3.5084986E-02
   20.0000  3.8210065E-02  2.6612758E-02  3.5384358E-02
   21.0000  3.7404045E-02  2.7535925E-02  3.5886856E-02
   22.0000  3.5923985E-02  2.9128760E-02  3.4822222E-02
   23.0000  3.4722925E-02  3.1313771E-02  3.3044781E-02
   24.0000  3.4472783E-02  3.3700637E-02  3.1766053E-02
   25.0000  3.4003299E-02  3.5417418E-02  3.1035139E-02
   26.0000  3.3688202E-02  3.6440601E-02  3.1205748E-02
   27.0000  3.2895067E-02  3.6224140E-02  3.1558269E-02
   28.0000  3.1930479E-02  3.4984842E-02  3.1676558E-02
   29.0000  3.1017373E-02  3.3267155E-02  3.1405759E-02
   30.0000  3.0333763E-02  3.1620177E-02  3.0878208E-02
   31.0000  2.9782044E-02  3.0338630E-02  3.0240154E-02
   32.0000  2.9106484E-02  2.9467869E-02  2.9545244E-02
   33.0000  2.8130275E-02  2.8913060E-02  2.8781269E-02
   34.0000  2.6841885E-02  2.8539179E-02  2.7944772E-02
   35.0000  2.5358443E-02  2.8222640E-02  2.7060255E-02
   36.0000  2.3855823E-02  2.7866196E-02  2.6177235E-02
   37.0000  2.2493663E-02  2.7402046E-02  2.5337247E-02
   38.0000  2.1381560E-02  2.6810722E-02  2.4565959E-02
   39.0000  2.0572861E-02  2.6119662E-02  2.3881706E-02
   40.0000  2.0072396E-02  2.5375907E-02  2.3314452E-02
