  7709.000   27  1  1  1.9222038E-02 -4.4014482E+00 -3.1268668E-01  1  1  7.5660157E+03  8.0000000E+03  0.0000000E+00  1.1792254E+00  1.0000000E+00  0.0000000E+00  = E_edge, Z, n_edge, j_edge, Abs_before_edge, VO_interstitial, E_cut, ninit, ninit1, Epsii, UnitCell_Volume, Surface_ref, f0_forward, natomsym_f, abs_u_iso
    Energy   (100,001)      (010,001)      (001,110)   
  -25.0000  6.3939382E-09  2.6739660E-09  8.5378660E-10
  -24.0000  1.9695716E-08  8.6121089E-09  2.0308053E-09
  -23.0000  8.7600583E-08  4.1729098E-08  5.7405821E-09
  -22.0000  1.5375205E-06  8.4687598E-07  3.0625135E-08
  -21.0000  1.6938734E-06  8.6801825E-07  7.5100851E-08
  -20.0000  2.7513494E-05  1.3255895E-06  4.9640359E-06
  -19.0000  7.1089431E-04  4.0120034E-04  3.2701562E-03
  -18.0000  1.6008609E-06  3.3342519E-07  8.4560441E-07
  -17.0000  2.0320361E-06  4.0367906E-07  7.2515793E-07
  -16.0000  6.6316188E-06  1.1885558E-06  2.1441537E-06
  -15.0000  7.8523064E-05  1.3690423E-04  2.7218398E-04
  -14.0000  8.2151517E-06  8.8593059E-06  1.0429165E-05
  -13.0000  1.5465512E-06  1.5485200E-06  2.9726133E-06
  -12.0000  8.5168425E-06  4.2680227E-06  2.9885765E-05
  -11.0000  5.1666070E-05  9.9398514E-06  1.3319227E-05
  -10.0000  2.6259163E-04  2.4045948E-03  1.1397814E-03
  -9.00000  1.2687428E-03  2.1365646E-04  1.0478915E-05
  -8.00000  4.1764504E-05  2.3722154E-05  1.2599201E-05
  -7.00000  8.3905248E-04  2.2838947E-04  1.5429429E-04
  -6.00000  3.4115077E-04  1.9705634E-04  2.6825638E-04
  -5.00000  4.8314098E-04  2.9201295E-04  6.3739553E-04
  -4.00000  2.0178951E-01  4.3436137E-03  4.5942467E-01
  -3.00000  1.4355611E-02  1.1839949E-01  1.7765622E-02
  -2.00000  8.6638030E-04  1.8822466E-03  9.9238850E-04
  -1.00000  6.5263312E-04  1.0243838E-03  3.7239095E-04
   0.00000  9.8621159E-04  1.1557896E-02  3.9057316E-03
   1.00000  1.2234090E-03  1.2501427E-03  1.9075091E-03
   2.00000  5.9695867E-04  7.9429107E-04  6.1959369E-04
   3.00000  7.8668826E-04  9.7270796E-04  6.5589459E-04
   4.00000  1.2087253E-03  1.4150892E-03  8.7372664E-04
   5.00000  1.9488472E-03  2.2100794E-03  1.3430824E-03
   5.20000  2.1479690E-03  2.4368601E-03  1.4810605E-03
   5.40000  2.3671560E-03  2.6947986E-03  1.6389180E-03
   5.60000  2.6074493E-03  2.9891160E-03  1.8202511E-03
   5.80000  2.8691174E-03  3.3265584E-03  2.0304879E-03
   6.00000  3.1522757E-03  3.7145802E-03  2.2754220E-03
   6.20000  3.4564142E-03  4.1642848E-03  2.5640865E-03
   6.40000  3.7825740E-03  4.6913112E-03  2.9085960E-03
   6.60000  4.1467031E-03  5.3083740E-03  3.3250504E-03
   6.80000  4.5926036E-03  6.0501675E-03  3.8257404E-03
   7.00000  5.2125763E-03  6.9336414E-03  4.4291474E-03
   7.20000  6.0805261E-03  7.9723975E-03  5.1708322E-03
   7.40000  7.2377322E-03  9.1855469E-03  6.1083634E-03
   7.60000  8.7415294E-03  1.0602055E-02  7.3193185E-03
   7.80000  1.0686709E-02  1.2241683E-02  8.8964199E-03
   8.00000  1.3195294E-02  1.4104017E-02  1.0934017E-02
   8.20000  1.6390792E-02  1.6152491E-02  1.3478557E-02
   8.40000  2.0349396E-02  1.8253695E-02  1.6415027E-02
   8.60000  2.4982937E-02  2.0118646E-02  1.9385933E-02
   8.80000  2.9812255E-02  2.1523974E-02  2.2043895E-02
   9.00000  3.3796786E-02  2.2643544E-02  2.4294132E-02
   9.20000  3.5729836E-02  2.3818810E-02  2.5956965E-02
   9.40000  3.5254625E-02  2.5309020E-02  2.6828575E-02
   9.60000  3.3225322E-02  2.7315165E-02  2.7037214E-02
   9.80000  3.0869616E-02  2.9913532E-02  2.6866521E-02
   10.0000  2.8906975E-02  3.3032947E-02  2.6456588E-02
   10.2500  2.7419449E-02  3.7275761E-02  2.5813256E-02
   10.5000  2.6816595E-02  4.1506947E-02  2.5388621E-02
   10.7500  2.6827629E-02  4.5281156E-02  2.5669782E-02
   11.0000  2.7194961E-02  4.8263577E-02  2.6895345E-02
   11.2500  2.7720271E-02  5.0334712E-02  2.9047297E-02
   11.5000  2.8264508E-02  5.1628687E-02  3.1978514E-02
   11.7500  2.8731915E-02  5.2455495E-02  3.5479553E-02
   12.0000  2.9055365E-02  5.3158878E-02  3.9260159E-02
   12.2500  2.9218921E-02  5.3609405E-02  4.2483563E-02
   12.5000  2.9185894E-02  5.4870496E-02  4.5359210E-02
   12.7500  2.9069883E-02  5.5505760E-02  4.7087576E-02
   13.0000  2.8969297E-02  5.5633550E-02  4.6937457E-02
   13.2500  2.9193725E-02  5.3994644E-02  4.6140219E-02
   13.5000  2.8935833E-02  5.1469212E-02  4.4151428E-02
   13.7500  2.8664369E-02  4.8162702E-02  4.1754609E-02
   14.0000  2.8214178E-02  4.4609684E-02  3.9215678E-02
   14.2500  2.8045514E-02  4.1016768E-02  3.6895923E-02
   14.5000  2.7866960E-02  3.7838505E-02  3.4992086E-02
   14.7500  2.7903886E-02  3.4954619E-02  3.3375237E-02
   15.0000  2.7907118E-02  3.2527343E-02  3.2146756E-02
   15.2500  2.8058496E-02  3.0479119E-02  3.1211220E-02
   15.5000  2.8356471E-02  2.8779282E-02  3.0530443E-02
   15.7500  2.8781825E-02  2.7392767E-02  3.0068641E-02
   16.0000  2.9297808E-02  2.6280436E-02  2.9787533E-02
   16.2500  2.9868086E-02  2.5407235E-02  2.9659324E-02
   16.5000  3.0457676E-02  2.4740168E-02  2.9658257E-02
   16.7500  3.1039885E-02  2.4249189E-02  2.9762614E-02
   17.0000  3.1600134E-02  2.3906294E-02  2.9952121E-02
   17.2500  3.2134699E-02  2.3687284E-02  3.0210877E-02
   17.5000  3.2650595E-02  2.3569566E-02  3.0526322E-02
   17.7500  3.3162963E-02  2.3533806E-02  3.0892440E-02
   18.0000  3.3691713E-02  2.3563038E-02  3.1310543E-02
   18.2500  3.4258136E-02  2.3642731E-02  3.1786963E-02
   18.5000  3.4880255E-02  2.3761884E-02  3.2333111E-02
   18.7500  3.5570683E-02  2.3912203E-02  3.2960967E-02
   19.0000  3.6336189E-02  2.4088333E-02  3.3679719E-02
   19.2500  3.7176567E-02  2.4287378E-02  3.4494153E-02
   19.5000  3.8081805E-02  2.4508844E-02  3.5394335E-02
   19.7500  3.9037814E-02  2.4754775E-02  3.6366098E-02
   20.0000  4.0021644E-02  2.5028253E-02  3.7382435E-02
   21.0000  4.3488980E-02  2.6470489E-02  4.1001117E-02
   22.0000  4.3980036E-02  2.8546718E-02  4.1687450E-02
   23.0000  4.0955967E-02  3.1077529E-02  3.9159421E-02
   24.0000  3.7517324E-02  3.3616999E-02  3.5972907E-02
   25.0000  3.5507268E-02  3.5635404E-02  3.3711851E-02
   26.0000  3.4678688E-02  3.6624018E-02  3.2418892E-02
   27.0000  3.4439056E-02  3.6361200E-02  3.1674642E-02
   28.0000  3.4547256E-02  3.5084793E-02  3.1184056E-02
   29.0000  3.4690156E-02  3.3203009E-02  3.0687995E-02
   30.0000  3.4932506E-02  3.1404564E-02  3.0406291E-02
   31.0000  3.4797305E-02  2.9997822E-02  3.0167664E-02
   32.0000  3.4196852E-02  2.9121207E-02  2.9974176E-02
   33.0000  3.3173480E-02  2.8730823E-02  2.9828829E-02
   34.0000  3.1789041E-02  2.8707090E-02  2.9723309E-02
   35.0000  3.0132432E-02  2.8895243E-02  2.9622043E-02
   36.0000  2.8347308E-02  2.9129017E-02  2.9481740E-02
   37.0000  2.6597362E-02  2.9260008E-02  2.9261694E-02
   38.0000  2.5026859E-02  2.9204616E-02  2.8932334E-02
   39.0000  2.3737091E-02  2.8945453E-02  2.8479093E-02
   40.0000  2.2772848E-02  2.8520201E-02  2.7895432E-02
