  7709.000   27  1  1  1.9222038E-02 -4.7490436E+00 -2.7198741E-01  1  1  7.5662909E+03  8.0000000E+03  0.0000000E+00  1.1792254E+00  1.0000000E+00  0.0000000E+00  = E_edge, Z, n_edge, j_edge, Abs_before_edge, VO_interstitial, E_cut, ninit, ninit1, Epsii, UnitCell_Volume, Surface_ref, f0_forward, natomsym_f, abs_u_iso
    Energy   (100,001)      (010,001)      (001,110)   
  -25.0000  4.4078306E-09  1.1733290E-09  7.5831031E-10
  -24.0000  1.1467298E-08  2.9314263E-09  1.7371666E-09
  -23.0000  3.5098307E-08  8.6647904E-09  4.5039163E-09
  -22.0000  1.4348659E-07  3.4908819E-08  1.4432170E-08
  -21.0000  1.2329575E-06  3.3380602E-07  7.9065574E-08
  -20.0000  4.0483720E-04  7.9835656E-06  1.8115181E-05
  -19.0000  4.0097667E-06  1.5722766E-05  4.8753222E-05
  -18.0000  1.6693115E-06  5.6801607E-07  6.1407331E-07
  -17.0000  1.9386838E-06  5.2046403E-07  3.7095080E-07
  -16.0000  4.2963752E-06  9.9893884E-07  4.9206739E-07
  -15.0000  1.2492675E-02  4.7819672E-05  4.3252398E-04
  -14.0000  1.3084802E-05  2.0138170E-05  1.8717508E-05
  -13.0000  1.8756183E-06  2.4622518E-06  3.5048661E-06
  -12.0000  8.7416489E-06  1.6548290E-05  5.3705461E-05
  -11.0000  2.7464436E-05  1.3088641E-05  1.1097386E-05
  -10.0000  6.7498273E-04  9.5693397E-05  3.1877702E-05
  -9.00000  1.4375418E-03  2.7324183E-04  2.4216567E-05
  -8.00000  1.2815289E-04  2.6453084E-05  7.6392654E-06
  -7.00000  9.6689711E-04  4.4592104E-04  7.6905488E-05
  -6.00000  6.0061303E-04  2.7169655E-04  3.1277082E-04
  -5.00000  7.0303080E-03  1.5668219E-02  1.3337510E-01
  -4.00000  2.8808456E-03  8.2308557E-04  1.7328048E-03
  -3.00000  6.3239786E-02  7.7145219E-03  3.9565186E-02
  -2.00000  3.0274921E-03  3.9746217E-03  2.8435462E-03
  -1.00000  7.5476310E-04  8.9952049E-04  6.2291992E-04
   0.00000  1.3936051E-02  4.4488192E-03  2.3264857E-03
   1.00000  5.0199890E-04  5.0757459E-04  5.4615581E-04
   2.00000  4.4142367E-04  5.6704058E-04  3.2923525E-04
   3.00000  6.3004975E-04  8.3064505E-04  4.2876488E-04
   4.00000  1.0288441E-03  1.3685472E-03  6.7038175E-04
   5.00000  1.7660396E-03  2.5926768E-03  1.2473027E-03
   5.20000  1.9662265E-03  3.0156397E-03  1.4399328E-03
   5.40000  2.1886677E-03  3.5424122E-03  1.6737247E-03
   5.60000  2.4407937E-03  4.1965076E-03  1.9624080E-03
   5.80000  2.7450911E-03  5.0499617E-03  2.3241079E-03
   6.00000  3.1460370E-03  6.1845832E-03  2.7949718E-03
   6.20000  3.7537300E-03  7.6938638E-03  3.4164127E-03
   6.40000  4.7309217E-03  9.6527479E-03  4.2327089E-03
   6.60000  6.0576502E-03  1.2024091E-02  5.2714737E-03
   6.80000  7.3176339E-03  1.4734975E-02  6.5716068E-03
   7.00000  8.2639990E-03  1.7924864E-02  8.2450582E-03
   7.20000  9.1575900E-03  2.1865332E-02  1.0396799E-02
   7.40000  1.0300528E-02  2.6562932E-02  1.2850366E-02
   7.60000  1.1877296E-02  3.1747377E-02  1.4852176E-02
   7.80000  1.3958687E-02  3.6937417E-02  1.5413373E-02
   8.00000  1.6491804E-02  4.1394835E-02  1.4450661E-02
   8.20000  1.9061146E-02  4.3886391E-02  1.2808570E-02
   8.40000  2.0646894E-02  4.2988756E-02  1.1199668E-02
   8.60000  2.0401539E-02  3.8530320E-02  9.9475717E-03
   8.80000  1.8792368E-02  3.2319288E-02  9.1928419E-03
   9.00000  1.7042847E-02  2.6511637E-02  8.9779094E-03
   9.20000  1.5979411E-02  2.2119820E-02  9.2873419E-03
   9.40000  1.5862208E-02  1.9221576E-02  1.0098634E-02
   9.60000  1.6673965E-02  1.7577650E-02  1.1411227E-02
   9.80000  1.8348422E-02  1.6945607E-02  1.3260386E-02
   10.0000  2.0845575E-02  1.7151437E-02  1.5710749E-02
   10.2500  2.5073215E-02  1.8416973E-02  1.9745623E-02
   10.5000  3.0330516E-02  2.0649177E-02  2.5000008E-02
   10.7500  3.6012743E-02  2.3658318E-02  3.1513719E-02
   11.0000  4.1013127E-02  2.7205174E-02  3.9072256E-02
   11.2500  4.4066931E-02  3.1092486E-02  4.7084783E-02
   11.5000  4.4469364E-02  3.5309399E-02  5.4596339E-02
   11.7500  4.2522491E-02  4.0007200E-02  6.0484331E-02
   12.0000  3.9487364E-02  4.3860216E-02  6.2995680E-02
   12.2500  3.5981332E-02  4.8434997E-02  6.3761481E-02
   12.5000  3.3135235E-02  5.2054057E-02  6.2343211E-02
   12.7500  3.1217222E-02  5.3831023E-02  5.9395823E-02
   13.0000  3.0176738E-02  5.3475103E-02  5.5593478E-02
   13.2500  2.9831305E-02  5.1407807E-02  5.1530545E-02
   13.5000  2.9975163E-02  4.8369707E-02  4.7633495E-02
   13.7500  3.0466502E-02  4.5910297E-02  4.3650776E-02
   14.0000  3.1329335E-02  4.2250206E-02  4.0421802E-02
   14.2500  3.2072902E-02  3.9368094E-02  3.7869966E-02
   14.5000  3.2851283E-02  3.6801969E-02  3.5726277E-02
   14.7500  3.3642545E-02  3.4563526E-02  3.3945224E-02
   15.0000  3.4434829E-02  3.2635746E-02  3.2488807E-02
   15.2500  3.5221633E-02  3.0992075E-02  3.1329858E-02
   15.5000  3.5985559E-02  2.9602547E-02  3.0443168E-02
   15.7500  3.6706022E-02  2.8442527E-02  2.9812850E-02
   16.0000  3.7350862E-02  2.7491054E-02  2.9421259E-02
   16.2500  3.7880407E-02  2.6730800E-02  2.9249630E-02
   16.5000  3.8257085E-02  2.6147946E-02  2.9276651E-02
   16.7500  3.8456836E-02  2.5730628E-02  2.9479370E-02
   17.0000  3.8477963E-02  2.5467329E-02  2.9829224E-02
   17.2500  3.8343945E-02  2.5346359E-02  3.0296354E-02
   17.5000  3.8099126E-02  2.5356354E-02  3.0849928E-02
   17.7500  3.7794900E-02  2.5484341E-02  3.1459481E-02
   18.0000  3.7480037E-02  2.5717234E-02  3.2096543E-02
   18.2500  3.7191284E-02  2.6041023E-02  3.2735889E-02
   18.5000  3.6950017E-02  2.6441413E-02  3.3355852E-02
   18.7500  3.6764036E-02  2.6904794E-02  3.3937371E-02
   19.0000  3.6634123E-02  2.7419647E-02  3.4463876E-02
   19.2500  3.6550426E-02  2.7975479E-02  3.4920340E-02
   19.5000  3.6505296E-02  2.8566738E-02  3.5295664E-02
   19.7500  3.6489918E-02  2.9191428E-02  3.5581356E-02
   20.0000  3.6495259E-02  2.9848426E-02  3.5771259E-02
   21.0000  3.6568073E-02  3.2803789E-02  3.5619269E-02
   22.0000  3.6425580E-02  3.6023811E-02  3.4595477E-02
   23.0000  3.6135458E-02  3.8646111E-02  3.3775158E-02
   24.0000  3.5917757E-02  3.9842900E-02  3.3599661E-02
   25.0000  3.5731713E-02  3.9442616E-02  3.3879017E-02
   26.0000  3.5583508E-02  3.7941418E-02  3.4223124E-02
   27.0000  3.5549792E-02  3.6037739E-02  3.4219370E-02
   28.0000  3.5585119E-02  3.4199486E-02  3.3714901E-02
   29.0000  3.5259702E-02  3.2521000E-02  3.2724726E-02
   30.0000  3.4678535E-02  3.1174324E-02  3.1673798E-02
   31.0000  3.3613715E-02  3.0012906E-02  3.0568845E-02
   32.0000  3.2279104E-02  2.9002382E-02  2.9486481E-02
   33.0000  3.0898969E-02  2.8102796E-02  2.8464013E-02
   34.0000  2.9606270E-02  2.7268912E-02  2.7536895E-02
   35.0000  2.8434762E-02  2.6445973E-02  2.6732993E-02
   36.0000  2.7322796E-02  2.5585242E-02  2.6048706E-02
   37.0000  2.6158779E-02  2.4658382E-02  2.5450769E-02
   38.0000  2.4856823E-02  2.3667701E-02  2.4895484E-02
   39.0000  2.3434568E-02  2.2649104E-02  2.4359509E-02
   40.0000  2.2010272E-02  2.1662505E-02  2.3832791E-02
