  7709.000   27  1  1  1.9222038E-02 -4.7699601E+00 -4.0061000E-01  1  1  7.5661149E+03  8.0000000E+03  0.0000000E+00  1.1792254E+00  1.0000000E+00  0.0000000E+00  = E_edge, Z, n_edge, j_edge, Abs_before_edge, VO_interstitial, E_cut, ninit, ninit1, Epsii, UnitCell_Volume, Surface_ref, f0_forward, natomsym_f, abs_u_iso
    Energy   (100,001)      (010,001)      (001,110)   
  -25.0000  4.0445547E-09  1.4185728E-09  7.6740848E-10
  -24.0000  1.0827672E-08  3.8012376E-09  1.7545162E-09
  -23.0000  3.5635645E-08  1.2921711E-08  4.5688000E-09
  -22.0000  1.8687018E-07  7.5854001E-08  1.5183967E-08
  -21.0000  7.1078223E-05  3.8325348E-05  9.2251807E-07
  -20.0000  1.0601255E-03  8.9563037E-05  1.4558180E-05
  -19.0000  2.5878520E-06  1.4316869E-06  6.4918301E-06
  -18.0000  1.0167232E-06  2.2583871E-07  4.4169473E-07
  -17.0000  1.0963669E-06  2.4933857E-07  3.5661524E-07
  -16.0000  2.3283645E-06  5.4267891E-07  8.7244696E-07
  -15.0000  2.7472525E-06  1.0508048E-04  9.4759248E-05
  -14.0000  4.6098608E-06  5.0011370E-06  6.1334521E-06
  -13.0000  2.4272941E-06  1.5598862E-06  1.9294250E-06
  -12.0000  7.6002390E-06  4.2840315E-06  1.2270215E-05
  -11.0000  3.2456654E-05  1.1426046E-05  5.0210217E-06
  -10.0000  5.6935063E-02  4.6888401E-03  4.3498066E-03
  -9.00000  4.8952686E-04  1.3259879E-04  2.8609900E-04
  -8.00000  3.9924392E-05  2.8887889E-05  2.8333143E-05
  -7.00000  4.2323039E-04  1.4086250E-04  4.4379463E-05
  -6.00000  2.6612441E-04  1.2175481E-04  2.4782237E-04
  -5.00000  1.9699940E-02  9.9923614E-03  2.0694608E-02
  -4.00000  2.8322711E-03  2.9439755E-03  5.1350663E-03
  -3.00000  3.4471933E-02  1.2303242E-01  1.7331038E-02
  -2.00000  1.8727732E-03  1.5213037E-03  1.2190553E-03
  -1.00000  4.7709746E-04  7.1675975E-04  2.7796632E-04
   0.00000  4.6516511E-03  4.2640992E-03  3.9881778E-03
   1.00000  4.9640793E-04  6.8716518E-04  5.6425069E-04
   2.00000  5.1926385E-04  6.2384452E-04  4.4313490E-04
   3.00000  7.2837846E-04  8.4517048E-04  5.2045694E-04
   4.00000  1.1804946E-03  1.3183558E-03  7.3749861E-04
   5.00000  2.0322096E-03  2.1943802E-03  1.2301052E-03
   5.20000  2.2626046E-03  2.4496288E-03  1.3840359E-03
   5.40000  2.5126676E-03  2.7422766E-03  1.5629549E-03
   5.60000  2.7805645E-03  3.0788046E-03  1.7704867E-03
   5.80000  3.0628407E-03  3.4674205E-03  2.0115836E-03
   6.00000  3.3558730E-03  3.9158222E-03  2.2906560E-03
   6.20000  3.6559909E-03  4.4334450E-03  2.6141411E-03
   6.40000  3.9613346E-03  5.0303096E-03  2.9894643E-03
   6.60000  4.2785989E-03  5.7176876E-03  3.4235398E-03
   6.80000  4.6287008E-03  6.5049602E-03  3.9192598E-03
   7.00000  5.0849889E-03  7.4557103E-03  4.4756066E-03
   7.20000  5.7043530E-03  8.6308595E-03  5.1049645E-03
   7.40000  6.5047672E-03  1.0089629E-02  5.8414844E-03
   7.60000  7.4854132E-03  1.1883446E-02  6.7236727E-03
   7.80000  8.6683975E-03  1.4048103E-02  7.7684963E-03
   8.00000  1.0108391E-02  1.6524192E-02  8.9671231E-03
   8.20000  1.1866947E-02  1.9007179E-02  1.0308309E-02
   8.40000  1.3941330E-02  2.0960409E-02  1.1811703E-02
   8.60000  1.6156117E-02  2.1992301E-02  1.3493484E-02
   8.80000  1.8188386E-02  2.2285617E-02  1.5310968E-02
   9.00000  1.9870842E-02  2.2525648E-02  1.7274896E-02
   9.20000  2.1957863E-02  2.3735257E-02  1.9801103E-02
   9.40000  2.3715222E-02  2.5467125E-02  2.2557657E-02
   9.60000  2.5890413E-02  2.8108069E-02  2.5752456E-02
   9.80000  2.8532203E-02  3.1525588E-02  2.9079599E-02
   10.0000  3.1691189E-02  3.5482776E-02  3.2163952E-02
   10.2500  3.6370160E-02  4.0893983E-02  3.5414091E-02
   10.5000  4.1827092E-02  4.6590062E-02  3.8406902E-02
   10.7500  4.7929094E-02  5.2296160E-02  4.1934347E-02
   11.0000  5.4269945E-02  5.7676200E-02  4.6408540E-02
   11.2500  6.0035066E-02  6.2463597E-02  5.1594614E-02
   11.5000  6.4110634E-02  6.6461973E-02  5.6711533E-02
   11.7500  6.5524097E-02  6.9317042E-02  6.0645861E-02
   12.0000  6.3773479E-02  7.0864154E-02  6.2105002E-02
   12.2500  6.0068610E-02  6.9430282E-02  6.1338048E-02
   12.5000  5.5258355E-02  6.6011327E-02  5.8589627E-02
   12.7500  5.0363780E-02  6.1203601E-02  5.4455258E-02
   13.0000  4.6109675E-02  5.6004620E-02  5.0347089E-02
   13.2500  4.2605580E-02  5.0857092E-02  4.6484871E-02
   13.5000  3.9835417E-02  4.6091994E-02  4.3067242E-02
   13.7500  3.7825809E-02  4.1949411E-02  3.9928701E-02
   14.0000  3.6189209E-02  3.8048931E-02  3.7278557E-02
   14.2500  3.5030283E-02  3.4967883E-02  3.5530803E-02
   14.5000  3.4323360E-02  3.2563460E-02  3.3842461E-02
   14.7500  3.3962002E-02  3.0581140E-02  3.2515472E-02
   15.0000  3.3869237E-02  2.8959101E-02  3.1506576E-02
   15.2500  3.3973960E-02  2.7643643E-02  3.0778999E-02
   15.5000  3.4202757E-02  2.6588079E-02  3.0293357E-02
   15.7500  3.4493972E-02  2.5754023E-02  3.0023792E-02
   16.0000  3.4790130E-02  2.5107819E-02  2.9946613E-02
   16.2500  3.5042583E-02  2.4620659E-02  3.0042354E-02
   16.5000  3.5212122E-02  2.4267842E-02  3.0294921E-02
   16.7500  3.5271555E-02  2.4027453E-02  3.0686968E-02
   17.0000  3.5208883E-02  2.3880514E-02  3.1201966E-02
   17.2500  3.5027004E-02  2.3809778E-02  3.1818747E-02
   17.5000  3.4744374E-02  2.3801235E-02  3.2515126E-02
   17.7500  3.4389621E-02  2.3842845E-02  3.3269467E-02
   18.0000  3.3996334E-02  2.3924665E-02  3.4061109E-02
   18.2500  3.3597928E-02  2.4040131E-02  3.4872479E-02
   18.5000  3.3222919E-02  2.4185760E-02  3.5691258E-02
   18.7500  3.2892418E-02  2.4359436E-02  3.6506091E-02
   19.0000  3.2620079E-02  2.4562424E-02  3.7306969E-02
   19.2500  3.2413217E-02  2.4797070E-02  3.8082718E-02
   19.5000  3.2275779E-02  2.5068294E-02  3.8821682E-02
   19.7500  3.2207694E-02  2.5382322E-02  3.9508068E-02
   20.0000  3.2204916E-02  2.5744969E-02  4.0121307E-02
   21.0000  3.2637542E-02  2.7756717E-02  4.1339403E-02
   22.0000  3.2910210E-02  3.0617512E-02  3.9912247E-02
   23.0000  3.1918141E-02  3.3472975E-02  3.6751518E-02
   24.0000  3.0934242E-02  3.6203163E-02  3.4619643E-02
   25.0000  3.0123426E-02  3.7691815E-02  3.3297728E-02
   26.0000  2.9304058E-02  3.7555901E-02  3.2266229E-02
   27.0000  2.8485433E-02  3.5927145E-02  3.1227104E-02
   28.0000  2.7978675E-02  3.3446217E-02  3.0155944E-02
   29.0000  2.8040606E-02  3.0994465E-02  2.9096467E-02
   30.0000  2.8625369E-02  2.9124453E-02  2.8065274E-02
   31.0000  2.9428453E-02  2.7888275E-02  2.7055053E-02
   32.0000  3.0106677E-02  2.7127784E-02  2.6088882E-02
   33.0000  3.0394997E-02  2.6693807E-02  2.5215588E-02
   34.0000  3.0126248E-02  2.6495656E-02  2.4496741E-02
   35.0000  2.9262016E-02  2.6452859E-02  2.3969291E-02
   36.0000  2.7919031E-02  2.6466478E-02  2.3604117E-02
   37.0000  2.6310393E-02  2.6417084E-02  2.3318877E-02
   38.0000  2.4656540E-02  2.6202816E-02  2.3035414E-02
   39.0000  2.3134973E-02  2.5781069E-02  2.2718441E-02
   40.0000  2.1860498E-02  2.5177432E-02  2.2387098E-02
