  7709.000   27  1  1  1.9222038E-02 -4.8985833E+00 -2.4134046E-01  1  1  7.5662303E+03  8.0000000E+03  0.0000000E+00  1.1792254E+00  1.0000000E+00  0.0000000E+00  = E_edge, Z, n_edge, j_edge, Abs_before_edge, VO_interstitial, E_cut, ninit, ninit1, Epsii, UnitCell_Volume, Surface_ref, f0_forward, natomsym_f, abs_u_iso
    Energy   (100,001)      (010,001)      (001,110)   
  -25.0000  4.9811293E-09  1.6771626E-09  7.0920842E-10
  -24.0000  1.3180229E-08  4.4232709E-09  1.6051681E-09
  -23.0000  4.1357485E-08  1.4130734E-08  4.0953620E-09
  -22.0000  1.7640712E-07  6.4770344E-08  1.2870818E-08
  -21.0000  1.6721947E-06  8.4599411E-07  7.4945243E-08
  -20.0000  6.2357753E-05  5.2172223E-06  1.4544250E-06
  -19.0000  2.8799869E-04  5.4958259E-04  1.6735614E-03
  -18.0000  1.9267000E-06  6.4874098E-07  7.2721884E-07
  -17.0000  2.6037566E-06  8.0280295E-07  4.3534799E-07
  -16.0000  8.7351599E-06  2.7432079E-06  9.1407775E-07
  -15.0000  4.9717285E-05  3.8213784E-05  1.6421254E-05
  -14.0000  1.9357945E-05  2.3632241E-05  4.0052630E-05
  -13.0000  1.4076901E-06  3.3540896E-06  6.0838077E-06
  -12.0000  2.4534935E-03  1.3973217E-02  1.5184707E-01
  -11.0000  1.7134147E-05  1.4716977E-05  9.9419243E-06
  -10.0000  5.9758461E-04  2.5739200E-04  6.6939202E-04
  -9.00000  2.4536613E-03  9.2159885E-05  6.4514099E-05
  -8.00000  1.1512389E-03  6.9580606E-04  1.8437725E-04
  -7.00000  5.9105871E-04  1.1148582E-03  9.5357938E-05
  -6.00000  4.0884079E-04  2.9081539E-04  1.0348657E-04
  -5.00000  4.1869427E-04  2.3891940E-04  2.4676817E-04
  -4.00000  1.4884019E-02  8.4856702E-04  1.6393251E-02
  -3.00000  6.6182040E-03  6.7261057E-03  6.2533405E-03
  -2.00000  1.3581859E-03  2.3585808E-03  1.6456390E-03
  -1.00000  7.7667722E-04  9.4445284E-04  6.3169684E-04
   0.00000  4.2731098E-02  6.5638455E-03  1.4881749E-02
   1.00000  3.7584608E-04  1.0738328E-03  2.9149863E-04
   2.00000  3.7972322E-04  7.9185727E-04  3.4487610E-04
   3.00000  5.4047783E-04  9.8637308E-04  5.0035851E-04
   4.00000  8.5195167E-04  1.4531155E-03  8.3766834E-04
   5.00000  1.3314527E-03  2.5909102E-03  1.7518186E-03
   5.20000  1.4993445E-03  3.0058446E-03  2.1130181E-03
   5.40000  1.7629180E-03  3.5242923E-03  2.5938839E-03
   5.60000  2.1739910E-03  4.1748181E-03  3.2377530E-03
   5.80000  2.7560258E-03  5.0032227E-03  4.0921431E-03
   6.00000  3.4676451E-03  6.0728921E-03  5.2131498E-03
   6.20000  4.2169801E-03  7.4791919E-03  6.7107873E-03
   6.40000  4.9431146E-03  9.3802860E-03  8.8149569E-03
   6.60000  5.6807333E-03  1.2071241E-02  1.1914093E-02
   6.80000  6.5493210E-03  1.6040206E-02  1.6499407E-02
   7.00000  7.7284872E-03  2.1750238E-02  2.2714637E-02
   7.20000  9.3499289E-03  2.8337811E-02  2.8915971E-02
   7.40000  1.1301459E-02  3.2082462E-02  3.0917968E-02
   7.60000  1.3328272E-02  3.0349641E-02  2.7383761E-02
   7.80000  1.5290276E-02  2.5407179E-02  2.2156332E-02
   8.00000  1.6797304E-02  2.0040619E-02  1.8094976E-02
   8.20000  1.7205196E-02  1.5587163E-02  1.5502450E-02
   8.40000  1.6622036E-02  1.2687896E-02  1.4337265E-02
   8.60000  1.5781940E-02  1.1322435E-02  1.4141369E-02
   8.80000  1.5320569E-02  1.1075167E-02  1.4757533E-02
   9.00000  1.5458274E-02  1.1563535E-02  1.6126377E-02
   9.20000  1.6200693E-02  1.2579778E-02  1.8252552E-02
   9.40000  1.7517598E-02  1.4045108E-02  2.1182762E-02
   9.60000  1.9411061E-02  1.5957001E-02  2.4977593E-02
   9.80000  2.1922999E-02  1.8358889E-02  2.9696496E-02
   10.0000  2.5111442E-02  2.1322843E-02  3.5382532E-02
   10.2500  3.0072217E-02  2.5953320E-02  4.3834016E-02
   10.5000  3.5929394E-02  3.1766223E-02  5.3494612E-02
   10.7500  4.2120202E-02  3.8810001E-02  6.3439328E-02
   11.0000  4.7759433E-02  4.6803203E-02  7.1809617E-02
   11.2500  5.2076381E-02  5.5188668E-02  7.6057021E-02
   11.5000  5.3989232E-02  6.1769060E-02  7.4563295E-02
   11.7500  5.4330123E-02  6.6417397E-02  6.8465900E-02
   12.0000  5.2826961E-02  6.8169621E-02  6.0356420E-02
   12.2500  5.0278552E-02  6.6500765E-02  5.2927926E-02
   12.5000  4.7513001E-02  6.3772377E-02  4.6897491E-02
   12.7500  4.4863950E-02  5.9546433E-02  4.2407789E-02
   13.0000  4.2541198E-02  5.4487896E-02  3.9048522E-02
   13.2500  4.0800960E-02  4.9620541E-02  3.5908053E-02
   13.5000  3.9267949E-02  4.5316950E-02  3.3830433E-02
   13.7500  3.8166386E-02  3.9763706E-02  3.2311770E-02
   14.0000  3.7338467E-02  3.5987441E-02  3.0789592E-02
   14.2500  3.6811851E-02  3.2844355E-02  2.9504916E-02
   14.5000  3.6520892E-02  3.0265650E-02  2.8427415E-02
   14.7500  3.6408025E-02  2.8172379E-02  2.7545649E-02
   15.0000  3.6425721E-02  2.6490020E-02  2.6859172E-02
   15.2500  3.6536081E-02  2.5153529E-02  2.6372231E-02
   15.5000  3.6710322E-02  2.4105829E-02  2.6085694E-02
   15.7500  3.6924054E-02  2.3301946E-02  2.5998887E-02
   16.0000  3.7154760E-02  2.2707025E-02  2.6105955E-02
   16.2500  3.7380559E-02  2.2294325E-02  2.6394985E-02
   16.5000  3.7583227E-02  2.2043634E-02  2.6846719E-02
   16.7500  3.7750292E-02  2.1939070E-02  2.7435017E-02
   17.0000  3.7879152E-02  2.1968571E-02  2.8126739E-02
   17.2500  3.7974312E-02  2.2122029E-02  2.8882709E-02
   17.5000  3.8039953E-02  2.2390665E-02  2.9659502E-02
   17.7500  3.8075677E-02  2.2764866E-02  3.0410542E-02
   18.0000  3.8069592E-02  2.3232375E-02  3.1090698E-02
   18.2500  3.8001139E-02  2.3780652E-02  3.1661559E-02
   18.5000  3.7846459E-02  2.4394176E-02  3.2092411E-02
   18.7500  3.7587043E-02  2.5057403E-02  3.2366313E-02
   19.0000  3.7216544E-02  2.5752809E-02  3.2476884E-02
   19.2500  3.6741566E-02  2.6466974E-02  3.2432647E-02
   19.5000  3.6180962E-02  2.7188593E-02  3.2251510E-02
   19.7500  3.5562334E-02  2.7910274E-02  3.1957953E-02
   20.0000  3.4915631E-02  2.8628086E-02  3.1579948E-02
   21.0000  3.2570015E-02  3.1454381E-02  2.9779211E-02
   22.0000  3.1235697E-02  3.4065774E-02  2.8578595E-02
   23.0000  3.0892426E-02  3.5837083E-02  2.8548597E-02
   24.0000  3.1112790E-02  3.6145683E-02  2.9387129E-02
   25.0000  3.1571875E-02  3.5292393E-02  3.0514724E-02
   26.0000  3.2111572E-02  3.4010111E-02  3.1455472E-02
   27.0000  3.2524723E-02  3.2711090E-02  3.2026491E-02
   28.0000  3.2635313E-02  3.1611727E-02  3.2170919E-02
   29.0000  3.2272538E-02  3.0731399E-02  3.1676874E-02
   30.0000  3.1531305E-02  3.0144877E-02  3.0912327E-02
   31.0000  3.0292003E-02  2.9653748E-02  2.9884144E-02
   32.0000  2.8746533E-02  2.9209234E-02  2.8774056E-02
   33.0000  2.7128985E-02  2.8833053E-02  2.7684197E-02
   34.0000  2.5606740E-02  2.8579648E-02  2.6648628E-02
   35.0000  2.4255185E-02  2.8502422E-02  2.5646073E-02
   36.0000  2.3099063E-02  2.8604946E-02  2.4648582E-02
   37.0000  2.2146771E-02  2.8788871E-02  2.3653812E-02
   38.0000  2.1405145E-02  2.8834086E-02  2.2728135E-02
   39.0000  2.0866553E-02  2.8503945E-02  2.1998332E-02
   40.0000  2.0507289E-02  2.7730953E-02  2.1580105E-02
