  7709.000   27  1  1  1.9222038E-02 -4.6841624E+00 -2.7576688E-01  1  1  7.5660280E+03  8.0000000E+03  0.0000000E+00  1.1792254E+00  1.0000000E+00  0.0000000E+00  = E_edge, Z, n_edge, j_edge, Abs_before_edge, VO_interstitial, E_cut, ninit, ninit1, Epsii, UnitCell_Volume, Surface_ref, f0_forward, natomsym_f, abs_u_iso
    Energy   (100,001)      (010,001)      (001,110)   
  -25.0000  4.5721630E-09  1.3267625E-09  1.0724466E-09
  -24.0000  1.1953502E-08  3.2949151E-09  2.5407647E-09
  -23.0000  3.7220331E-08  9.7328363E-09  6.9660857E-09
  -22.0000  1.6240155E-07  4.0369079E-08  2.5140529E-08
  -21.0000  2.2024674E-06  5.2244969E-07  2.3915680E-07
  -20.0000  1.1132198E-05  8.4769575E-07  2.6585358E-06
  -19.0000  4.7722998E-06  2.7181125E-06  6.3382185E-06
  -18.0000  2.7503696E-06  1.5787598E-06  1.2686620E-06
  -17.0000  2.6741868E-06  7.4710604E-07  6.1222419E-07
  -16.0000  7.7350062E-06  1.3028161E-06  1.1412493E-06
  -15.0000  2.3909335E-04  2.2811675E-03  8.0112588E-04
  -14.0000  4.1174251E-06  6.3144222E-06  5.4011518E-06
  -13.0000  1.8740265E-06  2.8784854E-06  6.9299478E-06
  -12.0000  8.0220815E-05  1.8124507E-03  6.4605096E-04
  -11.0000  1.6305784E-05  8.0739294E-06  1.0001478E-05
  -10.0000  3.2134472E-04  3.3903627E-04  7.2652861E-04
  -9.00000  3.2842150E-03  5.6976093E-03  6.2979085E-04
  -8.00000  2.2160281E-04  3.8481440E-04  1.1539996E-04
  -7.00000  4.8201008E-04  6.5749436E-04  1.5313239E-04
  -6.00000  4.8047785E-04  2.4037262E-04  1.8878806E-04
  -5.00000  5.1533245E-03  1.0097121E-02  6.0953601E-02
  -4.00000  2.7276832E-01  8.9546208E-02  3.1077780E-01
  -3.00000  4.9767847E-03  1.3395815E-02  5.8857108E-03
  -2.00000  8.3583004E-04  1.2934860E-03  9.5151324E-04
  -1.00000  5.0747649E-04  6.7308534E-04  4.6437935E-04
   0.00000  2.4931181E-03  1.2820304E-02  4.2548873E-03
   1.00000  5.8162449E-04  8.4671911E-04  7.4965257E-04
   2.00000  5.4858480E-04  7.8735501E-04  4.9681233E-04
   3.00000  7.7600291E-04  1.0673465E-03  5.9825090E-04
   4.00000  1.2098001E-03  1.4586098E-03  8.9915198E-04
   5.00000  2.3236792E-03  2.4315964E-03  1.8307978E-03
   5.20000  2.7538456E-03  2.7472072E-03  2.2394962E-03
   5.40000  3.3129153E-03  3.1315858E-03  2.7925665E-03
   5.60000  3.9605769E-03  3.5912260E-03  3.4923872E-03
   5.80000  4.5742775E-03  4.1204431E-03  4.2646272E-03
   6.00000  5.0797229E-03  4.7278377E-03  4.9777393E-03
   6.20000  5.5559895E-03  5.4707842E-03  5.5421191E-03
   6.40000  6.1356605E-03  6.4238941E-03  5.9471605E-03
   6.60000  6.9078715E-03  7.6444436E-03  6.2329746E-03
   6.80000  7.9211666E-03  9.2105551E-03  6.4694038E-03
   7.00000  9.2919908E-03  1.1236749E-02  6.6936845E-03
   7.20000  1.1142266E-02  1.3806558E-02  6.8741387E-03
   7.40000  1.3682689E-02  1.6812813E-02  6.9410221E-03
   7.60000  1.7215355E-02  1.9863534E-02  6.8695909E-03
   7.80000  2.2059278E-02  2.2422702E-02  6.7511474E-03
   8.00000  2.8173622E-02  2.4080495E-02  6.7540739E-03
   8.20000  3.4217493E-02  2.4615645E-02  7.0120053E-03
   8.40000  3.7192596E-02  2.4156545E-02  7.5796084E-03
   8.60000  3.5349497E-02  2.3529680E-02  8.4695923E-03
   8.80000  3.1156486E-02  2.3636773E-02  9.7125255E-03
   9.00000  2.7291943E-02  2.4731216E-02  1.1348579E-02
   9.20000  2.4882595E-02  2.6750721E-02  1.3437213E-02
   9.40000  2.4005062E-02  2.9642773E-02  1.6057741E-02
   9.60000  2.4466635E-02  3.3379047E-02  1.9308141E-02
   9.80000  2.6057661E-02  3.7876267E-02  2.3304749E-02
   10.0000  2.8543933E-02  4.2934271E-02  2.8175572E-02
   10.2500  3.2399528E-02  4.9530545E-02  3.5673937E-02
   10.5000  3.6254802E-02  5.5720462E-02  4.4834088E-02
   10.7500  3.9229171E-02  6.1000425E-02  5.5377413E-02
   11.0000  4.0813614E-02  6.4978763E-02  6.5814208E-02
   11.2500  4.1080162E-02  6.8237859E-02  7.5016565E-02
   11.5000  4.0530315E-02  7.0224449E-02  7.9475989E-02
   11.7500  3.9320850E-02  7.0377935E-02  7.9313050E-02
   12.0000  3.8157063E-02  6.8157347E-02  7.5061718E-02
   12.2500  3.7177646E-02  6.3725496E-02  6.8694335E-02
   12.5000  3.6529304E-02  5.9023189E-02  6.1631099E-02
   12.7500  3.5695158E-02  5.3017368E-02  5.5273084E-02
   13.0000  3.4845503E-02  4.7314907E-02  4.9750283E-02
   13.2500  3.4001348E-02  4.2577111E-02  4.4993817E-02
   13.5000  3.3322414E-02  3.8419508E-02  4.0664914E-02
   13.7500  3.2654779E-02  3.4542531E-02  3.7068614E-02
   14.0000  3.2020999E-02  3.1754283E-02  3.4209884E-02
   14.2500  3.1522375E-02  2.9501058E-02  3.1801183E-02
   14.5000  3.1158949E-02  2.7688189E-02  2.9792043E-02
   14.7500  3.0926602E-02  2.6235976E-02  2.8142752E-02
   15.0000  3.0821545E-02  2.5079006E-02  2.6820444E-02
   15.2500  3.0839716E-02  2.4166050E-02  2.5796896E-02
   15.5000  3.0974532E-02  2.3461636E-02  2.5046327E-02
   15.7500  3.1215475E-02  2.2933315E-02  2.4541861E-02
   16.0000  3.1543576E-02  2.2563404E-02  2.4259706E-02
   16.2500  3.1934543E-02  2.2336570E-02  2.4174744E-02
   16.5000  3.2364392E-02  2.2240975E-02  2.4262440E-02
   16.7500  3.2815234E-02  2.2266956E-02  2.4499189E-02
   17.0000  3.3283647E-02  2.2405246E-02  2.4864264E-02
   17.2500  3.3777329E-02  2.2646553E-02  2.5338273E-02
   17.5000  3.4314212E-02  2.2980111E-02  2.5903288E-02
   17.7500  3.4909252E-02  2.3393507E-02  2.6543747E-02
   18.0000  3.5566769E-02  2.3872145E-02  2.7243489E-02
   18.2500  3.6271441E-02  2.4398562E-02  2.7984747E-02
   18.5000  3.6989864E-02  2.4952327E-02  2.8750052E-02
   18.7500  3.7678667E-02  2.5512714E-02  2.9522073E-02
   19.0000  3.8292833E-02  2.6061077E-02  3.0284769E-02
   19.2500  3.8794877E-02  2.6580421E-02  3.1020794E-02
   19.5000  3.9159711E-02  2.7061328E-02  3.1714581E-02
   19.7500  3.9375087E-02  2.7501116E-02  3.2348900E-02
   20.0000  3.9440243E-02  2.7904335E-02  3.2904257E-02
   21.0000  3.8442310E-02  2.9403989E-02  3.3980423E-02
   22.0000  3.6524712E-02  3.1292444E-02  3.3153509E-02
   23.0000  3.5031158E-02  3.3563816E-02  3.1862428E-02
   24.0000  3.4202704E-02  3.5326075E-02  3.1373995E-02
   25.0000  3.3714515E-02  3.5687721E-02  3.1748244E-02
   26.0000  3.3291313E-02  3.4568594E-02  3.2471141E-02
   27.0000  3.2855068E-02  3.2707183E-02  3.3069371E-02
   28.0000  3.2338956E-02  3.0891447E-02  3.3205511E-02
   29.0000  3.1994210E-02  2.9791551E-02  3.3094881E-02
   30.0000  3.1346178E-02  2.9290759E-02  3.2563849E-02
   31.0000  3.0292522E-02  2.9125595E-02  3.1765792E-02
   32.0000  2.8962669E-02  2.9070535E-02  3.0888750E-02
   33.0000  2.7564282E-02  2.9015498E-02  3.0060735E-02
   34.0000  2.6256446E-02  2.8926366E-02  2.9343979E-02
   35.0000  2.5115479E-02  2.8780382E-02  2.8738909E-02
   36.0000  2.4164365E-02  2.8545085E-02  2.8184561E-02
   37.0000  2.3404689E-02  2.8176380E-02  2.7576406E-02
   38.0000  2.2818851E-02  2.7637954E-02  2.6823018E-02
   39.0000  2.2361673E-02  2.6902907E-02  2.5897630E-02
   40.0000  2.1965676E-02  2.5966192E-02  2.4846566E-02
