  7709.000   27  1  1  1.9222038E-02 -4.6002765E+00 -3.5135716E-01  1  1  7.5664371E+03  8.0000000E+03  0.0000000E+00  1.1792254E+00  1.0000000E+00  0.0000000E+00  = E_edge, Z, n_edge, j_edge, Abs_before_edge, VO_interstitial, E_cut, ninit, ninit1, Epsii, UnitCell_Volume, Surface_ref, f0_forward, natomsym_f, abs_u_iso
    Energy   (100,001)      (010,001)      (001,110)   
  -25.0000  5.1443217E-09  1.2445895E-09  9.0492723E-10
  -24.0000  1.3529564E-08  3.1195044E-09  2.1229550E-09
  -23.0000  4.2000420E-08  9.2709496E-09  5.7230264E-09
  -22.0000  1.7577476E-07  3.7879856E-08  1.9693142E-08
  -21.0000  1.6493917E-06  3.8436121E-07  1.2557705E-07
  -20.0000  1.3169850E-04  2.7948678E-06  2.1431228E-05
  -19.0000  1.1585171E-05  1.2300471E-05  8.0515770E-05
  -18.0000  2.2508032E-06  5.6357158E-07  1.1027975E-06
  -17.0000  2.6344943E-06  4.0346195E-07  7.1188440E-07
  -16.0000  5.6177488E-06  7.6276579E-07  1.5442322E-06
  -15.0000  3.0551912E-04  6.5907053E-04  2.2175989E-04
  -14.0000  1.6989047E-05  1.9363706E-05  7.8625099E-06
  -13.0000  1.6555134E-06  2.0028476E-06  3.2355863E-06
  -12.0000  4.4000457E-06  4.0313994E-06  1.5242306E-05
  -11.0000  2.7756251E-05  1.0750267E-05  4.6301789E-05
  -10.0000  3.8869895E-04  1.1912185E-04  2.7176370E-05
  -9.00000  1.3746644E-01  4.8035876E-02  8.5085940E-03
  -8.00000  2.2175863E-04  7.0994347E-05  3.2214566E-05
  -7.00000  1.2017792E-01  1.4630734E-02  2.8760004E-02
  -6.00000  3.2248909E-03  1.0744684E-03  1.3314134E-02
  -5.00000  5.8481293E-01  1.8032628E-02  6.8579659E-01
  -4.00000  3.3073657E-03  4.3475763E-03  2.7948327E-03
  -3.00000  3.6446390E-03  6.8583944E-03  4.6320532E-03
  -2.00000  1.2150668E-03  2.3768764E-03  1.2173096E-03
  -1.00000  4.4049662E-04  7.3444884E-04  2.8372755E-04
   0.00000  4.2604920E-03  2.2468188E-02  1.6441185E-02
   1.00000  1.4993311E-03  9.9494636E-04  1.5385749E-03
   2.00000  6.9420334E-04  8.3726708E-04  6.9738537E-04
   3.00000  9.0002249E-04  1.2074462E-03  8.2313982E-04
   4.00000  1.3563159E-03  1.9968227E-03  1.2886721E-03
   5.00000  2.1562042E-03  3.5848159E-03  2.7825518E-03
   5.20000  2.3676547E-03  4.0572657E-03  3.4090280E-03
   5.40000  2.5985334E-03  4.5864368E-03  4.2468042E-03
   5.60000  2.8513756E-03  5.1626563E-03  5.3418816E-03
   5.80000  3.1305357E-03  5.7656446E-03  6.6667936E-03
   6.00000  3.4417392E-03  6.3810507E-03  8.0259436E-03
   6.20000  3.7901538E-03  7.0430358E-03  9.0891314E-03
   6.40000  4.1841976E-03  7.8574073E-03  9.6818862E-03
   6.60000  4.6403585E-03  8.9532866E-03  9.9393043E-03
   6.80000  5.1656127E-03  1.0376779E-02  1.0001882E-02
   7.00000  5.7317259E-03  1.1922343E-02  9.7766026E-03
   7.20000  6.2571252E-03  1.3092009E-02  9.2075584E-03
   7.40000  6.7406529E-03  1.3642437E-02  8.5177913E-03
   7.60000  7.2440911E-03  1.3772957E-02  7.9032224E-03
   7.80000  7.8310273E-03  1.3831608E-02  7.4346477E-03
   8.00000  8.5664947E-03  1.4080515E-02  7.1399088E-03
   8.20000  9.4903131E-03  1.4689216E-02  7.0317473E-03
   8.40000  1.0643709E-02  1.5745203E-02  7.1094663E-03
   8.60000  1.2076622E-02  1.7291142E-02  7.3699771E-03
   8.80000  1.3852459E-02  1.9344477E-02  7.8171405E-03
   9.00000  1.6037216E-02  2.1892293E-02  8.4621220E-03
   9.20000  1.8666391E-02  2.4869840E-02  9.3169089E-03
   9.40000  2.1712004E-02  2.8100523E-02  1.0380132E-02
   9.60000  2.4860596E-02  3.1424967E-02  1.1644333E-02
   9.80000  2.7719800E-02  3.4545139E-02  1.3077637E-02
   10.0000  2.9841160E-02  3.7278762E-02  1.4654590E-02
   10.2500  3.1164034E-02  4.0139231E-02  1.6812009E-02
   10.5000  3.1261557E-02  4.2525299E-02  1.9158062E-02
   10.7500  3.0635218E-02  4.4501679E-02  2.1639588E-02
   11.0000  2.9671504E-02  4.6035645E-02  2.4202401E-02
   11.2500  2.8597148E-02  4.7226828E-02  2.6807312E-02
   11.5000  2.7602232E-02  4.8060140E-02  2.9623503E-02
   11.7500  2.6771428E-02  4.8911225E-02  3.2745171E-02
   12.0000  2.6107023E-02  4.9452510E-02  3.5827909E-02
   12.2500  2.5558627E-02  4.9871725E-02  3.8765860E-02
   12.5000  2.5078485E-02  5.0123301E-02  4.1226554E-02
   12.7500  2.4641947E-02  5.0154808E-02  4.2886265E-02
   13.0000  2.4044609E-02  4.9373439E-02  4.3743785E-02
   13.2500  2.3892736E-02  4.8736063E-02  4.3356661E-02
   13.5000  2.3841323E-02  4.7759123E-02  4.2469571E-02
   13.7500  2.4125133E-02  4.6568415E-02  4.1307342E-02
   14.0000  2.4424489E-02  4.5216965E-02  3.9853889E-02
   14.2500  2.4817975E-02  4.3641931E-02  3.8401715E-02
   14.5000  2.5281091E-02  4.1910584E-02  3.7063051E-02
   14.7500  2.5796664E-02  4.0104296E-02  3.5896740E-02
   15.0000  2.6352120E-02  3.8303237E-02  3.4924832E-02
   15.2500  2.6937897E-02  3.6572663E-02  3.4148111E-02
   15.5000  2.7546508E-02  3.4960787E-02  3.3557097E-02
   15.7500  2.8166007E-02  3.3494146E-02  3.3129383E-02
   16.0000  2.8790215E-02  3.2185277E-02  3.2847322E-02
   16.2500  2.9411969E-02  3.1035168E-02  3.2691209E-02
   16.5000  3.0025089E-02  3.0037111E-02  3.2643271E-02
   16.7500  3.0622663E-02  2.9179651E-02  3.2685075E-02
   17.0000  3.1197203E-02  2.8449666E-02  3.2800670E-02
   17.2500  3.1740162E-02  2.7832822E-02  3.2975463E-02
   17.5000  3.2242989E-02  2.7314705E-02  3.3196941E-02
   17.7500  3.2699706E-02  2.6882288E-02  3.3456731E-02
   18.0000  3.3109511E-02  2.6524389E-02  3.3750944E-02
   18.2500  3.3476376E-02  2.6231144E-02  3.4080147E-02
   18.5000  3.3810998E-02  2.5994335E-02  3.4448657E-02
   18.7500  3.4128374E-02  2.5808468E-02  3.4863039E-02
   19.0000  3.4447093E-02  2.5670394E-02  3.5331616E-02
   19.2500  3.4786964E-02  2.5577328E-02  3.5857500E-02
   19.5000  3.5168186E-02  2.5528714E-02  3.6444496E-02
   19.7500  3.5610688E-02  2.5525014E-02  3.7094355E-02
   20.0000  3.6131880E-02  2.5567102E-02  3.7804466E-02
   21.0000  3.9230453E-02  2.6212550E-02  4.1072774E-02
   22.0000  4.3777724E-02  2.7643699E-02  4.4107584E-02
   23.0000  4.7612635E-02  2.9790365E-02  4.4798315E-02
   24.0000  4.8205146E-02  3.2393356E-02  4.1913210E-02
   25.0000  4.6647012E-02  3.4963933E-02  3.7685745E-02
   26.0000  4.4667411E-02  3.6800303E-02  3.4368580E-02
   27.0000  4.2553159E-02  3.7242994E-02  3.2218359E-02
   28.0000  4.0526514E-02  3.6174252E-02  3.0852674E-02
   29.0000  3.8813974E-02  3.4161785E-02  2.9996141E-02
   30.0000  3.7192703E-02  3.1982974E-02  2.9479255E-02
   31.0000  3.5228068E-02  3.0089411E-02  2.9009776E-02
   32.0000  3.3147871E-02  2.8824800E-02  2.8865081E-02
   33.0000  3.0922374E-02  2.8098623E-02  2.8879587E-02
   34.0000  2.8736138E-02  2.7803489E-02  2.9048713E-02
   35.0000  2.6734237E-02  2.7789941E-02  2.9322689E-02
   36.0000  2.5016147E-02  2.7897091E-02  2.9598805E-02
   37.0000  2.3639131E-02  2.7987106E-02  2.9753678E-02
   38.0000  2.2634256E-02  2.7961440E-02  2.9692741E-02
   39.0000  2.2009180E-02  2.7754272E-02  2.9364580E-02
   40.0000  2.1755544E-02  2.7340300E-02  2.8756287E-02
