  7709.000   27  1  1  1.9222038E-02 -4.7055276E+00 -3.6575710E-01  1  1  7.5661121E+03  8.0000000E+03  0.0000000E+00  1.1792254E+00  1.0000000E+00  0.0000000E+00  = E_edge, Z, n_edge, j_edge, Abs_before_edge, VO_interstitial, E_cut, ninit, ninit1, Epsii, UnitCell_Volume, Surface_ref, f0_forward, natomsym_f, abs_u_iso
    Energy   (100,001)      (010,001)      (001,110)   
  -25.0000  4.3685939E-09  1.6419222E-09  8.4467683E-10
  -24.0000  1.2308003E-08  4.5528239E-09  1.9812652E-09
  -23.0000  4.5033460E-08  1.6582595E-08  5.4961765E-09
  -22.0000  3.2493489E-07  1.2128823E-07  2.3775686E-08
  -21.0000  1.9223327E-05  6.9009758E-06  7.6337779E-07
  -20.0000  6.3196530E-06  7.0254000E-07  7.0640190E-07
  -19.0000  3.0704440E-05  1.5659550E-04  7.5145505E-04
  -18.0000  1.1757156E-06  2.5175431E-07  5.9455827E-07
  -17.0000  1.2897854E-06  2.4421389E-07  4.9811750E-07
  -16.0000  3.9252307E-06  8.2663537E-07  1.6158101E-06
  -15.0000  5.1537491E-04  1.8293657E-03  1.6431608E-03
  -14.0000  4.0413518E-06  3.7343196E-06  5.5267157E-06
  -13.0000  1.7470770E-06  1.4076840E-06  1.9356954E-06
  -12.0000  5.6523017E-06  4.0478153E-06  1.0267903E-05
  -11.0000  2.5408563E-05  1.2035756E-05  1.0947262E-05
  -10.0000  4.8618410E-03  1.5724223E-03  5.3417313E-04
  -9.00000  2.4722711E-04  7.3381413E-05  2.0405714E-05
  -8.00000  6.5395782E-05  2.8721085E-05  2.6214119E-05
  -7.00000  3.8994065E-04  1.0447821E-04  1.3555688E-04
  -6.00000  2.8058025E-04  1.2131174E-04  2.4267510E-04
  -5.00000  1.7962791E-01  4.9464747E-01  5.0649214E-02
  -4.00000  1.3614006E-03  4.8488799E-03  9.0266952E-03
  -3.00000  7.1174718E-03  9.5733326E-03  1.5218655E-03
  -2.00000  8.8794771E-04  1.2314533E-03  5.1493481E-04
  -1.00000  7.0398887E-04  1.1457648E-03  4.0558483E-04
   0.00000  5.2014282E-03  3.9588900E-03  1.5428663E-03
   1.00000  1.0597985E-03  1.9554542E-03  3.1229898E-03
   2.00000  7.3698219E-04  9.2413710E-04  1.0900841E-03
   3.00000  9.1272062E-04  1.0580016E-03  9.3903901E-04
   4.00000  1.4110874E-03  1.4917038E-03  1.0907039E-03
   5.00000  2.4378545E-03  2.1746545E-03  1.5317214E-03
   5.20000  2.7367489E-03  2.3524438E-03  1.6676157E-03
   5.40000  3.0752191E-03  2.5475823E-03  1.8232159E-03
   5.60000  3.4566238E-03  2.7618129E-03  2.0005492E-03
   5.80000  3.8818311E-03  2.9961220E-03  2.2022240E-03
   6.00000  4.3469627E-03  3.2491486E-03  2.4292534E-03
   6.20000  4.8411763E-03  3.5187737E-03  2.6840180E-03
   6.40000  5.3542632E-03  3.8041933E-03  2.9685618E-03
   6.60000  5.9160928E-03  4.1184262E-03  3.2831508E-03
   6.80000  6.6406606E-03  4.4967322E-03  3.6287958E-03
   7.00000  7.6827811E-03  4.9860165E-03  4.0142420E-03
   7.20000  9.1455179E-03  5.6098129E-03  4.4591666E-03
   7.40000  1.1104204E-02  6.3933726E-03  4.9841931E-03
   7.60000  1.3701890E-02  7.3824552E-03  5.6155444E-03
   7.80000  1.7138229E-02  8.6493197E-03  6.3858373E-03
   8.00000  2.1593916E-02  1.0286843E-02  7.3334474E-03
   8.20000  2.7046178E-02  1.2387442E-02  8.4968765E-03
   8.40000  3.3106754E-02  1.5012988E-02  9.9123726E-03
   8.60000  3.9038470E-02  1.8200463E-02  1.1633075E-02
   8.80000  4.3605615E-02  2.1990620E-02  1.3747649E-02
   9.00000  4.5289438E-02  2.6407572E-02  1.6347833E-02
   9.20000  4.3625859E-02  3.1379888E-02  1.9450283E-02
   9.40000  3.9797444E-02  3.6681337E-02  2.2871637E-02
   9.60000  3.5426296E-02  4.1779963E-02  2.6121798E-02
   9.80000  3.1510549E-02  4.5859636E-02  2.8497152E-02
   10.0000  2.8392958E-02  4.8372372E-02  2.9541468E-02
   10.2500  2.5651705E-02  4.9859224E-02  2.9374718E-02
   10.5000  2.4106276E-02  5.1073223E-02  2.8852371E-02
   10.7500  2.3663938E-02  5.2969638E-02  2.9047264E-02
   11.0000  2.4259143E-02  5.5353667E-02  3.0345095E-02
   11.2500  2.5843486E-02  5.7568256E-02  3.2704549E-02
   11.5000  2.8340399E-02  5.9110747E-02  3.5900191E-02
   11.7500  3.1640071E-02  5.9864551E-02  3.9708280E-02
   12.0000  3.5358136E-02  5.9942562E-02  4.3623279E-02
   12.2500  3.8254580E-02  5.8745531E-02  4.7114521E-02
   12.5000  3.9943736E-02  5.6161729E-02  4.9971965E-02
   12.7500  4.0357120E-02  5.2712709E-02  5.1225236E-02
   13.0000  4.0081703E-02  4.9171763E-02  5.1767015E-02
   13.2500  3.9234527E-02  4.5865124E-02  5.1015682E-02
   13.5000  3.7977265E-02  4.3274136E-02  4.9198585E-02
   13.7500  3.6873494E-02  4.0515666E-02  4.6690464E-02
   14.0000  3.5392991E-02  3.7957965E-02  4.3495040E-02
   14.2500  3.4215599E-02  3.5911408E-02  4.0906338E-02
   14.5000  3.3020581E-02  3.3896550E-02  3.8465460E-02
   14.7500  3.1974484E-02  3.2042694E-02  3.6377029E-02
   15.0000  3.1124920E-02  3.0371921E-02  3.4651598E-02
   15.2500  3.0495425E-02  2.8907436E-02  3.3267847E-02
   15.5000  3.0081623E-02  2.7663881E-02  3.2192309E-02
   15.7500  2.9853646E-02  2.6641985E-02  3.1379348E-02
   16.0000  2.9773362E-02  2.5834003E-02  3.0791670E-02
   16.2500  2.9798849E-02  2.5224268E-02  3.0392657E-02
   16.5000  2.9891424E-02  2.4792329E-02  3.0150913E-02
   16.7500  3.0019048E-02  2.4514963E-02  3.0039206E-02
   17.0000  3.0157427E-02  2.4367140E-02  3.0033635E-02
   17.2500  3.0289264E-02  2.4323262E-02  3.0114099E-02
   17.5000  3.0404446E-02  2.4357566E-02  3.0262014E-02
   17.7500  3.0498505E-02  2.4445214E-02  3.0462303E-02
   18.0000  3.0573794E-02  2.4563769E-02  3.0703680E-02
   18.2500  3.0637647E-02  2.4693912E-02  3.0979447E-02
   18.5000  3.0701956E-02  2.4821560E-02  3.1288151E-02
   18.7500  3.0781412E-02  2.4938902E-02  3.1633345E-02
   19.0000  3.0891963E-02  2.5044155E-02  3.2022869E-02
   19.2500  3.1047282E-02  2.5140732E-02  3.2463590E-02
   19.5000  3.1260025E-02  2.5236974E-02  3.2963489E-02
   19.7500  3.1538735E-02  2.5342939E-02  3.3527028E-02
   20.0000  3.1887844E-02  2.5467824E-02  3.4152943E-02
   21.0000  3.3908380E-02  2.6278174E-02  3.7019914E-02
   22.0000  3.5932612E-02  2.7566095E-02  3.9042346E-02
   23.0000  3.6091048E-02  2.9143576E-02  3.8358906E-02
   24.0000  3.4414798E-02  3.0963662E-02  3.5551334E-02
   25.0000  3.2368308E-02  3.2859895E-02  3.2522189E-02
   26.0000  3.0679297E-02  3.4313403E-02  3.0210725E-02
   27.0000  2.9504150E-02  3.4595671E-02  2.8649742E-02
   28.0000  2.8915535E-02  3.3276917E-02  2.7617089E-02
   29.0000  2.8700704E-02  3.0830487E-02  2.6834062E-02
   30.0000  2.9174622E-02  2.8453766E-02  2.6305346E-02
   31.0000  2.9880040E-02  2.6632788E-02  2.5856176E-02
   32.0000  3.0565670E-02  2.5449234E-02  2.5483529E-02
   33.0000  3.1011611E-02  2.4804886E-02  2.5242514E-02
   34.0000  3.1028674E-02  2.4620555E-02  2.5206896E-02
   35.0000  3.0507170E-02  2.4829223E-02  2.5405064E-02
   36.0000  2.9483319E-02  2.5334685E-02  2.5798125E-02
   37.0000  2.8137558E-02  2.6000389E-02  2.6296089E-02
   38.0000  2.6720070E-02  2.6660612E-02  2.6801768E-02
   39.0000  2.5449315E-02  2.7169824E-02  2.7243333E-02
   40.0000  2.4464573E-02  2.7458445E-02  2.7592877E-02
