  7709.000   27  1  1  1.9222038E-02 -4.8086447E+00 -3.7045844E-01  1  1  7.5660418E+03  8.0000000E+03  0.0000000E+00  1.1792254E+00  1.0000000E+00  0.0000000E+00  = E_edge, Z, n_edge, j_edge, Abs_before_edge, VO_interstitial, E_cut, ninit, ninit1, Epsii, UnitCell_Volume, Surface_ref, f0_forward, natomsym_f, abs_u_iso
    Energy   (100,001)      (010,001)      (001,110)   
  -25.0000  8.4768696E-09  2.1668690E-09  1.1266013E-09
  -24.0000  2.8077104E-08  6.8141539E-09  3.1765671E-09
  -23.0000  1.4754795E-07  3.3883095E-08  1.3837368E-08
  -22.0000  9.6567185E-06  2.0555997E-06  8.0465240E-07
  -21.0000  3.6156576E-06  3.7907205E-07  4.8395706E-07
  -20.0000  2.2274006E-06  9.3639795E-07  1.8959162E-06
  -19.0000  2.4091857E-06  2.8891362E-06  4.7222831E-06
  -18.0000  1.0780269E-06  4.1735341E-07  2.8644937E-07
  -17.0000  1.7923052E-06  4.9299307E-07  2.2630140E-07
  -16.0000  3.0459109E-05  2.3130553E-06  8.9041224E-07
  -15.0000  2.6725828E-06  2.0389876E-05  4.1734353E-06
  -14.0000  3.4295052E-06  3.9160783E-06  5.3626673E-06
  -13.0000  2.2331937E-06  1.4853076E-06  2.1283828E-06
  -12.0000  8.4185196E-06  5.2735998E-06  1.4916080E-05
  -11.0000  9.4568627E-05  5.0610259E-05  2.2604606E-05
  -10.0000  1.4229894E-03  8.5740319E-05  8.1541278E-05
  -9.00000  1.3143845E-03  1.1720423E-02  6.1947561E-03
  -8.00000  7.6875513E-05  3.6149864E-03  1.4328378E-03
  -7.00000  3.9703306E-04  1.7469456E-04  9.1749257E-05
  -6.00000  2.6722250E-04  1.7111365E-04  1.8845879E-04
  -5.00000  1.3130919E-02  1.3484355E-02  4.5094010E-02
  -4.00000  2.9266290E-03  7.1162798E-03  1.3058782E-02
  -3.00000  1.7013488E-02  1.0380832E-01  6.7324767E-03
  -2.00000  8.9061978E-04  1.0216608E-03  5.0353632E-04
  -1.00000  5.9361776E-04  1.0281612E-03  3.3132945E-04
   0.00000  6.3389164E-04  5.9999945E-04  5.1696427E-04
   1.00000  8.4596128E-04  1.8310171E-03  1.6930602E-03
   2.00000  5.1858474E-04  6.3036169E-04  5.4671603E-04
   3.00000  6.4146162E-04  7.7138882E-04  5.4796450E-04
   4.00000  9.6892499E-04  1.1442008E-03  7.2666112E-04
   5.00000  1.6593883E-03  1.8091665E-03  1.1668598E-03
   5.20000  1.8566552E-03  1.9931855E-03  1.2995087E-03
   5.40000  2.0744863E-03  2.1982252E-03  1.4494803E-03
   5.60000  2.3121646E-03  2.4262054E-03  1.6177804E-03
   5.80000  2.5682355E-03  2.6790576E-03  1.8057106E-03
   6.00000  2.8399912E-03  2.9594010E-03  2.0160117E-03
   6.20000  3.1243047E-03  3.2678026E-03  2.2510576E-03
   6.40000  3.4175942E-03  3.6058589E-03  2.5156108E-03
   6.60000  3.7172123E-03  3.9756918E-03  2.8173088E-03
   6.80000  4.0258184E-03  4.3808528E-03  3.1662538E-03
   7.00000  4.3623885E-03  4.8276684E-03  3.5735753E-03
   7.20000  4.7779531E-03  5.3326923E-03  4.0467534E-03
   7.40000  5.3282598E-03  5.9131370E-03  4.5941804E-03
   7.60000  6.0226307E-03  6.5758924E-03  5.2344323E-03
   7.80000  6.8438752E-03  7.3345103E-03  6.0009334E-03
   8.00000  7.7942808E-03  8.2115879E-03  6.9377604E-03
   8.20000  8.9085604E-03  9.2398115E-03  8.0959628E-03
   8.40000  1.0242144E-02  1.0462033E-02  9.5350136E-03
   8.60000  1.1856271E-02  1.1929528E-02  1.1319051E-02
   8.80000  1.3760539E-02  1.3692849E-02  1.3534025E-02
   9.00000  1.5995972E-02  1.5776931E-02  1.6100495E-02
   9.20000  1.8384097E-02  1.8095742E-02  1.8876172E-02
   9.40000  2.0655033E-02  2.0387028E-02  2.1501811E-02
   9.60000  2.2662667E-02  2.2235455E-02  2.3672474E-02
   9.80000  2.4465841E-02  2.3541291E-02  2.5409810E-02
   10.0000  2.6229112E-02  2.4507547E-02  2.7123448E-02
   10.2500  2.8189546E-02  2.5633267E-02  2.9509871E-02
   10.5000  2.9663673E-02  2.6747097E-02  3.1801652E-02
   10.7500  3.0875122E-02  2.7862876E-02  3.3321057E-02
   11.0000  3.2218236E-02  2.9172260E-02  3.3754634E-02
   11.2500  3.5328424E-02  3.1386613E-02  3.3319102E-02
   11.5000  3.7081283E-02  3.3646255E-02  3.3496917E-02
   11.7500  3.8837831E-02  3.6481286E-02  3.4596674E-02
   12.0000  4.0203909E-02  3.9727299E-02  3.6649632E-02
   12.2500  4.1702181E-02  4.3202268E-02  3.9667453E-02
   12.5000  4.2567713E-02  4.6715926E-02  4.2988967E-02
   12.7500  4.2800480E-02  5.0492488E-02  4.5779124E-02
   13.0000  4.2611507E-02  5.3578697E-02  4.7538427E-02
   13.2500  4.1883246E-02  5.5897302E-02  4.8444825E-02
   13.5000  4.0730112E-02  5.7144081E-02  4.8186795E-02
   13.7500  3.9281673E-02  5.7110999E-02  4.7009358E-02
   14.0000  3.7949384E-02  5.5752220E-02  4.5305509E-02
   14.2500  3.6287517E-02  5.3714405E-02  4.2971157E-02
   14.5000  3.4795829E-02  5.1130988E-02  4.1123705E-02
   14.7500  3.3375802E-02  4.8105357E-02  3.8979905E-02
   15.0000  3.2206550E-02  4.5115842E-02  3.7109820E-02
   15.2500  3.1334436E-02  4.2298068E-02  3.5570809E-02
   15.5000  3.0771571E-02  3.9714887E-02  3.4365886E-02
   15.7500  3.0503465E-02  3.7390651E-02  3.3469225E-02
   16.0000  3.0486165E-02  3.5332748E-02  3.2832963E-02
   16.2500  3.0656193E-02  3.3540686E-02  3.2404040E-02
   16.5000  3.0942844E-02  3.2007788E-02  3.2132177E-02
   16.7500  3.1282648E-02  3.0723162E-02  3.1977671E-02
   17.0000  3.1627907E-02  2.9669692E-02  3.1913845E-02
   17.2500  3.1950911E-02  2.8824958E-02  3.1924077E-02
   17.5000  3.2241628E-02  2.8162895E-02  3.1999514E-02
   17.7500  3.2500255E-02  2.7654692E-02  3.2132584E-02
   18.0000  3.2733141E-02  2.7271615E-02  3.2316400E-02
   18.2500  3.2950728E-02  2.6986617E-02  3.2544869E-02
   18.5000  3.3163668E-02  2.6774991E-02  3.2813341E-02
   18.7500  3.3382265E-02  2.6615470E-02  3.3119773E-02
   19.0000  3.3615918E-02  2.6491718E-02  3.3466727E-02
   19.2500  3.3871547E-02  2.6391465E-02  3.3856126E-02
   19.5000  3.4154369E-02  2.6308153E-02  3.4294464E-02
   19.7500  3.4467191E-02  2.6239544E-02  3.4784435E-02
   20.0000  3.4809249E-02  2.6186846E-02  3.5324767E-02
   21.0000  3.6339657E-02  2.6217629E-02  3.7743447E-02
   22.0000  3.7354620E-02  2.6847198E-02  3.9169889E-02
   23.0000  3.6934881E-02  2.8309853E-02  3.8004908E-02
   24.0000  3.5904862E-02  3.0785542E-02  3.5537268E-02
   25.0000  3.5387119E-02  3.4075774E-02  3.3738612E-02
   26.0000  3.5223176E-02  3.7406644E-02  3.2926362E-02
   27.0000  3.4379706E-02  3.9350972E-02  3.2262860E-02
   28.0000  3.4178128E-02  3.9917858E-02  3.1974513E-02
   29.0000  3.4060817E-02  3.8659209E-02  3.1507110E-02
   30.0000  3.3949467E-02  3.6306390E-02  3.0859177E-02
   31.0000  3.3812532E-02  3.3835017E-02  3.0141676E-02
   32.0000  3.3672807E-02  3.1873727E-02  2.9475323E-02
   33.0000  3.3471765E-02  3.0559508E-02  2.8911478E-02
   34.0000  3.3075224E-02  2.9776919E-02  2.8468884E-02
   35.0000  3.2317118E-02  2.9366697E-02  2.8151974E-02
   36.0000  3.1110744E-02  2.9199261E-02  2.7965208E-02
   37.0000  2.9509920E-02  2.9166210E-02  2.7882414E-02
   38.0000  2.7670770E-02  2.9148642E-02  2.7828588E-02
   39.0000  2.5786206E-02  2.9027435E-02  2.7700326E-02
   40.0000  2.4024942E-02  2.8706027E-02  2.7412213E-02
