  7709.000   27  1  1  1.9222038E-02 -4.9517906E+00 -3.7651152E-01  1  1  7.5663976E+03  8.0000000E+03  0.0000000E+00  1.1792254E+00  1.0000000E+00  0.0000000E+00  = E_edge, Z, n_edge, j_edge, Abs_before_edge, VO_interstitial, E_cut, ninit, ninit1, Epsii, UnitCell_Volume, Surface_ref, f0_forward, natomsym_f, abs_u_iso
    Energy   (100,001)      (010,001)      (001,110)   
  -25.0000  1.1503568E-08  4.1324615E-10  1.0727742E-09
  -24.0000  3.3003643E-08  7.7762618E-10  2.5315164E-09
  -23.0000  1.1869654E-07  1.5547318E-09  6.7611513E-09
  -22.0000  6.9172240E-07  3.5573817E-09  2.2114261E-08
  -21.0000  1.0248506E-04  1.0541433E-07  2.1269285E-07
  -20.0000  8.3136200E-06  4.9710807E-08  1.6531878E-06
  -19.0000  3.2713008E-06  8.1131148E-08  3.0937053E-06
  -18.0000  2.7449764E-06  9.2974172E-08  6.5261574E-07
  -17.0000  4.2373564E-06  3.0562663E-07  5.0042719E-07
  -16.0000  1.4503392E-05  1.8663144E-06  7.5614911E-07
  -15.0000  1.1339419E-04  2.6835881E-03  1.1970846E-05
  -14.0000  1.2122167E-06  1.0927870E-05  2.2540299E-06
  -13.0000  8.7004370E-07  4.0745018E-06  1.1740972E-05
  -12.0000  4.9300918E-05  2.8728491E-06  4.5115265E-04
  -11.0000  3.6233130E-05  3.0802609E-06  1.5179494E-05
  -10.0000  2.1958768E-03  9.3662848E-04  1.5665954E-03
  -9.00000  2.0377510E-03  2.4953651E-05  6.2894016E-06
  -8.00000  7.8455228E-03  3.0977225E-04  1.9504799E-05
  -7.00000  3.1622771E-04  7.0556743E-05  1.4436197E-05
  -6.00000  9.2818726E-04  8.1313788E-05  1.1257914E-04
  -5.00000  5.2311491E-03  7.6548354E-03  2.4887831E-02
  -4.00000  1.8663389E-02  3.1240154E-03  3.0710523E-04
  -3.00000  7.5462543E-04  1.1904865E-02  2.4607540E-04
  -2.00000  4.0628741E-04  2.5911337E-03  4.3538413E-04
  -1.00000  2.9009937E-04  1.3944456E-03  1.5839381E-04
   0.00000  8.4355352E-02  6.1171511E-03  5.1072364E-02
   1.00000  3.5376444E-04  1.0155484E-03  2.5539826E-04
   2.00000  3.5703454E-04  1.1130498E-03  3.1746024E-04
   3.00000  5.0466310E-04  1.5343366E-03  5.6719627E-04
   4.00000  7.9343945E-04  2.4680756E-03  1.2017127E-03
   5.00000  1.2134964E-03  3.8486651E-03  3.1102698E-03
   5.20000  1.3001650E-03  4.1732847E-03  3.8970989E-03
   5.40000  1.3863532E-03  4.5266182E-03  4.9375756E-03
   5.60000  1.4871918E-03  4.9282800E-03  6.3033289E-03
   5.80000  1.6506815E-03  5.4178197E-03  8.0555747E-03
   6.00000  1.9613215E-03  6.0663805E-03  1.0207050E-02
   6.20000  2.4758687E-03  6.9737470E-03  1.2677621E-02
   6.40000  3.1460631E-03  8.2527677E-03  1.5266433E-02
   6.60000  3.8675866E-03  9.9454643E-03  1.7729499E-02
   6.80000  4.6019109E-03  1.2014283E-02  1.9750515E-02
   7.00000  5.3867048E-03  1.4267741E-02  2.1000829E-02
   7.20000  6.3089901E-03  1.6392379E-02  2.1242919E-02
   7.40000  7.4930325E-03  1.8164831E-02  2.0607778E-02
   7.60000  9.1039464E-03  1.9717765E-02  1.9762895E-02
   7.80000  1.1298389E-02  2.1233591E-02  1.9334879E-02
   8.00000  1.4010585E-02  2.2852926E-02  1.9439835E-02
   8.20000  1.6317382E-02  2.4726696E-02  1.9609152E-02
   8.40000  1.6632242E-02  2.6843428E-02  1.9197303E-02
   8.60000  1.5178061E-02  2.9309957E-02  1.8500056E-02
   8.80000  1.3779616E-02  3.2510527E-02  1.8513399E-02
   9.00000  1.3219027E-02  3.6787678E-02  1.9575666E-02
   9.20000  1.3478561E-02  4.2453582E-02  2.1678161E-02
   9.40000  1.4418039E-02  4.9852020E-02  2.4768052E-02
   9.60000  1.5964275E-02  5.9358367E-02  2.8744050E-02
   9.80000  1.8114908E-02  7.1235914E-02  3.3363252E-02
   10.0000  2.0912589E-02  8.5258101E-02  3.8222090E-02
   10.2500  2.4936534E-02  1.0326895E-01  4.3582102E-02
   10.5000  3.0511120E-02  1.1620107E-01  4.8830423E-02
   10.7500  3.6807594E-02  1.1615161E-01  5.3433427E-02
   11.0000  4.2987734E-02  1.0297449E-01  5.7183008E-02
   11.2500  4.7784037E-02  8.3919118E-02  5.9374297E-02
   11.5000  4.9616615E-02  6.6679220E-02  6.0856415E-02
   11.7500  4.9270990E-02  5.3006278E-02  6.0517833E-02
   12.0000  4.7088603E-02  4.3011646E-02  5.8987869E-02
   12.2500  4.4171466E-02  3.5851149E-02  5.6631796E-02
   12.5000  4.1355146E-02  3.0686719E-02  5.3780840E-02
   12.7500  3.8972418E-02  2.7010121E-02  5.0527724E-02
   13.0000  3.7244937E-02  2.4294280E-02  4.7008399E-02
   13.2500  3.6321391E-02  2.1912047E-02  4.3635606E-02
   13.5000  3.5943113E-02  1.9986500E-02  4.0805917E-02
   13.7500  3.6161845E-02  1.8541808E-02  3.8586088E-02
   14.0000  3.6849305E-02  1.7366802E-02  3.6700631E-02
   14.2500  3.7934221E-02  1.6402834E-02  3.5145613E-02
   14.5000  3.9343593E-02  1.5609059E-02  3.3908511E-02
   14.7500  4.1000215E-02  1.4956109E-02  3.2974735E-02
   15.0000  4.2822750E-02  1.4423323E-02  3.2331042E-02
   15.2500  4.4725329E-02  1.3996217E-02  3.1966050E-02
   15.5000  4.6612255E-02  1.3663703E-02  3.1865988E-02
   15.7500  4.8391131E-02  1.3419374E-02  3.2018715E-02
   16.0000  4.9968659E-02  1.3258429E-02  3.2404825E-02
   16.2500  5.1255051E-02  1.3177709E-02  3.2994976E-02
   16.5000  5.2169720E-02  1.3174586E-02  3.3745255E-02
   16.7500  5.2650169E-02  1.3246791E-02  3.4595406E-02
   17.0000  5.2659807E-02  1.3391747E-02  3.5470002E-02
   17.2500  5.2198777E-02  1.3605620E-02  3.6282916E-02
   17.5000  5.1313077E-02  1.3884385E-02  3.6950268E-02
   17.7500  5.0092072E-02  1.4223195E-02  3.7404486E-02
   18.0000  4.8658817E-02  1.4616731E-02  3.7605609E-02
   18.2500  4.7156356E-02  1.5059704E-02  3.7549488E-02
   18.5000  4.5722722E-02  1.5548262E-02  3.7263224E-02
   18.7500  4.4472288E-02  1.6079791E-02  3.6795721E-02
   19.0000  4.3483458E-02  1.6651721E-02  3.6206648E-02
   19.2500  4.2793870E-02  1.7264126E-02  3.5554144E-02
   19.5000  4.2406853E-02  1.7916756E-02  3.4886991E-02
   19.7500  4.2297852E-02  1.8610363E-02  3.4241859E-02
   20.0000  4.2423446E-02  1.9345656E-02  3.3643259E-02
   21.0000  4.4062641E-02  2.2703748E-02  3.1859849E-02
   22.0000  4.4387166E-02  2.6655677E-02  3.0863361E-02
   23.0000  4.0911735E-02  3.0950910E-02  3.0220210E-02
   24.0000  3.5008752E-02  3.5127812E-02  2.9760142E-02
   25.0000  2.9735253E-02  3.8538529E-02  2.9501813E-02
   26.0000  2.6332284E-02  4.0607750E-02  2.9109160E-02
   27.0000  2.4837486E-02  4.0636628E-02  2.8545711E-02
   28.0000  2.4051263E-02  3.9406586E-02  2.7746114E-02
   29.0000  2.3643461E-02  3.7571829E-02  2.7004460E-02
   30.0000  2.3454740E-02  3.5659535E-02  2.6545006E-02
   31.0000  2.3396864E-02  3.3972142E-02  2.6385549E-02
   32.0000  2.3399653E-02  3.2578936E-02  2.6379678E-02
   33.0000  2.3392638E-02  3.1422312E-02  2.6378273E-02
   34.0000  2.3317514E-02  3.0407884E-02  2.6286177E-02
   35.0000  2.3119330E-02  2.9451780E-02  2.6031768E-02
   36.0000  2.2761901E-02  2.8489162E-02  2.5560476E-02
   37.0000  2.2237236E-02  2.7467477E-02  2.4837038E-02
   38.0000  2.1584238E-02  2.6325766E-02  2.3860338E-02
   39.0000  2.0876349E-02  2.5018733E-02  2.2691405E-02
   40.0000  2.0193020E-02  2.3565923E-02  2.1492276E-02
