  7709.000   27  1  1  1.9222038E-02 -4.9516253E+00 -4.4751158E-01  1  1  7.5666409E+03  8.0000000E+03  0.0000000E+00  1.1792254E+00  1.0000000E+00  0.0000000E+00  = E_edge, Z, n_edge, j_edge, Abs_before_edge, VO_interstitial, E_cut, ninit, ninit1, Epsii, UnitCell_Volume, Surface_ref, f0_forward, natomsym_f, abs_u_iso
    Energy   (100,001)      (010,001)      (001,110)   
  -25.0000  1.5104508E-08  3.9560427E-10  1.0505876E-09
  -24.0000  4.8177728E-08  7.3265920E-10  2.5566982E-09
  -23.0000  2.1435597E-07  1.4246365E-09  7.2234742E-09
  -22.0000  2.4338664E-06  3.0042336E-09  2.6478537E-08
  -21.0000  1.7211236E-05  7.9962873E-09  1.7844080E-07
  -20.0000  3.8651872E-06  1.2068854E-05  9.8792934E-04
  -19.0000  1.5550673E-06  3.3723461E-08  5.2906861E-07
  -18.0000  1.9110602E-06  8.2157965E-08  2.5294913E-07
  -17.0000  3.9325510E-06  2.8351879E-07  2.3077682E-07
  -16.0000  4.0239160E-05  1.6222977E-06  3.0696867E-07
  -15.0000  4.5148315E-06  1.1390202E-04  1.5480057E-06
  -14.0000  1.5339836E-07  1.0459384E-05  1.0850681E-06
  -13.0000  1.0875473E-06  3.8281833E-06  6.1830885E-06
  -12.0000  7.1621714E-06  2.7405942E-06  8.3949492E-05
  -11.0000  5.6284623E-05  2.8176273E-06  1.0881706E-05
  -10.0000  3.9293601E-04  2.7083497E-05  3.7298143E-05
  -9.00000  4.7022461E-04  2.1600289E-05  3.0551231E-06
  -8.00000  3.3314697E-03  5.5609626E-05  9.4874877E-06
  -7.00000  2.2985813E-04  6.2473626E-05  5.3954974E-06
  -6.00000  3.8108414E-04  7.1287265E-05  4.5156069E-05
  -5.00000  2.2471095E-03  2.5642304E-04  1.0355771E-03
  -4.00000  9.8240594E-03  3.2243747E-03  2.4309869E-04
  -3.00000  1.9661648E-03  8.9259547E-03  3.2678745E-04
  -2.00000  6.5905656E-04  2.2775915E-03  3.0117328E-04
  -1.00000  4.2962466E-04  1.2426866E-03  1.5836303E-04
   0.00000  4.9464980E-04  1.0220861E-03  2.8383798E-04
   1.00000  3.2660548E-04  9.0266402E-04  1.8074614E-04
   2.00000  3.8982277E-04  1.0454379E-03  2.9788315E-04
   3.00000  5.5094994E-04  1.4041405E-03  6.3054156E-04
   4.00000  8.6382076E-04  2.1694673E-03  1.4252066E-03
   5.00000  1.3961419E-03  3.5089549E-03  3.2606241E-03
   5.20000  1.5299755E-03  3.8824737E-03  3.9019111E-03
   5.40000  1.6712784E-03  4.3098618E-03  4.6955638E-03
   5.60000  1.8188996E-03  4.8046082E-03  5.6786773E-03
   5.80000  1.9719562E-03  5.3848557E-03  6.8925226E-03
   6.00000  2.1306308E-03  6.0756610E-03  8.3797651E-03
   6.20000  2.2977885E-03  6.9132155E-03  1.0181395E-02
   6.40000  2.4817545E-03  7.9439594E-03  1.2330780E-02
   6.60000  2.7004872E-03  9.2276170E-03  1.4846387E-02
   6.80000  2.9886175E-03  1.0833358E-02  1.7711890E-02
   7.00000  3.4039052E-03  1.2824343E-02  2.0821262E-02
   7.20000  4.0414508E-03  1.5222739E-02  2.3946889E-02
   7.40000  5.0388226E-03  1.8061424E-02  2.6690544E-02
   7.60000  6.5181046E-03  2.0872422E-02  2.8622972E-02
   7.80000  8.5043217E-03  2.3505626E-02  2.9533889E-02
   8.00000  1.0852818E-02  2.5856145E-02  2.9699966E-02
   8.20000  1.3366109E-02  2.8031783E-02  2.9699958E-02
   8.40000  1.5982434E-02  3.0262836E-02  3.0100508E-02
   8.60000  1.8827721E-02  3.2791962E-02  3.1312208E-02
   8.80000  2.2146192E-02  3.5837704E-02  3.3616582E-02
   9.00000  2.6228780E-02  3.9601946E-02  3.7256298E-02
   9.20000  3.1393931E-02  4.4328258E-02  4.2449817E-02
   9.40000  3.7946109E-02  5.0334544E-02  4.9330629E-02
   9.60000  4.6061293E-02  5.8038712E-02  5.7693484E-02
   9.80000  5.5523327E-02  6.7838418E-02  6.6565916E-02
   10.0000  6.5334091E-02  7.9607464E-02  7.3978627E-02
   10.2500  7.5092462E-02  9.4707220E-02  7.8046383E-02
   10.5000  7.8436130E-02  1.0482505E-01  7.5839740E-02
   10.7500  7.4789549E-02  1.0545311E-01  7.0319859E-02
   11.0000  6.7179536E-02  9.6978048E-02  6.4259799E-02
   11.2500  5.8916668E-02  8.3389097E-02  5.8825500E-02
   11.5000  5.1767639E-02  6.8863193E-02  5.4264636E-02
   11.7500  4.5232381E-02  5.5280854E-02  5.1579050E-02
   12.0000  4.1393533E-02  4.4832657E-02  4.8219122E-02
   12.2500  3.8777961E-02  3.6932085E-02  4.5132428E-02
   12.5000  3.7152003E-02  3.1117297E-02  4.2205933E-02
   12.7500  3.6318083E-02  2.6870650E-02  3.9420712E-02
   13.0000  3.6121423E-02  2.3744286E-02  3.6829540E-02
   13.2500  3.6439580E-02  2.1396700E-02  3.4508254E-02
   13.5000  3.6926221E-02  1.9445742E-02  3.1477838E-02
   13.7500  3.7892728E-02  1.8005477E-02  3.0053754E-02
   14.0000  3.9111579E-02  1.6859845E-02  2.8956323E-02
   14.2500  4.0502434E-02  1.5938077E-02  2.8182513E-02
   14.5000  4.1985778E-02  1.5193323E-02  2.7719826E-02
   14.7500  4.3480944E-02  1.4593370E-02  2.7551156E-02
   15.0000  4.4905053E-02  1.4115336E-02  2.7656377E-02
   15.2500  4.6186615E-02  1.3741779E-02  2.8013880E-02
   15.5000  4.7247671E-02  1.3459430E-02  2.8597153E-02
   15.7500  4.8032185E-02  1.3260859E-02  2.9373147E-02
   16.0000  4.8492831E-02  1.3140278E-02  3.0295830E-02
   16.2500  4.8597255E-02  1.3091769E-02  3.1304451E-02
   16.5000  4.8328518E-02  1.3111643E-02  3.2328510E-02
   16.7500  4.7690077E-02  1.3196227E-02  3.3288781E-02
   17.0000  4.6714081E-02  1.3340925E-02  3.4109712E-02
   17.2500  4.5456979E-02  1.3542991E-02  3.4733870E-02
   17.5000  4.3999256E-02  1.3799188E-02  3.5129032E-02
   17.7500  4.2438036E-02  1.4107288E-02  3.5289248E-02
   18.0000  4.0873025E-02  1.4466705E-02  3.5233840E-02
   18.2500  3.9400511E-02  1.4877402E-02  3.4999353E-02
   18.5000  3.8095242E-02  1.5339770E-02  3.4628030E-02
   18.7500  3.7008972E-02  1.5854918E-02  3.4163453E-02
   19.0000  3.6170504E-02  1.6425468E-02  3.3645467E-02
   19.2500  3.5586650E-02  1.7052598E-02  3.3104360E-02
   19.5000  3.5121739E-02  1.7927977E-02  3.2720717E-02
   19.7500  3.4999174E-02  1.8702672E-02  3.2167027E-02
   20.0000  3.5054370E-02  1.9541217E-02  3.1642400E-02
   21.0000  3.6107452E-02  2.3531398E-02  2.9879628E-02
   22.0000  3.5725704E-02  2.8369938E-02  2.8617562E-02
   23.0000  3.1677339E-02  3.3478142E-02  2.7867820E-02
   24.0000  2.6164989E-02  3.8042227E-02  2.7683187E-02
   25.0000  2.2214499E-02  4.1280072E-02  2.7687734E-02
   26.0000  2.0428647E-02  4.2547828E-02  2.7321330E-02
   27.0000  2.0128827E-02  4.1861300E-02  2.6519830E-02
   28.0000  2.0548159E-02  3.9922275E-02  2.5643039E-02
   29.0000  2.1167418E-02  3.7538645E-02  2.5031888E-02
   30.0000  2.1746578E-02  3.5266943E-02  2.4761483E-02
   31.0000  2.2227724E-02  3.3380040E-02  2.4691710E-02
   32.0000  2.2613095E-02  3.1925299E-02  2.4623817E-02
   33.0000  2.2885766E-02  3.0779826E-02  2.4388640E-02
   34.0000  2.3048296E-02  2.9778500E-02  2.3868673E-02
   35.0000  2.3122333E-02  2.8761384E-02  2.2976835E-02
   36.0000  2.3126794E-02  2.7608518E-02  2.1700071E-02
   37.0000  2.3054934E-02  2.6257653E-02  2.0247402E-02
   38.0000  2.2879342E-02  2.4722453E-02  1.9153409E-02
   39.0000  2.2579027E-02  2.3087314E-02  1.9060281E-02
   40.0000  2.2172410E-02  2.1471456E-02  2.0167480E-02
