  7709.000   27  1  1  1.9222038E-02 -4.3989546E+00 -3.5400071E-01  1  1  7.5664134E+03  8.0000000E+03  0.0000000E+00  1.1792254E+00  1.0000000E+00  0.0000000E+00  = E_edge, Z, n_edge, j_edge, Abs_before_edge, VO_interstitial, E_cut, ninit, ninit1, Epsii, UnitCell_Volume, Surface_ref, f0_forward, natomsym_f, abs_u_iso
    Energy   (100,001)      (010,001)      (001,110)   
  -25.0000  6.5587813E-09  3.2288997E-10  6.7062060E-10
  -24.0000  1.7016893E-08  5.9375860E-10  1.4780738E-09
  -23.0000  5.1328364E-08  1.1405643E-09  3.5821379E-09
  -22.0000  2.0005580E-07  2.3372907E-09  1.0030063E-08
  -21.0000  1.4080051E-06  5.5984239E-09  3.7016125E-08
  -20.0000  2.3571793E-04  1.2660201E-07  7.7215520E-07
  -19.0000  1.3349568E-05  1.0907245E-07  5.5741473E-06
  -18.0000  5.3602122E-06  8.3091235E-08  2.5240438E-06
  -17.0000  7.5127940E-06  1.9525300E-07  7.7316780E-07
  -16.0000  5.1396054E-05  1.0064348E-06  1.6317331E-06
  -15.0000  1.1327834E-05  2.5760328E-05  1.7609858E-06
  -14.0000  4.3046469E-07  2.8562054E-05  1.5303357E-06
  -13.0000  6.8184819E-07  4.6372916E-06  3.2016216E-06
  -12.0000  3.9546051E-06  3.0127432E-06  2.8692513E-05
  -11.0000  2.1095199E-05  3.4894531E-06  3.9590181E-05
  -10.0000  2.2319614E-04  5.4600866E-06  1.3830608E-05
  -9.00000  4.9118517E-03  3.8624317E-05  2.3594470E-05
  -8.00000  2.3008420E-04  3.9204383E-05  1.4120998E-05
  -7.00000  2.6463981E-03  1.2150722E-04  1.0996391E-04
  -6.00000  1.9072482E-02  1.1064455E-04  5.1474400E-04
  -5.00000  7.6153379E-04  2.1964492E-04  7.3611562E-04
  -4.00000  4.4049473E-03  1.0224443E-03  2.6418244E-04
  -3.00000  1.0650484E-03  2.1792501E-01  7.6968029E-03
  -2.00000  3.2479332E-04  3.0886655E-03  3.8750713E-04
  -1.00000  2.4870814E-04  1.5138665E-03  1.6260318E-04
   0.00000  6.6203959E-03  5.0585852E-03  4.0139785E-03
   1.00000  4.5760066E-04  1.0504853E-03  3.1807784E-04
   2.00000  3.9018676E-04  1.0551439E-03  2.9403459E-04
   3.00000  5.3898184E-04  1.3602963E-03  4.7439389E-04
   4.00000  8.0554851E-04  2.1088098E-03  9.3765436E-04
   5.00000  9.8801638E-04  3.4410970E-03  2.6216502E-03
   5.20000  9.7503655E-04  3.7746975E-03  3.4680081E-03
   5.40000  1.1856970E-03  4.1419361E-03  4.6059543E-03
   5.60000  1.6420022E-03  4.5573027E-03  5.9889990E-03
   5.80000  2.0528264E-03  5.0454639E-03  7.5449911E-03
   6.00000  2.3619662E-03  5.6299819E-03  8.8907329E-03
   6.20000  2.6119527E-03  6.3065827E-03  9.5160133E-03
   6.40000  2.8370882E-03  7.0448700E-03  9.3866140E-03
   6.60000  3.0636237E-03  7.8292835E-03  8.9545706E-03
   6.80000  3.3104626E-03  8.6674185E-03  8.6292082E-03
   7.00000  3.5906670E-03  9.5640241E-03  8.2022818E-03
   7.20000  3.9257940E-03  1.0546978E-02  7.4180791E-03
   7.40000  4.3290049E-03  1.1667636E-02  6.8332055E-03
   7.60000  4.8204609E-03  1.2966931E-02  6.6032577E-03
   7.80000  5.4280348E-03  1.4476865E-02  6.6587111E-03
   8.00000  6.1929244E-03  1.6241009E-02  6.9778485E-03
   8.20000  7.1717238E-03  1.8319418E-02  7.6007463E-03
   8.40000  8.4376828E-03  2.0794205E-02  8.6224351E-03
   8.60000  1.0085871E-02  2.3796362E-02  1.0207851E-02
   8.80000  1.2082312E-02  2.7406851E-02  1.2428051E-02
   9.00000  1.4197518E-02  3.1735206E-02  1.5199156E-02
   9.20000  1.5795049E-02  3.6753837E-02  1.7938386E-02
   9.40000  1.6261588E-02  4.2370169E-02  1.9868476E-02
   9.60000  1.5800901E-02  4.8664316E-02  2.0967319E-02
   9.80000  1.5193174E-02  5.5946902E-02  2.2001514E-02
   10.0000  1.4975277E-02  6.4414192E-02  2.3592141E-02
   10.2500  1.5454706E-02  7.6428123E-02  2.6501438E-02
   10.5000  1.6697531E-02  8.8915226E-02  3.0015120E-02
   10.7500  1.8565407E-02  9.9590267E-02  3.3611607E-02
   11.0000  2.0347988E-02  1.0523482E-01  3.6580547E-02
   11.2500  2.3103751E-02  1.0314147E-01  3.9643155E-02
   11.5000  2.6046394E-02  9.3232518E-02  4.2111755E-02
   11.7500  2.9033280E-02  7.8838503E-02  4.4008089E-02
   12.0000  3.1901173E-02  6.4092116E-02  4.5502257E-02
   12.2500  3.4312211E-02  5.1415874E-02  4.7405561E-02
   12.5000  3.6385582E-02  4.1803346E-02  4.8483544E-02
   12.7500  3.7952031E-02  3.4682369E-02  4.8969297E-02
   13.0000  3.9057466E-02  2.9486037E-02  4.8729126E-02
   13.2500  3.9810055E-02  2.5686839E-02  4.7766214E-02
   13.5000  4.0337271E-02  2.2875630E-02  4.6222546E-02
   13.7500  4.0638652E-02  2.0775815E-02  4.3870008E-02
   14.0000  4.0482155E-02  1.9184518E-02  4.1224407E-02
   14.2500  4.0897861E-02  1.7916072E-02  3.9316162E-02
   14.5000  4.1408412E-02  1.6919697E-02  3.7645577E-02
   14.7500  4.2034957E-02  1.6131194E-02  3.6281655E-02
   15.0000  4.2784082E-02  1.5505785E-02  3.5260327E-02
   15.2500  4.3654004E-02  1.5012855E-02  3.4595106E-02
   15.5000  4.4635182E-02  1.4632083E-02  3.4288381E-02
   15.7500  4.5716741E-02  1.4348225E-02  3.4336762E-02
   16.0000  4.6862802E-02  1.4150861E-02  3.4727589E-02
   16.2500  4.8044033E-02  1.4032655E-02  3.5442348E-02
   16.5000  4.9212315E-02  1.3988573E-02  3.6447900E-02
   16.7500  5.0309018E-02  1.4014731E-02  3.7689513E-02
   17.0000  5.1259096E-02  1.4108240E-02  3.9091699E-02
   17.2500  5.1983598E-02  1.4266529E-02  4.0552696E-02
   17.5000  5.2408512E-02  1.4487809E-02  4.1953950E-02
   17.7500  5.2477937E-02  1.4770397E-02  4.3175077E-02
   18.0000  5.2167257E-02  1.5113328E-02  4.4114728E-02
   18.2500  5.1492973E-02  1.5514621E-02  4.4708670E-02
   18.5000  5.0510744E-02  1.5973486E-02  4.4938354E-02
   18.7500  4.9309154E-02  1.6488963E-02  4.4828539E-02
   19.0000  4.7990687E-02  1.7059168E-02  4.4434828E-02
   19.2500  4.6660223E-02  1.7682365E-02  4.3830188E-02
   19.5000  4.5407516E-02  1.8356461E-02  4.3087986E-02
   19.7500  4.4298648E-02  1.9079508E-02  4.2275475E-02
   20.0000  4.3374859E-02  1.9849278E-02  4.1446792E-02
   21.0000  4.1703912E-02  2.3331051E-02  3.8565167E-02
   22.0000  4.2340253E-02  2.7278390E-02  3.6695578E-02
   23.0000  4.3260121E-02  3.1399636E-02  3.5432670E-02
   24.0000  4.2908891E-02  3.5189385E-02  3.4259920E-02
   25.0000  4.0676299E-02  3.8077787E-02  3.2997179E-02
   26.0000  3.6846669E-02  3.9690096E-02  3.1618149E-02
   27.0000  3.2077448E-02  3.9936942E-02  2.9946117E-02
   28.0000  2.8782305E-02  3.9056360E-02  2.8511657E-02
   29.0000  2.6594941E-02  3.7549026E-02  2.7368588E-02
   30.0000  2.5296632E-02  3.5797896E-02  2.6686328E-02
   31.0000  2.4587999E-02  3.4102316E-02  2.6424089E-02
   32.0000  2.4241093E-02  3.2619915E-02  2.6399461E-02
   33.0000  2.4103035E-02  3.1379988E-02  2.6435261E-02
   34.0000  2.4061753E-02  3.0329694E-02  2.6435060E-02
   35.0000  2.4020361E-02  2.9383693E-02  2.6355790E-02
   36.0000  2.3870508E-02  2.8471578E-02  2.6158861E-02
   37.0000  2.3500809E-02  2.7543498E-02  2.5797655E-02
   38.0000  2.2841028E-02  2.6557026E-02  2.5222287E-02
   39.0000  2.1909012E-02  2.5445141E-02  2.4404963E-02
   40.0000  2.0815061E-02  2.4155310E-02  2.3371601E-02
