  7709.000   27  1  1  1.9222038E-02 -4.8652883E+00 -3.2048195E-01  1  1  7.5665837E+03  8.0000000E+03  0.0000000E+00  1.1792254E+00  1.0000000E+00  0.0000000E+00  = E_edge, Z, n_edge, j_edge, Abs_before_edge, VO_interstitial, E_cut, ninit, ninit1, Epsii, UnitCell_Volume, Surface_ref, f0_forward, natomsym_f, abs_u_iso
    Energy   (100,001)      (010,001)      (001,110)   
  -25.0000  6.6490880E-09  3.4369459E-10  8.0445459E-10
  -24.0000  1.7326540E-08  6.3802846E-10  1.8063425E-09
  -23.0000  5.2785822E-08  1.2460812E-09  4.4870086E-09
  -22.0000  2.1196869E-07  2.6630672E-09  1.3101740E-08
  -21.0000  1.7293195E-06  8.1332802E-09  5.7980960E-08
  -20.0000  6.0266667E-05  8.3241133E-08  1.1924104E-06
  -19.0000  1.3875666E-05  8.0521020E-07  5.1118880E-05
  -18.0000  3.2223228E-06  8.2494868E-08  2.1091857E-06
  -17.0000  3.2778348E-06  2.0320441E-07  7.9061151E-07
  -16.0000  5.4439929E-06  9.8456908E-07  7.4441205E-07
  -15.0000  2.2746416E-05  5.1566168E-05  3.2289792E-06
  -14.0000  5.6339937E-05  3.1062855E-05  5.5950517E-06
  -13.0000  4.1851852E-07  5.0560481E-06  5.0424737E-06
  -12.0000  4.3206164E-06  3.4082114E-06  3.7978142E-05
  -11.0000  3.0039643E-05  3.5421465E-06  1.2389371E-04
  -10.0000  4.6861953E-04  5.3251856E-06  1.7829181E-05
  -9.00000  1.4868775E-02  1.0710860E-03  2.5525531E-03
  -8.00000  4.8973253E-04  6.8503925E-05  7.3651081E-05
  -7.00000  2.1702481E-02  2.4603176E-04  1.9482382E-03
  -6.00000  1.6479971E-03  5.4302725E-04  2.5394526E-03
  -5.00000  5.5097764E-02  5.8494257E-04  1.7601610E-03
  -4.00000  9.0738728E-03  7.1854809E-04  3.7916969E-04
  -3.00000  7.7156357E-04  2.2906805E-02  2.9184905E-03
  -2.00000  9.4374307E-04  4.2474849E-03  1.0227626E-03
  -1.00000  3.2808397E-04  1.7753639E-03  2.0787242E-04
   0.00000  7.6139997E-04  2.4067124E-03  5.4297684E-04
   1.00000  1.3170762E-02  2.8204866E-03  9.1142250E-03
   2.00000  6.2047811E-04  1.1116229E-03  4.2896081E-04
   3.00000  7.4501744E-04  1.4487827E-03  4.9506860E-04
   4.00000  1.1504148E-03  2.4434092E-03  7.4913419E-04
   5.00000  1.7017838E-03  4.2670994E-03  1.3965569E-03
   5.20000  1.8141071E-03  4.7158187E-03  1.6571347E-03
   5.40000  1.9269043E-03  5.1971453E-03  2.0109742E-03
   5.60000  2.0430681E-03  5.7207761E-03  2.5037477E-03
   5.80000  2.1678690E-03  6.3039316E-03  3.2064457E-03
   6.00000  2.3116872E-03  6.9771751E-03  4.2218285E-03
   6.20000  2.4906469E-03  7.7888445E-03  5.6793168E-03
   6.40000  2.7453984E-03  8.8092253E-03  7.6540068E-03
   6.60000  3.1906957E-03  1.0026166E-02  9.9874520E-03
   6.80000  3.9647199E-03  1.1306047E-02  1.2075755E-02
   7.00000  4.8535170E-03  1.2420143E-02  1.3085066E-02
   7.20000  5.3344083E-03  1.3229364E-02  1.2666108E-02
   7.40000  5.4218746E-03  1.3776053E-02  1.1398629E-02
   7.60000  5.4089924E-03  1.4205576E-02  9.9815067E-03
   7.80000  5.4391428E-03  1.4650503E-02  8.7157160E-03
   8.00000  5.5405972E-03  1.5198286E-02  7.6720681E-03
   8.20000  5.7075900E-03  1.5879848E-02  6.9058887E-03
   8.40000  5.9420372E-03  1.6731773E-02  6.4373041E-03
   8.60000  6.2527191E-03  1.7760547E-02  6.2209095E-03
   8.80000  6.6423020E-03  1.9040071E-02  6.2124782E-03
   9.00000  7.1106714E-03  2.0623895E-02  6.3906984E-03
   9.20000  7.6552341E-03  2.2560600E-02  6.7496901E-03
   9.40000  8.2750095E-03  2.4916477E-02  7.2970943E-03
   9.60000  8.9709958E-03  2.7771590E-02  8.0529946E-03
   9.80000  9.7436012E-03  3.1226096E-02  9.0419419E-03
   10.0000  1.0587756E-02  3.5391700E-02  1.0278753E-02
   10.2500  1.1716053E-02  4.1749757E-02  1.2144971E-02
   10.5000  1.2858097E-02  4.9448376E-02  1.4221166E-02
   10.7500  1.3924404E-02  5.8227293E-02  1.6228895E-02
   11.0000  1.4875501E-02  6.7335841E-02  1.7913692E-02
   11.2500  1.5761706E-02  7.5546406E-02  1.9235415E-02
   11.5000  1.6670639E-02  8.1343823E-02  2.0347577E-02
   11.7500  1.7644861E-02  8.3229299E-02  2.1405973E-02
   12.0000  1.8724713E-02  8.1051927E-02  2.2426000E-02
   12.2500  1.9782685E-02  7.5635112E-02  2.3708844E-02
   12.5000  2.0793236E-02  6.8269963E-02  2.5068422E-02
   12.7500  2.1673818E-02  6.0232124E-02  2.6456815E-02
   13.0000  2.2316037E-02  5.2942953E-02  2.7783282E-02
   13.2500  2.3066891E-02  4.6422704E-02  2.9162065E-02
   13.5000  2.3793807E-02  4.0893718E-02  3.0611526E-02
   13.7500  2.4533882E-02  3.6256163E-02  3.1990938E-02
   14.0000  2.5307065E-02  3.2421668E-02  3.3256906E-02
   14.2500  2.6126690E-02  2.9274919E-02  3.4369358E-02
   14.5000  2.7000228E-02  2.6701859E-02  3.5300547E-02
   14.7500  2.7932149E-02  2.4600632E-02  3.6043214E-02
   15.0000  2.8926462E-02  2.2884301E-02  3.6612796E-02
   15.2500  2.9574511E-02  2.1467694E-02  3.6906219E-02
   15.5000  3.0768572E-02  2.0323426E-02  3.7298281E-02
   15.7500  3.2041137E-02  1.9391696E-02  3.7676395E-02
   16.0000  3.3394293E-02  1.8640049E-02  3.8113370E-02
   16.2500  3.4827334E-02  1.8043672E-02  3.8679336E-02
   16.5000  3.6335162E-02  1.7582881E-02  3.9436614E-02
   16.7500  3.7905718E-02  1.7242978E-02  4.0434478E-02
   17.0000  3.9519940E-02  1.7012250E-02  4.1706563E-02
   17.2500  4.1150728E-02  1.6881020E-02  4.3266468E-02
   17.5000  4.2760864E-02  1.6840619E-02  4.5099929E-02
   17.7500  4.4304480E-02  1.6882726E-02  4.7160454E-02
   18.0000  4.5728517E-02  1.7000922E-02  4.9361278E-02
   18.2500  4.6975614E-02  1.7188463E-02  5.1571092E-02
   18.5000  4.7991435E-02  1.7440326E-02  5.3623096E-02
   18.7500  4.8730457E-02  1.7750817E-02  5.5337039E-02
   19.0000  4.9164199E-02  1.8114320E-02  5.6547584E-02
   19.2500  4.9286631E-02  1.8525969E-02  5.7142980E-02
   19.5000  4.9113494E-02  1.8981292E-02  5.7090440E-02
   19.7500  4.8681482E-02  1.9476361E-02  5.6437918E-02
   20.0000  4.8042199E-02  2.0008450E-02  5.5295246E-02
   21.0000  4.4635924E-02  2.2467056E-02  4.8541325E-02
   22.0000  4.2304179E-02  2.5392839E-02  4.2485352E-02
   23.0000  4.2282154E-02  2.8671104E-02  3.8535685E-02
   24.0000  4.3784799E-02  3.2072097E-02  3.6097315E-02
   25.0000  4.5500922E-02  3.5202191E-02  3.4490381E-02
   26.0000  4.6488308E-02  3.7528938E-02  3.3292892E-02
   27.0000  4.5870780E-02  3.8703479E-02  3.2252790E-02
   28.0000  4.3014207E-02  3.8739506E-02  3.1167502E-02
   29.0000  3.8515335E-02  3.7930027E-02  2.9945865E-02
   30.0000  3.3948961E-02  3.6656297E-02  2.8714736E-02
   31.0000  3.0403487E-02  3.5250087E-02  2.7696937E-02
   32.0000  2.8048900E-02  3.3941593E-02  2.7018715E-02
   33.0000  2.6609010E-02  3.2849643E-02  2.6653571E-02
   34.0000  2.5769067E-02  3.1980978E-02  2.6512527E-02
   35.0000  2.5301067E-02  3.1282913E-02  2.6513889E-02
   36.0000  2.5212474E-02  3.0473596E-02  2.6570017E-02
   37.0000  2.5064276E-02  2.9869409E-02  2.6658564E-02
   38.0000  2.4948409E-02  2.9204302E-02  2.6717566E-02
   39.0000  2.4793704E-02  2.8445273E-02  2.6694796E-02
   40.0000  2.4528959E-02  2.7574844E-02  2.6555539E-02
