  7709.000   27  1  1  1.9222038E-02 -4.7410482E+00 -3.6802999E-01  1  1  7.5664061E+03  8.0000000E+03  0.0000000E+00  1.1792254E+00  1.0000000E+00  0.0000000E+00  = E_edge, Z, n_edge, j_edge, Abs_before_edge, VO_interstitial, E_cut, ninit, ninit1, Epsii, UnitCell_Volume, Surface_ref, f0_forward, natomsym_f, abs_u_iso
    Energy   (100,001)      (010,001)      (001,110)   
  -25.0000  4.2917064E-09  1.2360821E-09  8.1998341E-10
  -24.0000  1.0998417E-08  3.0398795E-09  1.9027873E-09
  -23.0000  3.2755185E-08  8.7077412E-09  5.0352939E-09
  -22.0000  1.2593208E-07  3.2606859E-08  1.6699387E-08
  -21.0000  8.5978415E-07  2.3733807E-07  9.4243018E-08
  -20.0000  5.2341121E-04  1.6732138E-05  5.1926484E-05
  -19.0000  2.0656650E-05  5.9149385E-04  1.3656201E-03
  -18.0000  2.1307691E-06  7.7394305E-07  7.4953899E-07
  -17.0000  2.3881367E-06  6.2111963E-07  4.5715516E-07
  -16.0000  5.0053942E-06  9.6836239E-07  7.2030671E-07
  -15.0000  1.5760243E-04  4.8268854E-04  3.2581127E-05
  -14.0000  5.3436362E-06  9.5086277E-06  6.1170168E-06
  -13.0000  1.1489923E-06  2.0016339E-06  2.9844020E-06
  -12.0000  4.5293465E-06  8.2617483E-06  2.0282469E-05
  -11.0000  2.0731713E-05  2.1446304E-05  2.9261606E-05
  -10.0000  2.2224355E-04  6.7510723E-05  1.6905374E-05
  -9.00000  7.8879689E-04  5.0186997E-04  6.6016198E-05
  -8.00000  1.0343339E-04  4.6443032E-05  1.2418354E-05
  -7.00000  3.0602800E-02  2.1653096E-03  1.3117255E-03
  -6.00000  5.8840865E-04  5.0819665E-04  1.0242478E-03
  -5.00000  7.5232432E-03  4.1194914E-04  9.8225460E-03
  -4.00000  2.1700930E-03  1.9879312E-03  1.5727764E-03
  -3.00000  1.2003831E-02  9.5193780E-02  9.4438228E-03
  -2.00000  1.4145968E-03  1.7742245E-03  1.5925149E-03
  -1.00000  5.1554580E-04  7.0387728E-04  3.7215646E-04
   0.00000  1.1540454E-03  2.0031174E-03  1.4957680E-03
   1.00000  5.0072616E-04  5.3072757E-04  4.5263297E-04
   2.00000  4.7921841E-04  6.0198377E-04  4.1738764E-04
   3.00000  6.7109309E-04  8.6676395E-04  5.5906337E-04
   4.00000  1.0546490E-03  1.3889248E-03  9.0928356E-04
   5.00000  1.7133197E-03  2.4655494E-03  1.8318620E-03
   5.20000  1.8762082E-03  2.8093691E-03  2.1625704E-03
   5.40000  2.0448419E-03  3.2198007E-03  2.5797383E-03
   5.60000  2.2171943E-03  3.7149133E-03  3.1162189E-03
   5.80000  2.3947352E-03  4.3221309E-03  3.8217995E-03
   6.00000  2.5934040E-03  5.0813160E-03  4.7665240E-03
   6.20000  2.8622593E-03  6.0518568E-03  6.0322918E-03
   6.40000  3.2804440E-03  7.2980340E-03  7.6659100E-03
   6.60000  3.8450763E-03  8.8537360E-03  9.6255057E-03
   6.80000  4.4103563E-03  1.0728768E-02  1.1765816E-02
   7.00000  4.8816676E-03  1.2921165E-02  1.3543603E-02
   7.20000  5.2685835E-03  1.5261790E-02  1.4006335E-02
   7.40000  5.5962260E-03  1.7138860E-02  1.2938518E-02
   7.60000  5.8561483E-03  1.7919258E-02  1.1300085E-02
   7.80000  6.0992530E-03  1.7579163E-02  9.8612710E-03
   8.00000  6.3875440E-03  1.7040835E-02  8.8181334E-03
   8.20000  6.7611747E-03  1.7187391E-02  8.1406867E-03
   8.40000  7.2299394E-03  1.8328553E-02  7.7771211E-03
   8.60000  7.7971213E-03  2.0400740E-02  7.6848667E-03
   8.80000  8.4766961E-03  2.3196563E-02  7.8368057E-03
   9.00000  9.3002968E-03  2.6350733E-02  8.2262936E-03
   9.20000  1.0314430E-02  2.9156255E-02  8.8628358E-03
   9.40000  1.1569134E-02  3.0629718E-02  9.7659592E-03
   9.60000  1.3098967E-02  3.0191739E-02  1.0958207E-02
   9.80000  1.4922014E-02  2.8238576E-02  1.2461983E-02
   10.0000  1.7061376E-02  2.5736402E-02  1.4302902E-02
   10.2500  2.0237937E-02  2.3034518E-02  1.7121526E-02
   10.5000  2.4039681E-02  2.1440090E-02  2.0570029E-02
   10.7500  2.8694803E-02  2.1896648E-02  2.4834261E-02
   11.0000  3.3555733E-02  2.2326391E-02  2.9662618E-02
   11.2500  3.8286638E-02  2.3892834E-02  3.5025875E-02
   11.5000  4.2067749E-02  2.6568656E-02  4.0521249E-02
   11.7500  4.4298241E-02  3.0456048E-02  4.5018167E-02
   12.0000  4.4323672E-02  3.5391420E-02  4.8779928E-02
   12.2500  4.2704771E-02  4.1314562E-02  5.0947585E-02
   12.5000  4.0313805E-02  4.7832706E-02  5.1626958E-02
   12.7500  3.7961604E-02  5.4210453E-02  5.1212184E-02
   13.0000  3.6120779E-02  5.9469992E-02  5.0117500E-02
   13.2500  3.4929765E-02  6.2713792E-02  4.8644838E-02
   13.5000  3.4471304E-02  6.3343042E-02  4.6870657E-02
   13.7500  3.4736004E-02  6.1434722E-02  4.5658083E-02
   14.0000  3.4849987E-02  5.8474888E-02  4.3748339E-02
   14.2500  3.5111278E-02  5.4720033E-02  4.1951960E-02
   14.5000  3.5459460E-02  5.0737159E-02  4.0328098E-02
   14.7500  3.5857613E-02  4.6902390E-02  3.8909838E-02
   15.0000  3.6280542E-02  4.3420386E-02  3.7707555E-02
   15.2500  3.6711263E-02  4.0374189E-02  3.6720354E-02
   15.5000  3.7124695E-02  3.7771043E-02  3.5932467E-02
   15.7500  3.7506677E-02  3.5581740E-02  3.5331424E-02
   16.0000  3.7840743E-02  3.3761998E-02  3.4902862E-02
   16.2500  3.8112592E-02  3.2262710E-02  3.4630795E-02
   16.5000  3.8310112E-02  3.1038143E-02  3.4499138E-02
   16.7500  3.8425486E-02  3.0046952E-02  3.4487922E-02
   17.0000  3.8458914E-02  2.9253563E-02  3.4576630E-02
   17.2500  3.8422140E-02  2.8627838E-02  3.4744254E-02
   17.5000  3.8335717E-02  2.8144970E-02  3.4970430E-02
   17.7500  3.8229057E-02  2.7783570E-02  3.5238928E-02
   18.0000  3.8136527E-02  2.7527431E-02  3.5540052E-02
   18.2500  3.8090033E-02  2.7362814E-02  3.5870178E-02
   18.5000  3.8114480E-02  2.7278227E-02  3.6227112E-02
   18.7500  3.8227372E-02  2.7265066E-02  3.6612283E-02
   19.0000  3.8440298E-02  2.7317255E-02  3.7028882E-02
   19.2500  3.8753308E-02  2.7428469E-02  3.7472840E-02
   19.5000  3.9165350E-02  2.7594836E-02  3.7941234E-02
   19.7500  3.9669346E-02  2.7814662E-02  3.8425218E-02
   20.0000  4.0252302E-02  2.8086534E-02  3.8911213E-02
   21.0000  4.2857260E-02  2.9700544E-02  4.0426195E-02
   22.0000  4.4156668E-02  3.2170774E-02  4.0086237E-02
   23.0000  4.3057479E-02  3.5176844E-02  3.7943135E-02
   24.0000  4.0957595E-02  3.7848764E-02  3.5850791E-02
   25.0000  3.9089875E-02  3.9290357E-02  3.4676939E-02
   26.0000  3.7408782E-02  3.8990196E-02  3.3923240E-02
   27.0000  3.6615161E-02  3.7582150E-02  3.3548900E-02
   28.0000  3.5999254E-02  3.5522265E-02  3.3068717E-02
   29.0000  3.5301244E-02  3.3433220E-02  3.2466235E-02
   30.0000  3.4314857E-02  3.1664306E-02  3.1791639E-02
   31.0000  3.2966774E-02  3.0304644E-02  3.1062889E-02
   32.0000  3.1346955E-02  2.9306234E-02  3.0282072E-02
   33.0000  2.9596560E-02  2.8562396E-02  2.9447731E-02
   34.0000  2.7836226E-02  2.7982079E-02  2.8584340E-02
   35.0000  2.6136516E-02  2.7482893E-02  2.7721594E-02
   36.0000  2.4528982E-02  2.6977773E-02  2.6868346E-02
   37.0000  2.3033399E-02  2.6383174E-02  2.6010511E-02
   38.0000  2.1679888E-02  2.5630962E-02  2.5106503E-02
   39.0000  2.0529581E-02  2.4686770E-02  2.4106659E-02
   40.0000  1.9641330E-02  2.3564906E-02  2.2979750E-02
