  7709.000   27  1  1  1.9222038E-02 -4.5351570E+00 -2.5232422E-01  1  1  7.5663164E+03  8.0000000E+03  0.0000000E+00  1.1792254E+00  1.0000000E+00  0.0000000E+00  = E_edge, Z, n_edge, j_edge, Abs_before_edge, VO_interstitial, E_cut, ninit, ninit1, Epsii, UnitCell_Volume, Surface_ref, f0_forward, natomsym_f, abs_u_iso
    Energy   (100,001)      (010,001)      (001,110)   
  -25.0000  4.3417703E-09  1.0955528E-09  7.9360360E-10
  -24.0000  1.1336086E-08  2.7115630E-09  1.8709332E-09
  -23.0000  3.4896040E-08  7.9055344E-09  5.0957887E-09
  -22.0000  1.4425158E-07  3.1161219E-08  1.8034458E-08
  -21.0000  1.2930806E-06  2.8833531E-07  1.3089175E-07
  -20.0000  2.2293076E-03  2.7362492E-05  2.7691643E-04
  -19.0000  7.9770537E-06  7.3901830E-05  1.9127599E-04
  -18.0000  1.6382486E-06  5.9292063E-07  6.5895104E-07
  -17.0000  1.9644409E-06  4.7732135E-07  4.3312118E-07
  -16.0000  4.5564858E-06  7.7481075E-07  7.8529401E-07
  -15.0000  4.3796265E-04  2.0627550E-05  9.2459630E-05
  -14.0000  2.6012098E-05  2.3959343E-05  3.2948084E-05
  -13.0000  1.4629600E-06  2.1059590E-06  3.2989675E-06
  -12.0000  9.4099594E-06  2.8178187E-05  5.8365979E-05
  -11.0000  2.3208371E-05  9.3646507E-06  1.2189452E-05
  -10.0000  3.8184742E-04  9.4516373E-05  4.6160666E-05
  -9.00000  7.5157081E-04  1.8227038E-04  1.5134946E-05
  -8.00000  7.7054590E-05  3.5275234E-05  6.8220638E-06
  -7.00000  3.9467417E-03  5.2589640E-04  7.4763491E-04
  -6.00000  5.8209477E-04  1.9055102E-04  2.3375198E-04
  -5.00000  5.7254971E-03  5.9657409E-04  2.2230929E-03
  -4.00000  3.2666075E-03  1.0563193E-03  2.1560701E-03
  -3.00000  3.4536851E-03  3.7145379E-03  2.2535005E-03
  -2.00000  1.5349165E-03  2.2366388E-03  1.9731637E-03
  -1.00000  4.7479616E-04  6.9857049E-04  4.2327200E-04
   0.00000  1.4392886E-03  1.6272421E-02  5.8094150E-03
   1.00000  5.1973477E-04  5.6833903E-04  6.0458944E-04
   2.00000  4.4521438E-04  6.0218144E-04  4.0098235E-04
   3.00000  6.1808911E-04  8.4352796E-04  4.8973361E-04
   4.00000  9.8371541E-04  1.3282849E-03  7.2300293E-04
   5.00000  1.6658071E-03  2.3162652E-03  1.2791568E-03
   5.20000  1.8576592E-03  2.6408848E-03  1.4657300E-03
   5.40000  2.0741102E-03  3.0372594E-03  1.6924464E-03
   5.60000  2.3228638E-03  3.5219807E-03  1.9715813E-03
   5.80000  2.6140785E-03  4.1394294E-03  2.3211725E-03
   6.00000  2.9736345E-03  4.9340296E-03  2.7696366E-03
   6.20000  3.4468964E-03  5.9735678E-03  3.3578940E-03
   6.40000  4.0974083E-03  7.3414290E-03  4.1401463E-03
   6.60000  4.9493799E-03  9.0919928E-03  5.1699264E-03
   6.80000  5.8749985E-03  1.1191029E-02  6.4766980E-03
   7.00000  6.6951836E-03  1.3579232E-02  8.0601556E-03
   7.20000  7.4584926E-03  1.6283418E-02  9.8395285E-03
   7.40000  8.3420068E-03  1.9254600E-02  1.1512374E-02
   7.60000  9.5045168E-03  2.2172600E-02  1.2545946E-02
   7.80000  1.1092171E-02  2.4567798E-02  1.2620655E-02
   8.00000  1.3284235E-02  2.6273842E-02  1.2019130E-02
   8.20000  1.6175345E-02  2.7619412E-02  1.1303706E-02
   8.40000  1.9666384E-02  2.8555682E-02  1.0755270E-02
   8.60000  2.2911530E-02  2.8498034E-02  1.0444281E-02
   8.80000  2.4318504E-02  2.6830430E-02  1.0406390E-02
   9.00000  2.3210960E-02  2.4070485E-02  1.0704711E-02
   9.20000  2.0923754E-02  2.1642599E-02  1.1413886E-02
   9.40000  1.9074281E-02  2.0454453E-02  1.2614189E-02
   9.60000  1.8314972E-02  2.0660396E-02  1.4392414E-02
   9.80000  1.8698776E-02  2.2155740E-02  1.6855467E-02
   10.0000  2.0135597E-02  2.4836929E-02  2.0133564E-02
   10.2500  2.3295924E-02  2.9756344E-02  2.5604580E-02
   10.5000  2.7817692E-02  3.6271983E-02  3.2837022E-02
   10.7500  3.3286220E-02  4.4058529E-02  4.1829606E-02
   11.0000  3.8758147E-02  5.2523120E-02  5.1882171E-02
   11.2500  4.2814030E-02  6.0858660E-02  6.1163720E-02
   11.5000  4.4274664E-02  6.8133529E-02  6.7142168E-02
   11.7500  4.3363313E-02  7.1965444E-02  6.8091796E-02
   12.0000  4.0639061E-02  7.3573174E-02  6.5111512E-02
   12.2500  3.7699927E-02  7.1521234E-02  5.9708586E-02
   12.5000  3.5311015E-02  6.6967592E-02  5.4640748E-02
   12.7500  3.3637529E-02  6.1068652E-02  5.0099479E-02
   13.0000  3.2611031E-02  5.4977486E-02  4.6264497E-02
   13.2500  3.2090548E-02  4.9359107E-02  4.3064950E-02
   13.5000  3.1939109E-02  4.4473353E-02  4.0373360E-02
   13.7500  3.2046415E-02  4.0351652E-02  3.8079626E-02
   14.0000  3.2661098E-02  3.7470571E-02  3.5564656E-02
   14.2500  3.3197848E-02  3.4814549E-02  3.3900579E-02
   14.5000  3.3607796E-02  3.2565563E-02  3.2402309E-02
   14.7500  3.4072844E-02  3.0707623E-02  3.1144291E-02
   15.0000  3.4584751E-02  2.9176688E-02  3.0116256E-02
   15.2500  3.5135937E-02  2.7922474E-02  2.9309078E-02
   15.5000  3.5720869E-02  2.6906360E-02  2.8716442E-02
   15.7500  3.6321990E-02  2.6091860E-02  2.8326619E-02
   16.0000  3.6921666E-02  2.5455845E-02  2.8131280E-02
   16.2500  3.7491552E-02  2.4979491E-02  2.8117322E-02
   16.5000  3.7998626E-02  2.4648602E-02  2.8268512E-02
   16.7500  3.8410342E-02  2.4451966E-02  2.8565133E-02
   17.0000  3.8702915E-02  2.4379407E-02  2.8983483E-02
   17.2500  3.8868172E-02  2.4419838E-02  2.9498871E-02
   17.5000  3.8915336E-02  2.4561262E-02  3.0087069E-02
   17.7500  3.8868377E-02  2.4790606E-02  3.0726009E-02
   18.0000  3.8759293E-02  2.5093224E-02  3.1397916E-02
   18.2500  3.8619584E-02  2.5452367E-02  3.2087646E-02
   18.5000  3.8478330E-02  2.5851393E-02  3.2783138E-02
   18.7500  3.8354847E-02  2.6273483E-02  3.3474148E-02
   19.0000  3.8263710E-02  2.6705628E-02  3.4152516E-02
   19.2500  3.8210922E-02  2.7136585E-02  3.4805979E-02
   19.5000  3.8201779E-02  2.7561268E-02  3.5424377E-02
   19.7500  3.8236289E-02  2.7978826E-02  3.5993358E-02
   20.0000  3.8310558E-02  2.8393061E-02  3.6495574E-02
   21.0000  3.8802805E-02  3.0153926E-02  3.7504268E-02
   22.0000  3.8949903E-02  3.2318399E-02  3.6717936E-02
   23.0000  3.8492620E-02  3.4637485E-02  3.5407920E-02
   24.0000  3.7778665E-02  3.6267371E-02  3.4819567E-02
   25.0000  3.7003805E-02  3.6470796E-02  3.4788274E-02
   26.0000  3.6224987E-02  3.5333382E-02  3.4640240E-02
   27.0000  3.5498189E-02  3.3599540E-02  3.4038518E-02
   28.0000  3.4726811E-02  3.1866422E-02  3.2941205E-02
   29.0000  3.4144284E-02  3.0525129E-02  3.1821954E-02
   30.0000  3.3201128E-02  2.9521889E-02  3.0702669E-02
   31.0000  3.1804086E-02  2.8760163E-02  2.9648850E-02
   32.0000  3.0113426E-02  2.8154734E-02  2.8667000E-02
   33.0000  2.8327425E-02  2.7637512E-02  2.7757094E-02
   34.0000  2.6586144E-02  2.7164170E-02  2.6940828E-02
   35.0000  2.4963119E-02  2.6686694E-02  2.6240248E-02
   36.0000  2.3497561E-02  2.6159863E-02  2.5657625E-02
   37.0000  2.2212706E-02  2.5537017E-02  2.5152419E-02
   38.0000  2.1134656E-02  2.4783443E-02  2.4652007E-02
   39.0000  2.0283133E-02  2.3886090E-02  2.4091462E-02
   40.0000  1.9653745E-02  2.2877632E-02  2.3452919E-02
