  7709.000   27  1  1  1.9222038E-02 -4.6501459E+00 -3.3234442E-01  1  1  7.5661924E+03  8.0000000E+03  0.0000000E+00  1.1792254E+00  1.0000000E+00  0.0000000E+00  = E_edge, Z, n_edge, j_edge, Abs_before_edge, VO_interstitial, E_cut, ninit, ninit1, Epsii, UnitCell_Volume, Surface_ref, f0_forward, natomsym_f, abs_u_iso
    Energy   (100,001)      (010,001)      (001,110)   
  -25.0000  5.5433122E-09  1.9103874E-09  9.4157175E-10
  -24.0000  1.5622680E-08  5.3622532E-09  2.2643739E-09
  -23.0000  5.5879924E-08  1.9582763E-08  6.4721010E-09
  -22.0000  3.5674410E-07  1.3605661E-07  2.8030145E-08
  -21.0000  6.0409500E-05  2.5343426E-05  2.5840573E-06
  -20.0000  2.2659586E-05  1.5054799E-06  2.0719404E-06
  -19.0000  2.0832907E-06  9.6620834E-07  2.8060378E-06
  -18.0000  1.3636144E-06  3.3604082E-07  4.8428964E-07
  -17.0000  1.8385368E-06  3.9373979E-07  4.6302478E-07
  -16.0000  5.6344206E-06  7.7439612E-07  1.3062658E-06
  -15.0000  1.7027141E-05  9.8458147E-05  6.4803481E-05
  -14.0000  3.0216633E-06  4.1940384E-06  4.4003265E-06
  -13.0000  1.5491337E-06  1.6058175E-06  2.7519290E-06
  -12.0000  7.7042794E-06  1.0602379E-05  4.7422195E-05
  -11.0000  3.5072015E-05  1.4535758E-05  1.2203972E-05
  -10.0000  4.1494332E-03  2.5348106E-03  1.8084354E-03
  -9.00000  3.0642334E-04  1.1117485E-04  6.4662586E-05
  -8.00000  9.1804294E-01  1.4351124E+00  6.0684190E-01
  -7.00000  4.0376438E-04  2.6206588E-04  8.5629190E-04
  -6.00000  3.8337514E-04  1.8663063E-04  2.0052578E-04
  -5.00000  5.1446727E-01  3.7797387E-02  3.8415674E-01
  -4.00000  2.3936410E-03  4.4938675E-03  3.6530854E-03
  -3.00000  2.4348912E-03  8.4084785E-03  1.4683863E-03
  -2.00000  9.2490370E-04  9.8734183E-04  7.5782902E-04
  -1.00000  4.4724311E-04  7.5663249E-04  2.4760509E-04
   0.00000  4.6453633E-04  1.3327773E-03  8.0041717E-04
   1.00000  8.5708607E-04  1.0302375E-03  1.3554637E-03
   2.00000  5.5266315E-04  6.7390346E-04  6.3065760E-04
   3.00000  6.8962258E-04  8.5652627E-04  6.4386166E-04
   4.00000  1.0319568E-03  1.2798352E-03  8.4033012E-04
   5.00000  1.6955584E-03  2.0145006E-03  1.3320505E-03
   5.20000  1.8766463E-03  2.2217375E-03  1.4879836E-03
   5.40000  2.0728709E-03  2.4563302E-03  1.6693396E-03
   5.60000  2.2820564E-03  2.7221220E-03  1.8794142E-03
   5.80000  2.5007681E-03  3.0236469E-03  2.1224376E-03
   6.00000  2.7240163E-03  3.3668142E-03  2.4047185E-03
   6.20000  2.9463608E-03  3.7566220E-03  2.7323871E-03
   6.40000  3.1671693E-03  4.2031496E-03  3.1144745E-03
   6.60000  3.4048960E-03  4.7245579E-03  3.5607313E-03
   6.80000  3.7124971E-03  5.3511749E-03  4.0834469E-03
   7.00000  4.1549094E-03  6.1195195E-03  4.7062410E-03
   7.20000  4.7721210E-03  7.0761954E-03  5.4729324E-03
   7.40000  5.5880236E-03  8.2610643E-03  6.4446205E-03
   7.60000  6.6238633E-03  9.6998421E-03  7.6751278E-03
   7.80000  7.8353521E-03  1.1376932E-02  9.1723895E-03
   8.00000  9.0578407E-03  1.3207307E-02  1.0865173E-02
   8.20000  1.0264982E-02  1.5028399E-02  1.2672133E-02
   8.40000  1.1528092E-02  1.6596222E-02  1.4546283E-02
   8.60000  1.2995798E-02  1.7814434E-02  1.6580051E-02
   8.80000  1.4820202E-02  1.8945299E-02  1.8925995E-02
   9.00000  1.7121909E-02  2.0304586E-02  2.1373216E-02
   9.20000  1.9930947E-02  2.1909792E-02  2.3076462E-02
   9.40000  2.3102546E-02  2.3542902E-02  2.3142480E-02
   9.60000  2.6239567E-02  2.5046213E-02  2.1708558E-02
   9.80000  2.8770232E-02  2.6464221E-02  1.9841674E-02
   10.0000  3.0308877E-02  2.7998478E-02  1.8467258E-02
   10.2500  3.1103857E-02  3.0500298E-02  1.7972041E-02
   10.5000  3.1278022E-02  3.3811916E-02  1.8869010E-02
   10.7500  3.1699776E-02  3.7906698E-02  2.1043312E-02
   11.0000  3.2746601E-02  4.2526166E-02  2.4403606E-02
   11.2500  3.4471448E-02  4.7345508E-02  2.8895460E-02
   11.5000  3.6730247E-02  5.2051716E-02  3.4453200E-02
   11.7500  3.9229748E-02  5.6426032E-02  4.0890054E-02
   12.0000  4.1906752E-02  6.0237387E-02  4.7617158E-02
   12.2500  4.3335413E-02  6.3958005E-02  5.3747265E-02
   12.5000  4.3751462E-02  6.6453921E-02  5.7832389E-02
   12.7500  4.3156263E-02  6.7932081E-02  5.9267905E-02
   13.0000  4.1922302E-02  6.6750628E-02  5.8350720E-02
   13.2500  4.0328772E-02  6.3497713E-02  5.5476942E-02
   13.5000  3.8655834E-02  5.8907867E-02  5.1669595E-02
   13.7500  3.7046340E-02  5.3828336E-02  4.7699350E-02
   14.0000  3.5532079E-02  4.8298749E-02  4.3459799E-02
   14.2500  3.4205249E-02  4.3921582E-02  4.0101778E-02
   14.5000  3.3126380E-02  4.0140201E-02  3.7334121E-02
   14.7500  3.2322320E-02  3.6893628E-02  3.5081444E-02
   15.0000  3.1789833E-02  3.4147351E-02  3.3283467E-02
   15.2500  3.1505159E-02  3.1851532E-02  3.1876248E-02
   15.5000  3.1433504E-02  2.9954620E-02  3.0803663E-02
   15.7500  3.1530992E-02  2.8406038E-02  3.0010701E-02
   16.0000  3.1755856E-02  2.7161497E-02  2.9456514E-02
   16.2500  3.2068383E-02  2.6181712E-02  2.9105066E-02
   16.5000  3.2431540E-02  2.5431154E-02  2.8926304E-02
   16.7500  3.2812665E-02  2.4877653E-02  2.8893191E-02
   17.0000  3.3183199E-02  2.4492315E-02  2.8980876E-02
   17.2500  3.3520073E-02  2.4249267E-02  2.9166347E-02
   17.5000  3.3808733E-02  2.4123373E-02  2.9427991E-02
   17.7500  3.4044233E-02  2.4091814E-02  2.9748135E-02
   18.0000  3.4233368E-02  2.4133677E-02  3.0113688E-02
   18.2500  3.4390869E-02  2.4230627E-02  3.0517155E-02
   18.5000  3.4538703E-02  2.4366634E-02  3.0957505E-02
   18.7500  3.4701364E-02  2.4528892E-02  3.1437601E-02
   19.0000  3.4901888E-02  2.4708154E-02  3.1965239E-02
   19.2500  3.5158356E-02  2.4898190E-02  3.2544739E-02
   19.5000  3.5483671E-02  2.5097101E-02  3.3183998E-02
   19.7500  3.5882751E-02  2.5304626E-02  3.3886037E-02
   20.0000  3.6353706E-02  2.5522051E-02  3.4648556E-02
   21.0000  3.8626555E-02  2.6534719E-02  3.7990832E-02
   22.0000  3.9920470E-02  2.7943470E-02  4.0141299E-02
   23.0000  3.8884199E-02  3.0077524E-02  3.9318839E-02
   24.0000  3.7098729E-02  3.2957178E-02  3.6854454E-02
   25.0000  3.5952892E-02  3.5971922E-02  3.4781742E-02
   26.0000  3.5301023E-02  3.8103519E-02  3.3516055E-02
   27.0000  3.4816986E-02  3.8558047E-02  3.2680127E-02
   28.0000  3.4407985E-02  3.7323171E-02  3.1964568E-02
   29.0000  3.3853798E-02  3.4997299E-02  3.1137674E-02
   30.0000  3.3642413E-02  3.2560811E-02  3.0562615E-02
   31.0000  3.3313970E-02  3.0502954E-02  3.0066134E-02
   32.0000  3.2700254E-02  2.9037046E-02  2.9625027E-02
   33.0000  3.1749472E-02  2.8103726E-02  2.9205430E-02
   34.0000  3.0472633E-02  2.7578632E-02  2.8812105E-02
   35.0000  2.8921536E-02  2.7353156E-02  2.8466008E-02
   36.0000  2.7214489E-02  2.7348563E-02  2.8190750E-02
   37.0000  2.5520118E-02  2.7469829E-02  2.7976411E-02
   38.0000  2.4018449E-02  2.7591917E-02  2.7770912E-02
   39.0000  2.2852630E-02  2.7585532E-02  2.7496580E-02
   40.0000  2.2089009E-02  2.7357793E-02  2.7089226E-02
