  7709.000   27  1  1  1.9222038E-02 -2.9560091E+00 -2.4360918E-01  1  1  7.5668920E+03  8.0000000E+03  0.0000000E+00  1.1792254E+00  1.0000000E+00  0.0000000E+00  = E_edge, Z, n_edge, j_edge, Abs_before_edge, VO_interstitial, E_cut, ninit, ninit1, Epsii, UnitCell_Volume, Surface_ref, f0_forward, natomsym_f, abs_u_iso
    Energy   (100,001)      (010,001)      (001,110)   
  -25.0000  3.8750758E-09  1.0885521E-09  5.2958477E-10
  -24.0000  1.0836188E-08  2.9797730E-09  1.3549828E-09
  -23.0000  3.7439757E-08  1.0190982E-08  4.2070565E-09
  -22.0000  1.9773965E-07  5.6129894E-08  1.9389495E-08
  -21.0000  4.9502226E-06  3.4585651E-06  4.2295144E-07
  -20.0000  3.6847224E-06  5.3832132E-07  1.3232495E-06
  -19.0000  1.0205627E-06  5.1651375E-07  6.2581087E-07
  -18.0000  9.5412429E-07  2.5782642E-07  2.1103940E-07
  -17.0000  1.5969316E-06  3.2985674E-07  2.6145304E-07
  -16.0000  1.0000534E-05  1.2940045E-06  1.7532655E-06
  -15.0000  2.2504859E-06  1.4011811E-06  1.5498598E-06
  -14.0000  5.2166079E-06  4.7087361E-06  7.0083238E-06
  -13.0000  9.0484870E-07  1.1866556E-06  2.8023877E-06
  -12.0000  2.0678135E-05  1.0084376E-04  7.1032796E-05
  -11.0000  1.7221213E-05  5.2249470E-06  2.8314466E-06
  -10.0000  1.8515453E-02  4.6600116E-03  1.2729090E-02
  -9.00000  7.5712838E-05  2.7658331E-05  5.3619432E-06
  -8.00000  5.7822195E-03  1.2133199E-03  6.0032020E-04
  -7.00000  3.9210212E-04  8.1641999E-04  2.9856681E-04
  -6.00000  5.1907365E-04  7.1088080E-04  5.1690767E-04
  -5.00000  1.0672583E-03  1.8372278E-04  6.4092823E-03
  -4.00000  2.9594715E-04  1.2452315E-04  2.4191718E-04
  -3.00000  8.8702440E-04  4.0635192E-04  5.1622680E-04
  -2.00000  6.2839677E-05  7.2615646E-05  2.4925025E-05
  -1.00000  5.6872586E-05  6.8551578E-05  2.0514594E-05
   0.00000  1.3668565E-04  2.3060079E-04  1.3651784E-04
   1.00000  8.5907651E-05  1.0471465E-04  1.0333665E-04
   2.00000  7.5045424E-05  9.3766481E-05  7.8175070E-05
   3.00000  9.4108541E-05  1.2584153E-04  9.9350842E-05
   4.00000  1.4586426E-04  2.1430326E-04  1.6073373E-04
   5.00000  3.0589669E-04  7.5166743E-04  4.1096066E-04
   5.20000  3.8184920E-04  1.2596998E-03  6.0201367E-04
   5.40000  4.7110038E-04  1.4437147E-03  8.4857598E-04
   5.60000  5.7182590E-04  1.1625351E-03  1.1458677E-03
   5.80000  7.2890435E-04  1.3575705E-03  1.9293565E-03
   6.00000  1.0736858E-03  1.8908211E-03  3.2527546E-03
   6.20000  1.6388805E-03  3.0901168E-03  6.6895474E-03
   6.40000  1.9782683E-03  5.6958226E-03  1.0633478E-02
   6.60000  1.9912555E-03  8.1759367E-03  9.4335878E-03
   6.80000  2.5730279E-03  9.1950626E-03  8.4347491E-03
   7.00000  3.8918115E-03  1.0710604E-02  8.9720337E-03
   7.20000  5.8678028E-03  1.2712972E-02  1.0677993E-02
   7.40000  8.4937513E-03  1.3872968E-02  1.6479311E-02
   7.60000  1.1122562E-02  1.4316214E-02  3.0334619E-02
   7.80000  1.3591932E-02  1.9407803E-02  2.1939389E-02
   8.00000  1.6861054E-02  2.5218826E-02  1.2104657E-02
   8.20000  1.7018781E-02  2.4533917E-02  9.4856498E-03
   8.40000  1.6275499E-02  2.2565388E-02  8.4795705E-03
   8.60000  1.7765305E-02  2.9181782E-02  8.4919106E-03
   8.80000  1.9390290E-02  3.7571802E-02  9.1664983E-03
   9.00000  2.0191855E-02  2.1311164E-02  9.8491808E-03
   9.20000  2.0722040E-02  2.1747210E-02  9.7667389E-03
   9.40000  2.1025860E-02  3.1171234E-02  9.8004191E-03
   9.60000  2.1364243E-02  4.2646846E-02  1.0895705E-02
   9.80000  2.2551590E-02  5.5549134E-02  1.3841686E-02
   10.0000  2.5171781E-02  6.8299343E-02  1.9420600E-02
   10.2500  3.0699443E-02  7.5790382E-02  3.2242770E-02
   10.5000  3.8941151E-02  6.7766856E-02  5.6759114E-02
   10.7500  5.0820576E-02  5.4127552E-02  9.1621116E-02
   11.0000  6.6133864E-02  4.5078378E-02  1.0359945E-01
   11.2500  8.1438664E-02  4.1246195E-02  8.5548856E-02
   11.5000  8.3077401E-02  4.0565088E-02  6.5347422E-02
   11.7500  6.7403232E-02  4.2219501E-02  5.2899202E-02
   12.0000  5.1904802E-02  4.6986216E-02  4.6284880E-02
   12.2500  4.2249194E-02  5.7885330E-02  4.3435945E-02
   12.5000  3.6877130E-02  7.8133328E-02  4.2634276E-02
   12.7500  3.4086382E-02  9.3816525E-02  4.3109671E-02
   13.0000  3.2764488E-02  8.2000991E-02  4.4671952E-02
   13.2500  3.2207238E-02  6.1228546E-02  4.5501940E-02
   13.5000  3.2135057E-02  4.5088235E-02  4.4649582E-02
   13.7500  3.2095827E-02  3.5376600E-02  4.2237341E-02
   14.0000  3.1996508E-02  2.9165406E-02  3.8721080E-02
   14.2500  3.1743895E-02  2.5202519E-02  3.4762554E-02
   14.5000  3.1379637E-02  2.2701055E-02  3.1159657E-02
   14.7500  3.0997305E-02  2.1164138E-02  2.8454136E-02
   15.0000  3.0699688E-02  2.0270703E-02  2.6762012E-02
   15.2500  3.0599855E-02  1.9806302E-02  2.5890551E-02
   15.5000  3.0383709E-02  2.0685763E-02  2.5153134E-02
   15.7500  3.0938932E-02  2.0740850E-02  2.4922523E-02
   16.0000  3.1784868E-02  2.0849353E-02  2.4616761E-02
   16.2500  3.2764717E-02  2.0881269E-02  2.4115122E-02
   16.5000  3.3702281E-02  2.0773365E-02  2.3531691E-02
   16.7500  3.4489087E-02  2.0595506E-02  2.3129178E-02
   17.0000  3.5111200E-02  2.0493799E-02  2.3128178E-02
   17.2500  3.5624415E-02  2.0598885E-02  2.3606628E-02
   17.5000  3.6095578E-02  2.0979543E-02  2.4526281E-02
   17.7500  3.6594239E-02  2.1645406E-02  2.5814059E-02
   18.0000  3.7165633E-02  2.2555449E-02  2.7407132E-02
   18.2500  3.7838479E-02  2.3635675E-02  2.9262686E-02
   18.5000  3.8612576E-02  2.4807171E-02  3.1341081E-02
   18.7500  3.9437757E-02  2.6006972E-02  3.3572196E-02
   19.0000  4.0194019E-02  2.7198358E-02  3.5840327E-02
   19.2500  4.0726163E-02  2.8357632E-02  3.8002104E-02
   19.5000  4.0930159E-02  2.9460793E-02  3.9935630E-02
   19.7500  4.0808731E-02  3.0486324E-02  4.1571971E-02
   20.0000  4.0432371E-02  3.1421363E-02  4.2881576E-02
   21.0000  3.7927506E-02  3.3935457E-02  4.4864102E-02
   22.0000  3.7074331E-02  3.4991313E-02  4.1052912E-02
   23.0000  3.6975383E-02  3.6547940E-02  3.4886953E-02
   24.0000  3.5984284E-02  3.7177446E-02  3.1499477E-02
   25.0000  3.4372984E-02  3.5774781E-02  3.0814464E-02
   26.0000  3.3166398E-02  3.3716952E-02  3.1466359E-02
   27.0000  3.3025640E-02  3.2103994E-02  3.2209023E-02
   28.0000  3.3548459E-02  3.0789394E-02  3.2169751E-02
   29.0000  3.4201754E-02  2.9595708E-02  3.1524279E-02
   30.0000  3.3970587E-02  2.8755091E-02  3.0606023E-02
   31.0000  3.2372904E-02  2.8316092E-02  2.9550234E-02
   32.0000  2.9836792E-02  2.7938544E-02  2.8408850E-02
   33.0000  2.7053890E-02  2.7364723E-02  2.7269422E-02
   34.0000  2.4544878E-02  2.6605840E-02  2.6225027E-02
   35.0000  2.2519358E-02  2.5790868E-02  2.5342737E-02
   36.0000  2.1010659E-02  2.5023249E-02  2.4663383E-02
   37.0000  1.9994347E-02  2.4316254E-02  2.4122555E-02
   38.0000  1.9414237E-02  2.3625768E-02  2.3547058E-02
   39.0000  1.9181261E-02  2.2910702E-02  2.2765423E-02
   40.0000  1.9129493E-02  2.2137445E-02  2.1726360E-02
