  7709.000   27  1  1  1.9222038E-02 -2.8376960E+00 -2.5393528E-01  1  1  7.5666273E+03  8.0000000E+03  0.0000000E+00  1.1792254E+00  1.0000000E+00  0.0000000E+00  = E_edge, Z, n_edge, j_edge, Abs_before_edge, VO_interstitial, E_cut, ninit, ninit1, Epsii, UnitCell_Volume, Surface_ref, f0_forward, natomsym_f, abs_u_iso
    Energy   (100,001)      (010,001)      (001,110)   
  -25.0000  4.8948314E-09  1.1491342E-09  5.3244992E-10
  -24.0000  1.4056599E-08  3.2156529E-09  1.3814292E-09
  -23.0000  5.0678076E-08  1.1393398E-08  4.4098884E-09
  -22.0000  2.9465390E-07  6.8201599E-08  2.2056786E-08
  -21.0000  3.4707138E-05  1.9938687E-05  2.1384495E-06
  -20.0000  3.4374054E-06  5.2334878E-07  1.0255231E-06
  -19.0000  1.2223818E-06  7.0031804E-07  7.7522155E-07
  -18.0000  1.2491768E-06  3.3302411E-07  2.0779204E-07
  -17.0000  2.3332460E-06  4.8240824E-07  2.2616704E-07
  -16.0000  2.8158562E-05  4.9990171E-06  1.8483828E-06
  -15.0000  3.0995591E-06  7.5405509E-07  7.2153625E-07
  -14.0000  3.4458941E-03  1.1214525E-03  5.3472472E-03
  -13.0000  1.0266395E-06  1.7555466E-06  3.7919700E-06
  -12.0000  1.1454556E-05  3.3082657E-04  7.6300306E-04
  -11.0000  2.6982088E-05  7.0677764E-06  3.8867896E-06
  -10.0000  3.9326915E-03  7.0083258E-03  1.4159595E-03
  -9.00000  7.6422844E-05  1.5421967E-05  4.1691467E-06
  -8.00000  3.5483221E-03  6.5841754E-04  5.3673535E-05
  -7.00000  1.8131921E-04  1.8976918E-04  5.8414293E-04
  -6.00000  3.8480649E-03  3.5814605E-03  2.5834675E-03
  -5.00000  6.4979832E-04  6.8071134E-05  1.3020155E-03
  -4.00000  2.1104210E-04  9.1052168E-05  1.1720599E-04
  -3.00000  1.0338162E-02  4.9232535E-03  1.1722222E-02
  -2.00000  8.7018875E-05  1.3208241E-04  6.2936960E-05
  -1.00000  6.8200809E-05  8.6956409E-05  4.2140372E-05
   0.00000  2.5041161E-04  2.9123213E-04  3.0971702E-04
   1.00000  7.3203611E-05  9.7594536E-05  6.8727992E-05
   2.00000  7.3198535E-05  1.0002320E-04  7.0358448E-05
   3.00000  9.2800073E-05  1.3997241E-04  1.0165855E-04
   4.00000  1.4102519E-04  2.3626545E-04  1.8159005E-04
   5.00000  3.2578304E-04  5.7731613E-04  5.0136488E-04
   5.20000  4.2552981E-04  7.3408526E-04  6.9747272E-04
   5.40000  4.4298609E-04  8.9347863E-04  1.0677034E-03
   5.60000  5.1628081E-04  1.2556028E-03  1.9686042E-03
   5.80000  8.4642153E-04  1.9174665E-03  3.6757830E-03
   6.00000  1.3065256E-03  3.2261264E-03  7.5119358E-03
   6.20000  1.8451804E-03  6.4389060E-03  1.6055413E-02
   6.40000  1.7402733E-03  1.1325170E-02  1.4523292E-02
   6.60000  1.9529881E-03  1.2824931E-02  1.0032615E-02
   6.80000  2.8104161E-03  1.3127590E-02  8.8820438E-03
   7.00000  4.2096396E-03  1.4467395E-02  9.4728679E-03
   7.20000  5.7258159E-03  1.5260028E-02  1.1666143E-02
   7.40000  6.8973831E-03  1.4925181E-02  1.6047749E-02
   7.60000  7.8941163E-03  1.7992900E-02  2.0990151E-02
   7.80000  9.9301777E-03  2.9886717E-02  2.0541585E-02
   8.00000  1.3945043E-02  4.0345165E-02  1.4401516E-02
   8.20000  1.8945552E-02  5.4901790E-02  1.0760946E-02
   8.40000  2.5402649E-02  7.9235165E-02  1.0383492E-02
   8.60000  2.0083409E-02  5.3636776E-02  1.0846546E-02
   8.80000  1.4017119E-02  2.2610603E-02  1.0792395E-02
   9.00000  1.2437999E-02  1.2392896E-02  1.1066803E-02
   9.20000  1.2685380E-02  1.0174225E-02  1.1419140E-02
   9.40000  1.3878267E-02  1.2209886E-02  1.2043323E-02
   9.60000  1.5416749E-02  1.6860057E-02  1.3492543E-02
   9.80000  1.7187742E-02  2.2801817E-02  1.6985015E-02
   10.0000  1.9605760E-02  2.9203141E-02  2.4055187E-02
   10.2500  2.4239576E-02  3.6150861E-02  4.1890131E-02
   10.5000  3.1311501E-02  3.9552440E-02  7.4345244E-02
   10.7500  4.1717761E-02  3.9496854E-02  1.0283701E-01
   11.0000  5.6666240E-02  4.0902866E-02  1.0127185E-01
   11.2500  7.3804782E-02  4.4026880E-02  8.4166771E-02
   11.5000  8.1447961E-02  4.6480117E-02  6.6409169E-02
   11.7500  7.0823734E-02  4.9204149E-02  5.3818070E-02
   12.0000  5.6262288E-02  5.4597511E-02  4.6203023E-02
   12.2500  4.5731060E-02  6.5790680E-02  4.2532370E-02
   12.5000  3.9354076E-02  8.4457212E-02  4.1343545E-02
   12.7500  3.5987498E-02  9.7539040E-02  4.1295063E-02
   13.0000  3.4525824E-02  8.5041328E-02  4.1840388E-02
   13.2500  3.4205894E-02  6.3220900E-02  4.2119596E-02
   13.5000  3.4400043E-02  4.7081509E-02  4.1269123E-02
   13.7500  3.4915540E-02  3.6663171E-02  3.9384004E-02
   14.0000  3.5201034E-02  3.0572843E-02  3.6651593E-02
   14.2500  3.5085211E-02  2.6550981E-02  3.3510064E-02
   14.5000  3.4655174E-02  2.3877611E-02  3.0688285E-02
   14.7500  3.4105546E-02  2.2146934E-02  2.8708095E-02
   15.0000  3.3628022E-02  2.1087553E-02  2.7559573E-02
   15.2500  3.3406280E-02  2.0506891E-02  2.6927351E-02
   15.5000  3.3413761E-02  2.0314156E-02  2.6123094E-02
   15.7500  3.3821275E-02  2.1125741E-02  2.5132602E-02
   16.0000  3.4906903E-02  2.1142941E-02  2.4485092E-02
   16.2500  3.6119383E-02  2.1075296E-02  2.3830786E-02
   16.5000  3.7238967E-02  2.0878814E-02  2.3407682E-02
   16.7500  3.8169437E-02  2.0631821E-02  2.3446926E-02
   17.0000  3.8952930E-02  2.0466852E-02  2.4033740E-02
   17.2500  3.9703080E-02  2.0497753E-02  2.5107414E-02
   17.5000  4.0515965E-02  2.0789732E-02  2.6545574E-02
   17.7500  4.1437535E-02  2.1364702E-02  2.8232436E-02
   18.0000  4.2436091E-02  2.2207850E-02  3.0068399E-02
   18.2500  4.3411206E-02  2.3281628E-02  3.1955967E-02
   18.5000  4.4201488E-02  2.4538454E-02  3.3782687E-02
   18.7500  4.4610708E-02  2.5929872E-02  3.5425999E-02
   19.0000  4.4491661E-02  2.7403933E-02  3.6797478E-02
   19.2500  4.3845021E-02  2.8909144E-02  3.7896442E-02
   19.5000  4.2820000E-02  3.0402581E-02  3.8790995E-02
   19.7500  4.1589096E-02  3.1855506E-02  3.9535615E-02
   20.0000  4.0256137E-02  3.3235734E-02  4.0132827E-02
   21.0000  3.6062843E-02  3.6958882E-02  4.0875358E-02
   22.0000  3.7066012E-02  3.8618099E-02  3.8261927E-02
   23.0000  3.8015584E-02  3.9689652E-02  3.3671205E-02
   24.0000  3.6660443E-02  3.8572880E-02  3.1057591E-02
   25.0000  3.4597377E-02  3.6132422E-02  3.0983153E-02
   26.0000  3.3368132E-02  3.3785202E-02  3.2060972E-02
   27.0000  3.3501374E-02  3.2120970E-02  3.2877399E-02
   28.0000  3.4008737E-02  3.0931562E-02  3.2723523E-02
   29.0000  3.3955048E-02  3.0118106E-02  3.2013195E-02
   30.0000  3.2774422E-02  2.9714752E-02  3.1092418E-02
   31.0000  3.0654355E-02  2.9455085E-02  3.0023789E-02
   32.0000  2.8076487E-02  2.8959757E-02  2.8850587E-02
   33.0000  2.5523984E-02  2.8108327E-02  2.7650965E-02
   34.0000  2.3314065E-02  2.7003936E-02  2.6474291E-02
   35.0000  2.1528846E-02  2.5797728E-02  2.5356125E-02
   36.0000  2.0152672E-02  2.4637445E-02  2.4332322E-02
   37.0000  1.9156577E-02  2.3604693E-02  2.3381038E-02
   38.0000  1.8492722E-02  2.2687831E-02  2.2422395E-02
   39.0000  1.8085888E-02  2.1827899E-02  2.1363608E-02
   40.0000  1.7789044E-02  2.0961350E-02  2.0168710E-02
