  7709.000   27  1  1  1.9222038E-02 -2.7608105E+00 -2.2990532E-01  1  1  7.5666397E+03  8.0000000E+03  0.0000000E+00  1.1792254E+00  1.0000000E+00  0.0000000E+00  = E_edge, Z, n_edge, j_edge, Abs_before_edge, VO_interstitial, E_cut, ninit, ninit1, Epsii, UnitCell_Volume, Surface_ref, f0_forward, natomsym_f, abs_u_iso
    Energy   (100,001)      (010,001)      (001,110)   
  -25.0000  3.9396359E-09  1.0153951E-09  5.3768313E-10
  -24.0000  1.1032218E-08  2.7586553E-09  1.3896555E-09
  -23.0000  3.8201945E-08  9.3159333E-09  4.3982239E-09
  -22.0000  2.0254887E-07  4.9932690E-08  2.1218110E-08
  -21.0000  5.3362031E-06  2.6333067E-06  6.4604344E-07
  -20.0000  3.9239234E-06  4.5601173E-07  1.6219912E-06
  -19.0000  1.0215508E-06  5.9122128E-07  6.2536933E-07
  -18.0000  9.7629839E-07  2.6967452E-07  1.9756653E-07
  -17.0000  1.6638129E-06  3.3846348E-07  2.3954967E-07
  -16.0000  1.2140883E-05  1.5253594E-06  1.6626929E-06
  -15.0000  2.3397809E-06  1.0208783E-06  1.2552752E-06
  -14.0000  9.6185908E-06  6.9479534E-06  1.2395197E-05
  -13.0000  9.2766094E-07  1.1980556E-06  2.9708058E-06
  -12.0000  7.6985566E-06  4.3765100E-05  8.3601263E-05
  -11.0000  1.7493120E-05  4.8501527E-06  2.9678343E-06
  -10.0000  4.0482969E-03  6.4398819E-04  6.2644761E-03
  -9.00000  7.1292086E-05  2.3563461E-05  5.5836265E-06
  -8.00000  7.3528517E-03  1.9498834E-03  7.4473482E-04
  -7.00000  2.5627563E-04  3.8186844E-04  1.4106986E-03
  -6.00000  2.8114534E-04  7.8458980E-04  2.0523092E-04
  -5.00000  1.4093704E-03  3.8085919E-04  2.4614956E-02
  -4.00000  2.9631820E-04  1.0459677E-04  2.2045403E-04
  -3.00000  1.3930652E-03  1.1565327E-03  9.4692288E-04
  -2.00000  6.6004230E-05  7.8438692E-05  2.7177323E-05
  -1.00000  5.2063485E-05  6.5072548E-05  1.9548963E-05
   0.00000  1.5469985E-04  3.0607320E-04  3.1513374E-04
   1.00000  8.7939529E-05  1.0034382E-04  1.0026466E-04
   2.00000  7.7574451E-05  9.5287126E-05  7.9722054E-05
   3.00000  9.7925850E-05  1.2415395E-04  1.0247562E-04
   4.00000  1.5429565E-04  2.1342357E-04  1.6710446E-04
   5.00000  4.0124102E-04  8.3879793E-04  4.0981011E-04
   5.20000  5.7315875E-04  1.3674329E-03  5.6287107E-04
   5.40000  6.3096435E-04  1.2944251E-03  8.0774830E-04
   5.60000  6.5124078E-04  1.1165302E-03  1.2953034E-03
   5.80000  7.6161120E-04  1.4777540E-03  2.3572599E-03
   6.00000  1.0919502E-03  2.0320777E-03  4.1357785E-03
   6.20000  1.6054795E-03  3.5512973E-03  8.8212081E-03
   6.40000  1.7366883E-03  6.6557028E-03  1.1365829E-02
   6.60000  1.8581832E-03  8.9386080E-03  8.8593823E-03
   6.80000  2.6309339E-03  9.8024144E-03  7.8647151E-03
   7.00000  4.0344642E-03  1.1174698E-02  8.6050973E-03
   7.20000  5.8218412E-03  1.2145006E-02  1.1488759E-02
   7.40000  8.0358222E-03  1.1433570E-02  1.9547339E-02
   7.60000  1.0328041E-02  1.1472538E-02  2.8918941E-02
   7.80000  1.2424963E-02  1.6358400E-02  1.9578056E-02
   8.00000  1.6385715E-02  2.1703417E-02  1.0931199E-02
   8.20000  1.8949248E-02  2.3933028E-02  8.2705713E-03
   8.40000  1.7977604E-02  2.2159256E-02  7.6110221E-03
   8.60000  1.8884236E-02  2.5838064E-02  8.2646239E-03
   8.80000  2.1625751E-02  3.0878609E-02  1.0299730E-02
   9.00000  2.0690480E-02  2.0443700E-02  1.0760817E-02
   9.20000  2.0337077E-02  2.4653158E-02  1.0449699E-02
   9.40000  2.0809714E-02  3.4945471E-02  1.0542264E-02
   9.60000  2.1243453E-02  4.6242199E-02  1.1454998E-02
   9.80000  2.1920931E-02  5.8128495E-02  1.4066057E-02
   10.0000  2.3283598E-02  6.9203156E-02  1.9351730E-02
   10.2500  2.6538061E-02  7.5349997E-02  3.2194173E-02
   10.5000  3.3231488E-02  6.8752744E-02  5.6265176E-02
   10.7500  4.5553458E-02  5.7450678E-02  8.7891786E-02
   11.0000  6.4050713E-02  4.9703314E-02  1.0103184E-01
   11.2500  8.3063337E-02  4.6066690E-02  8.6633935E-02
   11.5000  8.5413537E-02  4.4623864E-02  6.7358502E-02
   11.7500  6.9096371E-02  4.5150180E-02  5.4193969E-02
   12.0000  5.2823249E-02  4.9131023E-02  4.7159062E-02
   12.2500  4.2081102E-02  5.8830861E-02  4.4301240E-02
   12.5000  3.6506903E-02  7.5899485E-02  4.3879248E-02
   12.7500  3.3802988E-02  8.7425832E-02  4.4293326E-02
   13.0000  3.2694648E-02  7.6661230E-02  4.5119985E-02
   13.2500  3.2192240E-02  5.8915304E-02  4.5616807E-02
   13.5000  3.2000596E-02  4.5386428E-02  4.4780784E-02
   13.7500  3.1728133E-02  3.5914928E-02  4.2263827E-02
   14.0000  3.1531806E-02  3.0030357E-02  3.8552493E-02
   14.2500  3.1265868E-02  2.6114500E-02  3.4442518E-02
   14.5000  3.0992258E-02  2.3535383E-02  3.0817305E-02
   14.7500  3.0762236E-02  2.1863984E-02  2.8180476E-02
   15.0000  3.0611920E-02  2.0809444E-02  2.6571475E-02
   15.2500  3.0596673E-02  2.0173638E-02  2.5758926E-02
   15.5000  3.0791653E-02  1.9825990E-02  2.5443437E-02
   15.7500  3.0758088E-02  2.0639405E-02  2.4743444E-02
   16.0000  3.1479868E-02  2.0592850E-02  2.4525258E-02
   16.2500  3.2350284E-02  2.0522933E-02  2.4144379E-02
   16.5000  3.3227921E-02  2.0391985E-02  2.3704641E-02
   16.7500  3.4023383E-02  2.0263744E-02  2.3446196E-02
   17.0000  3.4731795E-02  2.0256751E-02  2.3561464E-02
   17.2500  3.5414545E-02  2.0475560E-02  2.4098555E-02
   17.5000  3.6135268E-02  2.0971979E-02  2.5004939E-02
   17.7500  3.6941848E-02  2.1745139E-02  2.6210286E-02
   18.0000  3.7838954E-02  2.2745316E-02  2.7665375E-02
   18.2500  3.8797033E-02  2.3889575E-02  2.9345704E-02
   18.5000  3.9761710E-02  2.5088555E-02  3.1231559E-02
   18.7500  4.0650724E-02  2.6270554E-02  3.3277592E-02
   19.0000  4.1352968E-02  2.7391238E-02  3.5385706E-02
   19.2500  4.1754371E-02  2.8430176E-02  3.7412678E-02
   19.5000  4.1793658E-02  2.9383030E-02  3.9218498E-02
   19.7500  4.1493693E-02  3.0260276E-02  4.0717403E-02
   20.0000  4.0928652E-02  3.1078711E-02  4.1894568E-02
   21.0000  3.7905068E-02  3.3492181E-02  4.4020912E-02
   22.0000  3.7403190E-02  3.4799126E-02  4.1231361E-02
   23.0000  3.7322734E-02  3.6688368E-02  3.5341973E-02
   24.0000  3.6010289E-02  3.7374007E-02  3.1635962E-02
   25.0000  3.4302869E-02  3.5992569E-02  3.0533218E-02
   26.0000  3.3185225E-02  3.4038746E-02  3.1017248E-02
   27.0000  3.2643907E-02  3.2345288E-02  3.1522643E-02
   28.0000  3.3002171E-02  3.0936264E-02  3.1506636E-02
   29.0000  3.3581917E-02  2.9666155E-02  3.0990318E-02
   30.0000  3.3382891E-02  2.8831395E-02  3.0246826E-02
   31.0000  3.1893440E-02  2.8447203E-02  2.9380542E-02
   32.0000  2.9438442E-02  2.8128895E-02  2.8442968E-02
   33.0000  2.6685539E-02  2.7605394E-02  2.7510739E-02
   34.0000  2.4194123E-02  2.6889873E-02  2.6661113E-02
   35.0000  2.2201580E-02  2.6100451E-02  2.5948441E-02
   36.0000  2.0752337E-02  2.5326042E-02  2.5393308E-02
   37.0000  1.9829177E-02  2.4581361E-02  2.4905792E-02
   38.0000  1.9379528E-02  2.3842342E-02  2.4314882E-02
   39.0000  1.9301305E-02  2.3078113E-02  2.3480726E-02
   40.0000  1.9400218E-02  2.2255854E-02  2.2370960E-02
