  7709.000   27  1  1  1.9222038E-02 -3.2096464E+00 -2.4382174E-01  1  1  7.5668670E+03  8.0000000E+03  0.0000000E+00  1.1792254E+00  1.0000000E+00  0.0000000E+00  = E_edge, Z, n_edge, j_edge, Abs_before_edge, VO_interstitial, E_cut, ninit, ninit1, Epsii, UnitCell_Volume, Surface_ref, f0_forward, natomsym_f, abs_u_iso
    Energy   (100,001)      (010,001)      (001,110)   
  -25.0000  4.4769925E-09  1.0389002E-09  5.4272160E-10
  -24.0000  1.2625036E-08  2.8541486E-09  1.3850321E-09
  -23.0000  4.4241984E-08  9.8489146E-09  4.2937547E-09
  -22.0000  2.4122862E-07  5.5806364E-08  1.9959170E-08
  -21.0000  8.3620219E-06  5.2972174E-06  5.1442096E-07
  -20.0000  3.7318649E-06  4.8194790E-07  9.9142536E-07
  -19.0000  1.1684834E-06  6.4354443E-07  8.9142290E-07
  -18.0000  1.1297399E-06  2.7969712E-07  2.2579017E-07
  -17.0000  2.0352238E-06  3.7427784E-07  2.3529326E-07
  -16.0000  2.3996748E-05  4.0393105E-06  1.4262073E-06
  -15.0000  1.6965679E-06  1.2307460E-06  7.7042249E-07
  -14.0000  5.9727667E-06  5.0845139E-06  9.3536102E-06
  -13.0000  1.1522346E-06  1.7325625E-06  4.3426994E-06
  -12.0000  5.1018008E-06  2.3328704E-05  3.1407647E-05
  -11.0000  1.9507992E-05  5.9978583E-06  2.9050211E-06
  -10.0000  6.6834048E-04  1.3331770E-03  1.4033953E-03
  -9.00000  9.4102519E-05  1.7205953E-05  3.0331480E-06
  -8.00000  6.8876097E-03  2.3813458E-04  1.4754865E-04
  -7.00000  3.1158175E-04  1.0146704E-03  5.5050103E-03
  -6.00000  5.7963610E-04  1.0972584E-03  4.0507004E-04
  -5.00000  2.8250411E-04  7.2709349E-05  1.4604281E-03
  -4.00000  2.7108826E-04  1.2695165E-04  2.0191169E-04
  -3.00000  1.7501786E-03  6.5018006E-04  1.3313609E-03
  -2.00000  7.9264805E-05  1.1613898E-04  4.9429197E-05
  -1.00000  7.7827457E-05  9.1748179E-05  4.7651609E-05
   0.00000  1.5980478E-04  1.9343675E-04  1.0568236E-04
   1.00000  7.2135131E-05  1.0632534E-04  7.1122369E-05
   2.00000  6.3337143E-05  9.6480248E-05  6.4299912E-05
   3.00000  7.9277666E-05  1.3175325E-04  8.9190461E-05
   4.00000  1.2101217E-04  2.1609317E-04  1.4785048E-04
   5.00000  2.6629026E-04  5.1358581E-04  3.3741564E-04
   5.20000  3.0959597E-04  6.2054332E-04  4.3495709E-04
   5.40000  3.4614992E-04  7.3792500E-04  6.1443359E-04
   5.60000  5.0755946E-04  1.0604232E-03  1.0305491E-03
   5.80000  8.7224207E-04  1.4228371E-03  1.6031502E-03
   6.00000  1.2554589E-03  2.0399404E-03  2.7333803E-03
   6.20000  1.9857971E-03  3.5684478E-03  5.8389178E-03
   6.40000  2.3001971E-03  6.1795305E-03  8.6691528E-03
   6.60000  2.0398747E-03  8.4261529E-03  8.3679202E-03
   6.80000  2.3244749E-03  9.7603440E-03  8.7965816E-03
   7.00000  3.0737072E-03  1.1535646E-02  8.6894724E-03
   7.20000  4.0612199E-03  1.3524122E-02  8.4914907E-03
   7.40000  5.1282966E-03  1.4426957E-02  1.0151411E-02
   7.60000  6.2849012E-03  1.5269238E-02  1.3870817E-02
   7.80000  8.1422705E-03  2.0486144E-02  1.9716680E-02
   8.00000  1.1814912E-02  3.6694545E-02  2.7829720E-02
   8.20000  1.8038114E-02  6.2339467E-02  2.5964813E-02
   8.40000  2.6700229E-02  8.2128432E-02  1.8435828E-02
   8.60000  3.1529940E-02  6.1489328E-02  1.5428979E-02
   8.80000  1.9977552E-02  2.8824777E-02  1.3261708E-02
   9.00000  1.3916229E-02  1.5475846E-02  1.1472073E-02
   9.20000  1.2823569E-02  1.1774007E-02  1.0406465E-02
   9.40000  1.3203241E-02  1.2761333E-02  1.0376137E-02
   9.60000  1.4388832E-02  1.7486535E-02  1.1878619E-02
   9.80000  1.6227417E-02  2.5652398E-02  1.5723661E-02
   10.0000  1.8766885E-02  3.6172286E-02  2.2899454E-02
   10.2500  2.3557357E-02  4.7324596E-02  3.8155369E-02
   10.5000  3.1440095E-02  4.9801655E-02  6.4376559E-02
   10.7500  4.3593584E-02  4.5853688E-02  9.6569771E-02
   11.0000  6.1373187E-02  4.2218641E-02  1.0151034E-01
   11.2500  8.2372911E-02  4.1321745E-02  8.6531153E-02
   11.5000  8.8355286E-02  4.3298280E-02  6.9937220E-02
   11.7500  7.1956149E-02  4.7501581E-02  5.6657367E-02
   12.0000  5.3651070E-02  5.4264234E-02  4.8209313E-02
   12.2500  4.3318944E-02  6.6234387E-02  4.3946428E-02
   12.5000  3.7510607E-02  8.4079905E-02  4.2086969E-02
   12.7500  3.4337761E-02  9.4489373E-02  4.2367205E-02
   13.0000  3.2878293E-02  8.0394592E-02  4.4738408E-02
   13.2500  3.2930677E-02  5.8042502E-02  4.5885090E-02
   13.5000  3.3131428E-02  4.1864444E-02  4.4407107E-02
   13.7500  3.3658549E-02  3.3359894E-02  4.1262503E-02
   14.0000  3.3799259E-02  2.8051061E-02  3.7552572E-02
   14.2500  3.3414143E-02  2.4603820E-02  3.3855242E-02
   14.5000  3.2717377E-02  2.2307890E-02  3.0794765E-02
   14.7500  3.1992852E-02  2.0792155E-02  2.8843081E-02
   15.0000  3.1431346E-02  1.9846990E-02  2.7907427E-02
   15.2500  3.0702332E-02  2.0071919E-02  2.6584551E-02
   15.5000  3.0881467E-02  2.0211196E-02  2.6190294E-02
   15.7500  3.1533514E-02  2.0181757E-02  2.5577746E-02
   16.0000  3.2560397E-02  2.0212826E-02  2.4735398E-02
   16.2500  3.3742277E-02  2.0192821E-02  2.3777183E-02
   16.5000  3.4849699E-02  2.0065014E-02  2.2950375E-02
   16.7500  3.5760796E-02  1.9868159E-02  2.2494315E-02
   17.0000  3.6497912E-02  1.9707996E-02  2.2526064E-02
   17.2500  3.7175604E-02  1.9694079E-02  2.3039594E-02
   17.5000  3.7925149E-02  1.9908162E-02  2.3980322E-02
   17.7500  3.8830275E-02  2.0394608E-02  2.5290144E-02
   18.0000  3.9904175E-02  2.1164510E-02  2.6913172E-02
   18.2500  4.1089875E-02  2.2199501E-02  2.8781284E-02
   18.5000  4.2256660E-02  2.3456714E-02  3.0790243E-02
   18.7500  4.3209846E-02  2.4878643E-02  3.2786041E-02
   19.0000  4.3719624E-02  2.6404354E-02  3.4584306E-02
   19.2500  4.3617951E-02  2.7980105E-02  3.6048864E-02
   19.5000  4.2892859E-02  2.9562277E-02  3.7161106E-02
   19.7500  4.1676756E-02  3.1109183E-02  3.7999186E-02
   20.0000  4.0143311E-02  3.2560432E-02  3.8654069E-02
   21.0000  3.4554289E-02  3.5908099E-02  4.0437096E-02
   22.0000  3.4830562E-02  3.6862329E-02  3.9529496E-02
   23.0000  3.6346731E-02  3.8445067E-02  3.4849550E-02
   24.0000  3.6289327E-02  3.9046886E-02  3.1417879E-02
   25.0000  3.4689299E-02  3.7477342E-02  3.0778323E-02
   26.0000  3.3357624E-02  3.5309686E-02  3.2012772E-02
   27.0000  3.3060199E-02  3.3394854E-02  3.3299132E-02
   28.0000  3.3779460E-02  3.1945659E-02  3.3740167E-02
   29.0000  3.4664005E-02  3.0877164E-02  3.3259905E-02
   30.0000  3.4771483E-02  3.0318819E-02  3.2294641E-02
   31.0000  3.3497217E-02  3.0036736E-02  3.1055199E-02
   32.0000  3.1136473E-02  2.9596785E-02  2.9665132E-02
   33.0000  2.8388699E-02  2.8828824E-02  2.8254529E-02
   34.0000  2.5819351E-02  2.7816359E-02  2.6928035E-02
   35.0000  2.3658181E-02  2.6700874E-02  2.5747828E-02
   36.0000  2.1938057E-02  2.5616445E-02  2.4745444E-02
   37.0000  2.0620749E-02  2.4634701E-02  2.3859935E-02
   38.0000  1.9635575E-02  2.3745918E-02  2.2955533E-02
   39.0000  1.8906014E-02  2.2893148E-02  2.1908005E-02
   40.0000  1.8349488E-02  2.2010418E-02  2.0684457E-02
