  7709.000   27  1  1  1.9222038E-02 -4.9262270E+00 -4.7404579E-01  1  1  7.5663977E+03  8.0000000E+03  0.0000000E+00  1.1792254E+00  1.0000000E+00  0.0000000E+00  = E_edge, Z, n_edge, j_edge, Abs_before_edge, VO_interstitial, E_cut, ninit, ninit1, Epsii, UnitCell_Volume, Surface_ref, f0_forward, natomsym_f, abs_u_iso
    Energy   (100,001)      (010,001)      (001,110)   
  -25.0000  6.2766386E-09  4.1664738E-10  7.3010856E-10
  -24.0000  1.6385612E-08  7.6849953E-10  1.6162961E-09
  -23.0000  5.0104039E-08  1.4769264E-09  3.9438960E-09
  -22.0000  2.0142080E-07  2.9928543E-09  1.1122739E-08
  -21.0000  1.5358624E-06  6.5671036E-09  4.0153204E-08
  -20.0000  2.2250837E-03  1.7668345E-08  2.5620656E-07
  -19.0000  5.4393108E-06  7.7082602E-07  5.7552408E-05
  -18.0000  3.3300077E-06  9.5559150E-08  1.2291330E-06
  -17.0000  4.5768789E-06  3.1285234E-07  5.6177380E-07
  -16.0000  1.7882934E-05  1.8655505E-06  5.6661983E-07
  -15.0000  3.2545663E-05  2.1165259E-04  3.4356198E-06
  -14.0000  7.2823012E-07  1.0347935E-05  1.5358162E-06
  -13.0000  2.7629654E-07  4.1954422E-06  8.2784288E-06
  -12.0000  9.2065462E-06  2.7461950E-06  1.3128556E-04
  -11.0000  9.2988174E-06  3.0904125E-06  7.2474263E-06
  -10.0000  8.3267235E-05  4.1032099E-06  1.2694695E-05
  -9.00000  1.2925330E-05  2.9415098E-05  8.7506514E-06
  -8.00000  5.2334512E-05  1.3577943E-04  2.7693855E-05
  -7.00000  6.5206721E-04  9.3836454E-05  5.4785007E-05
  -6.00000  4.1441891E-04  6.8232615E-05  4.3585009E-05
  -5.00000  2.2592355E-04  2.8413218E-04  3.8517814E-05
  -4.00000  2.0066965E-03  8.7338806E-03  1.9954701E-02
  -3.00000  4.0083503E-03  9.7640614E-03  6.1937179E-04
  -2.00000  1.0435918E-03  2.2701674E-03  3.6866452E-04
  -1.00000  5.1921586E-04  1.3684419E-03  2.4492034E-04
   0.00000  8.8092155E-04  1.0234879E-03  4.8707302E-04
   1.00000  3.7661484E-04  9.3653334E-04  2.4100105E-04
   2.00000  4.3911347E-04  1.0465022E-03  3.4852392E-04
   3.00000  6.1160262E-04  1.3415018E-03  6.3609324E-04
   4.00000  9.4511445E-04  2.0054341E-03  1.3948271E-03
   5.00000  1.5122849E-03  2.9879730E-03  3.4409197E-03
   5.20000  1.6493077E-03  3.2078995E-03  4.1672711E-03
   5.40000  1.7869901E-03  3.4455505E-03  5.0467063E-03
   5.60000  1.9211569E-03  3.7136954E-03  6.0941384E-03
   5.80000  2.0544652E-03  4.0296379E-03  7.3167450E-03
   6.00000  2.2138796E-03  4.4131149E-03  8.7142821E-03
   6.20000  2.4796067E-03  4.8833659E-03  1.0284436E-02
   6.40000  2.9892068E-03  5.4572545E-03  1.2029657E-02
   6.60000  3.8473707E-03  6.1441809E-03  1.3951283E-02
   6.80000  5.0198802E-03  6.9475985E-03  1.6030728E-02
   7.00000  6.3885772E-03  7.8638106E-03  1.8202458E-02
   7.20000  7.8892933E-03  8.8888209E-03  2.0359543E-02
   7.40000  9.5396550E-03  1.0014416E-02  2.2338245E-02
   7.60000  1.1400713E-02  1.1243262E-02  2.3985090E-02
   7.80000  1.3547187E-02  1.2579468E-02  2.5247369E-02
   8.00000  1.6066700E-02  1.4049720E-02  2.6252121E-02
   8.20000  1.9039899E-02  1.5762290E-02  2.7260412E-02
   8.40000  2.2591658E-02  1.7674926E-02  2.8824635E-02
   8.60000  2.6831766E-02  1.9938396E-02  3.1586170E-02
   8.80000  3.1895074E-02  2.2697259E-02  3.6270762E-02
   9.00000  3.7916713E-02  2.6137423E-02  4.3318150E-02
   9.20000  4.5006531E-02  3.0527526E-02  5.2244532E-02
   9.40000  5.3152716E-02  3.6201502E-02  6.1429001E-02
   9.60000  6.2067649E-02  4.3554712E-02  6.8971834E-02
   9.80000  7.0952335E-02  5.3002057E-02  7.3818032E-02
   10.0000  7.8390573E-02  6.4838971E-02  7.5912936E-02
   10.2500  8.3117797E-02  8.2655607E-02  7.5348937E-02
   10.5000  8.1274419E-02  1.0113124E-01  7.2481218E-02
   10.7500  7.4338798E-02  1.1401135E-01  6.9170250E-02
   11.0000  6.5396688E-02  1.1472331E-01  6.7239536E-02
   11.2500  5.6782220E-02  1.0294400E-01  6.6856852E-02
   11.5000  4.8671486E-02  8.4447692E-02  6.8847869E-02
   11.7500  4.3046582E-02  6.7168546E-02  6.6165263E-02
   12.0000  3.9055446E-02  5.5726370E-02  5.7464407E-02
   12.2500  3.5770987E-02  4.5092993E-02  5.2837597E-02
   12.5000  3.3319143E-02  3.7545233E-02  4.7937534E-02
   12.7500  3.1548770E-02  3.2140242E-02  4.3243588E-02
   13.0000  3.0340671E-02  2.8169011E-02  3.9026222E-02
   13.2500  2.9604745E-02  2.5168232E-02  3.5396407E-02
   13.5000  2.9274181E-02  2.2844691E-02  3.2366648E-02
   13.7500  2.9297806E-02  2.1013719E-02  2.9900473E-02
   14.0000  2.9636813E-02  1.9553394E-02  2.7940509E-02
   14.2500  3.0259947E-02  1.8379321E-02  2.6426797E-02
   14.5000  3.1139010E-02  1.7429977E-02  2.5305568E-02
   14.7500  3.2244640E-02  1.6658654E-02  2.4532631E-02
   15.0000  3.3543178E-02  1.6029422E-02  2.4075370E-02
   15.2500  3.4990551E-02  1.5514442E-02  2.3909441E-02
   15.5000  3.6522328E-02  1.5096189E-02  2.4012050E-02
   15.7500  3.8064560E-02  1.4758262E-02  2.4365923E-02
   16.0000  3.9524185E-02  1.4490651E-02  2.4947432E-02
   16.2500  4.0792497E-02  1.4285292E-02  2.5725665E-02
   16.5000  4.1759260E-02  1.4137742E-02  2.6657420E-02
   16.7500  4.2330826E-02  1.4044739E-02  2.7685840E-02
   17.0000  4.2456129E-02  1.4004930E-02  2.8743337E-02
   17.2500  4.2140754E-02  1.4018464E-02  2.9761210E-02
   17.5000  4.1454080E-02  1.4085402E-02  3.0676777E-02
   17.7500  4.0515110E-02  1.4205577E-02  3.1443108E-02
   18.0000  3.9464029E-02  1.4379441E-02  3.2035475E-02
   18.2500  3.8434245E-02  1.4607204E-02  3.2447358E-02
   18.5000  3.7525908E-02  1.4888900E-02  3.2690177E-02
   18.7500  3.6798667E-02  1.5224170E-02  3.2787184E-02
   19.0000  3.6272536E-02  1.5612570E-02  3.2767685E-02
   19.2500  3.5941223E-02  1.6053663E-02  3.2661566E-02
   19.5000  3.5779207E-02  1.6716215E-02  3.2855115E-02
   19.7500  3.5742917E-02  1.7290106E-02  3.2614442E-02
   20.0000  3.5807965E-02  1.7918165E-02  3.2360344E-02
   21.0000  3.6511557E-02  2.0934888E-02  3.1458056E-02
   22.0000  3.6836391E-02  2.4620247E-02  3.0968894E-02
   23.0000  3.5357447E-02  2.8715926E-02  3.0782842E-02
   24.0000  3.1503239E-02  3.3026970E-02  3.0343707E-02
   25.0000  2.6682325E-02  3.7265481E-02  2.9017126E-02
   26.0000  2.2733504E-02  4.0624783E-02  2.6859616E-02
   27.0000  2.0379950E-02  4.2281297E-02  2.4581439E-02
   28.0000  1.9544841E-02  4.2144772E-02  2.2903769E-02
   29.0000  1.9781328E-02  4.0796324E-02  2.2149005E-02
   30.0000  2.0589142E-02  3.8984137E-02  2.2231392E-02
   31.0000  2.1580420E-02  3.7249888E-02  2.2814778E-02
   32.0000  2.2528177E-02  3.5830274E-02  2.3499260E-02
   33.0000  2.3295774E-02  3.4686955E-02  2.3954167E-02
   34.0000  2.3818994E-02  3.3665451E-02  2.3981990E-02
   35.0000  2.4070073E-02  3.2595235E-02  2.3486262E-02
   36.0000  2.4055056E-02  3.1364006E-02  2.2510017E-02
   37.0000  2.3797350E-02  2.9922163E-02  2.1379024E-02
   38.0000  2.3344733E-02  2.8284127E-02  2.0730307E-02
   39.0000  2.2773360E-02  2.6515469E-02  2.1085281E-02
   40.0000  2.2173160E-02  2.4706018E-02  2.2362261E-02
