 FDMNES
  energy    <xanes>
   7695.00    5.241100e-04
   7695.29    5.298650e-04
   7695.58    5.356199e-04
   7695.87    5.413749e-04
   7696.16    5.473506e-04
   7696.44    5.535156e-04
   7696.73    5.596806e-04
   7697.02    5.658806e-04
   7697.31    5.724996e-04
   7697.60    5.791186e-04
   7697.89    5.857377e-04
   7698.18    5.926671e-04
   7698.47    5.997906e-04
   7698.76    6.069140e-04
   7699.04    6.141240e-04
   7699.33    6.218098e-04
   7699.62    6.294957e-04
   7699.91    6.371815e-04
   7700.20    6.453032e-04
   7700.49    6.536185e-04
   7700.78    6.619339e-04
   7701.07    6.704125e-04
   7701.36    6.794353e-04
   7701.64    6.884581e-04
   7701.93    6.974810e-04
   7702.22    7.071182e-04
   7702.51    7.169398e-04
   7702.80    7.267614e-04
   7703.09    7.368618e-04
   7703.38    7.475896e-04
   7703.67    7.583173e-04
   7703.96    7.690450e-04
   7704.24    7.806472e-04
   7704.53    7.924083e-04
   7704.82    8.041694e-04
   7705.11    8.163863e-04
   7705.40    8.293326e-04
   7705.69    8.422789e-04
   7705.98    8.552252e-04
   7706.27    8.694342e-04
   7706.56    8.837484e-04
   7706.84    8.980626e-04
   7707.13    9.131104e-04
   7707.42    9.290141e-04
   7707.71    9.449179e-04
   7708.00    9.608216e-04
   7708.29    9.785865e-04
   7708.58    9.963515e-04
   7708.87    1.014116e-03
   7709.16    1.033065e-03
   7709.44    1.053027e-03
   7709.73    1.072990e-03
   7710.02    1.093154e-03
   7710.31    1.115736e-03
   7710.60    1.138318e-03
   7710.89    1.160899e-03
   7711.18    1.185423e-03
   7711.47    1.211160e-03
   7711.76    1.236897e-03
   7712.04    1.263225e-03
   7712.33    1.292808e-03
   7712.62    1.322392e-03
   7712.91    1.351975e-03
   7713.20    1.384848e-03
   7713.49    1.419185e-03
   7713.78    1.453521e-03
   7714.07    1.489235e-03
   7714.36    1.529539e-03
   7714.64    1.569844e-03
   7714.93    1.610148e-03
   7715.22    1.656326e-03
   7715.51    1.704266e-03
   7715.80    1.752205e-03
   7716.09    1.803218e-03
   7716.38    1.861144e-03
   7716.67    1.919070e-03
   7716.96    1.976996e-03
   7717.24    2.046279e-03
   7717.53    2.117626e-03
   7717.82    2.188973e-03
   7718.11    2.267498e-03
   7718.40    2.357505e-03
   7718.69    2.447513e-03
   7718.98    2.537520e-03
   7719.27    2.652552e-03
   7719.56    2.769669e-03
   7719.84    2.886786e-03
   7720.13    3.023204e-03
   7720.42    3.182140e-03
   7720.71    3.341075e-03
   7721.00    3.500011e-03
   7721.29    3.729358e-03
   7721.58    3.958704e-03
   7721.87    4.188051e-03
   7722.16    4.490994e-03
   7722.44    4.857019e-03
   7722.73    5.223043e-03
   7723.02    5.615707e-03
   7723.31    6.328033e-03
   7723.60    7.040359e-03
   7723.89    7.752685e-03
   7724.18    9.235155e-03
   7724.47    1.119896e-02
   7724.76    1.316277e-02
   7725.04    1.530764e-02
   7725.33    1.849179e-02
   7725.62    2.175207e-02
   7725.91    2.513639e-02
   7726.20    2.876045e-02
   7726.49    3.283996e-02
   7726.78    3.738056e-02
   7727.07    4.250238e-02
   7727.36    4.813829e-02
   7727.64    5.431398e-02
   7727.93    6.107634e-02
   7728.22    6.844360e-02
   7728.51    7.642445e-02
   7728.80    8.473492e-02
   7729.09    9.303560e-02
   7729.38    1.009365e-01
   7729.67    1.079274e-01
   7729.96    1.137277e-01
   7730.24    1.179941e-01
   7730.53    1.203876e-01
   7730.82    1.211024e-01
   7731.11    1.204450e-01
   7731.40    1.187888e-01
   7731.69    1.165186e-01
   7731.98    1.139735e-01
   7732.27    1.114268e-01
   7732.56    1.090775e-01
   7732.84    1.070101e-01
   7733.13    1.052577e-01
   7733.42    1.038190e-01
   7733.71    1.026729e-01
   7734.00    1.017882e-01
   7734.29    1.011492e-01
   7734.58    1.006834e-01
   7734.87    1.003447e-01
   7735.16    1.000850e-01
   7735.44    9.985629e-02
   7735.73    9.961483e-02
   7736.02    9.931966e-02
   7736.31    9.894551e-02
   7736.60    9.848742e-02
   7736.89    9.795082e-02
   7737.18    9.735239e-02
   7737.47    9.671713e-02
   7737.76    9.607529e-02
   7738.04    9.546379e-02
   7738.33    9.491125e-02
   7738.62    9.444189e-02
   7738.91    9.407471e-02
   7739.20    9.382313e-02
   7739.49    9.369507e-02
   7739.78    9.370362e-02
   7740.07    9.386731e-02
   7740.36    9.420612e-02
   7740.64    9.454492e-02
   7740.93    9.488373e-02
   7741.22    9.536567e-02
   7741.51    9.589055e-02
   7741.80    9.641544e-02
   7742.09    9.690430e-02
   7742.38    9.731209e-02
   7742.67    9.771989e-02
   7742.96    9.812768e-02
   7743.24    9.823572e-02
   7743.53    9.828927e-02
   7743.82    9.834281e-02
   7744.11    9.824654e-02
   7744.40    9.791057e-02
   7744.69    9.757461e-02
   7744.98    9.723864e-02
   7745.27    9.665101e-02
   7745.56    9.604241e-02
   7745.84    9.543382e-02
   7746.13    9.476080e-02
   7746.42    9.401264e-02
   7746.71    9.326448e-02
   7747.00    9.251632e-02
   7747.29    9.172688e-02
   7747.58    9.093745e-02
   7747.87    9.014801e-02
   7748.16    8.937273e-02
   7748.44    8.860957e-02
   7748.73    8.784641e-02
   7749.02    8.708849e-02
   7749.31    8.639336e-02
   7749.60    8.569823e-02
   7749.89    8.500311e-02
   7750.18    8.435995e-02
   7750.47    8.374927e-02
   7750.76    8.313859e-02
   7751.04    8.253995e-02
   7751.33    8.200752e-02
   7751.62    8.147508e-02
   7751.91    8.094264e-02
   7752.20    8.044904e-02
   7752.49    7.997270e-02
   7752.78    7.949636e-02
   7753.07    7.902605e-02
   7753.36    7.857586e-02
   7753.64    7.812566e-02
   7753.93    7.767547e-02
   7754.22    7.722252e-02
   7754.51    7.676875e-02
   7754.80    7.631498e-02
   7755.09    7.585352e-02
   7755.38    7.537474e-02
   7755.67    7.489597e-02
   7755.96    7.441719e-02
   7756.24    7.391278e-02
   7756.53    7.340370e-02
   7756.82    7.289462e-02
   7757.11    7.238043e-02
   7757.40    7.185805e-02
   7757.69    7.133567e-02
   7757.98    7.081330e-02
   7758.27    7.031713e-02
   7758.56    6.982315e-02
   7758.84    6.932917e-02
   7759.13    6.887523e-02
   7759.42    6.846800e-02
   7759.71    6.806078e-02
   7760.00    6.765355e-02
