 FDMNES
  energy    <xanes>
   7695.00    5.376608e-04
   7695.29    5.434553e-04
   7695.58    5.492497e-04
   7695.87    5.550441e-04
   7696.16    5.610590e-04
   7696.44    5.672629e-04
   7696.73    5.734668e-04
   7697.02    5.797056e-04
   7697.31    5.863627e-04
   7697.60    5.930199e-04
   7697.89    5.996770e-04
   7698.18    6.066440e-04
   7698.47    6.138045e-04
   7698.76    6.209651e-04
   7699.04    6.282121e-04
   7699.33    6.359339e-04
   7699.62    6.436557e-04
   7699.91    6.513775e-04
   7700.20    6.595342e-04
   7700.49    6.678841e-04
   7700.78    6.762340e-04
   7701.07    6.847469e-04
   7701.36    6.938027e-04
   7701.64    7.028585e-04
   7701.93    7.119143e-04
   7702.22    7.215832e-04
   7702.51    7.314359e-04
   7702.80    7.412887e-04
   7703.09    7.514196e-04
   7703.38    7.621764e-04
   7703.67    7.729333e-04
   7703.96    7.836901e-04
   7704.24    7.953195e-04
   7704.53    8.071075e-04
   7704.82    8.188955e-04
   7705.11    8.311385e-04
   7705.40    8.441094e-04
   7705.69    8.570803e-04
   7705.98    8.700512e-04
   7706.27    8.842828e-04
   7706.56    8.986193e-04
   7706.84    9.129559e-04
   7707.13    9.280252e-04
   7707.42    9.439495e-04
   7707.71    9.598737e-04
   7708.00    9.757979e-04
   7708.29    9.935822e-04
   7708.58    1.011366e-03
   7708.87    1.029151e-03
   7709.16    1.048118e-03
   7709.44    1.068101e-03
   7709.73    1.088083e-03
   7710.02    1.108267e-03
   7710.31    1.130871e-03
   7710.60    1.153476e-03
   7710.89    1.176080e-03
   7711.18    1.200631e-03
   7711.47    1.226397e-03
   7711.76    1.252164e-03
   7712.04    1.278525e-03
   7712.33    1.308153e-03
   7712.62    1.337781e-03
   7712.91    1.367410e-03
   7713.20    1.400348e-03
   7713.49    1.434758e-03
   7713.78    1.469167e-03
   7714.07    1.504966e-03
   7714.36    1.545394e-03
   7714.64    1.585823e-03
   7714.93    1.626251e-03
   7715.22    1.672621e-03
   7715.51    1.720775e-03
   7715.80    1.768928e-03
   7716.09    1.820203e-03
   7716.38    1.878502e-03
   7716.67    1.936801e-03
   7716.96    1.995100e-03
   7717.24    2.065000e-03
   7717.53    2.137009e-03
   7717.82    2.209019e-03
   7718.11    2.288412e-03
   7718.40    2.379622e-03
   7718.69    2.470831e-03
   7718.98    2.562041e-03
   7719.27    2.679254e-03
   7719.56    2.798635e-03
   7719.84    2.918016e-03
   7720.13    3.057733e-03
   7720.42    3.221175e-03
   7720.71    3.384618e-03
   7721.00    3.548061e-03
   7721.29    3.787212e-03
   7721.58    4.026364e-03
   7721.87    4.265515e-03
   7722.16    4.586299e-03
   7722.44    4.977054e-03
   7722.73    5.367809e-03
   7723.02    5.789598e-03
   7723.31    6.583802e-03
   7723.60    7.378005e-03
   7723.89    8.172209e-03
   7724.18    9.901172e-03
   7724.47    1.221436e-02
   7724.76    1.452755e-02
   7725.04    1.704148e-02
   7725.33    2.064547e-02
   7725.62    2.415005e-02
   7725.91    2.765134e-02
   7726.20    3.135910e-02
   7726.49    3.551055e-02
   7726.78    4.009915e-02
   7727.07    4.520953e-02
   7727.36    5.074395e-02
   7727.64    5.663850e-02
   7727.93    6.279842e-02
   7728.22    6.912525e-02
   7728.51    7.556054e-02
   7728.80    8.203801e-02
   7729.09    8.848581e-02
   7729.38    9.478799e-02
   7729.67    1.007044e-01
   7729.96    1.060374e-01
   7730.24    1.105091e-01
   7730.53    1.137327e-01
   7730.82    1.156025e-01
   7731.11    1.161481e-01
   7731.40    1.155525e-01
   7731.69    1.140978e-01
   7731.98    1.120789e-01
   7732.27    1.097476e-01
   7732.56    1.073246e-01
   7732.84    1.049619e-01
   7733.13    1.027545e-01
   7733.42    1.007700e-01
   7733.71    9.905737e-02
   7734.00    9.765102e-02
   7734.29    9.660777e-02
   7734.58    9.588625e-02
   7734.87    9.546596e-02
   7735.16    9.531274e-02
   7735.44    9.538185e-02
   7735.73    9.562115e-02
   7736.02    9.597794e-02
   7736.31    9.638496e-02
   7736.60    9.678388e-02
   7736.89    9.712915e-02
   7737.18    9.738588e-02
   7737.47    9.753214e-02
   7737.76    9.755792e-02
   7738.04    9.746048e-02
   7738.33    9.726973e-02
   7738.62    9.700931e-02
   7738.91    9.670517e-02
   7739.20    9.638244e-02
   7739.49    9.606312e-02
   7739.78    9.576759e-02
   7740.07    9.552216e-02
   7740.36    9.535134e-02
   7740.64    9.518052e-02
   7740.93    9.500969e-02
   7741.22    9.495113e-02
   7741.51    9.492624e-02
   7741.80    9.490135e-02
   7742.09    9.489163e-02
   7742.38    9.491601e-02
   7742.67    9.494040e-02
   7742.96    9.496478e-02
   7743.24    9.492264e-02
   7743.53    9.486840e-02
   7743.82    9.481416e-02
   7744.11    9.470249e-02
   7744.40    9.449893e-02
   7744.69    9.429538e-02
   7744.98    9.409182e-02
   7745.27    9.375350e-02
   7745.56    9.340394e-02
   7745.84    9.305438e-02
   7746.13    9.265652e-02
   7746.42    9.220231e-02
   7746.71    9.174810e-02
   7747.00    9.129389e-02
   7747.29    9.077632e-02
   7747.58    9.025876e-02
   7747.87    8.974120e-02
   7748.16    8.921043e-02
   7748.44    8.866833e-02
   7748.73    8.812623e-02
   7749.02    8.758583e-02
   7749.31    8.706569e-02
   7749.60    8.654555e-02
   7749.89    8.602541e-02
   7750.18    8.554359e-02
   7750.47    8.508573e-02
   7750.76    8.462786e-02
   7751.04    8.418144e-02
   7751.33    8.379806e-02
   7751.62    8.341467e-02
   7751.91    8.303128e-02
   7752.20    8.268637e-02
   7752.49    8.235857e-02
   7752.78    8.203076e-02
   7753.07    8.170738e-02
   7753.36    8.139878e-02
   7753.64    8.109017e-02
   7753.93    8.078156e-02
   7754.22    8.045921e-02
   7754.51    8.013275e-02
   7754.80    7.980628e-02
   7755.09    7.946665e-02
   7755.38    7.909741e-02
   7755.67    7.872818e-02
   7755.96    7.835894e-02
   7756.24    7.794902e-02
   7756.53    7.753171e-02
   7756.82    7.711439e-02
   7757.11    7.668537e-02
   7757.40    7.623762e-02
   7757.69    7.578988e-02
   7757.98    7.534213e-02
   7758.27    7.490487e-02
   7758.56    7.446849e-02
   7758.84    7.403210e-02
   7759.13    7.362847e-02
   7759.42    7.326306e-02
   7759.71    7.289764e-02
   7760.00    7.253223e-02
