 FDMNES
  energy    <xanes>
   7695.00    5.468933e-04
   7695.29    5.522762e-04
   7695.58    5.576591e-04
   7695.87    5.630419e-04
   7696.16    5.686170e-04
   7696.44    5.743567e-04
   7696.73    5.800965e-04
   7697.02    5.858665e-04
   7697.31    5.919997e-04
   7697.60    5.981328e-04
   7697.89    6.042660e-04
   7698.18    6.106668e-04
   7698.47    6.172350e-04
   7698.76    6.238032e-04
   7699.04    6.304457e-04
   7699.33    6.374968e-04
   7699.62    6.445478e-04
   7699.91    6.515988e-04
   7700.20    6.590223e-04
   7700.49    6.666112e-04
   7700.78    6.742001e-04
   7701.07    6.819278e-04
   7701.36    6.901184e-04
   7701.64    6.983090e-04
   7701.93    7.064996e-04
   7702.22    7.152101e-04
   7702.51    7.240766e-04
   7702.80    7.329432e-04
   7703.09    7.420445e-04
   7703.38    7.516741e-04
   7703.67    7.613036e-04
   7703.96    7.709332e-04
   7704.24    7.812954e-04
   7704.53    7.917909e-04
   7704.82    8.022863e-04
   7705.11    8.131618e-04
   7705.40    8.246454e-04
   7705.69    8.361289e-04
   7705.98    8.476125e-04
   7706.27    8.601434e-04
   7706.56    8.727616e-04
   7706.84    8.853798e-04
   7707.13    8.986034e-04
   7707.42    9.125335e-04
   7707.71    9.264636e-04
   7708.00    9.403936e-04
   7708.29    9.558521e-04
   7708.58    9.713105e-04
   7708.87    9.867689e-04
   7709.16    1.003194e-03
   7709.44    1.020448e-03
   7709.73    1.037703e-03
   7710.02    1.055121e-03
   7710.31    1.074505e-03
   7710.60    1.093889e-03
   7710.89    1.113274e-03
   7711.18    1.134230e-03
   7711.47    1.156168e-03
   7711.76    1.178107e-03
   7712.04    1.200522e-03
   7712.33    1.225561e-03
   7712.62    1.250600e-03
   7712.91    1.275639e-03
   7713.20    1.303321e-03
   7713.49    1.332178e-03
   7713.78    1.361035e-03
   7714.07    1.390995e-03
   7714.36    1.424632e-03
   7714.64    1.458269e-03
   7714.93    1.491906e-03
   7715.22    1.530238e-03
   7715.51    1.569979e-03
   7715.80    1.609720e-03
   7716.09    1.651917e-03
   7716.38    1.699642e-03
   7716.67    1.747366e-03
   7716.96    1.795090e-03
   7717.24    1.851915e-03
   7717.53    1.910395e-03
   7717.82    1.968874e-03
   7718.11    2.033141e-03
   7718.40    2.106666e-03
   7718.69    2.180191e-03
   7718.98    2.253716e-03
   7719.27    2.347664e-03
   7719.56    2.443314e-03
   7719.84    2.538964e-03
   7720.13    2.650711e-03
   7720.42    2.781240e-03
   7720.71    2.911768e-03
   7721.00    3.042296e-03
   7721.29    3.233832e-03
   7721.58    3.425367e-03
   7721.87    3.616903e-03
   7722.16    3.876631e-03
   7722.44    4.194810e-03
   7722.73    4.512989e-03
   7723.02    4.858889e-03
   7723.31    5.537435e-03
   7723.60    6.215982e-03
   7723.89    6.894528e-03
   7724.18    8.456722e-03
   7724.47    1.057120e-02
   7724.76    1.268567e-02
   7725.04    1.495976e-02
   7725.33    1.798405e-02
   7725.62    2.054949e-02
   7725.91    2.271557e-02
   7726.20    2.477801e-02
   7726.49    2.693695e-02
   7726.78    2.929602e-02
   7727.07    3.199024e-02
   7727.36    3.506460e-02
   7727.64    3.861647e-02
   7727.93    4.270260e-02
   7728.22    4.731276e-02
   7728.51    5.245510e-02
   7728.80    5.793471e-02
   7729.09    6.357287e-02
   7729.38    6.907097e-02
   7729.67    7.409109e-02
   7729.96    7.844943e-02
   7730.24    8.198310e-02
   7730.53    8.454172e-02
   7730.82    8.618572e-02
   7731.11    8.697667e-02
   7731.40    8.700854e-02
   7731.69    8.642163e-02
   7731.98    8.538995e-02
   7732.27    8.409658e-02
   7732.56    8.273851e-02
   7732.84    8.146701e-02
   7733.13    8.037770e-02
   7733.42    7.952767e-02
   7733.71    7.894250e-02
   7734.00    7.862487e-02
   7734.29    7.859033e-02
   7734.58    7.878501e-02
   7734.87    7.918388e-02
   7735.16    7.976127e-02
   7735.44    8.049179e-02
   7735.73    8.135026e-02
   7736.02    8.231634e-02
   7736.31    8.335690e-02
   7736.60    8.443599e-02
   7736.89    8.551970e-02
   7737.18    8.657423e-02
   7737.47    8.757011e-02
   7737.76    8.848444e-02
   7738.04    8.929873e-02
   7738.33    9.002475e-02
   7738.62    9.067506e-02
   7738.91    9.126874e-02
   7739.20    9.182819e-02
   7739.49    9.237598e-02
   7739.78    9.293435e-02
   7740.07    9.353101e-02
   7740.36    9.418846e-02
   7740.64    9.484592e-02
   7740.93    9.550338e-02
   7741.22    9.623486e-02
   7741.51    9.698854e-02
   7741.80    9.774222e-02
   7742.09    9.848235e-02
   7742.38    9.919198e-02
   7742.67    9.990160e-02
   7742.96    1.006112e-01
   7743.24    1.011255e-01
   7743.53    1.016043e-01
   7743.82    1.020831e-01
   7744.11    1.024146e-01
   7744.40    1.025103e-01
   7744.69    1.026061e-01
   7744.98    1.027018e-01
   7745.27    1.023970e-01
   7745.56    1.020587e-01
   7745.84    1.017205e-01
   7746.13    1.012163e-01
   7746.42    1.005185e-01
   7746.71    9.982074e-02
   7747.00    9.912297e-02
   7747.29    9.822262e-02
   7747.58    9.732227e-02
   7747.87    9.642192e-02
   7748.16    9.550092e-02
   7748.44    9.456222e-02
   7748.73    9.362352e-02
   7749.02    9.269102e-02
   7749.31    9.183303e-02
   7749.60    9.097504e-02
   7749.89    9.011705e-02
   7750.18    8.934733e-02
   7750.47    8.863278e-02
   7750.76    8.791823e-02
   7751.04    8.722882e-02
   7751.33    8.667764e-02
   7751.62    8.612647e-02
   7751.91    8.557530e-02
   7752.20    8.513399e-02
   7752.49    8.474150e-02
   7752.78    8.434902e-02
   7753.07    8.398947e-02
   7753.36    8.373970e-02
   7753.64    8.348994e-02
   7753.93    8.324018e-02
   7754.22    8.308464e-02
   7754.51    8.295738e-02
   7754.80    8.283012e-02
   7755.09    8.273373e-02
   7755.38    8.270679e-02
   7755.67    8.267986e-02
   7755.96    8.265292e-02
   7756.24    8.269017e-02
   7756.53    8.273909e-02
   7756.82    8.278801e-02
   7757.11    8.285522e-02
   7757.40    8.295170e-02
   7757.69    8.304819e-02
   7757.98    8.314467e-02
   7758.27    8.325453e-02
   7758.56    8.336549e-02
   7758.84    8.347646e-02
   7759.13    8.357952e-02
   7759.42    8.367336e-02
   7759.71    8.376721e-02
   7760.00    8.386105e-02
