  7709.000   27  1  1  1.9222038E-02 -4.9235737E+00 -3.7970833E-01  1  1  7.5662685E+03  8.0000000E+03  0.0000000E+00  1.1792254E+00  1.0000000E+00  0.0000000E+00  = E_edge, Z, n_edge, j_edge, Abs_before_edge, VO_interstitial, E_cut, ninit, ninit1, Epsii, UnitCell_Volume, Surface_ref, f0_forward, natomsym_f, abs_u_iso
    Energy   (100,001)      (010,001)      (001,110)   
  -25.0000  6.3700117E-09  3.2666145E-10  7.4704368E-10
  -24.0000  1.6647485E-08  5.9892212E-10  1.6791988E-09
  -23.0000  5.0926585E-08  1.1442372E-09  4.1734407E-09
  -22.0000  2.0488535E-07  2.3102855E-09  1.2066015E-08
  -21.0000  1.5769260E-06  5.1333741E-09  4.5853002E-08
  -20.0000  9.2515962E-04  1.5837739E-08  4.0230954E-07
  -19.0000  5.1425268E-06  4.3856077E-06  3.8584790E-04
  -18.0000  2.8820339E-06  6.6747725E-08  1.1714922E-06
  -17.0000  3.3971364E-06  1.9532421E-07  5.6848517E-07
  -16.0000  7.4644402E-06  9.5721273E-07  5.6405074E-07
  -15.0000  3.0428057E-04  3.5254704E-05  1.1225891E-06
  -14.0000  2.1692641E-06  1.8115816E-05  1.4684259E-06
  -13.0000  4.1477789E-07  4.1887288E-06  5.0441766E-06
  -12.0000  4.0113156E-06  2.7284300E-06  3.4578129E-04
  -11.0000  2.0503511E-05  3.0211260E-06  1.5255603E-05
  -10.0000  2.2898624E-04  5.7502381E-06  1.1718457E-05
  -9.00000  2.3288064E-03  2.3853596E-05  9.0181697E-06
  -8.00000  1.6955839E-04  5.8174570E-05  2.2708468E-05
  -7.00000  2.9079405E-03  7.4174328E-05  2.5933842E-04
  -6.00000  7.0759360E-04  3.8365256E-05  9.7409960E-05
  -5.00000  6.7566117E-04  1.6954398E-04  2.0286509E-04
  -4.00000  1.7387111E-01  9.8344144E-04  5.6917831E-04
  -3.00000  9.7175967E-04  6.6661422E-02  2.0683625E-03
  -2.00000  4.7331824E-04  2.8752611E-03  4.0496630E-04
  -1.00000  2.7680114E-04  1.4226147E-03  1.7350992E-04
   0.00000  3.9141333E-04  1.3489442E-03  2.6564343E-04
   1.00000  3.3002881E-04  8.7922910E-04  2.0921976E-04
   2.00000  2.9055136E-04  9.5753916E-04  2.2319954E-04
   3.00000  3.9389849E-04  1.2543769E-03  3.4465605E-04
   4.00000  5.9391054E-04  1.9733310E-03  6.0979458E-04
   5.00000  8.7891548E-04  3.2614825E-03  1.2844441E-03
   5.20000  9.3367571E-04  3.5846331E-03  1.5437108E-03
   5.40000  9.8188180E-04  3.9318026E-03  1.8836328E-03
   5.60000  1.0215396E-03  4.3071991E-03  2.3352149E-03
   5.80000  1.0549555E-03  4.7188860E-03  2.9401352E-03
   6.00000  1.0981737E-03  5.1792890E-03  3.7494641E-03
   6.20000  1.2011575E-03  5.7095192E-03  4.8165160E-03
   6.40000  1.4605177E-03  6.3481071E-03  6.1746742E-03
   6.60000  1.9360806E-03  7.1269924E-03  7.8090414E-03
   6.80000  2.5024987E-03  8.0946022E-03  9.6016572E-03
   7.00000  2.9836173E-03  9.2827970E-03  1.1324586E-02
   7.20000  3.3560547E-03  1.0709023E-02  1.2715238E-02
   7.40000  3.6726319E-03  1.2377343E-02  1.3615954E-02
   7.60000  3.9795410E-03  1.4234624E-02  1.3997802E-02
   7.80000  4.3112836E-03  1.6277671E-02  1.3936883E-02
   8.00000  4.6890548E-03  1.8499954E-02  1.3553904E-02
   8.20000  5.1275176E-03  2.0907625E-02  1.2978757E-02
   8.40000  5.6394538E-03  2.3531297E-02  1.2347347E-02
   8.60000  6.2362925E-03  2.6443419E-02  1.1806805E-02
   8.80000  6.9266281E-03  2.9773060E-02  1.1507446E-02
   9.00000  7.7137483E-03  3.3683829E-02  1.1595971E-02
   9.20000  8.6033459E-03  3.8327143E-02  1.2188943E-02
   9.40000  9.6078947E-03  4.3764171E-02  1.3364570E-02
   9.60000  1.0754551E-02  5.0332270E-02  1.5150526E-02
   9.80000  1.2065580E-02  5.8706194E-02  1.7519216E-02
   10.0000  1.3569886E-02  6.9407077E-02  2.0381146E-02
   10.2500  1.5774304E-02  8.6242026E-02  2.4449198E-02
   10.5000  1.8411752E-02  1.0532712E-01  2.8839387E-02
   10.7500  2.1559955E-02  1.2085757E-01  3.3403274E-02
   11.0000  2.5270239E-02  1.2382568E-01  3.8084601E-02
   11.2500  2.9520557E-02  1.1117631E-01  4.2901953E-02
   11.5000  3.4154153E-02  9.0408127E-02  4.7865927E-02
   11.7500  3.8557918E-02  7.0065995E-02  5.2696680E-02
   12.0000  4.2641130E-02  5.4522694E-02  5.7475655E-02
   12.2500  4.5747227E-02  4.3182835E-02  6.1168190E-02
   12.5000  4.7590228E-02  3.5138462E-02  6.3195606E-02
   12.7500  4.8207608E-02  2.9441664E-02  6.3231148E-02
   13.0000  4.7899261E-02  2.5362625E-02  6.1371618E-02
   13.2500  4.7057846E-02  2.2386391E-02  5.8097161E-02
   13.5000  4.6031479E-02  2.0165311E-02  5.4050200E-02
   13.7500  4.4559744E-02  1.8435728E-02  4.8807642E-02
   14.0000  4.3866347E-02  1.7108257E-02  4.4919054E-02
   14.2500  4.3404993E-02  1.6053765E-02  4.1488130E-02
   14.5000  4.3208779E-02  1.5204929E-02  3.8611737E-02
   14.7500  4.3285508E-02  1.4516589E-02  3.6310071E-02
   15.0000  4.3626370E-02  1.3958434E-02  3.4563843E-02
   15.2500  4.4220934E-02  1.3509627E-02  3.3339698E-02
   15.5000  4.5035460E-02  1.3155633E-02  3.2598769E-02
   15.7500  4.6044988E-02  1.2887232E-02  3.2308629E-02
   16.0000  4.7209473E-02  1.2698117E-02  3.2436803E-02
   16.2500  4.8475472E-02  1.2584046E-02  3.2951029E-02
   16.5000  4.9772925E-02  1.2542000E-02  3.3810034E-02
   16.7500  5.1012316E-02  1.2570351E-02  3.4955344E-02
   17.0000  5.2087739E-02  1.2668080E-02  3.6304163E-02
   17.2500  5.2883931E-02  1.2834688E-02  3.7745008E-02
   17.5000  5.3288974E-02  1.3069334E-02  3.9144489E-02
   17.7500  5.3218581E-02  1.3371231E-02  4.0365112E-02
   18.0000  5.2638024E-02  1.3738690E-02  4.1288027E-02
   18.2500  5.1575093E-02  1.4170577E-02  4.1841873E-02
   18.5000  5.0119121E-02  1.4664468E-02  4.2012469E-02
   18.7500  4.8404422E-02  1.5219353E-02  4.1838920E-02
   19.0000  4.6583258E-02  1.5834786E-02  4.1393589E-02
   19.2500  4.4797785E-02  1.6509208E-02  4.0763843E-02
   19.5000  4.3160861E-02  1.7241599E-02  4.0032172E-02
   19.7500  4.1747690E-02  1.8031142E-02  3.9268450E-02
   20.0000  4.0599930E-02  1.8876239E-02  3.8523609E-02
   21.0000  3.8651967E-02  2.2781873E-02  3.6224960E-02
   22.0000  3.9679330E-02  2.7378840E-02  3.5124187E-02
   23.0000  4.1408333E-02  3.2286266E-02  3.4655403E-02
   24.0000  4.1677964E-02  3.7427235E-02  3.4071573E-02
   25.0000  3.9739648E-02  4.0607593E-02  3.3209804E-02
   26.0000  3.5893390E-02  4.2036786E-02  3.2009563E-02
   27.0000  3.1638269E-02  4.1777699E-02  3.0553524E-02
   28.0000  2.8424494E-02  4.0290059E-02  2.9041370E-02
   29.0000  2.6561996E-02  3.8153208E-02  2.7827544E-02
   30.0000  2.5635653E-02  3.5868297E-02  2.7177850E-02
   31.0000  2.5201802E-02  3.3758917E-02  2.7028499E-02
   32.0000  2.4992689E-02  3.1974040E-02  2.7101410E-02
   33.0000  2.4865080E-02  3.0537906E-02  2.7147788E-02
   34.0000  2.4706579E-02  2.9349660E-02  2.7022367E-02
   35.0000  2.4421041E-02  2.8284622E-02  2.6665851E-02
   36.0000  2.3900073E-02  2.7226201E-02  2.6035852E-02
   37.0000  2.3058245E-02  2.6098240E-02  2.5077660E-02
   38.0000  2.1912348E-02  2.4864757E-02  2.3751030E-02
   39.0000  2.0610826E-02  2.3522586E-02  2.2069215E-02
   40.0000  1.9354137E-02  2.2103467E-02  2.0159723E-02
