  7709.000   27  1  1  1.9222038E-02 -4.8232007E+00 -4.1682413E-01  1  1  7.5664707E+03  8.0000000E+03  0.0000000E+00  1.1792254E+00  1.0000000E+00  0.0000000E+00  = E_edge, Z, n_edge, j_edge, Abs_before_edge, VO_interstitial, E_cut, ninit, ninit1, Epsii, UnitCell_Volume, Surface_ref, f0_forward, natomsym_f, abs_u_iso
    Energy   (100,001)      (010,001)      (001,110)   
  -25.0000  6.6184956E-09  3.5201317E-10  7.1863864E-10
  -24.0000  1.7368416E-08  6.4321304E-10  1.6105796E-09
  -23.0000  5.3418998E-08  1.2250239E-09  3.9845017E-09
  -22.0000  2.1676882E-07  2.4644637E-09  1.1419012E-08
  -21.0000  1.7037126E-06  5.4103165E-09  4.2063598E-08
  -20.0000  5.8334317E-04  1.5107174E-08  2.7790072E-07
  -19.0000  5.1124415E-06  1.7778363E-06  1.2784810E-04
  -18.0000  2.9833042E-06  7.2060189E-08  1.1979824E-06
  -17.0000  3.5518602E-06  2.0627407E-07  5.6270290E-07
  -16.0000  7.8325412E-06  1.0012900E-06  5.5022199E-07
  -15.0000  2.9368385E-04  2.0066807E-05  1.0485756E-06
  -14.0000  2.3411400E-06  1.7932854E-05  1.3641794E-06
  -13.0000  4.5724838E-07  4.4475536E-06  4.5003594E-06
  -12.0000  4.4608661E-06  3.2258017E-06  1.9039223E-04
  -11.0000  2.4659243E-05  3.1208186E-06  1.5890833E-05
  -10.0000  3.2257076E-04  5.1044648E-06  1.2461880E-05
  -9.00000  1.1935723E-03  3.0131952E-05  1.9818251E-05
  -8.00000  1.9944743E-04  4.5037489E-05  1.1383379E-05
  -7.00000  4.7208764E-02  8.4083640E-05  5.3237707E-05
  -6.00000  7.7952585E-04  3.8994131E-05  1.1089426E-04
  -5.00000  1.5004743E-03  1.6317820E-04  3.0238973E-04
  -4.00000  8.4930150E-03  1.1755291E-03  1.4637881E-04
  -3.00000  7.1674620E-04  5.4720258E-02  2.3701268E-03
  -2.00000  4.2956108E-04  2.8939440E-03  3.3968183E-04
  -1.00000  2.6867001E-04  1.4032472E-03  1.5127835E-04
   0.00000  4.9787439E-04  1.1148078E-03  2.7500744E-04
   1.00000  3.2159031E-04  8.8899129E-04  1.9559643E-04
   2.00000  3.0497112E-04  9.8501614E-04  2.2514321E-04
   3.00000  4.1788284E-04  1.2881433E-03  3.6201199E-04
   4.00000  6.3524424E-04  2.0422158E-03  6.7220964E-04
   5.00000  9.5793990E-04  3.3968659E-03  1.5285131E-03
   5.20000  1.0260946E-03  3.7330272E-03  1.8777495E-03
   5.40000  1.0901884E-03  4.0918235E-03  2.3486764E-03
   5.60000  1.1468765E-03  4.4772834E-03  2.9929951E-03
   5.80000  1.1938319E-03  4.8979294E-03  3.8799665E-03
   6.00000  1.2339520E-03  5.3708460E-03  5.0908042E-03
   6.20000  1.2879359E-03  5.9240529E-03  6.6907388E-03
   6.40000  1.4222613E-03  6.5986203E-03  8.6648326E-03
   6.60000  1.7612184E-03  7.4355501E-03  1.0826550E-02
   6.80000  2.3443135E-03  8.4491386E-03  1.2788968E-02
   7.00000  2.9552637E-03  9.6068065E-03  1.4116222E-02
   7.20000  3.4141156E-03  1.0864101E-02  1.4589300E-02
   7.40000  3.7472616E-03  1.2213756E-02  1.4314571E-02
   7.60000  4.0328092E-03  1.3568917E-02  1.3569023E-02
   7.80000  4.3235347E-03  1.4964145E-02  1.2595886E-02
   8.00000  4.6474057E-03  1.6421992E-02  1.1582838E-02
   8.20000  5.0210204E-03  1.7980001E-02  1.0665994E-02
   8.40000  5.4581809E-03  1.9693709E-02  9.9520601E-03
   8.60000  5.9686966E-03  2.1639348E-02  9.5302739E-03
   8.80000  6.5600357E-03  2.3915146E-02  9.4777944E-03
   9.00000  7.2398939E-03  2.6649882E-02  9.8650575E-03
   9.20000  8.0178543E-03  2.9987741E-02  1.0762091E-02
   9.40000  8.9084842E-03  3.4114863E-02  1.2239205E-02
   9.60000  9.9275362E-03  3.9254149E-02  1.4349192E-02
   9.80000  1.1100685E-02  4.5684597E-02  1.7102081E-02
   10.0000  1.2452609E-02  5.3710656E-02  2.0406115E-02
   10.2500  1.4443474E-02  6.6396478E-02  2.4991093E-02
   10.5000  1.6837922E-02  8.2016120E-02  2.9584723E-02
   10.7500  1.9710012E-02  9.8884200E-02  3.3790823E-02
   11.0000  2.3112345E-02  1.1215386E-01  3.7536762E-02
   11.2500  2.7038427E-02  1.1512649E-01  4.1019930E-02
   11.5000  3.1362160E-02  1.0550296E-01  4.4496972E-02
   11.7500  3.5791232E-02  8.8492197E-02  4.8028737E-02
   12.0000  3.9709287E-02  7.0770900E-02  5.0976563E-02
   12.2500  4.2897175E-02  5.6400777E-02  5.4057574E-02
   12.5000  4.4946540E-02  4.5543896E-02  5.6063172E-02
   12.7500  4.5856331E-02  3.7643422E-02  5.6695463E-02
   13.0000  4.5882592E-02  3.1927497E-02  5.5909179E-02
   13.2500  4.5385332E-02  2.7746080E-02  5.3928395E-02
   13.5000  4.4690413E-02  2.4626208E-02  5.1147839E-02
   13.7500  4.3528724E-02  2.2172884E-02  4.7385958E-02
   14.0000  4.3130247E-02  2.0308991E-02  4.4276477E-02
   14.2500  4.2942531E-02  1.8830231E-02  4.1414450E-02
   14.5000  4.2993228E-02  1.7641419E-02  3.8935051E-02
   14.7500  4.3284441E-02  1.6674809E-02  3.6898434E-02
   15.0000  4.3807312E-02  1.5884769E-02  3.5319097E-02
   15.2500  4.4550518E-02  1.5238560E-02  3.4187467E-02
   15.5000  4.5475926E-02  1.4712642E-02  3.3484418E-02
   15.7500  4.6561813E-02  1.4292049E-02  3.3191303E-02
   16.0000  4.7768234E-02  1.3965950E-02  3.3286776E-02
   16.2500  4.9044058E-02  1.3726276E-02  3.3749166E-02
   16.5000  5.0320085E-02  1.3567401E-02  3.4550898E-02
   16.7500  5.1511096E-02  1.3484650E-02  3.5655005E-02
   17.0000  5.2516559E-02  1.3474404E-02  3.7002022E-02
   17.2500  5.3234155E-02  1.3532679E-02  3.8510443E-02
   17.5000  5.3570012E-02  1.3656179E-02  4.0068619E-02
   17.7500  5.3453516E-02  1.3841459E-02  4.1545813E-02
   18.0000  5.2863703E-02  1.4085116E-02  4.2808527E-02
   18.2500  5.1834343E-02  1.4384628E-02  4.3744176E-02
   18.5000  5.0452048E-02  1.4737474E-02  4.4285407E-02
   18.7500  4.8837917E-02  1.5141268E-02  4.4421664E-02
   19.0000  4.7129686E-02  1.5594798E-02  4.4192449E-02
   19.2500  4.5455549E-02  1.6097096E-02  4.3670022E-02
   19.5000  4.3917803E-02  1.6646485E-02  4.2942629E-02
   19.7500  4.2587005E-02  1.7243267E-02  4.2095793E-02
   20.0000  4.1501954E-02  1.7887445E-02  4.1200391E-02
   21.0000  3.9719615E-02  2.0937639E-02  3.8005328E-02
   22.0000  4.1111979E-02  2.4753144E-02  3.6045182E-02
   23.0000  4.3533875E-02  2.9277831E-02  3.5016400E-02
   24.0000  4.4345228E-02  3.4887743E-02  3.4218717E-02
   25.0000  4.2293981E-02  3.9130091E-02  3.3412639E-02
   26.0000  3.7910955E-02  4.1805034E-02  3.2382679E-02
   27.0000  3.2872526E-02  4.2535208E-02  3.1077942E-02
   28.0000  2.8816192E-02  4.1641163E-02  2.9560370E-02
   29.0000  2.6216697E-02  3.9784146E-02  2.8086425E-02
   30.0000  2.4750942E-02  3.7595344E-02  2.6970986E-02
   31.0000  2.3983877E-02  3.5492700E-02  2.6335059E-02
   32.0000  2.3624417E-02  3.3696441E-02  2.6071065E-02
   33.0000  2.3474932E-02  3.2251664E-02  2.5974508E-02
   34.0000  2.3397983E-02  3.1090640E-02  2.5885043E-02
   35.0000  2.3289322E-02  3.0099139E-02  2.5695723E-02
   36.0000  2.3045514E-02  2.9145667E-02  2.5326476E-02
   37.0000  2.2565182E-02  2.8120762E-02  2.4697880E-02
   38.0000  2.1801437E-02  2.6954590E-02  2.3751781E-02
   39.0000  2.0811617E-02  2.5621012E-02  2.2472826E-02
   40.0000  1.9741918E-02  2.4139238E-02  2.0916264E-02
