  7709.000   27  1  1  1.9222038E-02 -4.8697523E+00 -3.3933407E-01  1  1  7.5663990E+03  8.0000000E+03  0.0000000E+00  1.1792254E+00  1.0000000E+00  0.0000000E+00  = E_edge, Z, n_edge, j_edge, Abs_before_edge, VO_interstitial, E_cut, ninit, ninit1, Epsii, UnitCell_Volume, Surface_ref, f0_forward, natomsym_f, abs_u_iso
    Energy   (100,001)      (010,001)      (001,110)   
  -25.0000  5.9801612E-09  3.4594272E-10  9.2020242E-10
  -24.0000  1.5388454E-08  6.3462871E-10  2.0873855E-09
  -23.0000  4.5861652E-08  1.2158452E-09  5.2490676E-09
  -22.0000  1.7517642E-07  2.4729178E-09  1.5422694E-08
  -21.0000  1.1584450E-06  5.5849897E-09  5.9722485E-08
  -20.0000  2.7092350E-04  3.1181190E-08  8.9038774E-07
  -19.0000  1.6145266E-05  3.0662736E-06  2.3361652E-04
  -18.0000  3.3040586E-06  7.0460590E-08  1.3065591E-06
  -17.0000  3.4936405E-06  1.9778021E-07  6.8601821E-07
  -16.0000  6.4485559E-06  9.4294556E-07  7.3265763E-07
  -15.0000  5.5826756E-05  1.7775286E-05  7.6777601E-06
  -14.0000  8.4769574E-06  1.9038278E-05  2.3948711E-06
  -13.0000  2.9297399E-07  4.4732308E-06  6.4493625E-06
  -12.0000  3.7834197E-06  3.2232025E-06  2.1090572E-04
  -11.0000  2.1828068E-05  3.1168465E-06  2.6318013E-05
  -10.0000  2.4085847E-04  5.0911223E-06  1.1330984E-05
  -9.00000  6.8300023E-03  6.6610323E-05  4.4285673E-05
  -8.00000  3.4441038E-04  3.0731315E-05  2.1146903E-05
  -7.00000  1.6747707E-04  1.8185856E-04  2.7634835E-04
  -6.00000  1.0998343E-03  3.3348395E-05  1.8339965E-04
  -5.00000  2.0931062E-03  2.0855086E-04  1.3183724E-03
  -4.00000  5.8420551E-03  8.8800721E-04  1.9082589E-04
  -3.00000  1.1612762E-03  6.6296188E-02  1.8823531E-03
  -2.00000  4.8032246E-04  3.4014317E-03  6.2549369E-04
  -1.00000  2.9008971E-04  1.3853720E-03  1.8255036E-04
   0.00000  6.8762227E-04  1.1940507E-03  6.5620580E-04
   1.00000  9.5018792E-04  8.8249577E-04  5.9454383E-04
   2.00000  3.9926201E-04  9.9276720E-04  3.1917181E-04
   3.00000  5.3005731E-04  1.3583267E-03  4.7875376E-04
   4.00000  8.1970665E-04  2.2804939E-03  8.5173735E-04
   5.00000  1.2555840E-03  3.9475038E-03  2.0155880E-03
   5.20000  1.3464365E-03  4.3678363E-03  2.5675596E-03
   5.40000  1.4306535E-03  4.8287428E-03  3.3805417E-03
   5.60000  1.5009550E-03  5.3493317E-03  4.6088877E-03
   5.80000  1.5487897E-03  5.9662925E-03  6.4804315E-03
   6.00000  1.5788895E-03  6.7392111E-03  9.2127419E-03
   6.20000  1.6436463E-03  7.7221601E-03  1.2600955E-02
   6.40000  1.8631323E-03  8.8550730E-03  1.5346307E-02
   6.60000  2.2553463E-03  9.9275099E-03  1.5795551E-02
   6.80000  2.6322375E-03  1.0824881E-02  1.4174247E-02
   7.00000  2.9151371E-03  1.1630278E-02  1.1963839E-02
   7.20000  3.1470790E-03  1.2483282E-02  1.0032599E-02
   7.40000  3.3660512E-03  1.3428110E-02  8.5334300E-03
   7.60000  3.5894860E-03  1.4493711E-02  7.3934916E-03
   7.80000  3.8257852E-03  1.5700835E-02  6.5429848E-03
   8.00000  4.0931451E-03  1.7073760E-02  5.9228115E-03
   8.20000  4.4047433E-03  1.8672242E-02  5.4863634E-03
   8.40000  4.7673056E-03  2.0590491E-02  5.2244130E-03
   8.60000  5.1896759E-03  2.2939958E-02  5.1548234E-03
   8.80000  5.6841018E-03  2.5848145E-02  5.2989979E-03
   9.00000  6.2639654E-03  2.9477129E-02  5.6726142E-03
   9.20000  6.9409902E-03  3.4021821E-02  6.2886704E-03
   9.40000  7.7238409E-03  3.9750862E-02  7.1564401E-03
   9.60000  8.6102965E-03  4.6990454E-02  8.2667634E-03
   9.80000  9.5713782E-03  5.6106256E-02  9.5756198E-03
   10.0000  1.0540547E-02  6.7406668E-02  1.0990785E-02
   10.2500  1.1642058E-02  8.4529721E-02  1.2743232E-02
   10.5000  1.2600656E-02  1.0295481E-01  1.4418589E-02
   10.7500  1.3581453E-02  1.1685763E-01  1.6152617E-02
   11.0000  1.4774580E-02  1.1881532E-01  1.8066448E-02
   11.2500  1.6277264E-02  1.0747628E-01  2.0154168E-02
   11.5000  1.8114267E-02  8.9515290E-02  2.2240439E-02
   11.7500  2.0169102E-02  7.1780792E-02  2.4359689E-02
   12.0000  2.2502205E-02  5.7275746E-02  2.7115407E-02
   12.2500  2.4941419E-02  4.6359647E-02  3.0122109E-02
   12.5000  2.7188080E-02  3.8369762E-02  3.3194308E-02
   12.7500  2.9467695E-02  3.2545041E-02  3.6533580E-02
   13.0000  3.1504688E-02  2.8267729E-02  3.9791900E-02
   13.2500  3.3263783E-02  2.5087432E-02  4.2718556E-02
   13.5000  3.4759593E-02  2.2686504E-02  4.5041397E-02
   13.7500  3.5132207E-02  2.0945710E-02  4.6886692E-02
   14.0000  3.6245299E-02  1.9465073E-02  4.7409791E-02
   14.2500  3.7265333E-02  1.8270282E-02  4.7025269E-02
   14.5000  3.8235391E-02  1.7287868E-02  4.5974466E-02
   14.7500  3.9192444E-02  1.6469982E-02  4.4556428E-02
   15.0000  4.0169990E-02  1.5784090E-02  4.3049917E-02
   15.2500  4.1203724E-02  1.5210962E-02  4.1673163E-02
   15.5000  4.2302479E-02  1.4737315E-02  4.0572904E-02
   15.7500  4.3488322E-02  1.4356900E-02  3.9838601E-02
   16.0000  4.4765108E-02  1.4065200E-02  3.9517703E-02
   16.2500  4.6122293E-02  1.3858634E-02  3.9629022E-02
   16.5000  4.7531228E-02  1.3734188E-02  4.0167533E-02
   16.7500  4.8943940E-02  1.3689706E-02  4.1109816E-02
   17.0000  5.0291421E-02  1.3722637E-02  4.2407923E-02
   17.2500  5.1485829E-02  1.3830584E-02  4.3980345E-02
   17.5000  5.2428811E-02  1.4011397E-02  4.5709327E-02
   17.7500  5.3025248E-02  1.4263339E-02  4.7442694E-02
   18.0000  5.3198967E-02  1.4583720E-02  4.9006125E-02
   18.2500  5.2911892E-02  1.4971029E-02  5.0229626E-02
   18.5000  5.2174797E-02  1.5422677E-02  5.0984663E-02
   18.7500  5.1050563E-02  1.5935534E-02  5.1209408E-02
   19.0000  4.9640653E-02  1.6507018E-02  5.0918056E-02
   19.2500  4.8068230E-02  1.7134433E-02  5.0190920E-02
   19.5000  4.6456327E-02  1.7816055E-02  4.9147450E-02
   19.7500  4.4911784E-02  1.8550681E-02  4.7913109E-02
   20.0000  4.3516060E-02  1.9337625E-02  4.6599262E-02
   21.0000  4.0188319E-02  2.2987238E-02  4.1900779E-02
   22.0000  4.0478871E-02  2.7359323E-02  3.9057556E-02
   23.0000  4.2816506E-02  3.2197943E-02  3.7599856E-02
   24.0000  4.5033550E-02  3.6861933E-02  3.6670349E-02
   25.0000  4.5869863E-02  4.0360280E-02  3.5752409E-02
   26.0000  4.4576132E-02  4.1937637E-02  3.4667763E-02
   27.0000  4.0939752E-02  4.1641604E-02  3.3329018E-02
   28.0000  3.6111567E-02  4.0071245E-02  3.1738663E-02
   29.0000  3.1818931E-02  3.7905163E-02  3.0171128E-02
   30.0000  2.8707983E-02  3.5449751E-02  2.8957447E-02
   31.0000  2.7131717E-02  3.3441976E-02  2.8403544E-02
   32.0000  2.6301408E-02  3.1776179E-02  2.8216884E-02
   33.0000  2.5910105E-02  3.0442422E-02  2.8180327E-02
   34.0000  2.5762230E-02  2.9364289E-02  2.8157152E-02
   35.0000  2.5724934E-02  2.8428151E-02  2.8072638E-02
   36.0000  2.5686788E-02  2.7514638E-02  2.7875562E-02
   37.0000  2.5534698E-02  2.6523413E-02  2.7522222E-02
   38.0000  2.5149568E-02  2.5391677E-02  2.6965565E-02
   39.0000  2.4443638E-02  2.4103830E-02  2.6176870E-02
   40.0000  2.3420014E-02  2.2691424E-02  2.5144500E-02
