  7709.000   27  1  1  1.9222038E-02 -4.5500025E+00 -3.3343164E-01  1  1  7.5663558E+03  8.0000000E+03  0.0000000E+00  1.1792254E+00  1.0000000E+00  0.0000000E+00  = E_edge, Z, n_edge, j_edge, Abs_before_edge, VO_interstitial, E_cut, ninit, ninit1, Epsii, UnitCell_Volume, Surface_ref, f0_forward, natomsym_f, abs_u_iso
    Energy   (100,001)      (010,001)      (001,110)   
  -25.0000  6.1286274E-09  3.3419887E-10  7.7930618E-10
  -24.0000  1.6150452E-08  6.0853129E-10  1.7694585E-09
  -23.0000  5.0234206E-08  1.1545914E-09  4.4698445E-09
  -22.0000  2.1025497E-07  2.3142717E-09  1.3296408E-08
  -21.0000  1.8781022E-06  5.0830508E-09  5.3319661E-08
  -20.0000  8.2007464E-05  1.4948232E-08  4.5334864E-07
  -19.0000  9.0360666E-06  3.7021996E-07  3.4283452E-05
  -18.0000  2.3319186E-06  6.2249138E-08  7.6806753E-07
  -17.0000  2.7910221E-06  1.9074604E-07  4.5112936E-07
  -16.0000  6.4448243E-06  9.1148760E-07  5.3424364E-07
  -15.0000  2.6374239E-03  1.6437472E-05  2.0539431E-05
  -14.0000  6.1223020E-07  1.9266509E-05  1.2709135E-06
  -13.0000  8.0411232E-07  4.3760197E-06  3.7855307E-06
  -12.0000  5.0859354E-06  3.0194240E-06  2.1060759E-04
  -11.0000  2.3143570E-05  3.0295018E-06  1.1384155E-05
  -10.0000  2.7685711E-04  4.2442161E-06  8.5118553E-06
  -9.00000  2.5494163E-02  1.4644419E-03  3.6372592E-04
  -8.00000  1.7065168E-04  3.4785948E-05  6.5841130E-06
  -7.00000  1.5107549E-02  8.2737581E-05  3.9670397E-04
  -6.00000  6.9430145E-04  3.7458949E-05  1.7749158E-04
  -5.00000  7.2460166E-04  1.6367655E-04  1.1109655E-03
  -4.00000  1.8245558E-01  1.0290054E-03  1.6636343E-03
  -3.00000  7.2188359E-04  3.4667154E-02  1.1808816E-03
  -2.00000  3.9069967E-04  2.8180215E-03  2.7458268E-04
  -1.00000  2.6095822E-04  1.4404896E-03  1.6517574E-04
   0.00000  2.4872830E-03  1.1434761E-03  1.4238406E-03
   1.00000  3.4752146E-04  8.8438951E-04  2.2256455E-04
   2.00000  3.4605761E-04  9.7220785E-04  2.4351644E-04
   3.00000  4.9292182E-04  1.2413039E-03  3.8655410E-04
   4.00000  7.8483220E-04  1.8891255E-03  7.0978121E-04
   5.00000  1.2792848E-03  3.1149352E-03  1.5685881E-03
   5.20000  1.4017336E-03  3.4319576E-03  1.9100784E-03
   5.40000  1.5294093E-03  3.7749198E-03  2.3653627E-03
   5.60000  1.6599397E-03  4.1481596E-03  2.9797426E-03
   5.80000  1.7894576E-03  4.5602376E-03  3.8115626E-03
   6.00000  1.9125784E-03  5.0256283E-03  4.9240236E-03
   6.20000  2.0244814E-03  5.5669445E-03  6.3584708E-03
   6.40000  2.1317611E-03  6.2154494E-03  8.0844396E-03
   6.60000  2.2861291E-03  7.0022403E-03  9.9438192E-03
   6.80000  2.6213193E-03  7.9422543E-03  1.1654769E-02
   7.00000  3.2552679E-03  9.0248501E-03  1.2920534E-02
   7.20000  4.0612164E-03  1.0245304E-02  1.3595454E-02
   7.40000  4.8214856E-03  1.1568762E-02  1.3761317E-02
   7.60000  5.5103178E-03  1.2973360E-02  1.3576145E-02
   7.80000  6.2166389E-03  1.4511541E-02  1.3163772E-02
   8.00000  7.0048922E-03  1.6045499E-02  1.2575193E-02
   8.20000  7.9550593E-03  1.7634537E-02  1.1966116E-02
   8.40000  9.1366879E-03  1.9322557E-02  1.1543149E-02
   8.60000  1.0604689E-02  2.1197439E-02  1.1481412E-02
   8.80000  1.2336821E-02  2.3364752E-02  1.1906106E-02
   9.00000  1.4097783E-02  2.5935209E-02  1.2836998E-02
   9.20000  1.5435203E-02  2.9058565E-02  1.4157343E-02
   9.40000  1.6187677E-02  3.2943732E-02  1.5812347E-02
   9.60000  1.6773422E-02  3.7878042E-02  1.7969975E-02
   9.80000  1.7642226E-02  4.4197474E-02  2.0783037E-02
   10.0000  1.8504290E-02  5.2268576E-02  2.3890135E-02
   10.2500  2.0858355E-02  6.5422379E-02  2.8566577E-02
   10.5000  2.3873498E-02  8.2080527E-02  3.3141493E-02
   10.7500  2.7482154E-02  1.0031270E-01  3.7319472E-02
   11.0000  3.1576670E-02  1.1419238E-01  4.1181491E-02
   11.2500  3.5939134E-02  1.1595010E-01  4.4939092E-02
   11.5000  4.0204058E-02  1.0420947E-01  4.8608971E-02
   11.7500  4.3903857E-02  8.5965177E-02  5.1956646E-02
   12.0000  4.6196518E-02  6.8344742E-02  5.4890330E-02
   12.2500  4.7461317E-02  5.4460734E-02  5.6883063E-02
   12.5000  4.7733882E-02  4.4177052E-02  5.7550065E-02
   12.7500  4.7202445E-02  3.6738307E-02  5.6918852E-02
   13.0000  4.6231294E-02  3.1335347E-02  5.5142015E-02
   13.2500  4.5130806E-02  2.7346675E-02  5.2536308E-02
   13.5000  4.4113109E-02  2.4339969E-02  4.9484265E-02
   13.7500  4.3300218E-02  2.2026084E-02  4.6335407E-02
   14.0000  4.2399141E-02  2.0283019E-02  4.2413613E-02
   14.2500  4.2113469E-02  1.8826373E-02  3.9842306E-02
   14.5000  4.2062406E-02  1.7655084E-02  3.7689723E-02
   14.7500  4.2230111E-02  1.6706781E-02  3.5982633E-02
   15.0000  4.2595027E-02  1.5937829E-02  3.4717748E-02
   15.2500  4.3134325E-02  1.5316610E-02  3.3880661E-02
   15.5000  4.3828467E-02  1.4821229E-02  3.3453174E-02
   15.7500  4.4633205E-02  1.4434950E-02  3.3412593E-02
   16.0000  4.5523410E-02  1.4146268E-02  3.3740257E-02
   16.2500  4.6456494E-02  1.3946642E-02  3.4411752E-02
   16.5000  4.7379153E-02  1.3829608E-02  3.5394660E-02
   16.7500  4.8225918E-02  1.3790433E-02  3.6639679E-02
   17.0000  4.8917742E-02  1.3825058E-02  3.8073308E-02
   17.2500  4.9369453E-02  1.3930090E-02  3.9598557E-02
   17.5000  4.9501215E-02  1.4102555E-02  4.1096531E-02
   17.7500  4.9254042E-02  1.4339228E-02  4.2443692E-02
   18.0000  4.8601403E-02  1.4637954E-02  4.3527889E-02
   18.2500  4.7565646E-02  1.4996087E-02  4.4271321E-02
   18.5000  4.6215689E-02  1.5411205E-02  4.4645755E-02
   18.7500  4.4656286E-02  1.5881044E-02  4.4669700E-02
   19.0000  4.3006229E-02  1.6403785E-02  4.4395236E-02
   19.2500  4.1380266E-02  1.6978115E-02  4.3894492E-02
   19.5000  3.9874032E-02  1.7602181E-02  4.3242805E-02
   19.7500  3.8555465E-02  1.8274033E-02  4.2506374E-02
   20.0000  3.7465859E-02  1.8991037E-02  4.1738185E-02
   21.0000  3.5555682E-02  2.2264683E-02  3.8965246E-02
   22.0000  3.6802360E-02  2.6062003E-02  3.7047642E-02
   23.0000  3.9253778E-02  3.0219726E-02  3.5678116E-02
   24.0000  4.0561501E-02  3.5191051E-02  3.4206912E-02
   25.0000  3.9421578E-02  3.8891742E-02  3.2691949E-02
   26.0000  3.6044795E-02  4.1366900E-02  3.1020239E-02
   27.0000  3.1886312E-02  4.2158226E-02  2.9268855E-02
   28.0000  2.8408587E-02  4.1368743E-02  2.7584796E-02
   29.0000  2.6103311E-02  3.9568558E-02  2.6225819E-02
   30.0000  2.4759097E-02  3.7393197E-02  2.5400976E-02
   31.0000  2.4033563E-02  3.5296808E-02  2.5087483E-02
   32.0000  2.3665599E-02  3.3498918E-02  2.5066014E-02
   33.0000  2.3477220E-02  3.2042673E-02  2.5114827E-02
   34.0000  2.3349810E-02  3.0865960E-02  2.5086704E-02
   35.0000  2.3180068E-02  2.9853290E-02  2.4897631E-02
   36.0000  2.2880671E-02  2.8884080E-02  2.4481630E-02
   37.0000  2.2390868E-02  2.7859235E-02  2.3786688E-02
   38.0000  2.1710039E-02  2.6710393E-02  2.2789395E-02
   39.0000  2.0900547E-02  2.5412057E-02  2.1535571E-02
   40.0000  2.0057122E-02  2.3980815E-02  2.0178441E-02
