  7709.000   27  1  1  1.9222038E-02 -4.7710382E+00 -3.5180800E-01  1  1  7.5664262E+03  8.0000000E+03  0.0000000E+00  1.1792254E+00  1.0000000E+00  0.0000000E+00  = E_edge, Z, n_edge, j_edge, Abs_before_edge, VO_interstitial, E_cut, ninit, ninit1, Epsii, UnitCell_Volume, Surface_ref, f0_forward, natomsym_f, abs_u_iso
    Energy   (100,001)      (010,001)      (001,110)   
  -25.0000  5.0122481E-09  3.3652816E-10  9.0084804E-10
  -24.0000  1.2654492E-08  6.1294343E-10  2.0315191E-09
  -23.0000  3.6719790E-08  1.1634706E-09  5.0680050E-09
  -22.0000  1.3427111E-07  2.3324731E-09  1.4718808E-08
  -21.0000  8.0253995E-07  5.1088680E-09  5.5925148E-08
  -20.0000  6.0440579E-05  2.1532642E-07  2.9756407E-06
  -19.0000  1.0991008E-05  4.3932868E-05  4.9765938E-03
  -18.0000  2.7760928E-06  6.3958384E-08  1.3110490E-06
  -17.0000  2.7103958E-06  1.8916238E-07  6.4567509E-07
  -16.0000  4.4765110E-06  9.0200846E-07  6.3567375E-07
  -15.0000  2.3516214E-05  1.5973608E-05  1.2352015E-06
  -14.0000  4.7079958E-06  1.9367495E-05  1.6543880E-06
  -13.0000  5.6097059E-07  4.3676016E-06  4.3338214E-06
  -12.0000  4.4581426E-06  2.8435737E-06  6.9577985E-05
  -11.0000  2.1013801E-05  3.4122889E-06  2.5380283E-05
  -10.0000  1.6658240E-04  4.4862787E-06  6.7497711E-06
  -9.00000  2.7105959E-02  2.9939870E-04  2.1968041E-04
  -8.00000  4.3134789E-04  2.5126969E-05  1.0534530E-05
  -7.00000  5.6990209E-04  2.9624992E-02  5.5148308E-02
  -6.00000  1.1863624E-03  3.9671688E-05  2.3770629E-04
  -5.00000  7.8644519E-01  2.6618548E-04  6.6900851E-03
  -4.00000  1.3378655E-02  7.3810732E-04  2.7680476E-04
  -3.00000  7.6147414E-04  1.8374248E-01  8.2269437E-03
  -2.00000  3.8819004E-04  3.2242110E-03  5.1628752E-04
  -1.00000  2.5174091E-04  1.4138705E-03  1.8444004E-04
   0.00000  4.7081234E-04  1.1590168E-03  4.1330964E-04
   1.00000  5.4513744E-04  8.7564411E-04  3.0677501E-04
   2.00000  4.0843715E-04  9.6872786E-04  2.7678751E-04
   3.00000  6.1866181E-04  1.2753998E-03  4.2369210E-04
   4.00000  1.0433877E-03  2.0494228E-03  7.2604560E-04
   5.00000  1.6755665E-03  3.5144138E-03  1.5173094E-03
   5.20000  1.8001735E-03  3.8883518E-03  1.8557540E-03
   5.40000  1.9105709E-03  4.2925891E-03  2.3315221E-03
   5.60000  1.9986065E-03  4.7356430E-03  3.0118854E-03
   5.80000  2.0595448E-03  5.2356331E-03  3.9777011E-03
   6.00000  2.1147891E-03  5.8252438E-03  5.2680429E-03
   6.20000  2.2676616E-03  6.5478028E-03  6.7487301E-03
   6.40000  2.7110837E-03  7.4242368E-03  8.0136839E-03
   6.60000  3.4026491E-03  8.4199492E-03  8.6393471E-03
   6.80000  4.0118812E-03  9.4798814E-03  8.6425041E-03
   7.00000  4.4467515E-03  1.0595979E-02  8.3641851E-03
   7.20000  4.7937301E-03  1.1837982E-02  8.0870043E-03
   7.40000  5.1090732E-03  1.3158836E-02  7.9031345E-03
   7.60000  5.4306150E-03  1.4583667E-02  7.8076175E-03
   7.80000  5.7790064E-03  1.6097086E-02  7.7540581E-03
   8.00000  6.1684670E-03  1.7673689E-02  7.6884300E-03
   8.20000  6.6102620E-03  1.9298633E-02  7.5745473E-03
   8.40000  7.1133063E-03  2.0994914E-02  7.4113851E-03
   8.60000  7.6834741E-03  2.2841954E-02  7.2367659E-03
   8.80000  8.3236602E-03  2.4976631E-02  7.1140272E-03
   9.00000  9.0356186E-03  2.7577047E-02  7.1097617E-03
   9.20000  9.8219812E-03  3.0834231E-02  7.2758416E-03
   9.40000  1.0681595E-02  3.4964621E-02  7.6418770E-03
   9.60000  1.1610412E-02  4.0206653E-02  8.2153611E-03
   9.80000  1.2606633E-02  4.6821501E-02  8.9861414E-03
   10.0000  1.3671815E-02  5.5071529E-02  9.9404225E-03
   10.2500  1.5114435E-02  6.7912901E-02  1.1381724E-02
   10.5000  1.6707657E-02  8.3009769E-02  1.3119671E-02
   10.7500  1.8483332E-02  9.7694436E-02  1.5203719E-02
   11.0000  2.0453908E-02  1.0665947E-01  1.7644177E-02
   11.2500  2.2601285E-02  1.0518874E-01  2.0363309E-02
   11.5000  2.4855944E-02  9.4185476E-02  2.3248608E-02
   11.7500  2.6917125E-02  7.9355971E-02  2.5947360E-02
   12.0000  2.8999055E-02  6.5104388E-02  2.9295004E-02
   12.2500  3.0844647E-02  5.3392401E-02  3.2897770E-02
   12.5000  3.2405235E-02  4.4403003E-02  3.6709780E-02
   12.7500  3.3694149E-02  3.7670432E-02  4.0576698E-02
   13.0000  3.4770146E-02  3.2642871E-02  4.4231176E-02
   13.2500  3.5708477E-02  2.8856360E-02  4.7330356E-02
   13.5000  3.6258865E-02  2.6013143E-02  4.9506352E-02
   13.7500  3.6831145E-02  2.3887548E-02  5.0358892E-02
   14.0000  3.7661321E-02  2.2067617E-02  5.0344947E-02
   14.2500  3.8483407E-02  2.0591597E-02  4.9364077E-02
   14.5000  3.9287441E-02  1.9379184E-02  4.7756741E-02
   14.7500  4.0064389E-02  1.8375828E-02  4.5881414E-02
   15.0000  4.0814984E-02  1.7546058E-02  4.4036780E-02
   15.2500  4.1558510E-02  1.6865075E-02  4.2433154E-02
   15.5000  4.2293787E-02  1.6310789E-02  4.1196098E-02
   15.7500  4.3055226E-02  1.5872666E-02  4.0396697E-02
   16.0000  4.3864127E-02  1.5541905E-02  4.0065796E-02
   16.2500  4.4736149E-02  1.5311568E-02  4.0214998E-02
   16.5000  4.5671491E-02  1.5175742E-02  4.0838981E-02
   16.7500  4.6652195E-02  1.5129464E-02  4.1918409E-02
   17.0000  4.7640154E-02  1.5168210E-02  4.3413892E-02
   17.2500  4.8574067E-02  1.5287939E-02  4.5255880E-02
   17.5000  4.9373906E-02  1.5484836E-02  4.7335150E-02
   17.7500  4.9948876E-02  1.5755178E-02  4.9498177E-02
   18.0000  5.0210634E-02  1.6094809E-02  5.1556809E-02
   18.2500  5.0090614E-02  1.6500087E-02  5.3309846E-02
   18.5000  4.9559156E-02  1.6965588E-02  5.4587553E-02
   18.7500  4.8634796E-02  1.7486656E-02  5.5288704E-02
   19.0000  4.7382704E-02  1.8059407E-02  5.5391754E-02
   19.2500  4.5903660E-02  1.8678222E-02  5.4954263E-02
   19.5000  4.4314985E-02  1.9337465E-02  5.4087666E-02
   19.7500  4.2729171E-02  2.0032727E-02  5.2919218E-02
   20.0000  4.1240736E-02  2.0760242E-02  5.1568178E-02
   21.0000  3.7303892E-02  2.3912267E-02  4.5944947E-02
   22.0000  3.7009001E-02  2.7301617E-02  4.1473459E-02
   23.0000  3.9154265E-02  3.0785581E-02  3.8255729E-02
   24.0000  4.1868855E-02  3.4225193E-02  3.5876883E-02
   25.0000  4.3826049E-02  3.7360325E-02  3.4052342E-02
   26.0000  4.4146186E-02  3.9666088E-02  3.2526874E-02
   27.0000  4.1570568E-02  4.0529634E-02  3.0790968E-02
   28.0000  3.7431687E-02  3.9839330E-02  2.9238304E-02
   29.0000  3.3101249E-02  3.8217756E-02  2.7869682E-02
   30.0000  2.9748732E-02  3.6241578E-02  2.6981244E-02
   31.0000  2.7583057E-02  3.4322369E-02  2.6622376E-02
   32.0000  2.6345479E-02  3.2672147E-02  2.6606551E-02
   33.0000  2.5705835E-02  3.1333655E-02  2.6705724E-02
   34.0000  2.5415167E-02  3.0255730E-02  2.6784142E-02
   35.0000  2.5286485E-02  2.9340977E-02  2.6769496E-02
   36.0000  2.5166015E-02  2.8479533E-02  2.6614389E-02
   37.0000  2.4906742E-02  2.7565577E-02  2.6264378E-02
   38.0000  2.4386363E-02  2.6515899E-02  2.5653075E-02
   39.0000  2.3531325E-02  2.5288283E-02  2.4724076E-02
   40.0000  2.2354468E-02  2.3887334E-02  2.3462740E-02
