  7709.000   27  1  1  1.9222038E-02 -4.8454166E+00 -3.5464026E-01  1  1  7.5662071E+03  8.0000000E+03  0.0000000E+00  1.1792254E+00  1.0000000E+00  0.0000000E+00  = E_edge, Z, n_edge, j_edge, Abs_before_edge, VO_interstitial, E_cut, ninit, ninit1, Epsii, UnitCell_Volume, Surface_ref, f0_forward, natomsym_f, abs_u_iso
    Energy   (100,001)      (010,001)      (001,110)   
  -25.0000  4.5268624E-09  1.3134099E-09  8.1712541E-10
  -24.0000  1.2017345E-08  3.3363072E-09  1.9394920E-09
  -23.0000  3.8093907E-08  1.0143615E-08  5.3694664E-09
  -22.0000  1.6795285E-07  4.3617020E-08  1.9927910E-08
  -21.0000  1.9732773E-06  5.7887283E-07  1.9199299E-07
  -20.0000  4.1573660E-05  2.7646880E-06  4.1770790E-06
  -19.0000  2.1032379E-06  3.6359333E-06  6.9901748E-06
  -18.0000  1.4342776E-06  4.5165074E-07  4.6017915E-07
  -17.0000  1.8618173E-06  4.3109308E-07  3.7683185E-07
  -16.0000  5.1351584E-06  7.3341361E-07  8.5425837E-07
  -15.0000  1.0129482E-04  5.1855658E-05  6.2886281E-05
  -14.0000  3.5600804E-06  5.0447337E-06  5.1697834E-06
  -13.0000  1.4241297E-06  1.4936870E-06  2.2872403E-06
  -12.0000  5.1947477E-06  4.6394327E-06  1.5975370E-05
  -11.0000  2.0823176E-05  1.4306908E-05  1.3525460E-05
  -10.0000  3.2307456E-04  1.3422730E-04  1.7992178E-05
  -9.00000  7.7399741E-04  9.0998844E-05  8.8756663E-05
  -8.00000  4.7050142E-05  2.4143970E-05  8.4231359E-06
  -7.00000  3.9498265E-03  1.9208007E-04  4.7996616E-04
  -6.00000  4.0278913E-04  2.0613759E-04  2.4951016E-04
  -5.00000  4.6729745E-03  2.6803317E-03  3.9083586E-03
  -4.00000  4.7677820E-03  2.1269463E-03  5.1885195E-03
  -3.00000  2.7954112E-03  1.0784649E-02  1.5420119E-03
  -2.00000  1.1216222E-03  1.0405918E-03  1.0031505E-03
  -1.00000  4.3176691E-04  6.0284795E-04  2.5191522E-04
   0.00000  9.7547019E-04  1.6320908E-03  9.0687774E-04
   1.00000  5.6256934E-04  6.6341394E-04  6.6581405E-04
   2.00000  5.0095956E-04  6.2955002E-04  4.7658833E-04
   3.00000  6.6085049E-04  8.6320726E-04  5.5530373E-04
   4.00000  1.0145891E-03  1.3246307E-03  7.9134491E-04
   5.00000  1.6679381E-03  2.1510356E-03  1.3574712E-03
   5.20000  1.8410255E-03  2.3920343E-03  1.5390983E-03
   5.40000  2.0273545E-03  2.6682654E-03  1.7525552E-03
   5.60000  2.2259349E-03  2.9854259E-03  2.0037722E-03
   5.80000  2.4353956E-03  3.3507127E-03  2.3014486E-03
   6.00000  2.6555489E-03  3.7707286E-03  2.6557885E-03
   6.20000  2.8880418E-03  4.2549556E-03  3.0821508E-03
   6.40000  3.1386455E-03  4.8153718E-03  3.6003081E-03
   6.60000  3.4227212E-03  5.4702709E-03  4.2345307E-03
   6.80000  3.7726795E-03  6.2509957E-03  5.0077483E-03
   7.00000  4.2400842E-03  7.2215266E-03  5.9388296E-03
   7.20000  4.8495420E-03  8.4679549E-03  7.0638528E-03
   7.40000  5.5690961E-03  1.0084498E-02  8.4680833E-03
   7.60000  6.3429795E-03  1.2128677E-02  1.0233257E-02
   7.80000  7.0871969E-03  1.4568434E-02  1.2321366E-02
   8.00000  7.7484932E-03  1.7162044E-02  1.4370044E-02
   8.20000  8.3124477E-03  1.9561392E-02  1.5818977E-02
   8.40000  8.7909884E-03  2.1339130E-02  1.6280499E-02
   8.60000  9.2482467E-03  2.2251336E-02  1.5815597E-02
   8.80000  9.8128528E-03  2.2641786E-02  1.4914181E-02
   9.00000  1.0600724E-02  2.3080666E-02  1.4041518E-02
   9.20000  1.1675394E-02  2.3802584E-02  1.3555562E-02
   9.40000  1.3067593E-02  2.4571087E-02  1.3620875E-02
   9.60000  1.4791974E-02  2.5092373E-02  1.4278348E-02
   9.80000  1.6955537E-02  2.6365877E-02  1.5583615E-02
   10.0000  1.9459794E-02  2.6991803E-02  1.7407108E-02
   10.2500  2.3207846E-02  2.8563164E-02  2.0425154E-02
   10.5000  2.7748028E-02  3.1338254E-02  2.4202713E-02
   10.7500  3.3102885E-02  3.5218775E-02  2.8679728E-02
   11.0000  3.9070850E-02  3.9904101E-02  3.3815709E-02
   11.2500  4.5086958E-02  4.5054765E-02  3.9523200E-02
   11.5000  5.0186798E-02  5.0387573E-02  4.5480464E-02
   11.7500  5.3271557E-02  5.5657493E-02  5.0962301E-02
   12.0000  5.3945654E-02  6.0716839E-02  5.3926224E-02
   12.2500  5.2156628E-02  6.4322310E-02  5.5996895E-02
   12.5000  4.9152915E-02  6.6134868E-02  5.6380810E-02
   12.7500  4.5864499E-02  6.5840981E-02  5.5385513E-02
   13.0000  4.2915534E-02  6.3666975E-02  5.3468220E-02
   13.2500  4.0533985E-02  6.0188832E-02  5.0988160E-02
   13.5000  3.8723496E-02  5.6042501E-02  4.8230044E-02
   13.7500  3.7545410E-02  5.1495915E-02  4.5216438E-02
   14.0000  3.6774104E-02  4.7566610E-02  4.2552372E-02
   14.2500  3.6106908E-02  4.3975795E-02  4.0080132E-02
   14.5000  3.5704712E-02  4.0786587E-02  3.7954391E-02
   14.7500  3.5518763E-02  3.8018520E-02  3.6185645E-02
   15.0000  3.5503188E-02  3.5657889E-02  3.4758415E-02
   15.2500  3.5617106E-02  3.3675101E-02  3.3645223E-02
   15.5000  3.5810463E-02  3.2029679E-02  3.2806507E-02
   15.7500  3.6047246E-02  3.0680518E-02  3.2211409E-02
   16.0000  3.6293838E-02  2.9587917E-02  3.1830080E-02
   16.2500  3.6520451E-02  2.8715399E-02  3.1634681E-02
   16.5000  3.6703139E-02  2.8029737E-02  3.1599068E-02
   16.7500  3.6823265E-02  2.7501512E-02  3.1698243E-02
   17.0000  3.6869054E-02  2.7104320E-02  3.1906790E-02
   17.2500  3.6839652E-02  2.6815276E-02  3.2200237E-02
   17.5000  3.6743424E-02  2.6613268E-02  3.2556602E-02
   17.7500  3.6598646E-02  2.6479972E-02  3.2957875E-02
   18.0000  3.6431237E-02  2.6400953E-02  3.3392801E-02
   18.2500  3.6268729E-02  2.6364575E-02  3.3855809E-02
   18.5000  3.6137323E-02  2.6362759E-02  3.4345966E-02
   18.7500  3.6059029E-02  2.6390506E-02  3.4867746E-02
   19.0000  3.6046790E-02  2.6444182E-02  3.5419726E-02
   19.2500  3.6110923E-02  2.6523400E-02  3.6004130E-02
   19.5000  3.6256155E-02  2.6629128E-02  3.6616542E-02
   19.7500  3.6483586E-02  2.6763592E-02  3.7248691E-02
   20.0000  3.6789344E-02  2.6929200E-02  3.7884527E-02
   21.0000  3.8505128E-02  2.7965014E-02  3.9938500E-02
   22.0000  3.9714449E-02  2.9737938E-02  3.9836821E-02
   23.0000  3.9299388E-02  3.2211195E-02  3.7576835E-02
   24.0000  3.7483094E-02  3.4569526E-02  3.4947697E-02
   25.0000  3.6232871E-02  3.6587603E-02  3.3663825E-02
   26.0000  3.5011695E-02  3.7258698E-02  3.3037531E-02
   27.0000  3.4035712E-02  3.6391131E-02  3.2573714E-02
   28.0000  3.3478094E-02  3.4470657E-02  3.1998131E-02
   29.0000  3.3253483E-02  3.2280009E-02  3.1286135E-02
   30.0000  3.3022855E-02  3.0398328E-02  3.0504904E-02
   31.0000  3.2433978E-02  2.9030094E-02  2.9683182E-02
   32.0000  3.1374265E-02  2.8132573E-02  2.8833427E-02
   33.0000  2.9932775E-02  2.7576411E-02  2.7978288E-02
   34.0000  2.8254473E-02  2.7246293E-02  2.7153686E-02
   35.0000  2.6479454E-02  2.7055712E-02  2.6416171E-02
   36.0000  2.4731618E-02  2.6919974E-02  2.5795671E-02
   37.0000  2.3113593E-02  2.6729710E-02  2.5263870E-02
   38.0000  2.1712402E-02  2.6368690E-02  2.4743937E-02
   39.0000  2.0595395E-02  2.5756384E-02  2.4142857E-02
   40.0000  1.9791595E-02  2.4891526E-02  2.3401190E-02
