  7709.000   27  1  1  1.9222038E-02 -4.7483935E+00 -3.2277943E-01  1  1  7.5662372E+03  8.0000000E+03  0.0000000E+00  1.1792254E+00  1.0000000E+00  0.0000000E+00  = E_edge, Z, n_edge, j_edge, Abs_before_edge, VO_interstitial, E_cut, ninit, ninit1, Epsii, UnitCell_Volume, Surface_ref, f0_forward, natomsym_f, abs_u_iso
    Energy   (100,001)      (010,001)      (001,110)   
  -25.0000  4.7512777E-09  1.2382791E-09  7.6651561E-10
  -24.0000  1.2432717E-08  3.1067726E-09  1.7787066E-09
  -23.0000  3.8292610E-08  9.2134446E-09  4.7186694E-09
  -22.0000  1.5714967E-07  3.7095657E-08  1.5848474E-08
  -21.0000  1.2978890E-06  3.4383724E-07  9.7437212E-08
  -20.0000  1.4872367E-04  3.6464338E-06  9.9070237E-06
  -19.0000  3.8308272E-06  6.2237699E-05  2.0351056E-04
  -18.0000  1.9840205E-06  6.4199520E-07  6.7490739E-07
  -17.0000  2.5279967E-06  5.8393460E-07  4.3106713E-07
  -16.0000  6.8549004E-06  1.0973349E-06  7.2231108E-07
  -15.0000  5.6760231E-04  1.2638784E-05  3.0164862E-05
  -14.0000  4.8233416E-06  8.7188505E-06  7.3119793E-06
  -13.0000  1.1798563E-06  2.1914488E-06  3.7300052E-06
  -12.0000  2.1446689E-05  6.0768117E-05  2.0546305E-04
  -11.0000  1.8300797E-05  8.1272483E-06  1.1470919E-05
  -10.0000  2.3110949E-04  5.4153838E-05  2.3458108E-05
  -9.00000  8.5506079E-04  1.1096881E-04  1.6179504E-05
  -8.00000  9.0966993E-05  2.3355181E-05  9.0283806E-06
  -7.00000  8.2695102E-04  2.9342154E-04  1.3047959E-04
  -6.00000  4.1563775E-04  2.2214490E-04  1.2821184E-04
  -5.00000  6.1221416E-02  4.9264412E-02  2.5034886E-02
  -4.00000  3.2990962E-03  1.2181730E-03  2.1422438E-03
  -3.00000  3.8254200E-03  7.2764816E-03  2.7946841E-03
  -2.00000  1.0551341E-03  1.6613659E-03  1.2543132E-03
  -1.00000  5.1575369E-04  7.0368874E-04  4.3440489E-04
   0.00000  3.4031521E-03  5.3385813E-03  5.0570927E-03
   1.00000  3.6892631E-04  4.9435880E-04  3.3738245E-04
   2.00000  3.8660011E-04  5.8187200E-04  3.5260498E-04
   3.00000  5.4073387E-04  8.3917877E-04  4.7569518E-04
   4.00000  8.4408146E-04  1.3186525E-03  7.4441924E-04
   5.00000  1.3543073E-03  2.3045779E-03  1.3884466E-03
   5.20000  1.4730896E-03  2.6364634E-03  1.6040049E-03
   5.40000  1.5909451E-03  3.0471590E-03  1.8645964E-03
   5.60000  1.7076561E-03  3.5647136E-03  2.1828083E-03
   5.80000  1.8339336E-03  4.2307895E-03  2.5770739E-03
   6.00000  2.0069720E-03  5.0874876E-03  3.0735060E-03
   6.20000  2.2938229E-03  6.2096417E-03  3.7074504E-03
   6.40000  2.7413468E-03  7.6113005E-03  4.5286976E-03
   6.60000  3.2833742E-03  9.2919701E-03  5.6175186E-03
   6.80000  3.8049035E-03  1.1288974E-02  7.0936058E-03
   7.00000  4.2693785E-03  1.3697159E-02  9.0856227E-03
   7.20000  4.7228167E-03  1.6667250E-02  1.1634214E-02
   7.40000  5.2040981E-03  2.0317942E-02  1.4516932E-02
   7.60000  5.7511605E-03  2.4548426E-02  1.7017007E-02
   7.80000  6.4038482E-03  2.8961033E-02  1.8179579E-02
   8.00000  7.1996409E-03  3.2768894E-02  1.7737338E-02
   8.20000  8.1692903E-03  3.5294209E-02  1.6402916E-02
   8.40000  9.2890355E-03  3.5893968E-02  1.5005322E-02
   8.60000  1.0396427E-02  3.3664240E-02  1.3940066E-02
   8.80000  1.1263090E-02  2.8796197E-02  1.3328385E-02
   9.00000  1.1906097E-02  2.3526801E-02  1.3238354E-02
   9.20000  1.2601089E-02  1.9820691E-02  1.3742710E-02
   9.40000  1.3605806E-02  1.8003370E-02  1.4920645E-02
   9.60000  1.5213369E-02  1.8254176E-02  1.6981848E-02
   9.80000  1.7279068E-02  1.8569267E-02  1.9829769E-02
   10.0000  2.0063839E-02  1.9859971E-02  2.3704998E-02
   10.2500  2.4744938E-02  2.2616643E-02  3.0260254E-02
   10.5000  3.0922655E-02  2.6554008E-02  3.8975283E-02
   10.7500  3.8433916E-02  3.1731979E-02  4.9743012E-02
   11.0000  4.6279688E-02  3.8321266E-02  6.1387126E-02
   11.2500  5.2433018E-02  4.6486119E-02  7.1189242E-02
   11.5000  5.5037729E-02  5.6109494E-02  7.6166105E-02
   11.7500  5.4476397E-02  6.6368027E-02  7.5328742E-02
   12.0000  5.2123265E-02  7.4809388E-02  7.0461189E-02
   12.2500  4.9109276E-02  7.8199504E-02  6.4658666E-02
   12.5000  4.6379693E-02  7.5980842E-02  5.8675569E-02
   12.7500  4.4129358E-02  6.9831571E-02  5.3246374E-02
   13.0000  4.2347509E-02  6.2221651E-02  4.8574227E-02
   13.2500  4.0969075E-02  5.4841884E-02  4.4617329E-02
   13.5000  3.9929902E-02  4.8414421E-02  4.1270923E-02
   13.7500  3.9247212E-02  4.2084297E-02  3.8034098E-02
   14.0000  3.8696901E-02  3.8889335E-02  3.5109034E-02
   14.2500  3.8308150E-02  3.5545614E-02  3.3093741E-02
   14.5000  3.8120385E-02  3.2844960E-02  3.1432303E-02
   14.7500  3.8098383E-02  3.0661188E-02  3.0083183E-02
   15.0000  3.8206796E-02  2.8895804E-02  2.9012089E-02
   15.2500  3.8414780E-02  2.7473855E-02  2.8195024E-02
   15.5000  3.8691370E-02  2.6334343E-02  2.7609440E-02
   15.7500  3.9008122E-02  2.5435303E-02  2.7241343E-02
   16.0000  3.9334529E-02  2.4743694E-02  2.7076856E-02
   16.2500  3.9637837E-02  2.4234360E-02  2.7101854E-02
   16.5000  3.9887996E-02  2.3886964E-02  2.7299004E-02
   16.7500  4.0064211E-02  2.3684398E-02  2.7648508E-02
   17.0000  4.0158732E-02  2.3611223E-02  2.8127244E-02
   17.2500  4.0179121E-02  2.3653194E-02  2.8710678E-02
   17.5000  4.0146511E-02  2.3796927E-02  2.9373907E-02
   17.7500  4.0086273E-02  2.4028051E-02  3.0092529E-02
   18.0000  4.0021303E-02  2.4331916E-02  3.0843731E-02
   18.2500  3.9966537E-02  2.4694782E-02  3.1606810E-02
   18.5000  3.9927872E-02  2.5103574E-02  3.2364016E-02
   18.7500  3.9902168E-02  2.5546707E-02  3.3097939E-02
   19.0000  3.9880957E-02  2.6014800E-02  3.3792510E-02
   19.2500  3.9851962E-02  2.6500881E-02  3.4430403E-02
   19.5000  3.9803827E-02  2.7002767E-02  3.4995673E-02
   19.7500  3.9724692E-02  2.7520620E-02  3.5470917E-02
   20.0000  3.9603647E-02  2.8057337E-02  3.5838763E-02
   21.0000  3.8597177E-02  3.0504758E-02  3.6039225E-02
   22.0000  3.7112944E-02  3.3557441E-02  3.4700841E-02
   23.0000  3.5996291E-02  3.6689795E-02  3.3523208E-02
   24.0000  3.5013912E-02  3.8481873E-02  3.3062786E-02
   25.0000  3.4722776E-02  3.8624278E-02  3.3472362E-02
   26.0000  3.4470231E-02  3.7218999E-02  3.3848509E-02
   27.0000  3.4143135E-02  3.5248646E-02  3.3799238E-02
   28.0000  3.3701596E-02  3.3369288E-02  3.3272860E-02
   29.0000  3.3035057E-02  3.1803159E-02  3.2422247E-02
   30.0000  3.1967509E-02  3.0552844E-02  3.1402513E-02
   31.0000  3.0502676E-02  2.9527036E-02  3.0313990E-02
   32.0000  2.8810527E-02  2.8645435E-02  2.9221957E-02
   33.0000  2.7045414E-02  2.7836797E-02  2.8145131E-02
   34.0000  2.5316831E-02  2.7055199E-02  2.7099925E-02
   35.0000  2.3686901E-02  2.6256206E-02  2.6078856E-02
   36.0000  2.2188096E-02  2.5398640E-02  2.5046558E-02
   37.0000  2.0849681E-02  2.4462121E-02  2.3954357E-02
   38.0000  1.9707715E-02  2.3445527E-02  2.2766538E-02
   39.0000  1.8781746E-02  2.2367317E-02  2.1488443E-02
   40.0000  1.8051131E-02  2.1265568E-02  2.0180887E-02
