  7709.000   27  1  1  1.9222038E-02 -4.6558426E+00 -3.1858446E-01  1  1  7.5662084E+03  8.0000000E+03  0.0000000E+00  1.1792254E+00  1.0000000E+00  0.0000000E+00  = E_edge, Z, n_edge, j_edge, Abs_before_edge, VO_interstitial, E_cut, ninit, ninit1, Epsii, UnitCell_Volume, Surface_ref, f0_forward, natomsym_f, abs_u_iso
    Energy   (100,001)      (010,001)      (001,110)   
  -25.0000  4.2240281E-09  1.2110218E-09  7.2112958E-10
  -24.0000  1.0871765E-08  3.0045368E-09  1.6556565E-09
  -23.0000  3.2644455E-08  8.7381219E-09  4.3226356E-09
  -22.0000  1.2785439E-07  3.3732556E-08  1.4105818E-08
  -21.0000  9.2928643E-07  2.6791937E-07  7.9699305E-08
  -20.0000  4.9355872E-03  1.4238306E-04  3.2170838E-04
  -19.0000  9.2269217E-06  3.6911825E-04  7.7479140E-04
  -18.0000  1.9464709E-06  7.3351080E-07  7.5535403E-07
  -17.0000  2.2479269E-06  6.0149762E-07  4.1484766E-07
  -16.0000  5.0507748E-06  1.0298805E-06  6.0098854E-07
  -15.0000  3.0679780E-04  1.6662733E-05  1.9304386E-05
  -14.0000  6.3162404E-06  1.1117036E-05  8.7471960E-06
  -13.0000  1.1920556E-06  2.0428907E-06  3.0442559E-06
  -12.0000  5.9280975E-06  1.3582602E-05  4.1233446E-05
  -11.0000  1.7972019E-05  1.0249628E-05  1.3976124E-05
  -10.0000  1.9640813E-04  4.9769441E-05  1.5559142E-05
  -9.00000  1.9854216E-03  4.4575157E-04  2.8467756E-05
  -8.00000  1.1504837E-04  2.6251900E-05  8.6111079E-06
  -7.00000  2.4036471E-01  8.7160289E-03  5.1207346E-03
  -6.00000  4.7740877E-04  2.0861634E-04  2.0660570E-04
  -5.00000  4.3030460E-02  3.0422370E-02  1.5343197E-02
  -4.00000  3.5312088E-03  1.2105349E-03  2.5601350E-03
  -3.00000  4.1040030E-03  6.8450741E-03  2.7344464E-03
  -2.00000  1.9885264E-03  1.8516971E-03  2.4840812E-03
  -1.00000  5.3391555E-04  7.4905149E-04  4.2428479E-04
   0.00000  1.4466866E-03  1.6649777E-03  1.5637279E-03
   1.00000  4.0023038E-04  5.5649623E-04  3.6959833E-04
   2.00000  4.0557368E-04  5.8769791E-04  3.6406483E-04
   3.00000  5.6120416E-04  8.1666161E-04  4.8371641E-04
   4.00000  8.6952629E-04  1.2654349E-03  7.4616020E-04
   5.00000  1.4153449E-03  2.1683176E-03  1.3696419E-03
   5.20000  1.5546375E-03  2.4586671E-03  1.5779900E-03
   5.40000  1.7015053E-03  2.8080324E-03  1.8301382E-03
   5.60000  1.8545983E-03  3.2327526E-03  2.1385460E-03
   5.80000  2.0141612E-03  3.7563732E-03  2.5219084E-03
   6.00000  2.1856879E-03  4.4117326E-03  3.0081280E-03
   6.20000  2.3888505E-03  5.2443049E-03  3.6383707E-03
   6.40000  2.6709925E-03  6.3106759E-03  4.4739324E-03
   6.60000  3.1005371E-03  7.6400298E-03  5.5957055E-03
   6.80000  3.6918606E-03  9.2461567E-03  7.1201052E-03
   7.00000  4.3217150E-03  1.1104360E-02  9.1368215E-03
   7.20000  4.9014434E-03  1.3275125E-02  1.1604983E-02
   7.40000  5.4384540E-03  1.5758742E-02  1.4122910E-02
   7.60000  5.9836764E-03  1.8445642E-02  1.5862181E-02
   7.80000  6.5789147E-03  2.1019292E-02  1.6165554E-02
   8.00000  7.2236817E-03  2.3340315E-02  1.5207980E-02
   8.20000  7.9436830E-03  2.5473729E-02  1.3760993E-02
   8.40000  8.7600681E-03  2.7680605E-02  1.2413387E-02
   8.60000  9.6686452E-03  2.9857136E-02  1.1417035E-02
   8.80000  1.0593071E-02  3.1136507E-02  1.0847246E-02
   9.00000  1.1396142E-02  3.0232823E-02  1.0720944E-02
   9.20000  1.2052624E-02  2.6916500E-02  1.1042750E-02
   9.40000  1.2777237E-02  2.2688814E-02  1.1831926E-02
   9.60000  1.3839610E-02  1.9172698E-02  1.3129686E-02
   9.80000  1.5394378E-02  1.6969818E-02  1.4995768E-02
   10.0000  1.7513806E-02  1.6017045E-02  1.7511682E-02
   10.2500  2.1208921E-02  1.6766718E-02  2.1861097E-02
   10.5000  2.5869981E-02  1.7878317E-02  2.7506947E-02
   10.7500  3.1666547E-02  2.0164705E-02  3.4781310E-02
   11.0000  3.8353462E-02  2.3525149E-02  4.3731384E-02
   11.2500  4.5124525E-02  2.7976122E-02  5.3844911E-02
   11.5000  5.0540841E-02  3.3632752E-02  6.3548231E-02
   11.7500  5.3187538E-02  4.0643779E-02  7.0390664E-02
   12.0000  5.2980520E-02  4.9229878E-02  7.1837358E-02
   12.2500  5.0826464E-02  5.8525934E-02  6.9657528E-02
   12.5000  4.7934497E-02  6.6516912E-02  6.5073863E-02
   12.7500  4.5236585E-02  7.1379062E-02  5.9591011E-02
   13.0000  4.3049661E-02  7.1939010E-02  5.4298915E-02
   13.2500  4.1405082E-02  6.8721492E-02  4.9629844E-02
   13.5000  4.0221724E-02  6.3289397E-02  4.5646159E-02
   13.7500  3.9397945E-02  5.7145974E-02  4.2281893E-02
   14.0000  3.9019625E-02  5.1184724E-02  3.8886045E-02
   14.2500  3.8600807E-02  4.6286286E-02  3.6461671E-02
   14.5000  3.8372340E-02  4.2084181E-02  3.4469125E-02
   14.7500  3.8305220E-02  3.8551281E-02  3.2851026E-02
   15.0000  3.8372201E-02  3.5613247E-02  3.1560097E-02
   15.2500  3.8546333E-02  3.3186189E-02  3.0558704E-02
   15.5000  3.8803380E-02  3.1193452E-02  2.9819563E-02
   15.7500  3.9111021E-02  2.9564513E-02  2.9315965E-02
   16.0000  3.9441822E-02  2.8244854E-02  2.9030404E-02
   16.2500  3.9762369E-02  2.7189966E-02  2.8943877E-02
   16.5000  4.0036173E-02  2.6363630E-02  2.9036992E-02
   16.7500  4.0231845E-02  2.5736440E-02  2.9288999E-02
   17.0000  4.0327860E-02  2.5284546E-02  2.9676572E-02
   17.2500  4.0317869E-02  2.4987456E-02  3.0173803E-02
   17.5000  4.0211078E-02  2.4827699E-02  3.0754169E-02
   17.7500  4.0030720E-02  2.4789103E-02  3.1392556E-02
   18.0000  3.9807092E-02  2.4856366E-02  3.2066446E-02
   18.2500  3.9571037E-02  2.5015396E-02  3.2757237E-02
   18.5000  3.9348182E-02  2.5252879E-02  3.3449440E-02
   18.7500  3.9156218E-02  2.5555886E-02  3.4130420E-02
   19.0000  3.9006652E-02  2.5913187E-02  3.4789669E-02
   19.2500  3.8902938E-02  2.6314449E-02  3.5413920E-02
   19.5000  3.8844531E-02  2.6751682E-02  3.5991808E-02
   19.7500  3.8826158E-02  2.7220279E-02  3.6508777E-02
   20.0000  3.8838568E-02  2.7716982E-02  3.6948055E-02
   21.0000  3.8910064E-02  3.0001056E-02  3.7589685E-02
   22.0000  3.8407299E-02  3.2869508E-02  3.6345610E-02
   23.0000  3.7495573E-02  3.6108610E-02  3.4726108E-02
   24.0000  3.6680332E-02  3.8780922E-02  3.4028250E-02
   25.0000  3.5669111E-02  3.9639033E-02  3.3855525E-02
   26.0000  3.5327625E-02  3.8896110E-02  3.4097944E-02
   27.0000  3.5179460E-02  3.6988843E-02  3.4016644E-02
   28.0000  3.5033060E-02  3.4787755E-02  3.3463871E-02
   29.0000  3.4625752E-02  3.2811800E-02  3.2571922E-02
   30.0000  3.3701058E-02  3.1237232E-02  3.1537787E-02
   31.0000  3.2214694E-02  3.0037745E-02  3.0479895E-02
   32.0000  3.0372852E-02  2.9125953E-02  2.9445212E-02
   33.0000  2.8418967E-02  2.8398289E-02  2.8431493E-02
   34.0000  2.6513306E-02  2.7773861E-02  2.7441165E-02
   35.0000  2.4731774E-02  2.7173327E-02  2.6466877E-02
   36.0000  2.3096879E-02  2.6531008E-02  2.5493461E-02
   37.0000  2.1616454E-02  2.5792478E-02  2.4492178E-02
   38.0000  2.0308360E-02  2.4932359E-02  2.3424906E-02
   39.0000  1.9210063E-02  2.3951590E-02  2.2267998E-02
   40.0000  1.8348129E-02  2.2870192E-02  2.1038407E-02
