  7709.000   27  1  1  1.9222038E-02 -4.6933487E+00 -3.1031628E-01  1  1  7.5663122E+03  8.0000000E+03  0.0000000E+00  1.1792254E+00  1.0000000E+00  0.0000000E+00  = E_edge, Z, n_edge, j_edge, Abs_before_edge, VO_interstitial, E_cut, ninit, ninit1, Epsii, UnitCell_Volume, Surface_ref, f0_forward, natomsym_f, abs_u_iso
    Energy   (100,001)      (010,001)      (001,110)   
  -25.0000  4.0784691E-09  1.3336752E-09  7.5103278E-10
  -24.0000  1.0469006E-08  3.3232581E-09  1.7318180E-09
  -23.0000  3.1268062E-08  9.7048348E-09  4.5456406E-09
  -22.0000  1.2094145E-07  3.7563606E-08  1.4890672E-08
  -21.0000  8.3982013E-07  2.9532456E-07  8.2102071E-08
  -20.0000  8.9323519E-04  1.6252238E-05  6.7472433E-05
  -19.0000  5.8827042E-06  1.3171121E-05  3.7812604E-05
  -18.0000  1.9409297E-06  7.3096870E-07  7.8837052E-07
  -17.0000  2.1925258E-06  6.0489529E-07  4.8844486E-07
  -16.0000  4.5447064E-06  9.7473010E-07  8.4957206E-07
  -15.0000  9.5814928E-05  2.8075334E-04  3.2322166E-05
  -14.0000  5.8225948E-06  8.5952622E-06  5.7333487E-06
  -13.0000  1.1190262E-06  1.7654605E-06  2.9504721E-06
  -12.0000  4.5189448E-06  7.8914110E-06  2.6448944E-05
  -11.0000  1.8501738E-05  1.2777763E-05  1.9210496E-05
  -10.0000  2.3024711E-04  6.5423801E-05  1.9302368E-05
  -9.00000  6.5591268E-04  3.9756829E-04  2.5057783E-05
  -8.00000  9.3551919E-05  3.5143256E-05  1.1403145E-05
  -7.00000  4.2210715E-01  1.4503373E-02  1.8625461E-02
  -6.00000  5.5502035E-04  3.1335600E-04  2.7896681E-04
  -5.00000  2.7135030E-02  1.5126354E-03  1.1702301E-02
  -4.00000  2.2749748E-03  2.1455456E-03  2.0545828E-03
  -3.00000  2.5028816E-03  6.9307098E-03  1.4440625E-03
  -2.00000  8.2507579E-04  1.0320225E-03  8.7277958E-04
  -1.00000  4.3559115E-04  6.2231148E-04  2.7398041E-04
   0.00000  6.3784548E-04  1.9006942E-03  1.5244939E-03
   1.00000  5.8519932E-04  6.0189440E-04  6.0262786E-04
   2.00000  4.7921308E-04  6.0735523E-04  4.6690804E-04
   3.00000  6.2711409E-04  8.3782189E-04  5.6733283E-04
   4.00000  9.4331398E-04  1.2862082E-03  8.4167870E-04
   5.00000  1.5134179E-03  2.1493286E-03  1.5415070E-03
   5.20000  1.6610465E-03  2.4190250E-03  1.7839662E-03
   5.40000  1.8172903E-03  2.7393106E-03  2.0829819E-03
   5.60000  1.9801231E-03  3.1231119E-03  2.4569865E-03
   5.80000  2.1481152E-03  3.5891641E-03  2.9342533E-03
   6.00000  2.3238076E-03  4.1636313E-03  3.5570823E-03
   6.20000  2.5233015E-03  4.8868645E-03  4.3898536E-03
   6.40000  2.7949744E-03  5.8160571E-03  5.5302980E-03
   6.60000  3.2199664E-03  6.9987046E-03  7.1117809E-03
   6.80000  3.8092119E-03  8.4171867E-03  9.2556993E-03
   7.00000  4.4386023E-03  9.9973937E-03  1.1850356E-02
   7.20000  5.0333155E-03  1.1676839E-02  1.4224349E-02
   7.40000  5.5812725E-03  1.3306347E-02  1.5245891E-02
   7.60000  6.0839964E-03  1.4658097E-02  1.4505578E-02
   7.80000  6.5374488E-03  1.5523386E-02  1.2794549E-02
   8.00000  6.9457119E-03  1.6030482E-02  1.1065946E-02
   8.20000  7.3648501E-03  1.6570732E-02  9.7288735E-03
   8.40000  7.8609547E-03  1.7551982E-02  8.8745558E-03
   8.60000  8.4854100E-03  1.9159533E-02  8.4542880E-03
   8.80000  9.2805048E-03  2.1371044E-02  8.4070233E-03
   9.00000  1.0294961E-02  2.3925036E-02  8.6942031E-03
   9.20000  1.1577956E-02  2.6169597E-02  9.3050556E-03
   9.40000  1.3140628E-02  2.7149654E-02  1.0250190E-02
   9.60000  1.4931680E-02  2.6416705E-02  1.1556470E-02
   9.80000  1.6906828E-02  2.4690803E-02  1.3271290E-02
   10.0000  1.9109546E-02  2.3148642E-02  1.5465019E-02
   10.2500  2.2350886E-02  2.2496466E-02  1.9005008E-02
   10.5000  2.6330973E-02  2.3440550E-02  2.3583446E-02
   10.7500  3.1142198E-02  2.5738637E-02  2.9330054E-02
   11.0000  3.6921252E-02  2.9138691E-02  3.6335784E-02
   11.2500  4.2304261E-02  3.3198600E-02  4.4021407E-02
   11.5000  4.6481272E-02  3.8042244E-02  5.1453466E-02
   11.7500  4.8297555E-02  4.3632772E-02  5.6990713E-02
   12.0000  4.7669514E-02  4.9863819E-02  5.9374640E-02
   12.2500  4.5310534E-02  5.6337045E-02  5.9547905E-02
   12.5000  4.2440840E-02  6.2282570E-02  5.7656951E-02
   12.7500  3.9884985E-02  6.6571501E-02  5.4653953E-02
   13.0000  3.7952577E-02  6.8303386E-02  5.1267323E-02
   13.2500  3.6642898E-02  6.7309930E-02  4.7927960E-02
   13.5000  3.5833424E-02  6.4147221E-02  4.4837453E-02
   13.7500  3.5680809E-02  5.9133751E-02  4.2237662E-02
   14.0000  3.5503278E-02  5.4408808E-02  3.9549492E-02
   14.2500  3.5406864E-02  4.9812423E-02  3.7406613E-02
   14.5000  3.5432069E-02  4.5591548E-02  3.5600484E-02
   14.7500  3.5563729E-02  4.1870324E-02  3.4116015E-02
   15.0000  3.5788311E-02  3.8677500E-02  3.2929693E-02
   15.2500  3.6091726E-02  3.5990665E-02  3.2015128E-02
   15.5000  3.6459926E-02  3.3764304E-02  3.1347631E-02
   15.7500  3.6865428E-02  3.1941182E-02  3.0896431E-02
   16.0000  3.7286222E-02  3.0466711E-02  3.0639768E-02
   16.2500  3.7694926E-02  2.9290767E-02  3.0554953E-02
   16.5000  3.8062423E-02  2.8368487E-02  3.0620650E-02
   16.7500  3.8362737E-02  2.7661768E-02  3.0815317E-02
   17.0000  3.8578641E-02  2.7137496E-02  3.1116749E-02
   17.2500  3.8703541E-02  2.6767822E-02  3.1503112E-02
   17.5000  3.8744413E-02  2.6528125E-02  3.1954681E-02
   17.7500  3.8720834E-02  2.6396469E-02  3.2456096E-02
   18.0000  3.8661117E-02  2.6353678E-02  3.2996494E-02
   18.2500  3.8595922E-02  2.6383539E-02  3.3569060E-02
   18.5000  3.8551978E-02  2.6471410E-02  3.4170178E-02
   18.7500  3.8551753E-02  2.6605149E-02  3.4799426E-02
   19.0000  3.8611348E-02  2.6774973E-02  3.5457701E-02
   19.2500  3.8740292E-02  2.6973460E-02  3.6138674E-02
   19.5000  3.8942547E-02  2.7195312E-02  3.6837448E-02
   19.7500  3.9217996E-02  2.7437898E-02  3.7542381E-02
   20.0000  3.9560302E-02  2.7701034E-02  3.8235614E-02
   21.0000  4.1179037E-02  2.9006321E-02  4.0291453E-02
   22.0000  4.1673244E-02  3.0913262E-02  3.9846613E-02
   23.0000  4.0390803E-02  3.3439522E-02  3.7439943E-02
   24.0000  3.8707109E-02  3.6017614E-02  3.5359935E-02
   25.0000  3.7359555E-02  3.7765951E-02  3.4276136E-02
   26.0000  3.6482352E-02  3.8018492E-02  3.3706445E-02
   27.0000  3.5853057E-02  3.6738506E-02  3.3029607E-02
   28.0000  3.5678071E-02  3.4749591E-02  3.2413147E-02
   29.0000  3.5290382E-02  3.2604828E-02  3.1701689E-02
   30.0000  3.4388567E-02  3.0759227E-02  3.0981137E-02
   31.0000  3.2902081E-02  2.9372591E-02  3.0285609E-02
   32.0000  3.1006563E-02  2.8414234E-02  2.9611259E-02
   33.0000  2.8943882E-02  2.7768288E-02  2.8947320E-02
   34.0000  2.6897206E-02  2.7328034E-02  2.8300036E-02
   35.0000  2.4980851E-02  2.6995004E-02  2.7673147E-02
   36.0000  2.3266473E-02  2.6674593E-02  2.7057137E-02
   37.0000  2.1813199E-02  2.6268295E-02  2.6415537E-02
   38.0000  2.0683152E-02  2.5690046E-02  2.5679735E-02
   39.0000  1.9930134E-02  2.4890557E-02  2.4777450E-02
   40.0000  1.9545648E-02  2.3883430E-02  2.3676457E-02
