  7709.000   27  1  1  1.9222038E-02 -4.7692937E+00 -3.6158262E-01  1  1  7.5661467E+03  8.0000000E+03  0.0000000E+00  1.1792254E+00  1.0000000E+00  0.0000000E+00  = E_edge, Z, n_edge, j_edge, Abs_before_edge, VO_interstitial, E_cut, ninit, ninit1, Epsii, UnitCell_Volume, Surface_ref, f0_forward, natomsym_f, abs_u_iso
    Energy   (100,001)      (010,001)      (001,110)   
  -25.0000  4.1868140E-09  1.2270921E-09  7.3210605E-10
  -24.0000  1.0947684E-08  3.0818878E-09  1.7143279E-09
  -23.0000  3.3860161E-08  9.1840798E-09  4.6492529E-09
  -22.0000  1.4221506E-07  3.7717626E-08  1.6621647E-08
  -21.0000  1.4188764E-06  4.0584003E-07  1.4219205E-07
  -20.0000  3.5147580E-03  2.6012167E-04  2.0923612E-04
  -19.0000  3.2812492E-06  2.0806684E-05  6.2498469E-05
  -18.0000  1.4947942E-06  5.4029343E-07  5.2263388E-07
  -17.0000  1.7558925E-06  4.8357154E-07  3.5109634E-07
  -16.0000  3.8709371E-06  8.4420882E-07  6.1615524E-07
  -15.0000  4.8348550E-04  2.5574503E-05  1.0360760E-04
  -14.0000  7.5423817E-06  1.0193209E-05  1.0429512E-05
  -13.0000  1.5195256E-06  1.6811156E-06  2.3564008E-06
  -12.0000  5.1911832E-06  4.0914444E-06  1.3560838E-05
  -11.0000  2.5866623E-05  1.4724622E-05  1.4177810E-05
  -10.0000  4.7184929E-04  1.4272194E-04  2.5349612E-05
  -9.00000  5.9297924E-04  1.3137399E-04  2.4670891E-05
  -8.00000  5.8126643E-05  2.8131624E-05  1.0139335E-05
  -7.00000  2.3239963E-02  3.8809659E-04  2.6728981E-03
  -6.00000  3.5783486E-04  2.2383706E-04  2.3847578E-04
  -5.00000  1.1411217E-02  5.4943248E-02  3.8146369E-03
  -4.00000  1.1375581E-02  1.2503111E-03  9.3062205E-03
  -3.00000  8.1592478E-03  3.7310047E-02  4.0951500E-03
  -2.00000  2.2099679E-03  1.8012572E-03  2.3495201E-03
  -1.00000  5.2536238E-04  7.4380292E-04  3.3570411E-04
   0.00000  1.1465261E-03  2.4672952E-03  1.3934181E-03
   1.00000  4.6484834E-04  5.7506586E-04  4.7906108E-04
   2.00000  4.7002611E-04  6.0144264E-04  4.1172720E-04
   3.00000  6.4674412E-04  8.2967046E-04  5.1211189E-04
   4.00000  1.0096241E-03  1.2860971E-03  7.6193417E-04
   5.00000  1.6584893E-03  2.1698859E-03  1.3424722E-03
   5.20000  1.8286947E-03  2.4371469E-03  1.5277586E-03
   5.40000  2.0117474E-03  2.7480426E-03  1.7463622E-03
   5.60000  2.2066783E-03  3.1112012E-03  2.0057120E-03
   5.80000  2.4121808E-03  3.5371580E-03  2.3160611E-03
   6.00000  2.6283300E-03  4.0382012E-03  2.6908051E-03
   6.20000  2.8566687E-03  4.6311780E-03  3.1487704E-03
   6.40000  3.1026524E-03  5.3377702E-03  3.7136493E-03
   6.60000  3.3805498E-03  6.1881793E-03  4.4112468E-03
   6.80000  3.7198230E-03  7.2259521E-03  5.2604063E-03
   7.00000  4.1691988E-03  8.5225571E-03  6.2643131E-03
   7.20000  4.7555076E-03  1.0180370E-02  7.4618801E-03
   7.40000  5.4605343E-03  1.2285316E-02  8.9369173E-03
   7.60000  6.2365012E-03  1.4884200E-02  1.0783693E-02
   7.80000  7.0028109E-03  1.7863250E-02  1.2962548E-02
   8.00000  7.6854727E-03  2.0914028E-02  1.5121032E-02
   8.20000  8.2805327E-03  2.3568630E-02  1.6631300E-02
   8.40000  8.8277538E-03  2.5458055E-02  1.7080379E-02
   8.60000  9.3936785E-03  2.6566531E-02  1.6644733E-02
   8.80000  1.0076172E-02  2.7157040E-02  1.5806824E-02
   9.00000  1.0983903E-02  2.7289367E-02  1.4985180E-02
   9.20000  1.2193733E-02  2.6568633E-02  1.4474637E-02
   9.40000  1.3727809E-02  2.4816795E-02  1.4465032E-02
   9.60000  1.5645667E-02  2.4225390E-02  1.5105955E-02
   9.80000  1.7910280E-02  2.2413146E-02  1.6357244E-02
   10.0000  2.0589292E-02  2.1398304E-02  1.8240550E-02
   10.2500  2.4643527E-02  2.1539736E-02  2.1474639E-02
   10.5000  2.9606613E-02  2.3166018E-02  2.5664259E-02
   10.7500  3.5476051E-02  2.6092019E-02  3.0766542E-02
   11.0000  4.1922137E-02  3.0149081E-02  3.6686645E-02
   11.2500  4.8094178E-02  3.5205019E-02  4.3155308E-02
   11.5000  5.2681367E-02  4.1160870E-02  4.9550932E-02
   11.7500  5.4541510E-02  4.7867142E-02  5.4898779E-02
   12.0000  5.3464789E-02  5.5283957E-02  5.7835177E-02
   12.2500  5.1069536E-02  6.1570870E-02  5.8308107E-02
   12.5000  4.7639250E-02  6.5756805E-02  5.7704499E-02
   12.7500  4.4434012E-02  6.7043534E-02  5.5843418E-02
   13.0000  4.1857639E-02  6.5553874E-02  5.3278709E-02
   13.2500  3.9958157E-02  6.2108661E-02  5.0397392E-02
   13.5000  3.8628635E-02  5.7669168E-02  4.7461345E-02
   13.7500  3.7743066E-02  5.2405667E-02  4.4476378E-02
   14.0000  3.7320263E-02  4.8428651E-02  4.1922019E-02
   14.2500  3.6973310E-02  4.4667384E-02  3.9581820E-02
   14.5000  3.6825927E-02  4.1365665E-02  3.7604800E-02
   14.7500  3.6839495E-02  3.8529808E-02  3.5983688E-02
   15.0000  3.6977784E-02  3.6131770E-02  3.4693617E-02
   15.2500  3.7209705E-02  3.4130447E-02  3.3706283E-02
   15.5000  3.7494366E-02  3.2476669E-02  3.2985418E-02
   15.7500  3.7801240E-02  3.1125804E-02  3.2503463E-02
   16.0000  3.8097180E-02  3.0034834E-02  3.2232722E-02
   16.2500  3.8351764E-02  2.9165817E-02  3.2148673E-02
   16.5000  3.8538182E-02  2.8485065E-02  3.2225626E-02
   16.7500  3.8637411E-02  2.7962134E-02  3.2437943E-02
   17.0000  3.8642163E-02  2.7571138E-02  3.2759962E-02
   17.2500  3.8558845E-02  2.7288254E-02  3.3165525E-02
   17.5000  3.8406219E-02  2.7093329E-02  3.3630626E-02
   17.7500  3.8210932E-02  2.6968905E-02  3.4134992E-02
   18.0000  3.8003134E-02  2.6901231E-02  3.4663357E-02
   18.2500  3.7810390E-02  2.6879618E-02  3.5206050E-02
   18.5000  3.7654275E-02  2.6897072E-02  3.5756870E-02
   18.7500  3.7549068E-02  2.6949494E-02  3.6310609E-02
   19.0000  3.7503589E-02  2.7036574E-02  3.6863600E-02
   19.2500  3.7518013E-02  2.7158400E-02  3.7404937E-02
   19.5000  3.7591041E-02  2.7317871E-02  3.7924390E-02
   19.7500  3.7716388E-02  2.7519711E-02  3.8405223E-02
   20.0000  3.7883136E-02  2.7768468E-02  3.8825504E-02
   21.0000  3.8606978E-02  2.9298035E-02  3.9439294E-02
   22.0000  3.8504303E-02  3.1683918E-02  3.7934301E-02
   23.0000  3.7604001E-02  3.4517935E-02  3.5695640E-02
   24.0000  3.6259542E-02  3.6700150E-02  3.4010790E-02
   25.0000  3.5604606E-02  3.7988972E-02  3.3407217E-02
   26.0000  3.4928662E-02  3.7703147E-02  3.3037894E-02
   27.0000  3.4337633E-02  3.6161116E-02  3.2570397E-02
   28.0000  3.3953104E-02  3.4073056E-02  3.1935371E-02
   29.0000  3.3682602E-02  3.2055481E-02  3.1192810E-02
   30.0000  3.3220435E-02  3.0416315E-02  3.0395831E-02
   31.0000  3.2318387E-02  2.9202234E-02  2.9551743E-02
   32.0000  3.0980554E-02  2.8335584E-02  2.8663235E-02
   33.0000  2.9348980E-02  2.7698311E-02  2.7745101E-02
   34.0000  2.7579052E-02  2.7200009E-02  2.6839584E-02
   35.0000  2.5790348E-02  2.6754987E-02  2.5979056E-02
   36.0000  2.4069112E-02  2.6281403E-02  2.5173909E-02
   37.0000  2.2474695E-02  2.5700362E-02  2.4388673E-02
   38.0000  2.1059516E-02  2.4953656E-02  2.3555722E-02
   39.0000  1.9874393E-02  2.4029127E-02  2.2613806E-02
   40.0000  1.8939752E-02  2.2962773E-02  2.1547092E-02
