  7709.000   27  1  1  1.9222038E-02 -4.6254729E+00 -2.9956401E-01  1  1  7.5662554E+03  8.0000000E+03  0.0000000E+00  1.1792254E+00  1.0000000E+00  0.0000000E+00  = E_edge, Z, n_edge, j_edge, Abs_before_edge, VO_interstitial, E_cut, ninit, ninit1, Epsii, UnitCell_Volume, Surface_ref, f0_forward, natomsym_f, abs_u_iso
    Energy   (100,001)      (010,001)      (001,110)   
  -25.0000  4.5065775E-09  1.2324038E-09  7.0555188E-10
  -24.0000  1.1648194E-08  3.0639259E-09  1.6193248E-09
  -23.0000  3.5097343E-08  8.9201857E-09  4.2227768E-09
  -22.0000  1.3740189E-07  3.4317630E-08  1.3709667E-08
  -21.0000  9.7832572E-07  2.6536072E-07  7.5002532E-08
  -20.0000  6.8334525E-04  2.4204650E-05  4.4305675E-05
  -19.0000  5.8437946E-06  1.1609808E-05  3.2177123E-05
  -18.0000  2.3399817E-06  8.5942492E-07  9.2538580E-07
  -17.0000  2.7916193E-06  6.7528800E-07  4.8540250E-07
  -16.0000  6.5270897E-06  1.1278296E-06  7.2727227E-07
  -15.0000  2.8551286E-04  3.0088665E-05  1.5223301E-05
  -14.0000  6.1515126E-06  1.1427978E-05  7.0043174E-06
  -13.0000  9.5884026E-07  2.1190971E-06  3.1907183E-06
  -12.0000  4.3402342E-06  1.0883707E-05  3.1557430E-05
  -11.0000  1.5525059E-05  1.4445126E-05  2.3422388E-05
  -10.0000  1.7470479E-04  4.1983158E-05  1.7923865E-05
  -9.00000  1.2797571E-03  1.5927394E-04  2.2428179E-05
  -8.00000  9.5229922E-05  2.4079856E-05  9.5147731E-06
  -7.00000  2.8009101E-03  2.0942584E-04  3.8065882E-04
  -6.00000  5.6003771E-04  2.6111610E-04  1.9276927E-04
  -5.00000  1.4482780E-01  4.6826911E-03  3.3499083E-03
  -4.00000  5.0961024E-03  1.1164692E-03  2.7600078E-03
  -3.00000  4.1449596E-03  8.2260749E-03  3.2757192E-03
  -2.00000  1.5404082E-03  1.5913430E-03  2.2373805E-03
  -1.00000  5.3334322E-04  7.5830605E-04  4.2466229E-04
   0.00000  1.0358178E-03  1.4354620E-03  1.0406464E-03
   1.00000  4.6906967E-04  4.9343947E-04  4.2452407E-04
   2.00000  3.9426684E-04  5.6092322E-04  3.7495692E-04
   3.00000  5.2604451E-04  7.9102514E-04  4.8889275E-04
   4.00000  7.9686202E-04  1.2309672E-03  7.5045596E-04
   5.00000  1.2714619E-03  2.1138974E-03  1.3911055E-03
   5.20000  1.3880108E-03  2.4014334E-03  1.6069846E-03
   5.40000  1.5062466E-03  2.7513184E-03  1.8682015E-03
   5.60000  1.6221493E-03  3.1842706E-03  2.1872795E-03
   5.80000  1.7327183E-03  3.7319028E-03  2.5829763E-03
   6.00000  1.8413133E-03  4.4425414E-03  3.0841061E-03
   6.20000  1.9729772E-03  5.3788761E-03  3.7326539E-03
   6.40000  2.1922428E-03  6.5964453E-03  4.5893580E-03
   6.60000  2.5595215E-03  8.0897191E-03  5.7408379E-03
   6.80000  3.0158526E-03  9.8196883E-03  7.3274101E-03
   7.00000  3.4537899E-03  1.1828379E-02  9.5526569E-03
   7.20000  3.8648599E-03  1.4249827E-02  1.2591644E-02
   7.40000  4.2914673E-03  1.7054770E-02  1.6231711E-02
   7.60000  4.7394398E-03  2.0090960E-02  1.9375446E-02
   7.80000  5.2116637E-03  2.2711578E-02  2.0138558E-02
   8.00000  5.6739840E-03  2.4255102E-02  1.8186317E-02
   8.20000  6.1029096E-03  2.4793531E-02  1.5187268E-02
   8.40000  6.5222159E-03  2.5295853E-02  1.2584444E-02
   8.60000  6.9809086E-03  2.6700538E-02  1.0813091E-02
   8.80000  7.5141673E-03  2.9092343E-02  9.8234481E-03
   9.00000  8.1340546E-03  3.1343882E-02  9.4769359E-03
   9.20000  8.8568538E-03  3.1474103E-02  9.6645963E-03
   9.40000  9.7436342E-03  2.8603097E-02  1.0330876E-02
   9.60000  1.0889590E-02  2.4245234E-02  1.1477658E-02
   9.80000  1.2376567E-02  2.0412746E-02  1.3146238E-02
   10.0000  1.4272318E-02  1.7968453E-02  1.5404026E-02
   10.2500  1.7333926E-02  1.6852379E-02  1.9193413E-02
   10.5000  2.1488772E-02  1.8108132E-02  2.4401582E-02
   10.7500  2.6576492E-02  1.9713859E-02  3.0966467E-02
   11.0000  3.2613412E-02  2.2600488E-02  3.9069422E-02
   11.2500  3.8974682E-02  2.6693999E-02  4.8258474E-02
   11.5000  4.4341140E-02  3.2020455E-02  5.7158897E-02
   11.7500  4.7224425E-02  3.8636704E-02  6.3680355E-02
   12.0000  4.7481462E-02  4.6749993E-02  6.5427643E-02
   12.2500  4.5542966E-02  5.5471709E-02  6.4662917E-02
   12.5000  4.3068720E-02  6.3770518E-02  6.1655231E-02
   12.7500  4.0959049E-02  6.9805548E-02  5.7722698E-02
   13.0000  3.9449433E-02  7.2044347E-02  5.3676300E-02
   13.2500  3.8453775E-02  7.0323743E-02  4.9889795E-02
   13.5000  3.7828282E-02  6.5791996E-02  4.6488978E-02
   13.7500  3.7462344E-02  5.9956354E-02  4.3487200E-02
   14.0000  3.7820505E-02  5.3308636E-02  4.0498655E-02
   14.2500  3.7693494E-02  4.8085293E-02  3.8154244E-02
   14.5000  3.7702490E-02  4.3548035E-02  3.6153067E-02
   14.7500  3.7837424E-02  3.9719828E-02  3.4466775E-02
   15.0000  3.8084832E-02  3.6543523E-02  3.3068758E-02
   15.2500  3.8427928E-02  3.3935636E-02  3.1932994E-02
   15.5000  3.8848767E-02  3.1810913E-02  3.1039631E-02
   15.7500  3.9319741E-02  3.0089731E-02  3.0367414E-02
   16.0000  3.9816271E-02  2.8708497E-02  2.9901546E-02
   16.2500  4.0308825E-02  2.7615333E-02  2.9627193E-02
   16.5000  4.0764679E-02  2.6767894E-02  2.9527529E-02
   16.7500  4.1153774E-02  2.6132233E-02  2.9583334E-02
   17.0000  4.1455529E-02  2.5679780E-02  2.9772849E-02
   17.2500  4.1662625E-02  2.5385946E-02  3.0073815E-02
   17.5000  4.1785118E-02  2.5229192E-02  3.0464260E-02
   17.7500  4.1845591E-02  2.5190124E-02  3.0924423E-02
   18.0000  4.1874916E-02  2.5251202E-02  3.1439109E-02
   18.2500  4.1903352E-02  2.5396263E-02  3.1996836E-02
   18.5000  4.1953959E-02  2.5610808E-02  3.2587937E-02
   18.7500  4.2041886E-02  2.5881883E-02  3.3204885E-02
   19.0000  4.2172522E-02  2.6198531E-02  3.3841072E-02
   19.2500  4.2340838E-02  2.6550767E-02  3.4483216E-02
   19.5000  4.2536528E-02  2.6932105E-02  3.5120268E-02
   19.7500  4.2742841E-02  2.7338320E-02  3.5736023E-02
   20.0000  4.2937254E-02  2.7767206E-02  3.6309231E-02
   21.0000  4.3064941E-02  2.9748151E-02  3.7692695E-02
   22.0000  4.1479935E-02  3.2337824E-02  3.6974565E-02
   23.0000  3.9318633E-02  3.5383653E-02  3.5263253E-02
   24.0000  3.7862168E-02  3.8009956E-02  3.4185014E-02
   25.0000  3.6708277E-02  3.8999560E-02  3.3734048E-02
   26.0000  3.6376015E-02  3.8451001E-02  3.3915281E-02
   27.0000  3.6103905E-02  3.6729979E-02  3.3960468E-02
   28.0000  3.5637105E-02  3.4707922E-02  3.3648210E-02
   29.0000  3.4791468E-02  3.2866749E-02  3.3046397E-02
   30.0000  3.3462110E-02  3.1351134E-02  3.2295369E-02
   31.0000  3.1700938E-02  3.0152022E-02  3.1475769E-02
   32.0000  2.9721607E-02  2.9201573E-02  3.0622022E-02
   33.0000  2.7730215E-02  2.8409305E-02  2.9736902E-02
   34.0000  2.5850464E-02  2.7699510E-02  2.8830271E-02
   35.0000  2.4138433E-02  2.7003664E-02  2.7905787E-02
   36.0000  2.2621352E-02  2.6254587E-02  2.6948589E-02
   37.0000  2.1327457E-02  2.5397432E-02  2.5928552E-02
   38.0000  2.0300096E-02  2.4402553E-02  2.4810610E-02
   39.0000  1.9558011E-02  2.3281907E-02  2.3579181E-02
   40.0000  1.9028545E-02  2.2088669E-02  2.2252975E-02
