  7709.000   27  1  1  1.9222038E-02 -4.6805802E+00 -3.3878373E-01  1  1  7.5663444E+03  8.0000000E+03  0.0000000E+00  1.1792254E+00  1.0000000E+00  0.0000000E+00  = E_edge, Z, n_edge, j_edge, Abs_before_edge, VO_interstitial, E_cut, ninit, ninit1, Epsii, UnitCell_Volume, Surface_ref, f0_forward, natomsym_f, abs_u_iso
    Energy   (100,001)      (010,001)      (001,110)   
  -25.0000  6.3054723E-09  3.1469356E-10  7.5241790E-10
  -24.0000  1.6378013E-08  5.7617153E-10  1.6789555E-09
  -23.0000  4.9566599E-08  1.0997412E-09  4.1343681E-09
  -22.0000  1.9487766E-07  2.2253155E-09  1.1813497E-08
  -21.0000  1.3953425E-06  5.1033770E-09  4.4298564E-08
  -20.0000  6.8737058E-04  1.0830835E-07  2.8742767E-06
  -19.0000  7.6130903E-06  6.0037305E-07  5.1861689E-05
  -18.0000  3.5174633E-06  6.4610469E-08  1.3211519E-06
  -17.0000  4.3794682E-06  1.8121512E-07  5.9073448E-07
  -16.0000  1.2924777E-05  8.4897331E-07  6.5236569E-07
  -15.0000  1.1783110E-04  1.5807646E-05  2.1410838E-06
  -14.0000  7.4698695E-07  2.1935781E-05  1.3605905E-06
  -13.0000  6.1761320E-07  4.3687484E-06  3.4837221E-06
  -12.0000  4.0932024E-06  2.8195352E-06  4.9399683E-05
  -11.0000  1.9786222E-05  3.1977825E-06  2.8354972E-05
  -10.0000  1.9403278E-04  4.8869671E-06  1.1056328E-05
  -9.00000  4.5612094E-03  4.7775670E-05  4.1031575E-05
  -8.00000  2.2302068E-04  3.4792018E-05  1.1188157E-05
  -7.00000  6.2159619E-04  6.7468327E-05  1.8053481E-04
  -6.00000  1.0361813E-03  3.6047054E-05  1.5015861E-04
  -5.00000  9.4664917E-04  1.5380202E-04  3.5288759E-04
  -4.00000  3.3972086E-02  9.1483967E-04  3.7991716E-04
  -3.00000  7.4446236E-04  9.8816140E-02  2.3234246E-03
  -2.00000  4.5321039E-04  3.0071646E-03  4.1608807E-04
  -1.00000  2.8389135E-04  1.4039854E-03  1.7181551E-04
   0.00000  1.0280249E-03  1.8039734E-03  4.6965791E-04
   1.00000  4.5159881E-04  8.9712619E-04  2.8995615E-04
   2.00000  3.6539249E-04  9.7383178E-04  2.6697836E-04
   3.00000  5.0615419E-04  1.2848533E-03  4.1560528E-04
   4.00000  7.8179410E-04  2.0479170E-03  7.4308815E-04
   5.00000  1.1640365E-03  3.4476071E-03  1.6380808E-03
   5.20000  1.2257538E-03  3.8016029E-03  2.0170607E-03
   5.40000  1.2656674E-03  4.1829655E-03  2.5390469E-03
   5.60000  1.2750427E-03  4.5986623E-03  3.2629186E-03
   5.80000  1.2691248E-03  5.0631249E-03  4.2569503E-03
   6.00000  1.3561746E-03  5.6010138E-03  5.5662386E-03
   6.20000  1.7144567E-03  6.2483433E-03  7.1063442E-03
   6.40000  2.2403992E-03  7.0402943E-03  8.5622423E-03
   6.60000  2.6821558E-03  7.9887881E-03  9.5276826E-03
   6.80000  3.0113113E-03  9.0543097E-03  9.8328253E-03
   7.00000  3.2886685E-03  1.0212877E-02  9.6291402E-03
   7.20000  3.5679893E-03  1.1487019E-02  9.2470796E-03
   7.40000  3.8687777E-03  1.2886966E-02  8.9210902E-03
   7.60000  4.2017734E-03  1.4447642E-02  8.5715570E-03
   7.80000  4.5601318E-03  1.6167586E-02  8.1052325E-03
   8.00000  4.9739554E-03  1.8107182E-02  7.7466906E-03
   8.20000  5.4686291E-03  2.0304086E-02  7.5845098E-03
   8.40000  6.0653864E-03  2.2801734E-02  7.6265398E-03
   8.60000  6.7884614E-03  2.5667142E-02  7.9010852E-03
   8.80000  7.6617608E-03  2.9000899E-02  8.4654040E-03
   9.00000  8.6938054E-03  3.2942028E-02  9.3900151E-03
   9.20000  9.8367939E-03  3.7664550E-02  1.0717894E-02
   9.40000  1.0940073E-02  4.3332309E-02  1.2398498E-02
   9.60000  1.1809806E-02  5.0107217E-02  1.4279105E-02
   9.80000  1.2436674E-02  5.8171908E-02  1.6273232E-02
   10.0000  1.3049095E-02  6.7726201E-02  1.8438754E-02
   10.2500  1.4119663E-02  8.1764531E-02  2.1418422E-02
   10.5000  1.5407418E-02  9.6944242E-02  2.4341421E-02
   10.7500  1.7478325E-02  1.1012263E-01  2.7468618E-02
   11.0000  2.0025694E-02  1.1541465E-01  3.0507509E-02
   11.2500  2.3021870E-02  1.0877354E-01  3.3509676E-02
   11.5000  2.6403391E-02  9.2866506E-02  3.6587491E-02
   11.7500  3.0020572E-02  7.4512892E-02  3.9835445E-02
   12.0000  3.3462673E-02  5.8211024E-02  4.3158492E-02
   12.2500  3.6635301E-02  4.6171627E-02  4.6798849E-02
   12.5000  3.9166100E-02  3.7431390E-02  5.0029995E-02
   12.7500  4.0928005E-02  3.1187680E-02  5.2426084E-02
   13.0000  4.1972533E-02  2.6716875E-02  5.3627504E-02
   13.2500  4.2477319E-02  2.3473601E-02  5.3489773E-02
   13.5000  4.2659640E-02  2.1076339E-02  5.2146308E-02
   13.7500  4.2406415E-02  1.9328170E-02  4.9468234E-02
   14.0000  4.2143748E-02  1.7993902E-02  4.6420476E-02
   14.2500  4.2319731E-02  1.6882604E-02  4.3731325E-02
   14.5000  4.2632675E-02  1.5998597E-02  4.1278756E-02
   14.7500  4.3106985E-02  1.5290509E-02  3.9200315E-02
   15.0000  4.3749070E-02  1.4722764E-02  3.7560231E-02
   15.2500  4.4553548E-02  1.4271336E-02  3.6379620E-02
   15.5000  4.5511231E-02  1.3919857E-02  3.5657637E-02
   15.7500  4.6585095E-02  1.3656788E-02  3.5377525E-02
   16.0000  4.7749858E-02  1.3474991E-02  3.5521995E-02
   16.2500  4.8961648E-02  1.3369240E-02  3.6067305E-02
   16.5000  5.0162993E-02  1.3336120E-02  3.6978056E-02
   16.7500  5.1283037E-02  1.3373694E-02  3.8202745E-02
   17.0000  5.2237051E-02  1.3480786E-02  3.9664021E-02
   17.2500  5.2933312E-02  1.3656096E-02  4.1252610E-02
   17.5000  5.3284402E-02  1.3898417E-02  4.2832107E-02
   17.7500  5.3223544E-02  1.4206437E-02  4.4255306E-02
   18.0000  5.2718365E-02  1.4579176E-02  4.5385016E-02
   18.2500  5.1781302E-02  1.5014843E-02  4.6121643E-02
   18.5000  5.0475380E-02  1.5511814E-02  4.6425059E-02
   18.7500  4.8904001E-02  1.6069077E-02  4.6315478E-02
   19.0000  4.7191466E-02  1.6685709E-02  4.5858975E-02
   19.2500  4.5461996E-02  1.7360213E-02  4.5146986E-02
   19.5000  4.3822016E-02  1.8091346E-02  4.4274300E-02
   19.7500  4.2351831E-02  1.8877898E-02  4.3325977E-02
   20.0000  4.1102940E-02  1.9718250E-02  4.2366305E-02
   21.0000  3.8585013E-02  2.3563517E-02  3.9115804E-02
   22.0000  3.9293943E-02  2.8007336E-02  3.7143666E-02
   23.0000  4.1278057E-02  3.2673320E-02  3.5948189E-02
   24.0000  4.2594709E-02  3.6922879E-02  3.4902712E-02
   25.0000  4.2123944E-02  3.9997019E-02  3.3742433E-02
   26.0000  3.8891295E-02  4.1459030E-02  3.2229442E-02
   27.0000  3.4724992E-02  4.1026859E-02  3.0711717E-02
   28.0000  3.0859228E-02  3.9524991E-02  2.9160106E-02
   29.0000  2.8146452E-02  3.7499783E-02  2.7884248E-02
   30.0000  2.6520339E-02  3.5373067E-02  2.7122897E-02
   31.0000  2.5624751E-02  3.3418350E-02  2.6839217E-02
   32.0000  2.5167125E-02  3.1769374E-02  2.6803900E-02
   33.0000  2.4935590E-02  3.0426108E-02  2.6795185E-02
   34.0000  2.4790271E-02  2.9313943E-02  2.6696380E-02
   35.0000  2.4611975E-02  2.8320952E-02  2.6456025E-02
   36.0000  2.4279114E-02  2.7338129E-02  2.6040988E-02
   37.0000  2.3679976E-02  2.6287400E-02  2.5411507E-02
   38.0000  2.2763893E-02  2.5120987E-02  2.4524083E-02
   39.0000  2.1589625E-02  2.3825479E-02  2.3353753E-02
   40.0000  2.0308749E-02  2.2421228E-02  2.1929587E-02
