  7709.000   27  1  1  1.9222038E-02 -4.7978814E+00 -3.6089211E-01  1  1  7.5663533E+03  8.0000000E+03  0.0000000E+00  1.1792254E+00  1.0000000E+00  0.0000000E+00  = E_edge, Z, n_edge, j_edge, Abs_before_edge, VO_interstitial, E_cut, ninit, ninit1, Epsii, UnitCell_Volume, Surface_ref, f0_forward, natomsym_f, abs_u_iso
    Energy   (100,001)      (010,001)      (001,110)   
  -25.0000  5.8434231E-09  3.4273440E-10  7.2912794E-10
  -24.0000  1.5220810E-08  6.2443586E-10  1.6402426E-09
  -23.0000  4.6444053E-08  1.1845316E-09  4.0873610E-09
  -22.0000  1.8688951E-07  2.3681809E-09  1.1884772E-08
  -21.0000  1.4594595E-06  5.1403177E-09  4.5306873E-08
  -20.0000  4.2145414E-04  1.4262447E-08  3.3915089E-07
  -19.0000  4.1912373E-06  5.9289974E-07  6.7393888E-05
  -18.0000  2.3904033E-06  6.5979110E-08  9.2495542E-07
  -17.0000  2.7870671E-06  2.0496170E-07  4.7171422E-07
  -16.0000  6.1201807E-06  1.0143470E-06  4.7329965E-07
  -15.0000  7.0032970E-04  2.1995573E-05  9.7442224E-07
  -14.0000  8.5191660E-07  1.6198442E-05  1.1697011E-06
  -13.0000  8.5184539E-07  4.1775973E-06  3.8796777E-06
  -12.0000  4.9719002E-06  2.7694139E-06  2.6811915E-04
  -11.0000  2.3012195E-05  3.0983254E-06  1.0909126E-05
  -10.0000  2.5382099E-04  4.6508111E-06  8.6594935E-06
  -9.00000  1.8052022E-03  2.0222644E-05  6.8948011E-06
  -8.00000  1.5529338E-04  4.8989857E-05  1.3506591E-05
  -7.00000  4.3235425E-03  7.2647466E-05  5.2478421E-04
  -6.00000  6.5026442E-04  4.1573308E-05  1.1340422E-04
  -5.00000  2.7665926E-03  2.5184751E-04  5.6661809E-03
  -4.00000  1.7579738E-01  1.1139500E-03  7.9410729E-04
  -3.00000  1.2717507E-03  3.9521390E-02  1.8197840E-03
  -2.00000  5.1679070E-04  2.7447643E-03  3.2716130E-04
  -1.00000  2.6878077E-04  1.4019953E-03  1.7763953E-04
   0.00000  9.1082827E-04  9.4843403E-04  5.2000715E-04
   1.00000  3.0913777E-04  8.6996609E-04  1.8989995E-04
   2.00000  3.0806454E-04  9.5689744E-04  2.2206546E-04
   3.00000  4.3333883E-04  1.2210136E-03  3.5076918E-04
   4.00000  6.7984143E-04  1.8569827E-03  6.3697740E-04
   5.00000  1.0729454E-03  3.0253849E-03  1.3734265E-03
   5.20000  1.1617911E-03  3.3217521E-03  1.6562780E-03
   5.40000  1.2478628E-03  3.6391316E-03  2.0258002E-03
   5.60000  1.3272373E-03  3.9796691E-03  2.5129075E-03
   5.80000  1.3982421E-03  4.3485100E-03  3.1552874E-03
   6.00000  1.4703184E-03  4.7559008E-03  3.9909882E-03
   6.20000  1.5853791E-03  5.2193621E-03  5.0409810E-03
   6.40000  1.8441788E-03  5.7664292E-03  6.2826428E-03
   6.60000  2.3613748E-03  6.4310492E-03  7.6250291E-03
   6.80000  3.0929773E-03  7.2439344E-03  8.9194462E-03
   7.00000  3.8395603E-03  8.2221794E-03  1.0019381E-02
   7.20000  4.5053960E-03  9.3811157E-03  1.0843979E-02
   7.40000  5.1229878E-03  1.0720451E-02  1.1440707E-02
   7.60000  5.7632415E-03  1.2288603E-02  1.1868131E-02
   7.80000  6.4836163E-03  1.3978566E-02  1.2125740E-02
   8.00000  7.3433268E-03  1.5807629E-02  1.2131928E-02
   8.20000  8.3979355E-03  1.7776420E-02  1.1992686E-02
   8.40000  9.6950095E-03  1.9875168E-02  1.1870614E-02
   8.60000  1.1230419E-02  2.2099682E-02  1.1878339E-02
   8.80000  1.2847788E-02  2.4503245E-02  1.2158224E-02
   9.00000  1.4197263E-02  2.7209085E-02  1.2891890E-02
   9.20000  1.5090330E-02  3.0395761E-02  1.4276634E-02
   9.40000  1.5402160E-02  3.4290070E-02  1.6478939E-02
   9.60000  1.6418650E-02  3.9180845E-02  1.9608050E-02
   9.80000  1.7967981E-02  4.5413207E-02  2.3642118E-02
   10.0000  2.0026288E-02  5.3390208E-02  2.8385832E-02
   10.2500  2.3274094E-02  6.6416064E-02  3.4774852E-02
   10.5000  2.7259817E-02  8.3048856E-02  4.1020461E-02
   10.7500  3.1945636E-02  1.0153908E-01  4.6721192E-02
   11.0000  3.7175286E-02  1.1606075E-01  5.1809316E-02
   11.2500  4.2573886E-02  1.1836877E-01  5.6355774E-02
   11.5000  4.7525912E-02  1.0636101E-01  6.0322634E-02
   11.7500  5.1075629E-02  8.6937144E-02  6.3457174E-02
   12.0000  5.2613481E-02  6.8394285E-02  6.5896402E-02
   12.2500  5.2790077E-02  5.3935311E-02  6.5765913E-02
   12.5000  5.1614690E-02  4.3324655E-02  6.3722182E-02
   12.7500  4.9667743E-02  3.5723396E-02  6.0201432E-02
   13.0000  4.7481717E-02  3.0260649E-02  5.5837575E-02
   13.2500  4.5422335E-02  2.6270687E-02  5.1232641E-02
   13.5000  4.3689617E-02  2.3294269E-02  4.6825909E-02
   13.7500  4.2311052E-02  2.1121811E-02  4.1950770E-02
   14.0000  4.1431762E-02  1.9339319E-02  3.8716058E-02
   14.2500  4.0909254E-02  1.7930909E-02  3.6049848E-02
   14.5000  4.0714635E-02  1.6803976E-02  3.3927941E-02
   14.7500  4.0814286E-02  1.5894596E-02  3.2308879E-02
   15.0000  4.1172777E-02  1.5158122E-02  3.1148985E-02
   15.2500  4.1763522E-02  1.4564115E-02  3.0410976E-02
   15.5000  4.2537913E-02  1.4089633E-02  3.0062449E-02
   15.7500  4.3466544E-02  1.3719926E-02  3.0081799E-02
   16.0000  4.4507809E-02  1.3443751E-02  3.0449252E-02
   16.2500  4.5608869E-02  1.3253448E-02  3.1145564E-02
   16.5000  4.6705367E-02  1.3143274E-02  3.2144155E-02
   16.7500  4.7720344E-02  1.3109027E-02  3.3403325E-02
   17.0000  4.8563331E-02  1.3147357E-02  3.4858508E-02
   17.2500  4.9140665E-02  1.3255290E-02  3.6422155E-02
   17.5000  4.9364144E-02  1.3430114E-02  3.7983952E-02
   17.7500  4.9171577E-02  1.3669698E-02  3.9423260E-02
   18.0000  4.8542464E-02  1.3971054E-02  4.0629621E-02
   18.2500  4.7507641E-02  1.4332499E-02  4.1522640E-02
   18.5000  4.6150020E-02  1.4752492E-02  4.2070888E-02
   18.7500  4.4586978E-02  1.5229583E-02  4.2284850E-02
   19.0000  4.2950622E-02  1.5761445E-02  4.2211047E-02
   19.2500  4.1362444E-02  1.6347434E-02  4.1914659E-02
   19.5000  3.9918247E-02  1.6986009E-02  4.1464036E-02
   19.7500  3.8681960E-02  1.7675421E-02  4.0922236E-02
   20.0000  3.7688523E-02  1.8414250E-02  4.0339382E-02
   21.0000  3.6136413E-02  2.1828869E-02  3.8186143E-02
   22.0000  3.7346114E-02  2.5866024E-02  3.6703291E-02
   23.0000  3.9200181E-02  3.1035036E-02  3.5499555E-02
   24.0000  3.9605262E-02  3.5520786E-02  3.4226467E-02
   25.0000  3.7718703E-02  3.9321562E-02  3.2649415E-02
   26.0000  3.4029537E-02  4.1818201E-02  3.0812328E-02
   27.0000  3.0060804E-02  4.2625328E-02  2.8886152E-02
   28.0000  2.7089011E-02  4.1854450E-02  2.7096996E-02
   29.0000  2.5334764E-02  4.0047938E-02  2.5734584E-02
   30.0000  2.4420311E-02  3.7829486E-02  2.4993306E-02
   31.0000  2.3960412E-02  3.5663308E-02  2.4794274E-02
   32.0000  2.3730265E-02  3.3801521E-02  2.4872899E-02
   33.0000  2.3584023E-02  3.2296632E-02  2.4958438E-02
   34.0000  2.3418998E-02  3.1071560E-02  2.4889089E-02
   35.0000  2.3147863E-02  2.9997132E-02  2.4582096E-02
   36.0000  2.2691978E-02  2.8949635E-02  2.3983438E-02
   37.0000  2.2001803E-02  2.7830779E-02  2.3052070E-02
   38.0000  2.1110431E-02  2.6581349E-02  2.1790756E-02
   39.0000  2.0132863E-02  2.5189636E-02  2.0308649E-02
   40.0000  1.9209834E-02  2.3691589E-02  1.8861453E-02
