  7709.000   27  1  1  1.9222038E-02 -4.8021735E+00 -4.1877109E-01  1  1  7.5662653E+03  8.0000000E+03  0.0000000E+00  1.1792254E+00  1.0000000E+00  0.0000000E+00  = E_edge, Z, n_edge, j_edge, Abs_before_edge, VO_interstitial, E_cut, ninit, ninit1, Epsii, UnitCell_Volume, Surface_ref, f0_forward, natomsym_f, abs_u_iso
    Energy   (100,001)      (010,001)      (001,110)   
  -25.0000  6.2252024E-09  3.4311133E-10  6.6548162E-10
  -24.0000  1.6068442E-08  6.2840375E-10  1.4708793E-09
  -23.0000  4.8089243E-08  1.1988138E-09  3.5665897E-09
  -22.0000  1.8469509E-07  2.4121669E-09  9.8945693E-09
  -21.0000  1.2312889E-06  5.2653434E-09  3.4267901E-08
  -20.0000  2.9570721E-04  2.2266541E-08  1.9259928E-07
  -19.0000  7.0995266E-06  1.5257651E-07  7.3867480E-06
  -18.0000  3.5516495E-06  8.2376510E-08  1.9236549E-06
  -17.0000  3.9723573E-06  1.9986106E-07  6.8396249E-07
  -16.0000  8.2407233E-06  9.3729172E-07  6.1056471E-07
  -15.0000  1.4317080E-04  1.6250376E-05  1.0390029E-06
  -14.0000  4.8868112E-06  2.1119306E-05  1.4097977E-06
  -13.0000  2.7336890E-07  4.7516695E-06  4.2445028E-06
  -12.0000  3.1173445E-06  3.5599673E-06  9.7074912E-05
  -11.0000  1.7962838E-05  3.0543370E-06  2.0821200E-05
  -10.0000  1.7909266E-04  4.7044126E-06  1.1999220E-05
  -9.00000  5.0871352E-03  2.9581663E-05  2.6350082E-05
  -8.00000  2.8887475E-04  3.2924481E-05  1.0257308E-05
  -7.00000  5.8783357E-03  1.1042030E-04  3.2326440E-05
  -6.00000  6.9959281E-04  6.1195995E-05  1.2521354E-04
  -5.00000  2.7670500E-03  1.5288135E-04  1.6103230E-04
  -4.00000  1.2332656E-02  1.0533755E-03  2.5927984E-04
  -3.00000  8.0012746E-04  1.2449219E-01  1.9196509E-03
  -2.00000  5.0560975E-04  3.3191245E-03  3.6128783E-04
  -1.00000  2.9861913E-04  1.5622168E-03  1.7511902E-04
   0.00000  6.4375557E-04  1.1818923E-03  3.4271727E-04
   1.00000  3.4198079E-04  9.3527718E-04  2.1312163E-04
   2.00000  3.3067557E-04  1.0183216E-03  2.5163654E-04
   3.00000  4.4784574E-04  1.3104741E-03  4.0407633E-04
   4.00000  6.6982176E-04  2.0528368E-03  7.4644133E-04
   5.00000  9.8468967E-04  3.3250476E-03  1.6772912E-03
   5.20000  1.0496464E-03  3.6240117E-03  2.0474505E-03
   5.40000  1.1116706E-03  3.9372287E-03  2.5358746E-03
   5.60000  1.1692019E-03  4.2690894E-03  3.1841771E-03
   5.80000  1.2218804E-03  4.6278530E-03  4.0420945E-03
   6.00000  1.2732990E-03  5.0274990E-03  5.1596740E-03
   6.20000  1.3375180E-03  5.4889114E-03  6.5683346E-03
   6.40000  1.4547184E-03  6.0370017E-03  8.2448698E-03
   6.60000  1.7137078E-03  6.6935890E-03  1.0070952E-02
   6.80000  2.2225986E-03  7.4662173E-03  1.1819009E-02
   7.00000  2.9216376E-03  8.3554833E-03  1.3207684E-02
   7.20000  3.5326003E-03  9.3352222E-03  1.4038583E-02
   7.40000  3.9296845E-03  1.0380149E-02  1.4264069E-02
   7.60000  4.2025703E-03  1.1485975E-02  1.3968497E-02
   7.80000  4.4404882E-03  1.2645646E-02  1.3334189E-02
   8.00000  4.7003703E-03  1.3876862E-02  1.2529576E-02
   8.20000  5.0074651E-03  1.5207514E-02  1.1720879E-02
   8.40000  5.3758408E-03  1.6675869E-02  1.1051878E-02
   8.60000  5.8140718E-03  1.8332946E-02  1.0642003E-02
   8.80000  6.3286027E-03  2.0245139E-02  1.0588008E-02
   9.00000  6.9263332E-03  2.2498298E-02  1.0969270E-02
   9.20000  7.6154958E-03  2.5187124E-02  1.1860972E-02
   9.40000  8.4088619E-03  2.8436189E-02  1.3331856E-02
   9.60000  9.3208161E-03  3.2393276E-02  1.5436574E-02
   9.80000  1.0376642E-02  3.7244775E-02  1.8192423E-02
   10.0000  1.1599342E-02  4.3201591E-02  2.1524976E-02
   10.2500  1.3409121E-02  5.2565462E-02  2.6207246E-02
   10.5000  1.5597447E-02  6.4429990E-02  3.0943694E-02
   10.7500  1.8240806E-02  7.8735147E-02  3.5235207E-02
   11.0000  2.1401779E-02  9.4012867E-02  3.8870917E-02
   11.2500  2.5097374E-02  1.0629439E-01  4.1982441E-02
   11.5000  2.9244782E-02  1.1003423E-01  4.4913582E-02
   11.7500  3.3607983E-02  1.0277570E-01  4.7943346E-02
   12.0000  3.7617855E-02  8.7378319E-02  5.0211991E-02
   12.2500  4.1025807E-02  7.1633303E-02  5.3232904E-02
   12.5000  4.3394364E-02  5.7927218E-02  5.5270720E-02
   12.7500  4.4648858E-02  4.7274294E-02  5.5992561E-02
   13.0000  4.4984543E-02  3.9370907E-02  5.5351886E-02
   13.2500  4.4735983E-02  3.3566896E-02  5.3564777E-02
   13.5000  4.3514944E-02  2.9591382E-02  5.0452149E-02
   13.7500  4.2988357E-02  2.6291330E-02  4.7443261E-02
   14.0000  4.2609499E-02  2.3740219E-02  4.4442988E-02
   14.2500  4.2452618E-02  2.1729268E-02  4.1677663E-02
   14.5000  4.2551133E-02  2.0117632E-02  3.9275225E-02
   14.7500  4.2914151E-02  1.8809865E-02  3.7294593E-02
   15.0000  4.3535360E-02  1.7739778E-02  3.5747330E-02
   15.2500  4.4408076E-02  1.6860880E-02  3.4626504E-02
   15.5000  4.5497415E-02  1.6140314E-02  3.3914048E-02
   15.7500  4.6782037E-02  1.5554904E-02  3.3589099E-02
   16.0000  4.8223606E-02  1.5087687E-02  3.3631733E-02
   16.2500  4.9768094E-02  1.4726120E-02  3.4020447E-02
   16.5000  5.1343626E-02  1.4460334E-02  3.4730658E-02
   16.7500  5.2858648E-02  1.4282134E-02  3.5727304E-02
   17.0000  5.4203021E-02  1.4184572E-02  3.6960018E-02
   17.2500  5.5255993E-02  1.4161654E-02  3.8357207E-02
   17.5000  5.5902701E-02  1.4206744E-02  3.9821749E-02
   17.7500  5.6055981E-02  1.4314632E-02  4.1239965E-02
   18.0000  5.5674928E-02  1.4480653E-02  4.2492839E-02
   18.2500  5.4779917E-02  1.4700317E-02  4.3470609E-02
   18.5000  5.3453353E-02  1.4969467E-02  4.4094710E-02
   18.7500  5.1824465E-02  1.5284246E-02  4.4334161E-02
   19.0000  5.0044982E-02  1.5641976E-02  4.4204813E-02
   19.2500  4.8260989E-02  1.6041154E-02  4.3761824E-02
   19.5000  4.6592601E-02  1.6480488E-02  4.3084050E-02
   19.7500  4.5126168E-02  1.6959380E-02  4.2254170E-02
   20.0000  4.3914703E-02  1.7477754E-02  4.1346460E-02
   21.0000  4.1789141E-02  1.9966831E-02  3.7885945E-02
   22.0000  4.3048576E-02  2.3182186E-02  3.5524192E-02
   23.0000  4.5297426E-02  2.7197177E-02  3.4141352E-02
   24.0000  4.5492297E-02  3.2674346E-02  3.3231300E-02
   25.0000  4.2597089E-02  3.7292707E-02  3.2553408E-02
   26.0000  3.7476855E-02  4.0736426E-02  3.1838425E-02
   27.0000  3.2029772E-02  4.2303233E-02  3.0882467E-02
   28.0000  2.7811212E-02  4.2076290E-02  2.9626519E-02
   29.0000  2.5155790E-02  4.0665898E-02  2.8244257E-02
   30.0000  2.3678169E-02  3.8736636E-02  2.7027151E-02
   31.0000  2.2930159E-02  3.6779514E-02  2.6190870E-02
   32.0000  2.2607776E-02  3.5075246E-02  2.5757129E-02
   33.0000  2.2500505E-02  3.3684302E-02  2.5575978E-02
   34.0000  2.2478381E-02  3.2558984E-02  2.5496767E-02
   35.0000  2.2438631E-02  3.1597137E-02  2.5394134E-02
   36.0000  2.2294894E-02  3.0673570E-02  2.5157330E-02
   37.0000  2.1955339E-02  2.9672645E-02  2.4687293E-02
   38.0000  2.1370329E-02  2.8527226E-02  2.3915158E-02
   39.0000  2.0570185E-02  2.7202539E-02  2.2805567E-02
   40.0000  1.9669019E-02  2.5703792E-02  2.1393484E-02
