  7709.000   27  1  1  1.9222038E-02 -4.5257350E+00 -3.1668965E-01  1  1  7.5664136E+03  8.0000000E+03  0.0000000E+00  1.1792254E+00  1.0000000E+00  0.0000000E+00  = E_edge, Z, n_edge, j_edge, Abs_before_edge, VO_interstitial, E_cut, ninit, ninit1, Epsii, UnitCell_Volume, Surface_ref, f0_forward, natomsym_f, abs_u_iso
    Energy   (100,001)      (010,001)      (001,110)   
  -25.0000  7.6560808E-09  3.2836684E-10  7.9357455E-10
  -24.0000  2.0597273E-08  6.0773175E-10  1.8234712E-09
  -23.0000  6.5978948E-08  1.1769472E-09  4.6986134E-09
  -22.0000  2.9039210E-07  2.4395124E-09  1.4638755E-08
  -21.0000  2.9761606E-06  6.0278259E-09  7.6194061E-08
  -20.0000  4.3762066E-05  1.9704605E-08  8.0637008E-07
  -19.0000  1.4588358E-05  1.4358770E-05  1.2814492E-03
  -18.0000  2.9577713E-06  6.7763063E-08  8.9845771E-07
  -17.0000  3.9262816E-06  2.0273965E-07  5.2275246E-07
  -16.0000  1.0614334E-05  1.0339216E-06  6.6758972E-07
  -15.0000  4.7599652E-03  8.2360299E-04  1.2011140E-04
  -14.0000  2.0949750E-06  1.9512222E-05  1.8478132E-06
  -13.0000  5.4542443E-07  4.2967715E-06  5.6564040E-06
  -12.0000  1.5754022E-05  3.9380378E-06  1.2763059E-03
  -11.0000  2.5061075E-05  3.0975540E-06  1.4752450E-05
  -10.0000  4.5890109E-04  7.9901353E-06  1.3483680E-05
  -9.00000  1.7819940E-03  3.2117668E-05  1.5361425E-05
  -8.00000  1.9278747E-04  4.4514983E-05  2.3400411E-05
  -7.00000  4.4901697E-03  1.7232904E-04  5.4804424E-04
  -6.00000  1.1923974E-03  4.3371480E-05  1.2319771E-04
  -5.00000  6.6034370E-04  2.4269453E-04  6.6565785E-04
  -4.00000  8.1040465E-03  1.1129538E-03  3.5397063E-04
  -3.00000  6.9950567E-04  5.3905215E-02  3.4338050E-03
  -2.00000  3.7784346E-04  2.7082525E-03  2.8957351E-04
  -1.00000  2.6414863E-04  1.4229830E-03  1.5873499E-04
   0.00000  1.2056743E-02  8.0960910E-03  6.8758592E-03
   1.00000  4.3528900E-04  1.0081774E-03  3.1136592E-04
   2.00000  3.5699134E-04  1.0135918E-03  2.7646586E-04
   3.00000  4.8616252E-04  1.2985049E-03  4.5325679E-04
   4.00000  7.5525149E-04  1.9979212E-03  8.7969587E-04
   5.00000  1.2173802E-03  3.2818092E-03  2.0470162E-03
   5.20000  1.3361541E-03  3.6136010E-03  2.5162872E-03
   5.40000  1.4636971E-03  3.9750369E-03  3.1455555E-03
   5.60000  1.5987084E-03  4.3721354E-03  4.0020491E-03
   5.80000  1.7370220E-03  4.8149616E-03  5.1781221E-03
   6.00000  1.8726091E-03  5.3181413E-03  6.7895794E-03
   6.20000  2.0160895E-03  5.9049218E-03  8.9534459E-03
   6.40000  2.2420370E-03  6.6158661E-03  1.1703284E-02
   6.60000  2.6850413E-03  7.4739183E-03  1.4825541E-02
   6.80000  3.3293735E-03  8.4930975E-03  1.7647797E-02
   7.00000  3.9609740E-03  9.6411174E-03  1.9394831E-02
   7.20000  4.5047112E-03  1.0886457E-02  1.9759548E-02
   7.40000  5.0252055E-03  1.2188401E-02  1.8960117E-02
   7.60000  5.6102649E-03  1.3546030E-02  1.7421715E-02
   7.80000  6.3356910E-03  1.4983855E-02  1.5512454E-02
   8.00000  7.2870330E-03  1.6595409E-02  1.3604167E-02
   8.20000  8.5753084E-03  1.8552515E-02  1.2096887E-02
   8.40000  1.0331100E-02  2.1009301E-02  1.1097361E-02
   8.60000  1.2566590E-02  2.4082618E-02  1.0607063E-02
   8.80000  1.5062936E-02  2.7853227E-02  1.0644458E-02
   9.00000  1.7048956E-02  3.2114543E-02  1.1270038E-02
   9.20000  1.7592745E-02  3.6479910E-02  1.2554939E-02
   9.40000  1.6860787E-02  4.1047550E-02  1.4557195E-02
   9.60000  1.5971678E-02  4.6616828E-02  1.7287760E-02
   9.80000  1.5656668E-02  5.3983899E-02  2.0646349E-02
   10.0000  1.6032683E-02  6.3625085E-02  2.4394362E-02
   10.2500  1.7294984E-02  7.8958493E-02  2.9168907E-02
   10.5000  1.9203972E-02  9.6427112E-02  3.3651350E-02
   10.7500  2.1578908E-02  1.1113566E-01  3.7714088E-02
   11.0000  2.4284390E-02  1.1560872E-01  4.1386332E-02
   11.2500  2.6742253E-02  1.0678937E-01  4.4652539E-02
   11.5000  2.9790293E-02  8.9531114E-02  4.7403265E-02
   11.7500  3.2741452E-02  7.1646866E-02  4.9528512E-02
   12.0000  3.5225266E-02  5.7080986E-02  5.0672079E-02
   12.2500  3.7350067E-02  4.6110212E-02  5.1668054E-02
   12.5000  3.8928278E-02  3.8133510E-02  5.1984707E-02
   12.7500  3.9986888E-02  3.2343486E-02  5.1637624E-02
   13.0000  4.0622638E-02  2.8090147E-02  5.0652621E-02
   13.2500  4.0964689E-02  2.4910442E-02  4.9113026E-02
   13.5000  4.1141943E-02  2.2487630E-02  4.7166337E-02
   13.7500  4.1264312E-02  2.0606776E-02  4.5000650E-02
   14.0000  4.1083762E-02  1.9157606E-02  4.2102809E-02
   14.2500  4.1295457E-02  1.7960533E-02  4.0028692E-02
   14.5000  4.1608984E-02  1.6995681E-02  3.8221745E-02
   14.7500  4.2045584E-02  1.6213782E-02  3.6743876E-02
   15.0000  4.2616328E-02  1.5580434E-02  3.5628531E-02
   15.2500  4.3326515E-02  1.5071559E-02  3.4890101E-02
   15.5000  4.4179248E-02  1.4670517E-02  3.4531168E-02
   15.7500  4.5155540E-02  1.4364981E-02  3.4541610E-02
   16.0000  4.6242972E-02  1.4147101E-02  3.4905269E-02
   16.2500  4.7408772E-02  1.4010898E-02  3.5591557E-02
   16.5000  4.8604129E-02  1.3952079E-02  3.6552258E-02
   16.7500  4.9762638E-02  1.3967413E-02  3.7715557E-02
   17.0000  5.0801788E-02  1.4054431E-02  3.8983378E-02
   17.2500  5.1633117E-02  1.4210673E-02  4.0235208E-02
   17.5000  5.2168547E-02  1.4434558E-02  4.1346687E-02
   17.7500  5.2341130E-02  1.4724147E-02  4.2207055E-02
   18.0000  5.2118964E-02  1.5077510E-02  4.2742746E-02
   18.2500  5.1514078E-02  1.5492909E-02  4.2928469E-02
   18.5000  5.0586469E-02  1.5968537E-02  4.2787192E-02
   18.7500  4.9428756E-02  1.6502311E-02  4.2374867E-02
   19.0000  4.8150708E-02  1.7091966E-02  4.1763585E-02
   19.2500  4.6862327E-02  1.7734673E-02  4.1025066E-02
   19.5000  4.5657158E-02  1.8428223E-02  4.0226152E-02
   19.7500  4.4604806E-02  1.9168536E-02  3.9418790E-02
   20.0000  4.3748065E-02  1.9951537E-02  3.8641696E-02
   21.0000  4.2405294E-02  2.3420137E-02  3.6194857E-02
   22.0000  4.3270626E-02  2.7223063E-02  3.4814701E-02
   23.0000  4.3971935E-02  3.1155704E-02  3.3972968E-02
   24.0000  4.2778950E-02  3.4944455E-02  3.3149366E-02
   25.0000  3.9289495E-02  3.8098372E-02  3.2152382E-02
   26.0000  3.4423749E-02  4.0068302E-02  3.0968674E-02
   27.0000  2.9490771E-02  4.0553750E-02  2.9480977E-02
   28.0000  2.6558620E-02  3.9626883E-02  2.8140498E-02
   29.0000  2.4866672E-02  3.7920108E-02  2.7026968E-02
   30.0000  2.3968875E-02  3.5939603E-02  2.6350827E-02
   31.0000  2.3524669E-02  3.4068272E-02  2.6089354E-02
   32.0000  2.3323821E-02  3.2483712E-02  2.6061532E-02
   33.0000  2.3227955E-02  3.1205892E-02  2.6074806E-02
   34.0000  2.3135090E-02  3.0165208E-02  2.6017721E-02
   35.0000  2.2948440E-02  2.9261552E-02  2.5841095E-02
   36.0000  2.2585754E-02  2.8410280E-02  2.5520563E-02
   37.0000  2.2014887E-02  2.7551345E-02  2.5039899E-02
   38.0000  2.1285532E-02  2.6626996E-02  2.4398890E-02
   39.0000  2.0491539E-02  2.5558999E-02  2.3610139E-02
   40.0000  1.9731422E-02  2.4297030E-02  2.2709492E-02
