  7709.000   27  1  1  1.9222038E-02 -5.1190827E+00 -3.1963708E-01  1  1  7.5663652E+03  8.0000000E+03  0.0000000E+00  1.1792254E+00  1.0000000E+00  0.0000000E+00  = E_edge, Z, n_edge, j_edge, Abs_before_edge, VO_interstitial, E_cut, ninit, ninit1, Epsii, UnitCell_Volume, Surface_ref, f0_forward, natomsym_f, abs_u_iso
    Energy   (100,001)      (010,001)      (001,110)   
  -25.0000  5.7901260E-09  3.5000920E-10  8.5923624E-10
  -24.0000  1.4978794E-08  6.4803292E-10  1.9487241E-09
  -23.0000  4.5426764E-08  1.2601029E-09  4.9179896E-09
  -22.0000  1.8349844E-07  2.6674339E-09  1.4741726E-08
  -21.0000  1.6082701E-06  7.9571493E-09  6.7726019E-08
  -20.0000  3.5494498E-05  5.8591104E-08  1.2106900E-06
  -19.0000  6.3532659E-06  2.4833461E-07  1.9851484E-05
  -18.0000  2.4659872E-06  7.5069326E-08  1.3596018E-06
  -17.0000  2.4287760E-06  2.1452785E-07  6.2063689E-07
  -16.0000  4.1636146E-06  1.0708648E-06  6.7994793E-07
  -15.0000  2.6687358E-04  7.6057721E-04  1.4723281E-04
  -14.0000  1.0362231E-06  2.3074278E-05  2.4666019E-06
  -13.0000  1.3487605E-06  4.7425919E-06  4.4424981E-06
  -12.0000  6.5240083E-06  3.1763872E-06  8.2958413E-05
  -11.0000  3.0189561E-05  3.5611396E-06  2.1353759E-05
  -10.0000  2.9467215E-04  5.5644005E-06  1.1012342E-05
  -9.00000  3.3447300E-02  5.1930507E-04  2.3756780E-03
  -8.00000  4.3382281E-04  3.2341915E-05  1.0579370E-05
  -7.00000  3.3788340E-03  2.0096461E-04  1.9724128E-03
  -6.00000  7.3020713E-04  4.8156733E-05  4.6605010E-04
  -5.00000  2.9231385E-03  5.1221961E-04  5.4654121E-03
  -4.00000  1.5988098E-01  1.2196092E-03  5.9145558E-03
  -3.00000  1.2731792E-03  8.2435352E-02  6.4816497E-03
  -2.00000  5.9751519E-04  3.6142737E-03  5.9227960E-04
  -1.00000  2.8817461E-04  1.7115659E-03  1.8441155E-04
   0.00000  1.1867340E-03  2.6572944E-03  8.7949952E-04
   1.00000  1.4364194E-03  1.3434360E-03  9.5939978E-04
   2.00000  4.6239099E-04  1.0769288E-03  2.9216687E-04
   3.00000  6.0517948E-04  1.3683341E-03  3.5126826E-04
   4.00000  9.4765954E-04  2.1846032E-03  5.3219505E-04
   5.00000  1.4323505E-03  3.6486970E-03  9.6714938E-04
   5.20000  1.5325094E-03  4.0027963E-03  1.1245216E-03
   5.40000  1.6298314E-03  4.3764672E-03  1.3255021E-03
   5.60000  1.7239184E-03  4.7722911E-03  1.5866979E-03
   5.80000  1.8209192E-03  5.1955151E-03  1.9309101E-03
   6.00000  1.9504450E-03  5.6567874E-03  2.3896803E-03
   6.20000  2.1995279E-03  6.1816315E-03  3.0030420E-03
   6.40000  2.7139055E-03  6.7832533E-03  3.8224398E-03
   6.60000  3.5303200E-03  7.4963681E-03  4.8801812E-03
   6.80000  4.4117135E-03  8.3535239E-03  6.1518275E-03
   7.00000  5.1215702E-03  9.3925748E-03  7.5264034E-03
   7.20000  5.6357226E-03  1.0607701E-02  8.8394660E-03
   7.40000  6.0491479E-03  1.1945330E-02  9.9516259E-03
   7.60000  6.4574767E-03  1.3323711E-02  1.0804473E-02
   7.80000  6.9327506E-03  1.4665185E-02  1.1342312E-02
   8.00000  7.5089231E-03  1.5930312E-02  1.1367905E-02
   8.20000  8.1818654E-03  1.7172321E-02  1.0907110E-02
   8.40000  8.9773190E-03  1.8447284E-02  1.0471078E-02
   8.60000  9.9466195E-03  1.9825639E-02  1.0323968E-02
   8.80000  1.1123188E-02  2.1387111E-02  1.0516623E-02
   9.00000  1.2522514E-02  2.3232390E-02  1.1077545E-02
   9.20000  1.4132678E-02  2.5473532E-02  1.2042349E-02
   9.40000  1.5890044E-02  2.8229140E-02  1.3438860E-02
   9.60000  1.7654535E-02  3.1614622E-02  1.5249911E-02
   9.80000  1.9214973E-02  3.5723549E-02  1.7344049E-02
   10.0000  2.0369591E-02  4.0617753E-02  1.9456187E-02
   10.2500  2.1216012E-02  4.7950583E-02  2.1717754E-02
   10.5000  2.1834141E-02  5.6805381E-02  2.3458877E-02
   10.7500  2.2780733E-02  6.7170727E-02  2.4981974E-02
   11.0000  2.4297768E-02  7.8257393E-02  2.6623068E-02
   11.2500  2.6315290E-02  8.7953129E-02  2.8539134E-02
   11.5000  2.8585295E-02  9.3160997E-02  3.0728402E-02
   11.7500  3.0587032E-02  9.1197753E-02  3.3130703E-02
   12.0000  3.2305720E-02  8.3644779E-02  3.5734432E-02
   12.2500  3.3380260E-02  7.3178431E-02  3.8155604E-02
   12.5000  3.3807687E-02  6.2402604E-02  4.0326987E-02
   12.7500  3.3736104E-02  5.2860122E-02  4.2135658E-02
   13.0000  3.2912348E-02  4.5088310E-02  4.2864288E-02
   13.2500  3.2590101E-02  3.8844939E-02  4.3644985E-02
   13.5000  3.2061538E-02  3.3921177E-02  4.4166080E-02
   13.7500  3.1940982E-02  3.0030805E-02  4.3863569E-02
   14.0000  3.2033412E-02  2.6954686E-02  4.3069526E-02
   14.2500  3.2355950E-02  2.4504187E-02  4.1958456E-02
   14.5000  3.2909000E-02  2.2536656E-02  4.0711010E-02
   14.7500  3.3684900E-02  2.0946070E-02  3.9482540E-02
   15.0000  3.4674550E-02  1.9656649E-02  3.8392350E-02
   15.2500  3.5853330E-02  1.8604752E-02  3.7517467E-02
   15.5000  3.7204961E-02  1.7751333E-02  3.6913978E-02
   15.7500  3.8704667E-02  1.7064531E-02  3.6615760E-02
   16.0000  4.0318731E-02  1.6521070E-02  3.6643486E-02
   16.2500  4.2004782E-02  1.6104391E-02  3.7007405E-02
   16.5000  4.3707150E-02  1.5800691E-02  3.7706963E-02
   16.7500  4.5356105E-02  1.5598964E-02  3.8729708E-02
   17.0000  4.6868542E-02  1.5491071E-02  4.0045199E-02
   17.2500  4.8151360E-02  1.5470277E-02  4.1598801E-02
   17.5000  4.9111232E-02  1.5530670E-02  4.3305650E-02
   17.7500  4.9666503E-02  1.5666504E-02  4.5050895E-02
   18.0000  4.9763292E-02  1.5872911E-02  4.6700373E-02
   18.2500  4.9388684E-02  1.6144836E-02  4.8114338E-02
   18.5000  4.8575981E-02  1.6477512E-02  4.9174405E-02
   18.7500  4.7400486E-02  1.6866892E-02  4.9807262E-02
   19.0000  4.5966545E-02  1.7309248E-02  4.9992349E-02
   19.2500  4.4390798E-02  1.7800149E-02  4.9762778E-02
   19.5000  4.2787041E-02  1.8336238E-02  4.9189284E-02
   19.7500  4.1253744E-02  1.8913545E-02  4.8362367E-02
   20.0000  3.9865941E-02  1.9529411E-02  4.7373528E-02
   21.0000  3.6456667E-02  2.2322643E-02  4.3135671E-02
   22.0000  3.6301029E-02  2.5532910E-02  3.9868874E-02
   23.0000  3.7889991E-02  2.8985276E-02  3.7664192E-02
   24.0000  3.9613759E-02  3.2438977E-02  3.5959504E-02
   25.0000  4.0603050E-02  3.5529611E-02  3.4329996E-02
   26.0000  4.0519836E-02  3.7857932E-02  3.2598289E-02
   27.0000  3.9107867E-02  3.9140138E-02  3.0745920E-02
   28.0000  3.6464931E-02  3.9313619E-02  2.8880021E-02
   29.0000  3.3298817E-02  3.8548161E-02  2.7227941E-02
   30.0000  3.0435070E-02  3.7207900E-02  2.6028028E-02
   31.0000  2.8223778E-02  3.5444907E-02  2.5363329E-02
   32.0000  2.6892140E-02  3.4014509E-02  2.5131771E-02
   33.0000  2.6045481E-02  3.2812069E-02  2.5086190E-02
   34.0000  2.5508089E-02  3.1834094E-02  2.5087697E-02
   35.0000  2.5144134E-02  3.1012767E-02  2.5062655E-02
   36.0000  2.4853350E-02  3.0261917E-02  2.4968057E-02
   37.0000  2.4555152E-02  2.9506047E-02  2.4763591E-02
   38.0000  2.4176770E-02  2.8701367E-02  2.4417100E-02
   39.0000  2.3668640E-02  2.7825067E-02  2.3945984E-02
   40.0000  2.3046398E-02  2.6863459E-02  2.3440552E-02
