  7709.000   27  1  1  1.9222038E-02 -4.8773273E+00 -3.7872672E-01  1  1  7.5665488E+03  8.0000000E+03  0.0000000E+00  1.1792254E+00  1.0000000E+00  0.0000000E+00  = E_edge, Z, n_edge, j_edge, Abs_before_edge, VO_interstitial, E_cut, ninit, ninit1, Epsii, UnitCell_Volume, Surface_ref, f0_forward, natomsym_f, abs_u_iso
    Energy   (100,001)      (010,001)      (001,110)   
  -25.0000  6.0098437E-09  3.6605999E-10  1.0650152E-09
  -24.0000  1.5260202E-08  6.7694960E-10  2.4216410E-09
  -23.0000  4.4426917E-08  1.3107318E-09  6.0925634E-09
  -22.0000  1.6174328E-07  2.7072232E-09  1.7813721E-08
  -21.0000  9.3443147E-07  6.2706109E-09  6.7361187E-08
  -20.0000  5.2826665E-05  2.8463431E-07  7.1246933E-07
  -19.0000  3.6363699E-05  9.0947292E-06  5.2795083E-04
  -18.0000  4.4672642E-06  8.6732266E-08  1.9446609E-06
  -17.0000  4.3710144E-06  2.1655756E-07  9.8703100E-07
  -16.0000  7.5407596E-06  1.0415973E-06  1.0781138E-06
  -15.0000  3.8670702E-05  2.1862299E-05  3.0803596E-06
  -14.0000  2.6702913E-05  1.7613233E-05  5.8230312E-06
  -13.0000  3.8854921E-07  4.5965437E-06  1.0442618E-05
  -12.0000  3.5302528E-06  4.6841201E-06  6.0189869E-04
  -11.0000  2.1417744E-05  3.0546335E-06  3.3166167E-05
  -10.0000  2.2321413E-04  5.2713370E-06  1.4508561E-05
  -9.00000  1.2455342E-02  1.5332919E-04  1.7158826E-04
  -8.00000  5.3443095E-04  3.8177944E-05  4.1661643E-05
  -7.00000  3.8346379E-04  2.1267620E-04  6.3659472E-04
  -6.00000  1.5512455E-03  3.0466552E-05  2.5677873E-04
  -5.00000  1.5727646E-02  1.1454464E-03  2.7375400E-02
  -4.00000  1.6292598E-03  9.2270303E-04  1.3140742E-04
  -3.00000  5.2391492E-04  6.8880168E-02  1.8189004E-03
  -2.00000  4.5914530E-04  5.3978481E-03  1.7736625E-03
  -1.00000  2.6939320E-04  1.3948214E-03  1.9453007E-04
   0.00000  1.1470479E-03  1.3853494E-03  1.3160957E-03
   1.00000  8.4282536E-03  1.0434386E-03  3.9776407E-03
   2.00000  4.4115488E-04  1.0521598E-03  3.8664362E-04
   3.00000  5.8037115E-04  1.5468759E-03  6.3945833E-04
   4.00000  9.0242618E-04  2.8085664E-03  1.3688117E-03
   5.00000  1.3194608E-03  5.2055280E-03  5.5520959E-03
   5.20000  1.3903330E-03  5.9484577E-03  8.5706572E-03
   5.40000  1.4644457E-03  6.9062837E-03  1.3389332E-02
   5.60000  1.5703820E-03  7.9980644E-03  1.8006048E-02
   5.80000  1.7283228E-03  8.7844321E-03  1.7167749E-02
   6.00000  1.9527258E-03  9.2490509E-03  1.2792467E-02
   6.20000  2.1881527E-03  9.7119828E-03  9.2101605E-03
   6.40000  2.3820606E-03  1.0317634E-02  6.9983504E-03
   6.60000  2.5411443E-03  1.1023714E-02  5.6863963E-03
   6.80000  2.6719517E-03  1.1839506E-02  4.8783925E-03
   7.00000  2.7811471E-03  1.2760774E-02  4.3276028E-03
   7.20000  2.8912709E-03  1.3782585E-02  3.8951328E-03
   7.40000  3.0123008E-03  1.4918370E-02  3.5144689E-03
   7.60000  3.1465658E-03  1.6225656E-02  3.1749441E-03
   7.80000  3.2922767E-03  1.7781155E-02  2.8932277E-03
   8.00000  3.4506419E-03  1.9664664E-02  2.6876705E-03
   8.20000  3.6283808E-03  2.1956555E-02  2.5696075E-03
   8.40000  3.8311871E-03  2.4746415E-02  2.5414820E-03
   8.60000  4.0624837E-03  2.8140119E-02  2.6012610E-03
   8.80000  4.3250268E-03  3.2271960E-02  2.7477905E-03
   9.00000  4.6219839E-03  3.7317084E-02  2.9839836E-03
   9.20000  4.9564144E-03  4.3477704E-02  3.3152450E-03
   9.40000  5.3314188E-03  5.1001161E-02  3.7522266E-03
   9.60000  5.7492246E-03  6.0110987E-02  4.3093854E-03
   9.80000  6.2119627E-03  7.0887365E-02  5.0047678E-03
   10.0000  6.7216025E-03  8.3010610E-02  5.8575553E-03
   10.2500  7.4290406E-03  9.8270667E-02  7.1630056E-03
   10.5000  8.2231253E-03  1.0941670E-01  8.7042567E-03
   10.7500  9.1151789E-03  1.1139650E-01  1.0353867E-02
   11.0000  1.0119298E-02  1.0307793E-01  1.1941262E-02
   11.2500  1.1245681E-02  8.8622485E-02  1.3281678E-02
   11.5000  1.2499626E-02  7.3186486E-02  1.4367466E-02
   11.7500  1.3929414E-02  5.9674605E-02  1.5736013E-02
   12.0000  1.5511741E-02  4.8959970E-02  1.7192847E-02
   12.2500  1.7230751E-02  4.0786058E-02  1.8794527E-02
   12.5000  1.9057103E-02  3.4625586E-02  2.0570818E-02
   12.7500  2.0952974E-02  2.9979220E-02  2.2532135E-02
   13.0000  2.2872520E-02  2.6457528E-02  2.4664990E-02
   13.2500  2.4776840E-02  2.3769848E-02  2.6929328E-02
   13.5000  2.6402464E-02  2.1917050E-02  2.9259165E-02
   13.7500  2.8138633E-02  2.0300255E-02  3.1662002E-02
   14.0000  2.9742211E-02  1.9020313E-02  3.3928153E-02
   14.2500  3.1256437E-02  1.8008190E-02  3.5891246E-02
   14.5000  3.2699114E-02  1.7193410E-02  3.7449866E-02
   14.7500  3.4099512E-02  1.6520895E-02  3.8565942E-02
   15.0000  3.5493506E-02  1.5953267E-02  3.9278065E-02
   15.2500  3.6921025E-02  1.5469187E-02  3.9689367E-02
   15.5000  3.8397378E-02  1.5056375E-02  3.9940670E-02
   15.7500  3.9947573E-02  1.4713751E-02  4.0180845E-02
   16.0000  4.1577727E-02  1.4443630E-02  4.0545793E-02
   16.2500  4.3278991E-02  1.4249097E-02  4.1144147E-02
   16.5000  4.5021385E-02  1.4132148E-02  4.2055360E-02
   16.7500  4.6754420E-02  1.4092843E-02  4.3326168E-02
   17.0000  4.8406039E-02  1.4131012E-02  4.4967533E-02
   17.2500  4.9886274E-02  1.4245858E-02  4.6951805E-02
   17.5000  5.1094118E-02  1.4436852E-02  4.9202647E-02
   17.7500  5.1932170E-02  1.4702507E-02  5.1584207E-02
   18.0000  5.2326500E-02  1.5041215E-02  5.3902191E-02
   18.2500  5.2240210E-02  1.5450729E-02  5.5923387E-02
   18.5000  5.1692191E-02  1.5929342E-02  5.7415670E-02
   18.7500  5.0754027E-02  1.6473314E-02  5.8203591E-02
   19.0000  4.9533387E-02  1.7080102E-02  5.8212335E-02
   19.2500  4.8151898E-02  1.7747088E-02  5.7485054E-02
   19.5000  4.6727253E-02  1.8471514E-02  5.6162973E-02
   19.7500  4.5358254E-02  1.9252318E-02  5.4437332E-02
   20.0000  4.4121422E-02  2.0088037E-02  5.2503962E-02
   21.0000  4.1253067E-02  2.3964962E-02  4.5268310E-02
   22.0000  4.1939644E-02  2.8624101E-02  4.0860449E-02
   23.0000  4.4797945E-02  3.3767845E-02  3.8759204E-02
   24.0000  4.7458705E-02  3.8567097E-02  3.7747135E-02
   25.0000  4.8637336E-02  4.1647065E-02  3.7027695E-02
   26.0000  4.7774486E-02  4.2252059E-02  3.6257244E-02
   27.0000  4.4508122E-02  4.0952789E-02  3.5239295E-02
   28.0000  3.9597630E-02  3.8744808E-02  3.3883019E-02
   29.0000  3.4734195E-02  3.6338422E-02  3.2415316E-02
   30.0000  3.1083179E-02  3.4114634E-02  3.1222601E-02
   31.0000  2.8635838E-02  3.2088349E-02  3.0465238E-02
   32.0000  2.7498586E-02  3.0614107E-02  3.0167779E-02
   33.0000  2.6935248E-02  2.9447798E-02  3.0050379E-02
   34.0000  2.6723243E-02  2.8498963E-02  3.0001683E-02
   35.0000  2.6723233E-02  2.7652112E-02  2.9947214E-02
   36.0000  2.6848789E-02  2.6793901E-02  2.9827577E-02
   37.0000  2.7017338E-02  2.5827606E-02  2.9587515E-02
   38.0000  2.7128333E-02  2.4706205E-02  2.9179434E-02
   39.0000  2.7044251E-02  2.3427305E-02  2.8572391E-02
   40.0000  2.6635401E-02  2.2036802E-02  2.7751962E-02
