  7709.000   27  1  1  1.9222038E-02 -5.1965633E+00 -3.8401683E-01  1  1  7.5662913E+03  8.0000000E+03  0.0000000E+00  1.1792254E+00  1.0000000E+00  0.0000000E+00  = E_edge, Z, n_edge, j_edge, Abs_before_edge, VO_interstitial, E_cut, ninit, ninit1, Epsii, UnitCell_Volume, Surface_ref, f0_forward, natomsym_f, abs_u_iso
    Energy   (100,001)      (010,001)      (001,110)   
  -25.0000  7.3302679E-09  3.8518819E-10  1.1860224E-09
  -24.0000  1.9721850E-08  7.1298624E-10  2.7902906E-09
  -23.0000  6.3478027E-08  1.3862287E-09  7.3850762E-09
  -22.0000  2.8586652E-07  2.8999690E-09  2.3523611E-08
  -21.0000  3.3866717E-06  7.0643802E-09  1.0627096E-07
  -20.0000  2.0519176E-05  3.3173157E-08  1.3579868E-06
  -19.0000  2.7439947E-06  9.2288315E-08  5.7858151E-06
  -18.0000  1.8870098E-06  7.3697274E-08  8.7927997E-07
  -17.0000  2.1319860E-06  2.3347417E-07  6.2633896E-07
  -16.0000  3.4614855E-06  1.2289178E-06  7.4446250E-07
  -15.0000  1.0107278E-05  3.9735538E-05  2.0966055E-06
  -14.0000  4.6882513E-04  1.3304651E-05  2.2440695E-06
  -13.0000  4.7352694E-07  4.1392608E-06  9.2805465E-06
  -12.0000  5.9705267E-06  2.8702283E-06  6.8477142E-03
  -11.0000  3.2096733E-05  3.4696882E-06  1.8405286E-05
  -10.0000  5.1138008E-04  5.4780718E-06  8.4987603E-06
  -9.00000  6.8136962E-04  4.3776331E-02  3.8805548E-02
  -8.00000  3.8869571E-04  3.0177240E-05  3.3885647E-05
  -7.00000  5.1923066E-04  1.6718853E-04  3.0886109E-03
  -6.00000  6.0543931E-04  6.6503325E-05  2.5617687E-04
  -5.00000  1.5471417E-02  4.3784058E-04  9.7988272E-04
  -4.00000  1.7883648E-03  3.1169896E-04  1.3644252E-03
  -3.00000  8.0227154E-03  1.6630725E-01  3.3209566E-02
  -2.00000  6.4545371E-04  3.3649692E-03  9.9580518E-04
  -1.00000  3.1814856E-04  1.3749113E-03  2.6631146E-04
   0.00000  3.0506007E-04  1.0808907E-03  2.5377168E-04
   1.00000  1.5509021E-03  8.3040204E-04  8.4382746E-04
   2.00000  3.8326986E-04  9.2580811E-04  2.6052192E-04
   3.00000  5.7413043E-04  1.2639029E-03  3.5259237E-04
   4.00000  1.0086709E-03  2.1416776E-03  5.5265859E-04
   5.00000  1.6693886E-03  3.6781171E-03  9.5619239E-04
   5.20000  1.8095993E-03  4.0447827E-03  1.0861698E-03
   5.40000  1.9480611E-03  4.4315631E-03  1.2443761E-03
   5.60000  2.0841765E-03  4.8420643E-03  1.4397295E-03
   5.80000  2.2178350E-03  5.2820665E-03  1.6853618E-03
   6.00000  2.3525785E-03  5.7612440E-03  1.9982646E-03
   6.20000  2.4944015E-03  6.2937222E-03  2.4032403E-03
   6.40000  2.6543707E-03  6.8990568E-03  2.9362560E-03
   6.60000  2.8512635E-03  7.6145085E-03  3.6562603E-03
   6.80000  3.1198230E-03  8.4564424E-03  4.6315651E-03
   7.00000  3.5150503E-03  9.4774929E-03  5.9872315E-03
   7.20000  4.1008521E-03  1.0733366E-02  7.9062339E-03
   7.40000  4.8964375E-03  1.2283582E-02  1.0627488E-02
   7.60000  5.7863471E-03  1.4162578E-02  1.4358851E-02
   7.80000  6.5428104E-03  1.6266218E-02  1.8867699E-02
   8.00000  7.0502451E-03  1.8189785E-02  2.2669531E-02
   8.20000  7.3824378E-03  1.9439488E-02  2.3369825E-02
   8.40000  7.6599050E-03  2.0181846E-02  2.0666490E-02
   8.60000  7.9627427E-03  2.1127703E-02  1.6779252E-02
   8.80000  8.3281949E-03  2.2747791E-02  1.3425607E-02
   9.00000  8.7713447E-03  2.5209234E-02  1.1020263E-02
   9.20000  9.2911831E-03  2.8611939E-02  9.4322849E-03
   9.40000  9.8785989E-03  3.3105837E-02  8.4604154E-03
   9.60000  1.0519886E-02  3.8892148E-02  7.9604092E-03
   9.80000  1.1200009E-02  4.6175613E-02  7.8456616E-03
   10.0000  1.1908918E-02  5.5089752E-02  8.0647161E-03
   10.2500  1.2832295E-02  6.8401929E-02  8.7486239E-03
   10.5000  1.3811431E-02  8.3112887E-02  9.8143156E-03
   10.7500  1.4878978E-02  9.6634373E-02  1.1167178E-02
   11.0000  1.6069945E-02  1.0502418E-01  1.2698712E-02
   11.2500  1.7379713E-02  1.0456362E-01  1.4285720E-02
   11.5000  1.8839602E-02  9.6536731E-02  1.6018265E-02
   11.7500  2.0512816E-02  8.4528157E-02  1.8001469E-02
   12.0000  2.2308179E-02  7.1599133E-02  2.0258142E-02
   12.2500  2.4154811E-02  5.9927247E-02  2.2836906E-02
   12.5000  2.5958468E-02  5.0270584E-02  2.5741445E-02
   12.7500  2.7619092E-02  4.2608240E-02  2.8929414E-02
   13.0000  2.9056697E-02  3.6638510E-02  3.2305717E-02
   13.2500  2.9867482E-02  3.2235174E-02  3.6034364E-02
   13.5000  3.0688960E-02  2.8649737E-02  3.9491176E-02
   13.7500  3.1338988E-02  2.5855473E-02  4.2519840E-02
   14.0000  3.1871907E-02  2.3664353E-02  4.4873841E-02
   14.2500  3.2341355E-02  2.1932030E-02  4.6388536E-02
   14.5000  3.2792947E-02  2.0547378E-02  4.7028394E-02
   14.7500  3.3260270E-02  1.9426570E-02  4.6897404E-02
   15.0000  3.3770826E-02  1.8513485E-02  4.6210472E-02
   15.2500  3.4337497E-02  1.7761526E-02  4.5213356E-02
   15.5000  3.4979932E-02  1.7147880E-02  4.4154879E-02
   15.7500  3.5712013E-02  1.6654867E-02  4.3238053E-02
   16.0000  3.6548593E-02  1.6271982E-02  4.2614933E-02
   16.2500  3.7501802E-02  1.5990369E-02  4.2387141E-02
   16.5000  3.8579444E-02  1.5804408E-02  4.2617223E-02
   16.7500  3.9782445E-02  1.5708588E-02  4.3336236E-02
   17.0000  4.1100564E-02  1.5697353E-02  4.4541273E-02
   17.2500  4.2509709E-02  1.5764447E-02  4.6192199E-02
   17.5000  4.3970764E-02  1.5903461E-02  4.8198994E-02
   17.7500  4.5428082E-02  1.6107252E-02  5.0405713E-02
   18.0000  4.6807154E-02  1.6368319E-02  5.2588585E-02
   18.2500  4.8023478E-02  1.6682014E-02  5.4478603E-02
   18.5000  4.8990483E-02  1.7044272E-02  5.5815832E-02
   18.7500  4.9632485E-02  1.7453616E-02  5.6415344E-02
   19.0000  4.9899788E-02  1.7909877E-02  5.6220098E-02
   19.2500  4.9780427E-02  1.8414441E-02  5.5306759E-02
   19.5000  4.9307261E-02  1.8966676E-02  5.3845166E-02
   19.7500  4.8550681E-02  1.9567105E-02  5.2042387E-02
   20.0000  4.7603581E-02  2.0213066E-02  5.0092127E-02
   21.0000  4.3749000E-02  2.3187025E-02  4.3052994E-02
   22.0000  4.2138460E-02  2.6632700E-02  3.8597895E-02
   23.0000  4.2761420E-02  3.0305305E-02  3.6083606E-02
   24.0000  4.4120711E-02  3.3847405E-02  3.4625584E-02
   25.0000  4.5049998E-02  3.6780516E-02  3.3749582E-02
   26.0000  4.5016777E-02  3.8673010E-02  3.3132283E-02
   27.0000  4.3015521E-02  3.9265722E-02  3.2262247E-02
   28.0000  3.9831172E-02  3.8684578E-02  3.1219038E-02
   29.0000  3.6026486E-02  3.7443807E-02  3.0031415E-02
   30.0000  3.2691908E-02  3.5946582E-02  2.9084878E-02
   31.0000  3.0347874E-02  3.4515213E-02  2.8671885E-02
   32.0000  2.8940183E-02  3.3305180E-02  2.8775336E-02
   33.0000  2.8205180E-02  3.2319466E-02  2.9147894E-02
   34.0000  2.7901249E-02  3.1501244E-02  2.9573519E-02
   35.0000  2.7819796E-02  3.0733898E-02  2.9934999E-02
   36.0000  2.7801662E-02  2.9906892E-02  3.0190025E-02
   37.0000  2.7724385E-02  2.8923807E-02  3.0307633E-02
   38.0000  2.7487783E-02  2.7718577E-02  3.0245937E-02
   39.0000  2.7002556E-02  2.6268942E-02  2.9939933E-02
   40.0000  2.6169059E-02  2.4615822E-02  2.9299419E-02
