  7709.000   27  1  1  1.9222038E-02 -4.8801272E+00 -3.8994315E-01  1  1  7.5664849E+03  8.0000000E+03  0.0000000E+00  1.1792254E+00  1.0000000E+00  0.0000000E+00  = E_edge, Z, n_edge, j_edge, Abs_before_edge, VO_interstitial, E_cut, ninit, ninit1, Epsii, UnitCell_Volume, Surface_ref, f0_forward, natomsym_f, abs_u_iso
    Energy   (100,001)      (010,001)      (001,110)   
  -25.0000  6.2865528E-09  3.9082464E-10  1.0614465E-09
  -24.0000  1.6171058E-08  7.2083793E-10  2.4205049E-09
  -23.0000  4.8132060E-08  1.3862893E-09  6.1260911E-09
  -22.0000  1.8321135E-07  2.8178968E-09  1.8144263E-08
  -21.0000  1.1984401E-06  6.2607426E-09  7.0805922E-08
  -20.0000  2.1177950E-04  1.8466366E-08  5.4509014E-07
  -19.0000  7.5878238E-06  7.8496551E-07  1.0448726E-04
  -18.0000  3.5237291E-06  8.3263903E-08  1.4844211E-06
  -17.0000  3.7412520E-06  2.7154626E-07  7.9464481E-07
  -16.0000  6.8648299E-06  1.5083048E-06  8.3953242E-07
  -15.0000  6.0981088E-05  7.2350697E-05  2.4703633E-06
  -14.0000  1.0532971E-05  1.2351184E-05  2.2935228E-06
  -13.0000  3.1300082E-07  4.3224446E-06  9.5336227E-06
  -12.0000  1.7446498E-05  5.5761856E-05  8.1567617E-02
  -11.0000  2.4622230E-05  3.5033755E-06  2.0804735E-05
  -10.0000  3.6665481E-04  6.6087820E-06  1.3023494E-05
  -9.00000  9.1786462E-03  5.0994055E-05  2.8650920E-05
  -8.00000  4.2873739E-04  5.3507051E-05  5.2007226E-05
  -7.00000  3.1504625E-04  1.3544315E-04  6.2935678E-04
  -6.00000  2.1187689E-03  5.3645131E-05  2.7179972E-04
  -5.00000  3.0395327E-03  2.9328849E-04  1.6087316E-03
  -4.00000  3.0764192E-03  1.5894206E-03  2.2522733E-04
  -3.00000  5.6225556E-04  3.0234698E-02  1.0720964E-03
  -2.00000  4.0791984E-04  3.1362116E-03  6.4582650E-04
  -1.00000  2.7135828E-04  1.3459617E-03  1.8217441E-04
   0.00000  5.7089081E-04  1.1109236E-03  2.5942192E-04
   1.00000  1.2474159E-03  9.0846807E-04  1.3687832E-03
   2.00000  3.9852921E-04  1.0140666E-03  3.6057473E-04
   3.00000  5.1553528E-04  1.3814958E-03  5.0868912E-04
   4.00000  7.9335701E-04  2.3276027E-03  9.5491099E-04
   5.00000  1.2176065E-03  3.9420345E-03  3.0201019E-03
   5.20000  1.2848539E-03  4.3216329E-03  4.2839741E-03
   5.40000  1.3244966E-03  4.7444756E-03  6.2945658E-03
   5.60000  1.3680369E-03  5.2775680E-03  9.1375933E-03
   5.80000  1.5168012E-03  6.0116972E-03  1.1821916E-02
   6.00000  1.8219167E-03  6.8942754E-03  1.2391060E-02
   6.20000  2.1732868E-03  7.7321316E-03  1.0907699E-02
   6.40000  2.4849457E-03  8.4747948E-03  9.0483460E-03
   6.60000  2.7581906E-03  9.1817100E-03  7.6209652E-03
   6.80000  3.0154931E-03  9.8985929E-03  6.6325250E-03
   7.00000  3.2724484E-03  1.0648868E-02  5.8593963E-03
   7.20000  3.5469680E-03  1.1461300E-02  5.2212252E-03
   7.40000  3.8571028E-03  1.2350025E-02  4.7419610E-03
   7.60000  4.2016607E-03  1.3237396E-02  4.3465765E-03
   7.80000  4.5986128E-03  1.4186543E-02  3.9949415E-03
   8.00000  5.0586924E-03  1.5260576E-02  3.7021128E-03
   8.20000  5.5935629E-03  1.6517467E-02  3.5093105E-03
   8.40000  6.2179492E-03  1.7990801E-02  3.4490448E-03
   8.60000  6.9496655E-03  1.9722312E-02  3.5329110E-03
   8.80000  7.8055638E-03  2.1776284E-02  3.7653176E-03
   9.00000  8.8017878E-03  2.4240590E-02  4.1545778E-03
   9.20000  9.9528167E-03  2.7222580E-02  4.7125329E-03
   9.40000  1.1263247E-02  3.0878561E-02  5.4533887E-03
   9.60000  1.2717121E-02  3.5417534E-02  6.3875961E-03
   9.80000  1.4256901E-02  4.1112828E-02  7.5166470E-03
   10.0000  1.5763903E-02  4.8297959E-02  8.8344700E-03
   10.2500  1.7344674E-02  5.9907386E-02  1.0736178E-02
   10.5000  1.8364342E-02  7.4817674E-02  1.2925362E-02
   10.7500  1.8893639E-02  9.2307446E-02  1.5431673E-02
   11.0000  1.9261084E-02  1.0893991E-01  1.8280260E-02
   11.2500  1.9772094E-02  1.1813869E-01  2.1442808E-02
   11.5000  2.0489912E-02  1.1467462E-01  2.4529288E-02
   11.7500  2.1596163E-02  1.0089599E-01  2.8209659E-02
   12.0000  2.2995714E-02  8.3261938E-02  3.2176139E-02
   12.2500  2.4622603E-02  6.7076466E-02  3.6458304E-02
   12.5000  2.5483468E-02  5.4185450E-02  4.0966894E-02
   12.7500  2.7430605E-02  4.4526246E-02  4.5405685E-02
   13.0000  2.9310980E-02  3.7408981E-02  4.9340033E-02
   13.2500  3.1035577E-02  3.2147035E-02  5.2264456E-02
   13.5000  3.1987685E-02  2.8375186E-02  5.3936895E-02
   13.7500  3.3147658E-02  2.5303224E-02  5.3765938E-02
   14.0000  3.4220185E-02  2.2843489E-02  5.2132408E-02
   14.2500  3.5107015E-02  2.0857554E-02  4.9557217E-02
   14.5000  3.5853299E-02  1.9227202E-02  4.6561997E-02
   14.7500  3.6511932E-02  1.7875508E-02  4.3564019E-02
   15.0000  3.7134232E-02  1.6749333E-02  4.0833392E-02
   15.2500  3.7773548E-02  1.5813193E-02  3.8517954E-02
   15.5000  3.8453739E-02  1.5039770E-02  3.6673760E-02
   15.7500  3.9210602E-02  1.4410291E-02  3.5311136E-02
   16.0000  4.0064701E-02  1.3908309E-02  3.4414749E-02
   16.2500  4.1025701E-02  1.3520902E-02  3.3958932E-02
   16.5000  4.2093592E-02  1.3236930E-02  3.3914532E-02
   16.7500  4.3258547E-02  1.3046883E-02  3.4253055E-02
   17.0000  4.4496387E-02  1.2942776E-02  3.4943913E-02
   17.2500  4.5766844E-02  1.2917476E-02  3.5948824E-02
   17.5000  4.7011578E-02  1.2965793E-02  3.7217568E-02
   17.7500  4.8156406E-02  1.3083528E-02  3.8682533E-02
   18.0000  4.9112505E-02  1.3266146E-02  4.0254051E-02
   18.2500  4.9791856E-02  1.3509995E-02  4.1824843E-02
   18.5000  5.0118649E-02  1.3811336E-02  4.3280408E-02
   18.7500  5.0051349E-02  1.4166556E-02  4.4513260E-02
   19.0000  4.9597380E-02  1.4572072E-02  4.5438635E-02
   19.2500  4.8813343E-02  1.5024672E-02  4.6010164E-02
   19.5000  4.7796363E-02  1.5522325E-02  4.6228652E-02
   19.7500  4.6660951E-02  1.6063263E-02  4.6134050E-02
   20.0000  4.5519108E-02  1.6647193E-02  4.5791555E-02
   21.0000  4.2371221E-02  1.9426172E-02  4.3351149E-02
   22.0000  4.2409763E-02  2.2973130E-02  4.1278523E-02
   23.0000  4.4416422E-02  2.7306306E-02  4.0136666E-02
   24.0000  4.6349882E-02  3.2203124E-02  3.9329827E-02
   25.0000  4.7104719E-02  3.7009755E-02  3.8259415E-02
   26.0000  4.6168458E-02  4.0761087E-02  3.6696930E-02
   27.0000  4.3138753E-02  4.2766165E-02  3.4735200E-02
   28.0000  3.8479358E-02  4.2929028E-02  3.2588776E-02
   29.0000  3.3656052E-02  4.1690604E-02  3.0582608E-02
   30.0000  2.9490546E-02  3.9420397E-02  2.8944090E-02
   31.0000  2.7361445E-02  3.7321644E-02  2.8199918E-02
   32.0000  2.6166750E-02  3.5444763E-02  2.7996303E-02
   33.0000  2.5546877E-02  3.3882427E-02  2.8091320E-02
   34.0000  2.5258123E-02  3.2608016E-02  2.8276046E-02
   35.0000  2.5150619E-02  3.1531808E-02  2.8411068E-02
   36.0000  2.5136043E-02  3.0539808E-02  2.8427471E-02
   37.0000  2.5134465E-02  2.9521315E-02  2.8292851E-02
   38.0000  2.5048325E-02  2.8399467E-02  2.7990009E-02
   39.0000  2.4759167E-02  2.7134034E-02  2.7499460E-02
   40.0000  2.4173484E-02  2.5724488E-02  2.6799263E-02
