  7709.000   27  1  1  1.9222038E-02 -4.9320071E+00 -3.5128448E-01  1  1  7.5664223E+03  8.0000000E+03  0.0000000E+00  1.1792254E+00  1.0000000E+00  0.0000000E+00  = E_edge, Z, n_edge, j_edge, Abs_before_edge, VO_interstitial, E_cut, ninit, ninit1, Epsii, UnitCell_Volume, Surface_ref, f0_forward, natomsym_f, abs_u_iso
    Energy   (100,001)      (010,001)      (001,110)   
  -25.0000  9.8997545E-09  3.4300050E-10  8.7153112E-10
  -24.0000  2.9251353E-08  6.2978560E-10  2.0800090E-09
  -23.0000  1.1270501E-07  1.2089650E-09  5.6927914E-09
  -22.0000  8.2256283E-07  2.4814274E-09  1.9619723E-08
  -21.0000  1.2673794E-04  6.1659127E-09  1.1376713E-07
  -20.0000  2.7811367E-06  9.5835916E-08  8.3780501E-06
  -19.0000  1.3636083E-06  2.9255534E-08  6.9638055E-07
  -18.0000  1.3506408E-06  6.6520536E-08  2.6308735E-07
  -17.0000  2.0784694E-06  2.2057883E-07  2.1847833E-07
  -16.0000  7.0062986E-06  1.1459327E-06  2.6775006E-07
  -15.0000  2.3236494E-05  3.4389028E-05  7.7094718E-07
  -14.0000  2.3026664E-07  1.2621430E-05  7.8848820E-07
  -13.0000  1.2903921E-06  3.7400309E-06  2.7662399E-06
  -12.0000  6.6442640E-06  2.8666207E-06  1.1720929E-03
  -11.0000  3.1178459E-05  2.6114917E-06  9.4299928E-06
  -10.0000  8.7617860E-04  8.6944711E-05  1.1847144E-04
  -9.00000  3.6650675E-04  1.3737312E-05  1.5381999E-06
  -8.00000  1.9363156E-04  2.1404297E-04  6.2042801E-06
  -7.00000  2.9915767E-04  3.7993359E-05  2.1867047E-04
  -6.00000  4.7665749E-04  4.5275002E-05  1.6470151E-04
  -5.00000  1.9197796E-04  1.8187501E-04  1.5119050E-04
  -4.00000  1.6892725E-03  1.7666878E-03  1.4956996E-02
  -3.00000  3.6976070E-03  5.2172362E-02  1.2875357E-02
  -2.00000  5.1935217E-04  2.2670297E-03  2.2442778E-04
  -1.00000  3.3569193E-04  1.2790680E-03  1.6674726E-04
   0.00000  4.3702141E-03  1.1732163E-03  1.2674842E-03
   1.00000  3.0541584E-04  8.4307154E-04  1.5755864E-04
   2.00000  3.3404430E-04  9.5100078E-04  2.1295434E-04
   3.00000  4.8940631E-04  1.2328774E-03  3.7212490E-04
   4.00000  8.2376825E-04  1.8703431E-03  7.5516429E-04
   5.00000  1.4777309E-03  3.0557829E-03  1.6729821E-03
   5.20000  1.6654811E-03  3.3775568E-03  1.9931082E-03
   5.40000  1.8771871E-03  3.7351643E-03  2.3909116E-03
   5.60000  2.1153013E-03  4.1332175E-03  2.8885340E-03
   5.80000  2.3818670E-03  4.5781390E-03  3.5133307E-03
   6.00000  2.6773875E-03  5.0769122E-03  4.2978376E-03
   6.20000  2.9997702E-03  5.6392264E-03  5.2783807E-03
   6.40000  3.3478621E-03  6.2800821E-03  6.4923774E-03
   6.60000  3.7422533E-03  7.0224253E-03  7.9760115E-03
   6.80000  4.2782942E-03  7.9000376E-03  9.7625545E-03
   7.00000  5.1997157E-03  8.9607371E-03  1.1875267E-02
   7.20000  6.9319085E-03  1.0270798E-02  1.4309623E-02
   7.40000  9.9385326E-03  1.1959231E-02  1.7025031E-02
   7.60000  1.4362742E-02  1.3949739E-02  1.9988130E-02
   7.80000  1.9028201E-02  1.6307598E-02  2.2918899E-02
   8.00000  2.0381167E-02  1.8991337E-02  2.5421699E-02
   8.20000  1.6041710E-02  2.1935655E-02  2.7159264E-02
   8.40000  1.3862550E-02  2.5108538E-02  2.8105216E-02
   8.60000  1.3696591E-02  2.8496081E-02  2.8782024E-02
   8.80000  1.4756486E-02  3.2139554E-02  2.9901340E-02
   9.00000  1.6586112E-02  3.6119879E-02  3.2126996E-02
   9.20000  1.9031947E-02  4.0565097E-02  3.5955171E-02
   9.40000  2.2081175E-02  4.5697732E-02  4.1656310E-02
   9.60000  2.5778919E-02  5.1854496E-02  4.9078995E-02
   9.80000  3.0176600E-02  5.9470227E-02  5.7297712E-02
   10.0000  3.5289741E-02  6.9022251E-02  6.4514329E-02
   10.2500  4.2553088E-02  8.3868718E-02  6.9384819E-02
   10.5000  5.0285321E-02  9.9763698E-02  6.9056042E-02
   10.7500  5.7461386E-02  1.1060506E-01  6.5743728E-02
   11.0000  6.2729126E-02  1.1016151E-01  6.1743030E-02
   11.2500  6.5015482E-02  9.8742250E-02  5.8031309E-02
   11.5000  6.4168434E-02  8.2397491E-02  5.4687752E-02
   11.7500  5.9735982E-02  6.5953408E-02  5.2205723E-02
   12.0000  5.5440722E-02  5.2749188E-02  4.9023755E-02
   12.2500  5.1025129E-02  4.2593246E-02  4.5912632E-02
   12.5000  4.7054535E-02  3.5007839E-02  4.2964464E-02
   12.7500  4.3773735E-02  2.9408897E-02  4.0256381E-02
   13.0000  4.1234544E-02  2.5283576E-02  3.7837526E-02
   13.2500  3.9397220E-02  2.2229508E-02  3.5732549E-02
   13.5000  3.8191158E-02  1.9944290E-02  3.3947811E-02
   13.7500  3.7369078E-02  1.7943822E-02  3.1071748E-02
   14.0000  3.7136018E-02  1.6624726E-02  3.0105340E-02
   14.2500  3.7327686E-02  1.5593536E-02  2.9408428E-02
   14.5000  3.7882839E-02  1.4778676E-02  2.8967975E-02
   14.7500  3.8739335E-02  1.4132124E-02  2.8774197E-02
   15.0000  3.9829953E-02  1.3620682E-02  2.8817684E-02
   15.2500  4.1085122E-02  1.3222836E-02  2.9091404E-02
   15.5000  4.2415208E-02  1.2922428E-02  2.9586776E-02
   15.7500  4.3729736E-02  1.2709280E-02  3.0290263E-02
   16.0000  4.4929968E-02  1.2576946E-02  3.1177178E-02
   16.2500  4.5916663E-02  1.2519810E-02  3.2208143E-02
   16.5000  4.6597664E-02  1.2535752E-02  3.3328832E-02
   16.7500  4.6897038E-02  1.2621833E-02  3.4463541E-02
   17.0000  4.6770050E-02  1.2776828E-02  3.5527208E-02
   17.2500  4.6208316E-02  1.3000348E-02  3.6436741E-02
   17.5000  4.5248719E-02  1.3291287E-02  3.7125560E-02
   17.7500  4.3965619E-02  1.3648435E-02  3.7555386E-02
   18.0000  4.2464804E-02  1.4070505E-02  3.7721466E-02
   18.2500  4.0864491E-02  1.4556431E-02  3.7646599E-02
   18.5000  3.9281534E-02  1.5105835E-02  3.7375537E-02
   18.7500  3.7817028E-02  1.5717491E-02  3.6961155E-02
   19.0000  3.6547277E-02  1.6390033E-02  3.6455365E-02
   19.2500  3.5519403E-02  1.7121997E-02  3.5902643E-02
   19.5000  3.4755137E-02  1.7912344E-02  3.5339730E-02
   19.7500  3.4252539E-02  1.8758691E-02  3.4792451E-02
   20.0000  3.3992911E-02  1.9658280E-02  3.4278809E-02
   21.0000  3.4469199E-02  2.4137909E-02  3.2709641E-02
   22.0000  3.5012865E-02  2.8971167E-02  3.1703475E-02
   23.0000  3.2984165E-02  3.3960119E-02  3.0958085E-02
   24.0000  2.9006211E-02  3.8319405E-02  3.0087134E-02
   25.0000  2.5438498E-02  4.1265772E-02  2.8929158E-02
   26.0000  2.3501041E-02  4.2431640E-02  2.7539583E-02
   27.0000  2.2983214E-02  4.1940519E-02  2.6130116E-02
   28.0000  2.3178886E-02  4.0287963E-02  2.4993367E-02
   29.0000  2.3527727E-02  3.8078538E-02  2.4337112E-02
   30.0000  2.3783293E-02  3.5804853E-02  2.4147794E-02
   31.0000  2.3904545E-02  3.3772229E-02  2.4214482E-02
   32.0000  2.3917761E-02  3.2098603E-02  2.4308995E-02
   33.0000  2.3829924E-02  3.0740339E-02  2.4269850E-02
   34.0000  2.3630403E-02  2.9558489E-02  2.4016771E-02
   35.0000  2.3326582E-02  2.8413866E-02  2.3506374E-02
   36.0000  2.2944380E-02  2.7207323E-02  2.2714992E-02
   37.0000  2.2510446E-02  2.5889450E-02  2.1686510E-02
   38.0000  2.2043190E-02  2.4458221E-02  2.0615261E-02
   39.0000  2.1566685E-02  2.2956296E-02  1.9863733E-02
   40.0000  2.1123064E-02  2.1461072E-02  1.9800318E-02
