  7709.000   27  1  1  1.9222038E-02 -5.1785776E+00 -4.4824907E-01  1  1  7.5665006E+03  8.0000000E+03  0.0000000E+00  1.1792254E+00  1.0000000E+00  0.0000000E+00  = E_edge, Z, n_edge, j_edge, Abs_before_edge, VO_interstitial, E_cut, ninit, ninit1, Epsii, UnitCell_Volume, Surface_ref, f0_forward, natomsym_f, abs_u_iso
    Energy   (100,001)      (010,001)      (001,110)   
  -25.0000  8.7993237E-09  4.2391003E-10  1.4649624E-09
  -24.0000  2.4821006E-08  7.9378434E-10  3.5824609E-09
  -23.0000  8.6945899E-08  1.5756001E-09  1.0101704E-08
  -22.0000  4.7576565E-07  3.4566505E-09  3.6220877E-08
  -21.0000  1.6188948E-05  1.0647938E-08  2.2159512E-07
  -20.0000  5.6695380E-06  4.8582999E-07  2.9144677E-05
  -19.0000  1.9065821E-06  4.0694311E-08  1.2327073E-06
  -18.0000  1.6279216E-06  8.0325127E-08  5.2593954E-07
  -17.0000  2.1275967E-06  2.7293602E-07  4.8199763E-07
  -16.0000  4.2985107E-06  1.5546972E-06  6.7323244E-07
  -15.0000  3.4608196E-05  9.8474232E-05  3.5659403E-06
  -14.0000  2.7443348E-06  1.0982178E-05  2.7656808E-06
  -13.0000  9.8007649E-07  4.1376329E-06  2.4544534E-05
  -12.0000  8.1067509E-06  2.9498006E-06  5.0834673E-05
  -11.0000  5.3170826E-05  3.3881477E-06  7.1610532E-06
  -10.0000  6.0577249E-03  9.8487545E-06  6.3379643E-06
  -9.00000  3.5981006E-04  1.7589252E-05  7.9643823E-06
  -8.00000  9.9182054E-04  1.2922822E-03  1.9148175E-03
  -7.00000  4.2911046E-04  2.0902105E-05  4.7446563E-04
  -6.00000  5.8154139E-04  8.3142203E-05  9.9910225E-05
  -5.00000  2.5679856E-03  1.0376192E-03  1.7676018E-03
  -4.00000  3.4704004E-01  8.0966896E-04  6.5549853E-04
  -3.00000  8.2945075E-04  3.5747887E-02  9.1922189E-03
  -2.00000  4.2000348E-04  3.0443199E-03  7.4298991E-04
  -1.00000  2.5497854E-04  1.2989869E-03  1.9433011E-04
   0.00000  6.4852274E-04  1.0922961E-03  4.8893462E-04
   1.00000  3.3087861E-04  8.5626607E-04  2.2138851E-04
   2.00000  3.6351458E-04  9.7412787E-04  2.5032170E-04
   3.00000  5.7000102E-04  1.3259583E-03  3.7422724E-04
   4.00000  9.8946070E-04  2.1690359E-03  6.3133298E-04
   5.00000  1.6989203E-03  3.6047103E-03  1.2565149E-03
   5.20000  1.8737997E-03  3.9589976E-03  1.4922853E-03
   5.40000  2.0571856E-03  4.3418488E-03  1.8019415E-03
   5.60000  2.2475912E-03  4.7602345E-03  2.2177810E-03
   5.80000  2.4435346E-03  5.2264575E-03  2.7900975E-03
   6.00000  2.6442428E-03  5.7590936E-03  3.5961067E-03
   6.20000  2.8499972E-03  6.3866001E-03  4.7569507E-03
   6.40000  3.0628635E-03  7.1505785E-03  6.4652417E-03
   6.60000  3.2878561E-03  8.1076688E-03  9.0246322E-03
   6.80000  3.5331698E-03  9.3503592E-03  1.2902038E-02
   7.00000  3.8280268E-03  1.0894286E-02  1.8522696E-02
   7.20000  4.2194778E-03  1.2653138E-02  2.5535232E-02
   7.40000  4.7988442E-03  1.4135563E-02  3.0846489E-02
   7.60000  5.6791488E-03  1.4849017E-02  3.0205903E-02
   7.80000  6.8499977E-03  1.5209510E-02  2.4844459E-02
   8.00000  8.1055019E-03  1.5942429E-02  1.8995728E-02
   8.20000  9.2752211E-03  1.7362463E-02  1.4510151E-02
   8.40000  1.0361425E-02  1.9568528E-02  1.1423377E-02
   8.60000  1.1448457E-02  2.2664268E-02  9.3719964E-03
   8.80000  1.2607233E-02  2.6781685E-02  8.0808951E-03
   9.00000  1.3880386E-02  3.2090732E-02  7.3960116E-03
   9.20000  1.5286632E-02  3.8767447E-02  7.2309518E-03
   9.40000  1.6830472E-02  4.6997213E-02  7.5163558E-03
   9.60000  1.8504945E-02  5.6962417E-02  8.1829139E-03
   9.80000  2.0291996E-02  6.8741146E-02  9.1608572E-03
   10.0000  2.2179000E-02  8.2063810E-02  1.0402845E-02
   10.2500  2.4655334E-02  9.9110810E-02  1.2265759E-02
   10.5000  2.7251926E-02  1.1204255E-01  1.4438367E-02
   10.7500  2.9955741E-02  1.1503964E-01  1.6924334E-02
   11.0000  3.2714034E-02  1.0656985E-01  1.9775553E-02
   11.2500  3.5404907E-02  9.1246762E-02  2.3065025E-02
   11.5000  3.7686500E-02  7.4504948E-02  2.6687751E-02
   11.7500  3.9619109E-02  6.0579942E-02  3.0979786E-02
   12.0000  4.0909601E-02  4.9606947E-02  3.5688467E-02
   12.2500  4.1514222E-02  4.1267936E-02  4.0664139E-02
   12.5000  4.1516700E-02  3.4995406E-02  4.5648467E-02
   12.7500  4.1089693E-02  3.0269262E-02  5.0274229E-02
   13.0000  4.0423137E-02  2.6687676E-02  5.4112280E-02
   13.2500  3.9675600E-02  2.3954915E-02  5.6763367E-02
   13.5000  3.8608945E-02  2.1865448E-02  5.9264107E-02
   13.7500  3.7986839E-02  2.0227439E-02  5.8537298E-02
   14.0000  3.7501161E-02  1.8950750E-02  5.6625050E-02
   14.2500  3.7163619E-02  1.7949176E-02  5.3989670E-02
   14.5000  3.6975658E-02  1.7159448E-02  5.1078100E-02
   14.7500  3.6939098E-02  1.6535079E-02  4.8247701E-02
   15.0000  3.7059966E-02  1.6042099E-02  4.5739435E-02
   15.2500  3.7332433E-02  1.5653380E-02  4.3684461E-02
   15.5000  3.7766187E-02  1.5353203E-02  4.2147381E-02
   15.7500  3.8364008E-02  1.5131215E-02  4.1145205E-02
   16.0000  3.9122640E-02  1.4982071E-02  4.0667383E-02
   16.2500  4.0026488E-02  1.4902267E-02  4.0682831E-02
   16.5000  4.1043681E-02  1.4890328E-02  4.1141114E-02
   16.7500  4.2123147E-02  1.4946336E-02  4.1964869E-02
   17.0000  4.3193248E-02  1.5068630E-02  4.3044887E-02
   17.2500  4.4162978E-02  1.5254902E-02  4.4235382E-02
   17.5000  4.4929975E-02  1.5503293E-02  4.5365852E-02
   17.7500  4.5399689E-02  1.5811441E-02  4.6268096E-02
   18.0000  4.5500598E-02  1.6177815E-02  4.6810518E-02
   18.2500  4.5201606E-02  1.6600294E-02  4.6931811E-02
   18.5000  4.4524165E-02  1.7077346E-02  4.6645459E-02
   18.7500  4.3532906E-02  1.7608586E-02  4.6027849E-02
   19.0000  4.2325437E-02  1.8191105E-02  4.5180842E-02
   19.2500  4.1009218E-02  1.8821674E-02  4.4207876E-02
   19.5000  3.9684354E-02  1.9496741E-02  4.3194144E-02
   19.7500  3.8433169E-02  2.0211601E-02  4.2200038E-02
   20.0000  3.7314847E-02  2.0961877E-02  4.1261968E-02
   21.0000  3.4665571E-02  2.4230871E-02  3.8308548E-02
   22.0000  3.4875178E-02  2.7757322E-02  3.6395240E-02
   23.0000  3.6998700E-02  3.1352158E-02  3.4987969E-02
   24.0000  3.9790125E-02  3.4781238E-02  3.3764045E-02
   25.0000  4.2056267E-02  3.8164496E-02  3.2479616E-02
   26.0000  4.2569977E-02  3.9862651E-02  3.1295950E-02
   27.0000  4.0325748E-02  4.0164813E-02  2.9886812E-02
   28.0000  3.6092588E-02  3.9180346E-02  2.8319044E-02
   29.0000  3.1933992E-02  3.7459967E-02  2.7011944E-02
   30.0000  2.9050063E-02  3.5591278E-02  2.6365840E-02
   31.0000  2.7431407E-02  3.3927823E-02  2.6414257E-02
   32.0000  2.6653440E-02  3.2583466E-02  2.6895969E-02
   33.0000  2.6343830E-02  3.1548499E-02  2.7481905E-02
   34.0000  2.6240732E-02  3.0704021E-02  2.7942198E-02
   35.0000  2.6150179E-02  2.9907516E-02  2.8161113E-02
   36.0000  2.5911004E-02  2.9033602E-02  2.8069976E-02
   37.0000  2.5381952E-02  2.7984303E-02  2.7602791E-02
   38.0000  2.4509238E-02  2.6709630E-02  2.6697203E-02
   39.0000  2.3350031E-02  2.5219848E-02  2.5319156E-02
   40.0000  2.2061056E-02  2.3587892E-02  2.3532212E-02
