  7709.000   27  1  1  1.9222038E-02 -5.3216395E+00 -4.4500468E-01  1  1  7.5665737E+03  8.0000000E+03  0.0000000E+00  1.1792254E+00  1.0000000E+00  0.0000000E+00  = E_edge, Z, n_edge, j_edge, Abs_before_edge, VO_interstitial, E_cut, ninit, ninit1, Epsii, UnitCell_Volume, Surface_ref, f0_forward, natomsym_f, abs_u_iso
    Energy   (100,001)      (010,001)      (001,110)   
  -25.0000  1.4567585E-08  4.9044055E-10  1.9018348E-09
  -24.0000  4.6562383E-08  9.2942482E-10  5.3561330E-09
  -23.0000  2.2182978E-07  1.8624237E-09  2.2146586E-08
  -22.0000  8.5978267E-06  4.0980941E-09  9.6037665E-07
  -21.0000  4.7846031E-05  1.8019606E-08  5.8225502E-06
  -20.0000  2.7946836E-06  5.2352106E-08  2.9614539E-06
  -19.0000  1.2883263E-05  2.4805557E-07  2.1522784E-05
  -18.0000  2.5443633E-06  1.2659453E-07  7.9089916E-07
  -17.0000  3.9000975E-06  4.8353991E-07  5.6637055E-07
  -16.0000  9.0699372E-06  4.5615445E-06  9.4763506E-07
  -15.0000  4.6915195E-05  1.2040800E-02  1.8466988E-04
  -14.0000  2.7240529E-04  8.4457340E-06  3.6007119E-05
  -13.0000  1.6726196E-05  5.8698311E-06  8.5159788E-04
  -12.0000  5.2464306E-05  7.4528451E-06  1.3062734E-03
  -11.0000  7.7043882E-05  1.5176997E-05  2.3455430E-05
  -10.0000  1.6775428E-03  4.0392679E-05  2.4606618E-03
  -9.00000  2.3721056E-04  2.7871652E-05  3.1823722E-05
  -8.00000  2.3648628E-03  6.6986781E-05  2.3327699E-04
  -7.00000  2.0448982E-03  4.4028306E-04  2.7656166E-04
  -6.00000  6.9801674E-04  9.8868954E-05  2.2906988E-04
  -5.00000  1.1355024E-02  2.4771363E-02  3.7791353E-03
  -4.00000  9.8772850E-03  9.2740661E-03  1.1445915E-02
  -3.00000  4.3938314E-03  5.9610134E-03  1.1507584E-02
  -2.00000  1.7471180E-03  4.1415619E-03  1.3437520E-03
  -1.00000  6.0233976E-04  1.4979163E-03  2.4253636E-04
   0.00000  1.7376390E-03  3.3762837E-03  8.5324874E-04
   1.00000  5.2177251E-04  1.0856083E-03  3.1742020E-04
   2.00000  8.1022962E-04  1.2278393E-03  5.6886499E-04
   3.00000  1.4193425E-03  1.6826826E-03  1.5918896E-03
   4.00000  1.7841254E-03  2.6662223E-03  6.0476492E-03
   5.00000  2.1888443E-03  4.2727417E-03  5.4970227E-03
   5.20000  2.2623770E-03  4.4507163E-03  5.2103212E-03
   5.40000  2.3792403E-03  4.6923386E-03  5.2878107E-03
   5.60000  2.5508344E-03  5.0463399E-03  5.8153400E-03
   5.80000  2.7824559E-03  5.5192815E-03  6.8827556E-03
   6.00000  3.0861994E-03  6.1219208E-03  8.6140397E-03
   6.20000  3.4794342E-03  6.8536349E-03  1.1111817E-02
   6.40000  4.0031200E-03  7.7430706E-03  1.4232094E-02
   6.60000  4.7172205E-03  8.8033790E-03  1.7445003E-02
   6.80000  5.7219618E-03  1.0026124E-02  2.0049990E-02
   7.00000  7.1711935E-03  1.1399568E-02  2.1673859E-02
   7.20000  9.2835143E-03  1.2934468E-02  2.2449370E-02
   7.40000  1.2292125E-02  1.4673303E-02  2.2718651E-02
   7.60000  1.6123672E-02  1.6680694E-02  2.2678015E-02
   7.80000  1.9675358E-02  1.9036669E-02  2.2286187E-02
   8.00000  2.1079253E-02  2.1855099E-02  2.1608083E-02
   8.20000  2.0208776E-02  2.5306403E-02  2.1055060E-02
   8.40000  1.8768693E-02  2.9590451E-02  2.0914488E-02
   8.60000  1.7906336E-02  3.4851950E-02  2.1071740E-02
   8.80000  1.7847314E-02  4.1216032E-02  2.1358552E-02
   9.00000  1.7296563E-02  4.8588307E-02  2.1788183E-02
   9.20000  1.8613991E-02  5.7195529E-02  2.2249465E-02
   9.40000  2.0513755E-02  6.6883914E-02  2.2916165E-02
   9.60000  2.3077864E-02  7.7434057E-02  2.3963575E-02
   9.80000  2.6408985E-02  8.8128130E-02  2.5571823E-02
   10.0000  3.0442518E-02  9.7394011E-02  2.8090080E-02
   10.2500  3.6415514E-02  1.0294157E-01  3.2046815E-02
   10.5000  4.2716893E-02  9.8836554E-02  3.6740962E-02
   10.7500  4.8212580E-02  8.7393372E-02  4.2054740E-02
   11.0000  5.1915626E-02  7.3340421E-02  4.7213824E-02
   11.2500  5.3366576E-02  6.0352007E-02  5.1750374E-02
   11.5000  5.2838713E-02  4.9797082E-02  5.5301606E-02
   11.7500  5.1486282E-02  4.1672733E-02  5.7800382E-02
   12.0000  4.8613760E-02  3.5656223E-02  5.8690569E-02
   12.2500  4.5922774E-02  3.1026565E-02  5.7860082E-02
   12.5000  4.3335789E-02  2.7507096E-02  5.5964585E-02
   12.7500  4.0788716E-02  2.4995616E-02  5.2841831E-02
   13.0000  3.8814453E-02  2.2845526E-02  4.9967461E-02
   13.2500  3.7244533E-02  2.1145042E-02  4.7160758E-02
   13.5000  3.6088438E-02  1.9787239E-02  4.4607410E-02
   13.7500  3.5332755E-02  1.8694922E-02  4.2402820E-02
   14.0000  3.4952803E-02  1.7811985E-02  4.0582749E-02
   14.2500  3.4920127E-02  1.7096196E-02  3.9148152E-02
   14.5000  3.5205594E-02  1.6516581E-02  3.8085652E-02
   14.7500  3.5783185E-02  1.6051260E-02  3.7377231E-02
   15.0000  3.6625792E-02  1.5683590E-02  3.6995165E-02
   15.2500  3.7707199E-02  1.5404342E-02  3.6909614E-02
   15.5000  3.8991300E-02  1.5206804E-02  3.7076016E-02
   15.7500  4.0427281E-02  1.5086560E-02  3.7432819E-02
   16.0000  4.1940719E-02  1.5040907E-02  3.7900661E-02
   16.2500  4.3433573E-02  1.5068134E-02  3.8384584E-02
   16.5000  4.4783986E-02  1.5166652E-02  3.8785191E-02
   16.7500  4.5858500E-02  1.5334316E-02  3.9014239E-02
   17.0000  4.6539893E-02  1.5568709E-02  3.9011428E-02
   17.2500  4.6756336E-02  1.5866601E-02  3.8755501E-02
   17.5000  4.6506074E-02  1.6223295E-02  3.8265385E-02
   17.7500  4.5862186E-02  1.6633798E-02  3.7591635E-02
   18.0000  4.4951850E-02  1.7093932E-02  3.6800449E-02
   18.2500  4.3921894E-02  1.7599497E-02  3.5956610E-02
   18.5000  4.2901484E-02  1.8146218E-02  3.5115996E-02
   18.7500  4.1989190E-02  1.8729297E-02  3.4319666E-02
   19.0000  4.1243944E-02  1.9344063E-02  3.3595401E-02
   19.2500  4.0691311E-02  1.9985333E-02  3.2958655E-02
   19.5000  4.0333366E-02  2.0649181E-02  3.2414428E-02
   19.7500  4.0157682E-02  2.1330578E-02  3.1961685E-02
   20.0000  4.0142862E-02  2.2026380E-02  3.1597824E-02
   21.0000  4.1142223E-02  2.4935999E-02  3.0867935E-02
   22.0000  4.2326522E-02  2.8095449E-02  3.0779560E-02
   23.0000  4.1185159E-02  3.1999268E-02  3.0588325E-02
   24.0000  3.7313638E-02  3.5069271E-02  2.9854469E-02
   25.0000  3.2080810E-02  3.7414096E-02  2.8633886E-02
   26.0000  2.7541611E-02  3.8681368E-02  2.7318466E-02
   27.0000  2.4396888E-02  3.8811537E-02  2.6289411E-02
   28.0000  2.2510765E-02  3.8054781E-02  2.5581596E-02
   29.0000  2.1657814E-02  3.6811061E-02  2.5275438E-02
   30.0000  2.1492761E-02  3.5454215E-02  2.5372822E-02
   31.0000  2.1675875E-02  3.4177034E-02  2.5686247E-02
   32.0000  2.1962614E-02  3.3010834E-02  2.6005819E-02
   33.0000  2.2188496E-02  3.1893170E-02  2.6184279E-02
   34.0000  2.2254113E-02  3.0761896E-02  2.6146859E-02
   35.0000  2.2110152E-02  2.9597351E-02  2.5850138E-02
   36.0000  2.1764832E-02  2.8420383E-02  2.5276933E-02
   37.0000  2.1287312E-02  2.7260771E-02  2.4451842E-02
   38.0000  2.0781292E-02  2.6102628E-02  2.3456220E-02
   39.0000  2.0346449E-02  2.4903443E-02  2.2431771E-02
   40.0000  2.0036770E-02  2.3653141E-02  2.1574116E-02
