  7709.000   27  1  1  1.9222038E-02 -5.5996448E+00 -4.8701150E-01  1  1  7.5666737E+03  8.0000000E+03  0.0000000E+00  1.1792254E+00  1.0000000E+00  0.0000000E+00  = E_edge, Z, n_edge, j_edge, Abs_before_edge, VO_interstitial, E_cut, ninit, ninit1, Epsii, UnitCell_Volume, Surface_ref, f0_forward, natomsym_f, abs_u_iso
    Energy   (100,001)      (010,001)      (001,110)   
  -25.0000  1.7998600E-08  7.0482687E-10  1.4233922E-09
  -24.0000  5.4422389E-08  1.3891404E-09  3.4009922E-09
  -23.0000  2.1446353E-07  3.0455953E-09  9.8294872E-09
  -22.0000  1.6402822E-06  9.8867255E-09  5.7389094E-08
  -21.0000  3.3730884E-05  5.4167033E-08  1.7819986E-06
  -20.0000  1.0820950E-05  1.2080099E-07  7.0260890E-06
  -19.0000  5.5433813E-06  6.0223767E-07  2.0381063E-05
  -18.0000  5.7131495E-06  2.3636981E-07  1.6613194E-06
  -17.0000  1.4236338E-05  9.3957554E-07  8.4584650E-07
  -16.0000  3.3491902E-04  1.4861151E-05  2.9580317E-06
  -15.0000  1.9490711E-05  5.3196931E-05  2.3166551E-06
  -14.0000  1.0539117E-06  6.5601929E-06  3.7923391E-06
  -13.0000  1.7541554E-06  4.3082243E-06  2.6194371E-05
  -12.0000  5.7014429E-05  3.4264146E-06  5.9994071E-04
  -11.0000  5.0619671E-04  2.3400993E-05  3.6337908E-04
  -10.0000  2.4666930E-04  4.4676438E-04  6.2206035E-04
  -9.00000  6.8081321E-04  1.5043028E-04  6.0097884E-04
  -8.00000  5.3297216E-03  4.2206749E-04  1.1522303E-03
  -7.00000  1.3363993E-03  1.8945750E-04  1.2396616E-04
  -6.00000  1.2756055E-02  1.4393222E-03  7.7982697E-04
  -5.00000  1.4759561E-03  4.2220449E-04  3.4168298E-03
  -4.00000  5.5002051E-03  5.5593604E-02  3.2132931E-03
  -3.00000  6.9467721E-03  6.8062483E-03  2.8867581E-03
  -2.00000  2.6744047E-03  6.3353247E-03  2.6527422E-03
  -1.00000  9.4128331E-04  1.4388536E-03  3.9334423E-04
   0.00000  8.9578795E-03  1.3859261E-03  6.7932030E-03
   1.00000  1.1292553E-03  1.1349974E-03  5.2229947E-04
   2.00000  1.3711560E-03  1.5702594E-03  6.3842745E-04
   3.00000  1.9831500E-03  2.5615105E-03  1.0532325E-03
   4.00000  2.2787822E-03  3.3743666E-03  1.8837676E-03
   5.00000  2.4900856E-03  4.9951220E-03  4.1511769E-03
   5.20000  2.6097364E-03  5.6607648E-03  5.0400081E-03
   5.40000  2.7809396E-03  6.4693103E-03  6.1526175E-03
   5.60000  3.0074367E-03  7.3943247E-03  7.4699498E-03
   5.80000  3.2820882E-03  8.3639777E-03  8.8591611E-03
   6.00000  3.5887502E-03  9.2698754E-03  1.0061741E-02
   6.20000  3.9179210E-03  1.0018049E-02  1.0819539E-02
   6.40000  4.2755497E-03  1.0603199E-02  1.1075886E-02
   6.60000  4.6746501E-03  1.1130562E-02  1.1054097E-02
   6.80000  5.1186113E-03  1.1721927E-02  1.1075388E-02
   7.00000  5.5931308E-03  1.2464504E-02  1.1422692E-02
   7.20000  6.0777550E-03  1.3381888E-02  1.2282079E-02
   7.40000  6.5680543E-03  1.4515459E-02  1.3720951E-02
   7.60000  7.0824076E-03  1.5906225E-02  1.5581009E-02
   7.80000  7.6473332E-03  1.7606332E-02  1.7506864E-02
   8.00000  8.2819890E-03  1.9675807E-02  1.9100682E-02
   8.20000  8.9901940E-03  2.2182499E-02  2.0108670E-02
   8.40000  9.7617992E-03  2.5185246E-02  2.0505883E-02
   8.60000  1.0580068E-02  2.8750173E-02  2.0448270E-02
   8.80000  1.1432440E-02  3.2937991E-02  2.0170232E-02
   9.00000  1.2320561E-02  3.7793994E-02  1.9901107E-02
   9.20000  1.3220823E-02  4.3254074E-02  1.9712883E-02
   9.40000  1.4241101E-02  4.9325715E-02  1.9958655E-02
   9.60000  1.5428429E-02  5.5688501E-02  2.0677849E-02
   9.80000  1.6579769E-02  6.1670359E-02  2.1949665E-02
   10.0000  1.8059311E-02  6.7649899E-02  2.3564956E-02
   10.2500  2.0197189E-02  7.3873033E-02  2.6254415E-02
   10.5000  2.2604470E-02  7.7689873E-02  2.9777579E-02
   10.7500  2.5087669E-02  7.9507901E-02  3.3277726E-02
   11.0000  2.7685263E-02  7.9216010E-02  3.7151711E-02
   11.2500  2.9993312E-02  7.7008652E-02  4.0910367E-02
   11.5000  3.1819642E-02  7.2406249E-02  4.4108824E-02
   11.7500  3.2892522E-02  6.6120341E-02  4.6609521E-02
   12.0000  3.3360000E-02  5.8812667E-02  4.8650439E-02
   12.2500  3.3224943E-02  5.1647532E-02  4.9351188E-02
   12.5000  3.2967413E-02  4.5148582E-02  4.9196145E-02
   12.7500  3.2800043E-02  3.9604647E-02  4.8360279E-02
   13.0000  3.2832215E-02  3.5034606E-02  4.7062672E-02
   13.2500  3.3100529E-02  3.1326545E-02  4.5515607E-02
   13.5000  3.3600364E-02  2.8333204E-02  4.3897499E-02
   13.7500  3.4305390E-02  2.5916364E-02  4.2344379E-02
   14.0000  3.5181574E-02  2.3959459E-02  4.0952581E-02
   14.2500  3.6189858E-02  2.2369908E-02  3.9784781E-02
   14.5000  3.7292490E-02  2.1076581E-02  3.8880157E-02
   14.7500  3.8445255E-02  2.0018537E-02  3.8251939E-02
   15.0000  3.9616807E-02  1.9152538E-02  3.7903399E-02
   15.2500  4.0778763E-02  1.8444043E-02  3.7820482E-02
   15.5000  4.1907347E-02  1.7865446E-02  3.7974795E-02
   15.7500  4.2980359E-02  1.7395366E-02  3.8323592E-02
   16.0000  4.3977720E-02  1.7016992E-02  3.8809016E-02
   16.2500  4.4872467E-02  1.6718206E-02  3.9369397E-02
   16.5000  4.5633567E-02  1.6489685E-02  3.9936670E-02
   16.7500  4.6228951E-02  1.6325239E-02  4.0446017E-02
   17.0000  4.6627175E-02  1.6221053E-02  4.0842468E-02
   17.2500  4.6803900E-02  1.6174530E-02  4.1086347E-02
   17.5000  4.6746554E-02  1.6184524E-02  4.1156537E-02
   17.7500  4.6460421E-02  1.6249790E-02  4.1051000E-02
   18.0000  4.5972082E-02  1.6369454E-02  4.0781951E-02
   18.2500  4.5323967E-02  1.6541924E-02  4.0373709E-02
   18.5000  4.4575471E-02  1.6765396E-02  3.9857474E-02
   18.7500  4.3790897E-02  1.7038127E-02  3.9265449E-02
   19.0000  4.3033443E-02  1.7357699E-02  3.8629472E-02
   19.2500  4.2357067E-02  1.7722275E-02  3.7978443E-02
   19.5000  4.1801747E-02  1.8131021E-02  3.7334960E-02
   19.7500  4.1394286E-02  1.8582265E-02  3.6717851E-02
   20.0000  4.1148223E-02  1.9074545E-02  3.6139746E-02
   21.0000  4.1705189E-02  2.1454986E-02  3.4332423E-02
   22.0000  4.3989872E-02  2.4457801E-02  3.3232508E-02
   23.0000  4.6617458E-02  2.7941833E-02  3.2435533E-02
   24.0000  4.7883884E-02  3.1656381E-02  3.1692463E-02
   25.0000  4.6219126E-02  3.5179798E-02  3.0989720E-02
   26.0000  4.1544807E-02  3.7893737E-02  3.0282225E-02
   27.0000  3.5752975E-02  3.9308848E-02  2.9463071E-02
   28.0000  3.0660273E-02  3.9242054E-02  2.8381739E-02
   29.0000  2.7937062E-02  3.8409897E-02  2.7669213E-02
   30.0000  2.6511092E-02  3.7314140E-02  2.7219807E-02
   31.0000  2.5737518E-02  3.6253137E-02  2.7024968E-02
   32.0000  2.5213910E-02  3.5324350E-02  2.7037782E-02
   33.0000  2.4778029E-02  3.4495187E-02  2.7189554E-02
   34.0000  2.4362021E-02  3.3672539E-02  2.7383617E-02
   35.0000  2.3920526E-02  3.2751368E-02  2.7512278E-02
   36.0000  2.3415536E-02  3.1651233E-02  2.7468222E-02
   37.0000  2.2823186E-02  3.0337203E-02  2.7160806E-02
   38.0000  2.2153484E-02  2.8825785E-02  2.6541871E-02
   39.0000  2.1458208E-02  2.7168930E-02  2.5625180E-02
   40.0000  2.0805663E-02  2.5437538E-02  2.4491391E-02
