  7709.000   27  1  1  1.9222038E-02 -4.8813407E+00 -4.2785407E-01  1  1  7.5662565E+03  8.0000000E+03  0.0000000E+00  1.1792254E+00  1.0000000E+00  0.0000000E+00  = E_edge, Z, n_edge, j_edge, Abs_before_edge, VO_interstitial, E_cut, ninit, ninit1, Epsii, UnitCell_Volume, Surface_ref, f0_forward, natomsym_f, abs_u_iso
    Energy   (100,001)      (010,001)      (001,110)   
  -25.0000  1.3771428E-08  5.2960407E-10  2.0807809E-09
  -24.0000  4.3429148E-08  1.0226581E-09  5.6706200E-09
  -23.0000  2.1053101E-07  2.2272679E-09  2.2099568E-08
  -22.0000  1.2288143E-05  2.9421920E-08  1.1038665E-06
  -21.0000  1.6363646E-06  2.0356549E-08  5.6814362E-07
  -20.0000  8.1257979E-05  1.3061642E-06  6.9406656E-05
  -19.0000  6.8730328E-06  2.2254900E-07  6.7572964E-06
  -18.0000  3.1205209E-05  4.0273297E-06  1.7198882E-04
  -17.0000  1.8538975E-05  4.6179153E-07  5.8001970E-06
  -16.0000  7.7198261E-05  6.0581922E-06  5.7302591E-06
  -15.0000  7.9690470E-05  6.5784056E-04  5.6119693E-06
  -14.0000  9.5870339E-06  9.8823780E-06  4.5990267E-06
  -13.0000  2.0096312E-06  4.3943476E-06  3.7122341E-05
  -12.0000  2.5345564E-05  9.2022418E-06  3.1793514E-04
  -11.0000  6.8511515E-05  6.9888339E-06  4.0264300E-05
  -10.0000  2.1221311E-03  4.4698447E-04  4.4484950E-05
  -9.00000  5.9218815E-04  5.8492373E-04  9.2398380E-04
  -8.00000  2.6879602E-04  8.8083344E-05  8.9210565E-05
  -7.00000  8.3998284E-04  1.1840216E-04  2.3915667E-04
  -6.00000  2.8950169E-03  3.9841904E-04  2.7369197E-03
  -5.00000  1.4616019E-03  5.4360254E-03  4.7107824E-03
  -4.00000  1.5292805E-03  4.2278482E-03  1.6842216E-02
  -3.00000  2.5874429E-02  1.0696978E-02  1.8856347E-03
  -2.00000  1.4175710E-03  6.3263316E-03  2.3274405E-03
  -1.00000  4.8815564E-04  1.5002532E-03  3.1729663E-04
   0.00000  1.2619031E-03  2.4013227E-03  1.0388168E-03
   1.00000  1.5940574E-03  1.2361706E-03  8.0960115E-04
   2.00000  1.6586380E-03  1.7539469E-03  1.1826396E-03
   3.00000  1.7762343E-03  2.5814215E-03  2.1023712E-03
   4.00000  1.1634458E-03  3.7975054E-03  6.1989397E-03
   5.00000  1.6097938E-03  6.7058427E-03  8.3968242E-03
   5.20000  1.7370479E-03  7.0989690E-03  6.6328429E-03
   5.40000  1.8887024E-03  7.4630672E-03  5.3566299E-03
   5.60000  2.0516550E-03  7.8957291E-03  4.5220636E-03
   5.80000  2.2045488E-03  8.4424276E-03  4.0089193E-03
   6.00000  2.3358594E-03  9.1767546E-03  3.7182240E-03
   6.20000  2.4479717E-03  1.0150508E-02  3.5820067E-03
   6.40000  2.5556561E-03  1.1406196E-02  3.5544812E-03
   6.60000  2.6783944E-03  1.2999283E-02  3.6068101E-03
   6.80000  2.8392245E-03  1.4985487E-02  3.7192340E-03
   7.00000  3.0582352E-03  1.7403927E-02  3.8793681E-03
   7.20000  3.3381132E-03  2.0195357E-02  4.0823663E-03
   7.40000  3.6531193E-03  2.3092437E-02  4.3294775E-03
   7.60000  3.9604423E-03  2.5783224E-02  4.6236936E-03
   7.80000  4.2567287E-03  2.8227257E-02  4.9775666E-03
   8.00000  4.5746085E-03  3.0725192E-02  5.4163253E-03
   8.20000  4.9540388E-03  3.3677547E-02  5.9793717E-03
   8.40000  5.4272987E-03  3.7448384E-02  6.7182859E-03
   8.60000  6.0208698E-03  4.2395317E-02  7.6937058E-03
   8.80000  6.7591183E-03  4.8938316E-02  8.9681403E-03
   9.00000  7.6594616E-03  5.7562789E-02  1.0586149E-02
   9.20000  8.7170752E-03  6.8703444E-02  1.2515466E-02
   9.40000  9.8826636E-03  8.2235337E-02  1.4572038E-02
   9.60000  1.1074980E-02  9.6619749E-02  1.6436395E-02
   9.80000  1.2327310E-02  1.0529240E-01  1.8089787E-02
   10.0000  1.3545685E-02  1.1184036E-01  1.9390650E-02
   10.2500  1.5340323E-02  1.0951228E-01  2.1029129E-02
   10.5000  1.7520499E-02  9.7493678E-02  2.3181238E-02
   10.7500  2.0029800E-02  8.2114143E-02  2.6042050E-02
   11.0000  2.2764596E-02  6.7756570E-02  2.9372963E-02
   11.2500  2.5584696E-02  5.6083336E-02  3.2991066E-02
   11.5000  2.8320283E-02  4.7029692E-02  3.6677002E-02
   11.7500  3.0789480E-02  4.0041352E-02  4.0200930E-02
   12.0000  3.2832028E-02  3.4577569E-02  4.3340113E-02
   12.2500  3.4278158E-02  3.0266543E-02  4.5685229E-02
   12.5000  3.5360996E-02  2.6758515E-02  4.7579923E-02
   12.7500  3.6108944E-02  2.3918928E-02  4.8664761E-02
   13.0000  3.6652605E-02  2.1622849E-02  4.8906982E-02
   13.2500  3.6706992E-02  1.9905644E-02  4.8163063E-02
   13.5000  3.7385442E-02  1.8444686E-02  4.6936919E-02
   13.7500  3.7793588E-02  1.7245815E-02  4.5408174E-02
   14.0000  3.8251148E-02  1.6292556E-02  4.3775728E-02
   14.2500  3.8790661E-02  1.5539001E-02  4.2238499E-02
   14.5000  3.9434699E-02  1.4948606E-02  4.0935223E-02
   14.7500  4.0195351E-02  1.4493129E-02  3.9947454E-02
   15.0000  4.1074748E-02  1.4151736E-02  3.9315447E-02
   15.2500  4.2069703E-02  1.3908787E-02  3.9050865E-02
   15.5000  4.3151315E-02  1.3751460E-02  3.9140787E-02
   15.7500  4.4292674E-02  1.3671483E-02  3.9559649E-02
   16.0000  4.5449479E-02  1.3661860E-02  4.0264182E-02
   16.2500  4.6562640E-02  1.3718210E-02  4.1193187E-02
   16.5000  4.7560482E-02  1.3836805E-02  4.2267257E-02
   16.7500  4.8364601E-02  1.4015567E-02  4.3389026E-02
   17.0000  4.8898438E-02  1.4252855E-02  4.4448617E-02
   17.2500  4.9101268E-02  1.4548321E-02  4.5334915E-02
   17.5000  4.8942272E-02  1.4901854E-02  4.5952423E-02
   17.7500  4.8428529E-02  1.5312746E-02  4.6237508E-02
   18.0000  4.7605555E-02  1.5779415E-02  4.6169174E-02
   18.2500  4.6548955E-02  1.6300070E-02  4.5767646E-02
   18.5000  4.5348813E-02  1.6872252E-02  4.5087333E-02
   18.7500  4.4097018E-02  1.7492798E-02  4.4202608E-02
   19.0000  4.2871332E-02  1.8158816E-02  4.3188474E-02
   19.2500  4.1732706E-02  1.8868199E-02  4.2114089E-02
   19.5000  4.0723250E-02  1.9619013E-02  4.1035076E-02
   19.7500  3.9868557E-02  2.0409285E-02  3.9991078E-02
   20.0000  3.9180011E-02  2.1237064E-02  3.9008982E-02
   21.0000  3.7962110E-02  2.4913023E-02  3.5882554E-02
   22.0000  3.8571933E-02  2.9050744E-02  3.3929069E-02
   23.0000  4.0239166E-02  3.3318531E-02  3.2779856E-02
   24.0000  4.2021338E-02  3.7080125E-02  3.2103579E-02
   25.0000  4.2451616E-02  3.9520525E-02  3.1615341E-02
   26.0000  4.0581157E-02  4.0219070E-02  3.1030849E-02
   27.0000  3.7176913E-02  3.9466518E-02  3.0262676E-02
   28.0000  3.3830828E-02  3.7927014E-02  2.9520745E-02
   29.0000  3.1361354E-02  3.6148356E-02  2.9071125E-02
   30.0000  2.9833884E-02  3.4233775E-02  2.8936682E-02
   31.0000  2.8907902E-02  3.2665807E-02  2.9217392E-02
   32.0000  2.8289039E-02  3.1223705E-02  2.9612424E-02
   33.0000  2.7835755E-02  2.9861718E-02  2.9980994E-02
   34.0000  2.7454277E-02  2.8550823E-02  3.0226478E-02
   35.0000  2.7078303E-02  2.7279100E-02  3.0267496E-02
   36.0000  2.6650538E-02  2.6040045E-02  3.0041974E-02
   37.0000  2.6103117E-02  2.4817236E-02  2.9501472E-02
   38.0000  2.5367264E-02  2.3586808E-02  2.8623295E-02
   39.0000  2.4429204E-02  2.2360762E-02  2.7412041E-02
   40.0000  2.3352442E-02  2.1203706E-02  2.5871455E-02
