  7709.000   27  1  1  1.9222038E-02 -4.8338213E+00 -4.5974521E-01  1  1  7.5662391E+03  8.0000000E+03  0.0000000E+00  1.1792254E+00  1.0000000E+00  0.0000000E+00  = E_edge, Z, n_edge, j_edge, Abs_before_edge, VO_interstitial, E_cut, ninit, ninit1, Epsii, UnitCell_Volume, Surface_ref, f0_forward, natomsym_f, abs_u_iso
    Energy   (100,001)      (010,001)      (001,110)   
  -25.0000  1.5283087E-08  5.8521318E-10  1.4580514E-09
  -24.0000  4.5291471E-08  1.1390956E-09  3.7744358E-09
  -23.0000  1.7113703E-07  2.4618024E-09  1.2725818E-08
  -22.0000  1.1077407E-06  7.4824691E-09  8.3130606E-08
  -21.0000  7.7026791E-04  1.4335502E-06  8.0963293E-05
  -20.0000  6.6771416E-06  9.8414944E-08  3.2841198E-06
  -19.0000  2.2477562E-04  1.0902009E-05  9.4582124E-04
  -18.0000  6.8552496E-06  1.5029826E-07  4.3290787E-06
  -17.0000  1.6047641E-05  5.8522291E-07  1.7791172E-06
  -16.0000  5.3590371E-05  5.7042336E-06  2.1744835E-06
  -15.0000  3.6683301E-04  1.2661098E-03  5.3616265E-05
  -14.0000  4.7420005E-06  8.5938199E-06  3.9019743E-06
  -13.0000  1.3684165E-06  4.8632008E-06  2.8535391E-05
  -12.0000  4.0036803E-03  2.0940942E-04  1.0245436E-01
  -11.0000  6.0219524E-04  1.0535213E-05  2.7689427E-05
  -10.0000  2.8052809E-03  1.0512760E-05  5.7546077E-05
  -9.00000  5.2638366E-04  1.1179286E-04  7.5006048E-05
  -8.00000  1.2962312E-03  1.9521111E-02  5.5176549E-03
  -7.00000  3.2182989E-03  1.2289919E-04  4.3878524E-05
  -6.00000  7.1058532E-04  1.2283525E-04  1.0413285E-04
  -5.00000  4.4018915E-03  1.5295060E-03  6.6908920E-04
  -4.00000  1.5802613E-03  6.7157714E-03  2.1904129E-03
  -3.00000  1.0820850E-01  5.3304012E-02  1.1236131E-02
  -2.00000  2.5256999E-03  2.2230916E-02  1.1147198E-02
  -1.00000  5.6369050E-04  1.5753512E-03  3.0989450E-04
   0.00000  1.8646712E-03  1.7826289E-03  1.4597079E-03
   1.00000  1.2014457E-03  1.3301741E-03  1.0397365E-03
   2.00000  8.9494083E-04  1.4548478E-03  7.0795445E-04
   3.00000  1.0806950E-03  2.1507995E-03  1.1567403E-03
   4.00000  1.8120770E-03  3.2645679E-03  2.5951846E-03
   5.00000  2.0891913E-03  4.3470626E-03  4.6147208E-03
   5.20000  2.2213930E-03  4.5481090E-03  4.3355022E-03
   5.40000  2.4004126E-03  4.8006517E-03  4.1615385E-03
   5.60000  2.5499893E-03  5.1346056E-03  4.1586496E-03
   5.80000  2.6256769E-03  5.5598062E-03  4.3134987E-03
   6.00000  2.6425608E-03  6.0631380E-03  4.6023248E-03
   6.20000  2.6515792E-03  6.6276159E-03  5.0253190E-03
   6.40000  2.7003164E-03  7.2478786E-03  5.6056999E-03
   6.60000  2.8273095E-03  7.9428574E-03  6.3757968E-03
   6.80000  3.0632538E-03  8.7393790E-03  7.3579592E-03
   7.00000  3.4316050E-03  9.6644507E-03  8.5422739E-03
   7.20000  3.9426526E-03  1.0740504E-02  9.8274401E-03
   7.40000  4.5772490E-03  1.1983078E-02  1.0929582E-02
   7.60000  5.2759034E-03  1.3415403E-02  1.1437090E-02
   7.80000  6.0077463E-03  1.5049062E-02  1.1354098E-02
   8.00000  6.8008239E-03  1.6924884E-02  1.1130915E-02
   8.20000  7.7233541E-03  1.9077569E-02  1.1189993E-02
   8.40000  8.8424634E-03  2.1542992E-02  1.1688273E-02
   8.60000  1.0256883E-02  2.4376798E-02  1.2646624E-02
   8.80000  1.1955219E-02  2.7613501E-02  1.4020680E-02
   9.00000  1.3961946E-02  3.1325034E-02  1.5772181E-02
   9.20000  1.6128645E-02  3.5600376E-02  1.7850546E-02
   9.40000  1.8092917E-02  4.0540452E-02  2.0216751E-02
   9.60000  1.9402772E-02  4.6221314E-02  2.2850452E-02
   9.80000  1.9888826E-02  5.2620592E-02  2.5739496E-02
   10.0000  1.9837577E-02  5.9559404E-02  2.8851797E-02
   10.2500  1.9699154E-02  6.8453313E-02  3.2958414E-02
   10.5000  1.9878381E-02  7.5400393E-02  3.7026203E-02
   10.7500  2.0752700E-02  8.1761352E-02  4.0886019E-02
   11.0000  2.2071384E-02  8.5489153E-02  4.4177954E-02
   11.2500  2.3860109E-02  8.5543484E-02  4.7238298E-02
   11.5000  2.6216597E-02  8.2253559E-02  4.8851879E-02
   11.7500  2.9070191E-02  7.6290852E-02  4.9692994E-02
   12.0000  3.2040121E-02  6.8765041E-02  4.9681089E-02
   12.2500  3.4712954E-02  6.0823644E-02  4.9102047E-02
   12.5000  3.6719817E-02  5.3321236E-02  4.8211357E-02
   12.7500  3.7478050E-02  4.6626254E-02  4.6800990E-02
   13.0000  3.7349493E-02  4.1011530E-02  4.5635601E-02
   13.2500  3.7188279E-02  3.6481042E-02  4.4183099E-02
   13.5000  3.6717334E-02  3.2759440E-02  4.2658321E-02
   13.7500  3.6131764E-02  2.9694265E-02  4.1150795E-02
   14.0000  3.5575604E-02  2.7148466E-02  3.9758444E-02
   14.2500  3.5144334E-02  2.5010738E-02  3.8563508E-02
   14.5000  3.4897155E-02  2.3197692E-02  3.7617989E-02
   14.7500  3.4868559E-02  2.1647990E-02  3.6943617E-02
   15.0000  3.5076437E-02  2.0319791E-02  3.6543904E-02
   15.2500  3.5525781E-02  1.9185178E-02  3.6405876E-02
   15.5000  3.6208161E-02  1.8223806E-02  3.6502433E-02
   15.7500  3.7107491E-02  1.7419201E-02  3.6796738E-02
   16.0000  3.8195488E-02  1.6757391E-02  3.7242741E-02
   16.2500  3.9437871E-02  1.6225262E-02  3.7785987E-02
   16.5000  4.0795225E-02  1.5809356E-02  3.8365605E-02
   16.7500  4.2226308E-02  1.5496715E-02  3.8918280E-02
   17.0000  4.3683167E-02  1.5274881E-02  3.9383334E-02
   17.2500  4.5110699E-02  1.5132241E-02  3.9709267E-02
   17.5000  4.6443118E-02  1.5057260E-02  3.9861003E-02
   17.7500  4.7603270E-02  1.5039320E-02  3.9821484E-02
   18.0000  4.8507145E-02  1.5069537E-02  3.9592787E-02
   18.2500  4.9079464E-02  1.5140993E-02  3.9194700E-02
   18.5000  4.9269549E-02  1.5249400E-02  3.8660110E-02
   18.7500  4.9068341E-02  1.5394216E-02  3.8028966E-02
   19.0000  4.8516183E-02  1.5576500E-02  3.7341687E-02
   19.2500  4.7694625E-02  1.5799690E-02  3.6636957E-02
   19.5000  4.6708501E-02  1.6067963E-02  3.5946046E-02
   19.7500  4.5668109E-02  1.6383730E-02  3.5293758E-02
   20.0000  4.4668419E-02  1.6749163E-02  3.4698542E-02
   21.0000  4.2200212E-02  1.8725344E-02  3.3034697E-02
   22.0000  4.2723418E-02  2.1501055E-02  3.2428352E-02
   23.0000  4.5017904E-02  2.4991678E-02  3.2393980E-02
   24.0000  4.6808569E-02  2.9096956E-02  3.2393043E-02
   25.0000  4.5833035E-02  3.3596666E-02  3.2180745E-02
   26.0000  4.1603669E-02  3.7870064E-02  3.1708915E-02
   27.0000  3.5904032E-02  4.0933934E-02  3.0922475E-02
   28.0000  3.0707979E-02  4.2174161E-02  2.9841534E-02
   29.0000  2.6876323E-02  4.1796067E-02  2.8681169E-02
   30.0000  2.4513080E-02  4.0487489E-02  2.7749946E-02
   31.0000  2.3481314E-02  3.8470267E-02  2.7191107E-02
   32.0000  2.3112969E-02  3.6943523E-02  2.7219251E-02
   33.0000  2.3125610E-02  3.5623058E-02  2.7550047E-02
   34.0000  2.3315129E-02  3.4475974E-02  2.8021672E-02
   35.0000  2.3552465E-02  3.3408109E-02  2.8475751E-02
   36.0000  2.3762478E-02  3.2323258E-02  2.8775396E-02
   37.0000  2.3904649E-02  3.1152106E-02  2.8799018E-02
   38.0000  2.3945449E-02  2.9851954E-02  2.8456206E-02
   39.0000  2.3846149E-02  2.8412829E-02  2.7709504E-02
   40.0000  2.3563675E-02  2.6856072E-02  2.6590825E-02
