  7709.000   27  1  1  1.9222038E-02 -4.6880155E+00 -4.1940158E-01  1  1  7.5666021E+03  8.0000000E+03  0.0000000E+00  1.1792254E+00  1.0000000E+00  0.0000000E+00  = E_edge, Z, n_edge, j_edge, Abs_before_edge, VO_interstitial, E_cut, ninit, ninit1, Epsii, UnitCell_Volume, Surface_ref, f0_forward, natomsym_f, abs_u_iso
    Energy   (100,001)      (010,001)      (001,110)   
  -25.0000  8.1194544E-09  3.6630291E-10  1.1218181E-09
  -24.0000  2.1187392E-08  6.7757106E-10  2.5927684E-09
  -23.0000  6.4312266E-08  1.3078894E-09  6.7927260E-09
  -22.0000  2.5240417E-07  2.6901341E-09  2.2340939E-08
  -21.0000  1.7672724E-06  6.5366534E-09  1.3581878E-07
  -20.0000  8.8818199E-04  1.0444054E-06  4.6700177E-05
  -19.0000  7.7118949E-06  1.0565934E-07  1.6567242E-05
  -18.0000  6.0949631E-06  1.0139805E-07  4.9422254E-06
  -17.0000  7.8184973E-06  2.6374714E-07  1.2996945E-06
  -16.0000  7.5701533E-05  1.5241751E-06  2.3122408E-06
  -15.0000  4.2739990E-05  4.7698703E-05  3.2821279E-06
  -14.0000  6.5263126E-06  1.4144806E-05  2.9895570E-06
  -13.0000  1.2011604E-06  4.2711015E-06  7.2433491E-06
  -12.0000  1.7546271E-05  3.0212018E-06  1.3850722E-04
  -11.0000  4.2792357E-05  1.0642235E-05  1.1128480E-04
  -10.0000  8.3377904E-04  2.7199391E-05  9.1362108E-05
  -9.00000  3.0073019E-03  7.4232395E-05  9.5943793E-05
  -8.00000  1.3344829E-01  2.8869693E-02  5.4697154E-02
  -7.00000  1.4966193E-03  1.2348216E-04  4.2574786E-04
  -6.00000  5.2466404E-03  4.4544812E-04  1.3207579E-03
  -5.00000  1.4955780E-01  6.8129297E-04  3.8465816E-01
  -4.00000  5.9430257E-04  1.6716474E-03  1.4889480E-04
  -3.00000  3.6106552E-03  2.2994369E-02  2.2335395E-03
  -2.00000  1.4671267E-03  1.7986378E-02  1.0598447E-02
  -1.00000  4.6805173E-04  1.3839114E-03  3.4572489E-04
   0.00000  1.7041072E-03  1.1443243E-03  1.5160953E-03
   1.00000  1.2686345E-03  1.1360066E-03  9.7013828E-04
   2.00000  8.4361757E-04  1.3515663E-03  6.8228678E-04
   3.00000  1.3250576E-03  2.2889327E-03  1.2790427E-03
   4.00000  2.0123172E-03  4.1737192E-03  3.3814546E-03
   5.00000  2.5920070E-03  6.9150752E-03  4.1863845E-03
   5.20000  2.7288332E-03  7.6261336E-03  4.2561242E-03
   5.40000  2.8775046E-03  8.3999051E-03  4.5805841E-03
   5.60000  3.0368718E-03  9.2463270E-03  5.1955448E-03
   5.80000  3.2017940E-03  1.0177423E-02  5.9833858E-03
   6.00000  3.3619290E-03  1.1195959E-02  6.5338046E-03
   6.20000  3.5085394E-03  1.2309879E-02  6.5144999E-03
   6.40000  3.6439066E-03  1.3381481E-02  6.1559712E-03
   6.60000  3.7807162E-03  1.4448972E-02  5.8353430E-03
   6.80000  3.9296629E-03  1.5535557E-02  5.7111361E-03
   7.00000  4.1019635E-03  1.6718889E-02  5.7996125E-03
   7.20000  4.2990642E-03  1.8090441E-02  6.0687704E-03
   7.40000  4.5093765E-03  1.9725638E-02  6.4680747E-03
   7.60000  4.7154630E-03  2.1671451E-02  6.9377867E-03
   7.80000  4.9073517E-03  2.3949462E-02  7.4207759E-03
   8.00000  5.0913418E-03  2.6570628E-02  7.8756898E-03
   8.20000  5.2885528E-03  2.9559622E-02  8.2835433E-03
   8.40000  5.5264218E-03  3.2984189E-02  8.6456211E-03
   8.60000  5.8278955E-03  3.7037138E-02  9.1231357E-03
   8.80000  6.2227132E-03  4.1752807E-02  9.4605562E-03
   9.00000  6.7157158E-03  4.7467727E-02  9.7888701E-03
   9.20000  7.3080717E-03  5.4419306E-02  1.0115433E-02
   9.40000  8.0045537E-03  6.2702390E-02  1.0475480E-02
   9.60000  8.7761546E-03  7.2340450E-02  1.0803559E-02
   9.80000  9.6142981E-03  8.2687371E-02  1.1153883E-02
   10.0000  1.0500912E-02  9.2444602E-02  1.1570904E-02
   10.2500  1.1642624E-02  1.0092536E-01  1.2267796E-02
   10.5000  1.2768510E-02  1.0230974E-01  1.3229311E-02
   10.7500  1.3832117E-02  9.6156191E-02  1.4470050E-02
   11.0000  1.4835284E-02  8.4960988E-02  1.5959127E-02
   11.2500  1.5827279E-02  7.2057047E-02  1.7653860E-02
   11.5000  1.6800532E-02  5.9689417E-02  1.9412045E-02
   11.7500  1.7877660E-02  4.9431503E-02  2.1429419E-02
   12.0000  1.9039161E-02  4.1284784E-02  2.3578298E-02
   12.2500  2.0285330E-02  3.5023738E-02  2.5825697E-02
   12.5000  2.1505420E-02  3.0333770E-02  2.7877180E-02
   12.7500  2.2966019E-02  2.7027854E-02  3.0226839E-02
   13.0000  2.4415130E-02  2.4380709E-02  3.2419353E-02
   13.2500  2.6034708E-02  2.2290571E-02  3.4360526E-02
   13.5000  2.7397008E-02  2.0702311E-02  3.5995942E-02
   13.7500  2.9182335E-02  1.9451523E-02  3.7299142E-02
   14.0000  3.1008284E-02  1.8454793E-02  3.8256224E-02
   14.2500  3.2842781E-02  1.7646058E-02  3.8928563E-02
   14.5000  3.4656705E-02  1.6981959E-02  3.9408132E-02
   14.7500  3.6428908E-02  1.6436776E-02  3.9800637E-02
   15.0000  3.8149592E-02  1.5996103E-02  4.0207398E-02
   15.2500  3.9823863E-02  1.5653059E-02  4.0717638E-02
   15.5000  4.1445041E-02  1.5401693E-02  4.1401751E-02
   15.7500  4.3017770E-02  1.5240780E-02  4.2308141E-02
   16.0000  4.4529593E-02  1.5167449E-02  4.3465357E-02
   16.2500  4.5950717E-02  1.5178008E-02  4.4876867E-02
   16.5000  4.7233077E-02  1.5269235E-02  4.6519397E-02
   16.7500  4.8312931E-02  1.5437242E-02  4.8336102E-02
   17.0000  4.9120585E-02  1.5678572E-02  5.0233954E-02
   17.2500  4.9590358E-02  1.5990387E-02  5.2082040E-02
   17.5000  4.9674901E-02  1.6368839E-02  5.3721455E-02
   17.7500  4.9356940E-02  1.6810029E-02  5.4986773E-02
   18.0000  4.8658959E-02  1.7309262E-02  5.5735596E-02
   18.2500  4.7639174E-02  1.7861637E-02  5.5881932E-02
   18.5000  4.6385678E-02  1.8461344E-02  5.5413975E-02
   18.7500  4.4999506E-02  1.9102586E-02  5.4398986E-02
   19.0000  4.3589311E-02  1.9779298E-02  5.2958688E-02
   19.2500  4.2246749E-02  2.0486473E-02  5.1243022E-02
   19.5000  4.1048727E-02  2.1219089E-02  4.9395214E-02
   19.7500  4.0048573E-02  2.1974303E-02  4.7533014E-02
   20.0000  3.9278474E-02  2.2750027E-02  4.5742229E-02
   21.0000  3.8608349E-02  2.6059032E-02  4.0042126E-02
   22.0000  4.1130575E-02  2.9742315E-02  3.6685319E-02
   23.0000  4.5428553E-02  3.3673960E-02  3.4826075E-02
   24.0000  4.9509979E-02  3.7233510E-02  3.3763443E-02
   25.0000  5.0811400E-02  3.9411841E-02  3.3077214E-02
   26.0000  4.7792042E-02  3.9692820E-02  3.2432342E-02
   27.0000  4.1840540E-02  3.8517503E-02  3.1618472E-02
   28.0000  3.5887483E-02  3.6666545E-02  3.0717764E-02
   29.0000  3.1526764E-02  3.4664059E-02  2.9971285E-02
   30.0000  2.8711043E-02  3.2615767E-02  2.9470040E-02
   31.0000  2.7178533E-02  3.0911328E-02  2.9353711E-02
   32.0000  2.6289096E-02  2.9422243E-02  2.9418751E-02
   33.0000  2.5808873E-02  2.8114991E-02  2.9562015E-02
   34.0000  2.5612669E-02  2.6923521E-02  2.9707045E-02
   35.0000  2.5617370E-02  2.5771670E-02  2.9795200E-02
   36.0000  2.5752819E-02  2.4595260E-02  2.9776987E-02
   37.0000  2.5899990E-02  2.3371186E-02  2.9616787E-02
   38.0000  2.5925104E-02  2.2118528E-02  2.9263549E-02
   39.0000  2.5725834E-02  2.0897838E-02  2.8677809E-02
   40.0000  2.5257560E-02  1.9801015E-02  2.7832613E-02
