  7709.000   27  1  1  1.9222038E-02 -5.2886407E+00 -4.8742714E-01  1  1  7.5666775E+03  8.0000000E+03  0.0000000E+00  1.1792254E+00  1.0000000E+00  0.0000000E+00  = E_edge, Z, n_edge, j_edge, Abs_before_edge, VO_interstitial, E_cut, ninit, ninit1, Epsii, UnitCell_Volume, Surface_ref, f0_forward, natomsym_f, abs_u_iso
    Energy   (100,001)      (010,001)      (001,110)   
  -25.0000  2.0798042E-08  5.1598327E-10  1.4854985E-09
  -24.0000  7.0850016E-08  9.8465752E-10  4.1334321E-09
  -23.0000  3.9009411E-07  2.1142238E-09  1.9540499E-08
  -22.0000  4.8300900E-04  6.1454674E-07  4.3800054E-05
  -21.0000  2.1264593E-05  2.3394859E-08  6.3726605E-07
  -20.0000  1.5048131E-05  6.0769003E-07  2.9301549E-05
  -19.0000  1.0262891E-05  1.0456840E-07  6.9915639E-05
  -18.0000  2.9535985E-06  1.2041179E-07  9.9788171E-07
  -17.0000  5.9209279E-06  4.5320686E-07  7.3478551E-07
  -16.0000  2.4060844E-03  3.4027720E-06  1.0885743E-04
  -15.0000  3.2731185E-04  1.4530618E-02  2.1794757E-04
  -14.0000  1.6740688E-05  8.4774528E-06  3.4741752E-06
  -13.0000  2.7664662E-06  3.9308339E-06  1.2476379E-05
  -12.0000  1.5696647E-05  5.2318044E-06  7.2838919E-05
  -11.0000  2.0684856E-04  7.6574996E-06  1.1504080E-05
  -10.0000  1.6922069E-03  3.0369833E-03  3.7248506E-02
  -9.00000  8.7368020E-04  2.4218945E-05  4.6568050E-05
  -8.00000  9.9642018E-03  8.8213915E-03  1.1541818E-03
  -7.00000  7.8945524E-03  1.4133274E-04  2.9189074E-04
  -6.00000  7.8290404E-03  6.2976304E-04  1.2147071E-03
  -5.00000  1.9497567E-02  1.5575927E-02  1.9883376E-02
  -4.00000  1.8413677E-03  4.8391854E-03  8.0348558E-04
  -3.00000  7.9795808E-03  1.0823063E-02  5.0387289E-03
  -2.00000  3.4412982E-03  3.7667715E-02  2.0916214E-02
  -1.00000  7.1115355E-04  1.3842719E-03  2.7982067E-04
   0.00000  2.3152351E-03  2.3313230E-03  2.0100913E-03
   1.00000  6.7989650E-04  1.0244956E-03  3.7960488E-04
   2.00000  6.7981507E-04  1.3331978E-03  4.1705512E-04
   3.00000  9.6908237E-04  2.3761610E-03  7.8210410E-04
   4.00000  1.6158595E-03  3.5265489E-03  2.9821201E-03
   5.00000  2.4255138E-03  4.4473508E-03  8.2127007E-03
   5.20000  2.4234528E-03  4.7229814E-03  6.7766746E-03
   5.40000  2.4575515E-03  5.0933851E-03  5.9547845E-03
   5.60000  2.5224357E-03  5.5470629E-03  5.6247200E-03
   5.80000  2.6136587E-03  6.0924381E-03  5.6497982E-03
   6.00000  2.7266219E-03  6.7527928E-03  5.9306224E-03
   6.20000  2.8573407E-03  7.5518677E-03  6.4005177E-03
   6.40000  3.0037134E-03  8.5024434E-03  6.9916268E-03
   6.60000  3.1589203E-03  9.6013024E-03  7.5564843E-03
   6.80000  3.3150109E-03  1.0770198E-02  7.8524153E-03
   7.00000  3.4653146E-03  1.1931552E-02  7.7227582E-03
   7.20000  3.6162970E-03  1.3080892E-02  7.3303030E-03
   7.40000  3.7802216E-03  1.4311763E-02  6.9659870E-03
   7.60000  3.9695360E-03  1.5688797E-02  6.8230316E-03
   7.80000  4.1928963E-03  1.7286953E-02  6.9587932E-03
   8.00000  4.4598811E-03  1.9151686E-02  7.3811321E-03
   8.20000  4.7802307E-03  2.1327369E-02  8.0874218E-03
   8.40000  5.1624579E-03  2.3871785E-02  9.0745611E-03
   8.60000  5.6124805E-03  2.6858819E-02  1.0332222E-02
   8.80000  6.1339935E-03  3.0397783E-02  1.1832243E-02
   9.00000  6.7308499E-03  3.4631136E-02  1.3520433E-02
   9.20000  7.4104353E-03  3.9730336E-02  1.5322247E-02
   9.40000  8.1848348E-03  4.5868003E-02  1.7166805E-02
   9.60000  9.0662611E-03  5.3145839E-02  1.9022526E-02
   9.80000  1.0057505E-02  6.1481211E-02  2.0918483E-02
   10.0000  1.1145290E-02  7.0501975E-02  2.2920949E-02
   10.2500  1.2638477E-02  8.1605346E-02  2.5778989E-02
   10.5000  1.4197278E-02  9.0780101E-02  2.8476593E-02
   10.7500  1.5857837E-02  9.5090130E-02  3.0779449E-02
   11.0000  1.7770830E-02  9.4356194E-02  3.2695031E-02
   11.2500  1.9873427E-02  8.8885601E-02  3.4161085E-02
   11.5000  2.2181055E-02  7.9245650E-02  3.5519875E-02
   11.7500  2.4430564E-02  6.8716450E-02  3.6218647E-02
   12.0000  2.6564233E-02  5.8507655E-02  3.6608058E-02
   12.2500  2.8492717E-02  4.9549341E-02  3.6721076E-02
   12.5000  3.0182548E-02  4.2189731E-02  3.6581608E-02
   12.7500  3.1357447E-02  3.6325428E-02  3.6526564E-02
   13.0000  3.2351001E-02  3.1574941E-02  3.6160649E-02
   13.2500  3.3028198E-02  2.7846759E-02  3.5732054E-02
   13.5000  3.3431564E-02  2.4920516E-02  3.5277616E-02
   13.7500  3.3386306E-02  2.2715184E-02  3.5267723E-02
   14.0000  3.3478638E-02  2.0857956E-02  3.4841591E-02
   14.2500  3.3539937E-02  1.9362128E-02  3.4469820E-02
   14.5000  3.3644352E-02  1.8149777E-02  3.4189378E-02
   14.7500  3.3856765E-02  1.7165122E-02  3.4043251E-02
   15.0000  3.4217788E-02  1.6366077E-02  3.4076209E-02
   15.2500  3.4764968E-02  1.5722302E-02  3.4334490E-02
   15.5000  3.5520727E-02  1.5209880E-02  3.4858912E-02
   15.7500  3.6497172E-02  1.4810462E-02  3.5683427E-02
   16.0000  3.7695598E-02  1.4509438E-02  3.6830413E-02
   16.2500  3.9107104E-02  1.4295157E-02  3.8303674E-02
   16.5000  4.0712568E-02  1.4158964E-02  4.0080303E-02
   16.7500  4.2478118E-02  1.4093967E-02  4.2101888E-02
   17.0000  4.4353714E-02  1.4095003E-02  4.4265068E-02
   17.2500  4.6265648E-02  1.4157126E-02  4.6420418E-02
   17.5000  4.8120582E-02  1.4275987E-02  4.8383076E-02
   17.7500  4.9810334E-02  1.4448707E-02  4.9962679E-02
   18.0000  5.1222840E-02  1.4672180E-02  5.1002437E-02
   18.2500  5.2264369E-02  1.4943782E-02  5.1419926E-02
   18.5000  5.2877572E-02  1.5262251E-02  5.1218527E-02
   18.7500  5.3055625E-02  1.5626118E-02  5.0480756E-02
   19.0000  5.2842733E-02  1.6034819E-02  4.9335695E-02
   19.2500  5.2322354E-02  1.6487877E-02  4.7926741E-02
   19.5000  5.1600623E-02  1.6984964E-02  4.6386560E-02
   19.7500  5.0787045E-02  1.7527136E-02  4.4820533E-02
   20.0000  4.9976886E-02  1.8115618E-02  4.3305711E-02
   21.0000  4.7951972E-02  2.0963553E-02  3.8477533E-02
   22.0000  4.8633540E-02  2.4674641E-02  3.5750197E-02
   23.0000  5.0976595E-02  2.9235735E-02  3.4340289E-02
   24.0000  5.2565118E-02  3.4309482E-02  3.3494623E-02
   25.0000  5.0822351E-02  3.9017888E-02  3.2819653E-02
   26.0000  4.5343970E-02  4.2035306E-02  3.2095482E-02
   27.0000  3.7676520E-02  4.2526474E-02  3.1068457E-02
   28.0000  3.2394883E-02  4.1063895E-02  3.0106768E-02
   29.0000  2.8759318E-02  3.8927712E-02  2.9259838E-02
   30.0000  2.6484249E-02  3.6830105E-02  2.8691985E-02
   31.0000  2.5200888E-02  3.5028507E-02  2.8439128E-02
   32.0000  2.4544965E-02  3.3527123E-02  2.8428504E-02
   33.0000  2.4227360E-02  3.2256245E-02  2.8542124E-02
   34.0000  2.4060422E-02  3.1135540E-02  2.8689706E-02
   35.0000  2.3907548E-02  3.0083519E-02  2.8807529E-02
   36.0000  2.3672383E-02  2.9028723E-02  2.8830580E-02
   37.0000  2.3291878E-02  2.7917435E-02  2.8698598E-02
   38.0000  2.2739954E-02  2.6716212E-02  2.8349029E-02
   39.0000  2.2024129E-02  2.5411627E-02  2.7719032E-02
   40.0000  2.1178804E-02  2.4019817E-02  2.6762034E-02
