  7709.000   27  1  1  1.9222038E-02 -4.9854302E+00 -3.6670273E-01  1  1  7.5664963E+03  8.0000000E+03  0.0000000E+00  1.1792254E+00  1.0000000E+00  0.0000000E+00  = E_edge, Z, n_edge, j_edge, Abs_before_edge, VO_interstitial, E_cut, ninit, ninit1, Epsii, UnitCell_Volume, Surface_ref, f0_forward, natomsym_f, abs_u_iso
    Energy   (100,001)      (010,001)      (001,110)   
  -25.0000  1.2698771E-08  4.8812185E-10  1.4023489E-09
  -24.0000  3.8926238E-08  9.3055627E-10  3.8173842E-09
  -23.0000  1.6746211E-07  1.9928851E-09  1.4992035E-08
  -22.0000  2.5982808E-06  1.0676744E-08  2.8108556E-07
  -21.0000  4.7658409E-06  2.9519397E-08  1.0573273E-06
  -20.0000  3.7773487E-05  1.7309661E-07  6.0522904E-06
  -19.0000  4.0888392E-06  6.2038315E-08  2.0829786E-06
  -18.0000  4.3426705E-06  1.5535547E-07  1.4362989E-06
  -17.0000  1.1284996E-05  6.4527976E-07  7.8676588E-07
  -16.0000  4.2586277E-05  7.2382400E-06  1.6518351E-06
  -15.0000  4.6354959E-05  4.1077043E-02  4.1761651E-04
  -14.0000  2.8050537E-07  8.5749167E-06  2.3671601E-06
  -13.0000  1.6572224E-06  3.9588887E-06  1.9071361E-05
  -12.0000  1.0499574E-05  3.0610194E-06  1.6160402E-05
  -11.0000  1.0141629E-04  1.2794698E-05  1.2165930E-04
  -10.0000  1.7063970E-03  4.3815827E-03  1.9462118E-03
  -9.00000  1.1644484E-03  3.5907672E-05  8.2900164E-05
  -8.00000  1.3450481E-03  1.3842125E-04  1.9954508E-04
  -7.00000  1.8065724E-04  1.2103041E-04  3.8860106E-04
  -6.00000  1.5335803E-03  9.4508847E-05  1.8787473E-04
  -5.00000  4.5153097E-03  5.9653219E-04  3.4909807E-03
  -4.00000  1.2223097E-03  9.6609842E-03  6.3308752E-03
  -3.00000  1.7282652E-02  6.9890714E-03  6.3642047E-03
  -2.00000  1.3969520E-03  3.0321513E-03  8.1960311E-04
  -1.00000  6.4413292E-04  1.3777106E-03  2.9930826E-04
   0.00000  1.1113776E-02  1.2824472E-03  6.0576825E-03
   1.00000  6.0200039E-04  1.0479812E-03  3.4803960E-04
   2.00000  7.9590570E-04  1.2559736E-03  5.4266218E-04
   3.00000  1.6880321E-03  1.7693549E-03  1.8184072E-03
   4.00000  1.2440410E-03  2.6845410E-03  1.5425592E-03
   5.00000  2.0268119E-03  4.1524067E-03  3.2158342E-03
   5.20000  2.2984709E-03  4.6109831E-03  3.7675817E-03
   5.40000  2.6146496E-03  5.1628395E-03  4.4290460E-03
   5.60000  2.9721525E-03  5.8307081E-03  5.2402036E-03
   5.80000  3.3653790E-03  6.6395256E-03  6.2550337E-03
   6.00000  3.7889101E-03  7.6058045E-03  7.5309672E-03
   6.20000  4.2554992E-03  8.7163099E-03  9.0970736E-03
   6.40000  4.8086558E-03  9.8598331E-03  1.0879549E-02
   6.60000  5.5598417E-03  1.0843586E-02  1.2730861E-02
   6.80000  6.6808238E-03  1.1594240E-02  1.4699854E-02
   7.00000  8.3757500E-03  1.2253788E-02  1.7156758E-02
   7.20000  1.0891535E-02  1.3042010E-02  2.0466713E-02
   7.40000  1.4310629E-02  1.4059713E-02  2.4351153E-02
   7.60000  1.7882430E-02  1.5409290E-02  2.7389770E-02
   7.80000  1.9818852E-02  1.7177469E-02  2.7924665E-02
   8.00000  1.9865051E-02  1.9337332E-02  2.7111762E-02
   8.20000  1.9409320E-02  2.1943496E-02  2.7012478E-02
   8.40000  1.9375798E-02  2.5229319E-02  2.8269108E-02
   8.60000  2.0032665E-02  2.9559799E-02  3.0751829E-02
   8.80000  2.1450689E-02  3.5412803E-02  3.4190454E-02
   9.00000  2.3665080E-02  4.3363401E-02  3.8237791E-02
   9.20000  2.6705265E-02  5.3987525E-02  4.2882615E-02
   9.40000  3.0360471E-02  6.7966770E-02  4.6418047E-02
   9.60000  3.4463795E-02  8.5056427E-02  4.8666890E-02
   9.80000  3.8435475E-02  1.0338354E-01  4.8275996E-02
   10.0000  4.2539164E-02  1.1774577E-01  4.7878385E-02
   10.2500  4.7053847E-02  1.2192314E-01  4.6824504E-02
   10.5000  5.0296704E-02  1.0984649E-01  4.6025692E-02
   10.7500  5.1542474E-02  9.1022699E-02  4.5733317E-02
   11.0000  5.0938566E-02  7.2501938E-02  4.5937227E-02
   11.2500  4.9233944E-02  5.8138700E-02  4.5734965E-02
   11.5000  4.7180646E-02  4.7428205E-02  4.5596699E-02
   11.7500  4.5384241E-02  3.9650097E-02  4.5095678E-02
   12.0000  4.4040143E-02  3.3920892E-02  4.4131507E-02
   12.2500  4.3061945E-02  2.9651269E-02  4.2617709E-02
   12.5000  4.2351743E-02  2.6335260E-02  4.0592326E-02
   12.7500  4.1854815E-02  2.3689102E-02  3.8821203E-02
   13.0000  4.1439277E-02  2.1575591E-02  3.7164951E-02
   13.2500  4.1068689E-02  1.9875926E-02  3.5731546E-02
   13.5000  4.0539679E-02  1.8613376E-02  3.4769376E-02
   13.7500  4.0259705E-02  1.7494691E-02  3.3902316E-02
   14.0000  4.0019300E-02  1.6592172E-02  3.3312891E-02
   14.2500  3.9817184E-02  1.5864760E-02  3.2986879E-02
   14.5000  3.9652194E-02  1.5279869E-02  3.2908348E-02
   14.7500  3.9521433E-02  1.4811778E-02  3.3060063E-02
   15.0000  3.9425180E-02  1.4441253E-02  3.3420820E-02
   15.2500  3.9344369E-02  1.4152951E-02  3.3962951E-02
   15.5000  3.9266770E-02  1.3936600E-02  3.4646810E-02
   15.7500  3.9170401E-02  1.3784982E-02  3.5417353E-02
   16.0000  3.9026791E-02  1.3693845E-02  3.6207057E-02
   16.2500  3.8806094E-02  1.3661587E-02  3.6939254E-02
   16.5000  3.8483284E-02  1.3688384E-02  3.7538973E-02
   16.7500  3.8043463E-02  1.3775945E-02  3.7948550E-02
   17.0000  3.7486626E-02  1.3926649E-02  3.8133699E-02
   17.2500  3.6831042E-02  1.4143198E-02  3.8092062E-02
   17.5000  3.6109471E-02  1.4426836E-02  3.7849644E-02
   17.7500  3.5363905E-02  1.4777707E-02  3.7450741E-02
   18.0000  3.4637963E-02  1.5195398E-02  3.6947483E-02
   18.2500  3.3970946E-02  1.5678128E-02  3.6389851E-02
   18.5000  3.3393763E-02  1.6223295E-02  3.5820614E-02
   18.7500  3.2930664E-02  1.6829360E-02  3.5271449E-02
   19.0000  3.2596404E-02  1.7493735E-02  3.4765098E-02
   19.2500  3.2398384E-02  1.8214354E-02  3.4315430E-02
   19.5000  3.2339189E-02  1.8988537E-02  3.3928361E-02
   19.7500  3.2417151E-02  1.9813404E-02  3.3604737E-02
   20.0000  3.2626435E-02  2.0686261E-02  3.3342288E-02
   21.0000  3.4516641E-02  2.4612112E-02  3.2759753E-02
   22.0000  3.6738723E-02  2.9079588E-02  3.2426020E-02
   23.0000  3.6466785E-02  3.3701458E-02  3.1667571E-02
   24.0000  3.2487638E-02  3.8323385E-02  3.0088957E-02
   25.0000  2.8521005E-02  4.0902206E-02  2.8315411E-02
   26.0000  2.6642009E-02  4.1654382E-02  2.6838816E-02
   27.0000  2.6004838E-02  4.0862612E-02  2.5773257E-02
   28.0000  2.5520399E-02  3.9164088E-02  2.5044952E-02
   29.0000  2.5037757E-02  3.7127019E-02  2.4736174E-02
   30.0000  2.4656322E-02  3.5114240E-02  2.4834728E-02
   31.0000  2.4382366E-02  3.3289978E-02  2.5145165E-02
   32.0000  2.4163347E-02  3.1684359E-02  2.5453623E-02
   33.0000  2.3940198E-02  3.0254607E-02  2.5614782E-02
   34.0000  2.3682328E-02  2.8934342E-02  2.5541772E-02
   35.0000  2.3423473E-02  2.7660784E-02  2.5179654E-02
   36.0000  2.3260777E-02  2.6389058E-02  2.4514760E-02
   37.0000  2.3285558E-02  2.5094410E-02  2.3610910E-02
   38.0000  2.3474713E-02  2.3772156E-02  2.2649636E-02
   39.0000  2.3681412E-02  2.2438519E-02  2.1917564E-02
   40.0000  2.3793367E-02  2.1143184E-02  2.1658634E-02
