  7709.000   27  1  1  1.9222038E-02 -5.7249683E+00 -4.6561679E-01  1  1  7.5667546E+03  8.0000000E+03  0.0000000E+00  1.1792254E+00  1.0000000E+00  0.0000000E+00  = E_edge, Z, n_edge, j_edge, Abs_before_edge, VO_interstitial, E_cut, ninit, ninit1, Epsii, UnitCell_Volume, Surface_ref, f0_forward, natomsym_f, abs_u_iso
    Energy   (100,001)      (010,001)      (001,110)   
  -25.0000  1.9094073E-08  5.2022504E-10  2.1639685E-09
  -24.0000  6.5248703E-08  1.0121257E-09  6.1234822E-09
  -23.0000  3.5249434E-07  2.2159617E-09  2.5821911E-08
  -22.0000  2.0750868E-05  3.3703499E-08  1.2639266E-06
  -21.0000  2.1027282E-06  3.0829627E-08  1.0521163E-06
  -20.0000  2.3556909E-03  1.1086914E-04  3.7049704E-03
  -19.0000  2.0301076E-06  7.2112443E-08  1.0842720E-06
  -18.0000  1.9130187E-06  1.3418415E-07  5.8296959E-07
  -17.0000  3.2090863E-06  4.8626700E-07  6.4022006E-07
  -16.0000  2.5443188E-05  5.2265715E-06  1.6972290E-06
  -15.0000  1.5005390E-06  5.6331610E-04  5.6733784E-06
  -14.0000  3.3824968E-06  7.7785087E-06  3.2141961E-06
  -13.0000  3.1780223E-05  4.7315527E-06  7.2399452E-05
  -12.0000  3.5593154E-05  3.2098243E-06  2.1224329E-04
  -11.0000  1.2726478E-04  7.1155387E-05  2.1087616E-04
  -10.0000  1.4895279E-02  2.3916212E-03  2.1127467E-03
  -9.00000  1.2349070E-02  6.8205941E-04  1.6118026E-04
  -8.00000  4.6127434E-04  6.7466344E-05  1.9626620E-04
  -7.00000  2.7105365E-03  1.0288493E-03  5.1525662E-03
  -6.00000  6.1602009E-04  2.2905529E-04  7.9347577E-04
  -5.00000  5.3552160E-03  1.4654431E-03  7.1240759E-03
  -4.00000  2.0523900E-03  9.3391710E-03  1.5460228E-03
  -3.00000  1.6140833E-02  6.9889228E-03  6.4770905E-03
  -2.00000  2.1975474E-03  5.9784770E-03  2.7795988E-03
  -1.00000  6.7494109E-04  1.4120857E-03  2.7659664E-04
   0.00000  2.6459830E-03  1.5016110E-03  1.5752948E-03
   1.00000  7.6370560E-04  1.0536066E-03  4.0471391E-04
   2.00000  1.2601895E-03  1.3363078E-03  8.2362270E-04
   3.00000  1.6327606E-03  2.0672850E-03  1.3709825E-03
   4.00000  1.8349054E-03  3.2267487E-03  1.8108287E-03
   5.00000  2.2904508E-03  5.1078768E-03  2.9227022E-03
   5.20000  2.4087364E-03  5.6377560E-03  3.3334561E-03
   5.40000  2.5297832E-03  6.2250246E-03  3.8370881E-03
   5.60000  2.6515989E-03  6.8687039E-03  4.4558348E-03
   5.80000  2.7748861E-03  7.5618017E-03  5.1949849E-03
   6.00000  2.9094939E-03  8.3041808E-03  6.0479857E-03
   6.20000  3.0791940E-03  9.1094264E-03  6.9895965E-03
   6.40000  3.3224383E-03  9.9888426E-03  7.9926989E-03
   6.60000  3.6828335E-03  1.0977114E-02  9.0596682E-03
   6.80000  4.2092024E-03  1.2149380E-02  1.0233292E-02
   7.00000  4.9294209E-03  1.3502063E-02  1.1596665E-02
   7.20000  5.8893001E-03  1.5120737E-02  1.3243454E-02
   7.40000  7.1296379E-03  1.7075144E-02  1.5264283E-02
   7.60000  8.6768432E-03  1.9444713E-02  1.7710114E-02
   7.80000  1.0502979E-02  2.2314773E-02  2.0528409E-02
   8.00000  1.2466499E-02  2.5774551E-02  2.3466473E-02
   8.20000  1.4302642E-02  2.9879551E-02  2.6032323E-02
   8.40000  1.5554220E-02  3.4711264E-02  2.7474404E-02
   8.60000  1.6850030E-02  4.0237462E-02  2.8156843E-02
   8.80000  1.8387092E-02  4.6792395E-02  2.8270065E-02
   9.00000  2.0273603E-02  5.4421363E-02  2.8114349E-02
   9.20000  2.2655064E-02  6.3645808E-02  2.8077608E-02
   9.40000  2.5524127E-02  7.3762917E-02  2.8216084E-02
   9.60000  2.8906706E-02  8.3530442E-02  2.8579392E-02
   9.80000  3.2805552E-02  9.1201642E-02  2.9033027E-02
   10.0000  3.7317619E-02  9.4527935E-02  2.9783430E-02
   10.2500  4.3480826E-02  9.1893405E-02  3.0920259E-02
   10.5000  4.8799469E-02  8.3398440E-02  3.2447749E-02
   10.7500  5.3148344E-02  7.3219938E-02  3.3824576E-02
   11.0000  5.4348880E-02  6.3076249E-02  3.5287297E-02
   11.2500  5.2702178E-02  5.4310414E-02  3.7016271E-02
   11.5000  4.9530725E-02  4.7158029E-02  3.8966626E-02
   11.7500  4.5800846E-02  4.0903812E-02  4.0964143E-02
   12.0000  4.2640081E-02  3.5802263E-02  4.2894561E-02
   12.2500  4.0283403E-02  3.1700804E-02  4.4621919E-02
   12.5000  3.9025804E-02  2.8344221E-02  4.6004538E-02
   12.7500  3.8606351E-02  2.5628279E-02  4.6945585E-02
   13.0000  3.8936924E-02  2.3472343E-02  4.7437650E-02
   13.2500  3.9801303E-02  2.1687118E-02  4.7608290E-02
   13.5000  4.1084974E-02  2.0243654E-02  4.7550970E-02
   13.7500  4.2644548E-02  1.9082963E-02  4.7384411E-02
   14.0000  4.4330257E-02  1.8158162E-02  4.7201673E-02
   14.2500  4.5992789E-02  1.7434965E-02  4.7068028E-02
   14.5000  4.7463130E-02  1.6878946E-02  4.7014214E-02
   14.7500  4.8586649E-02  1.6468123E-02  4.7050085E-02
   15.0000  4.9216694E-02  1.6183440E-02  4.7160134E-02
   15.2500  4.9242275E-02  1.6010843E-02  4.7304497E-02
   15.5000  4.8616154E-02  1.5939300E-02  4.7424794E-02
   15.7500  4.7374112E-02  1.5960259E-02  4.7452101E-02
   16.0000  4.5628071E-02  1.6065541E-02  4.7318363E-02
   16.2500  4.3542103E-02  1.6247182E-02  4.6973058E-02
   16.5000  4.1294393E-02  1.6497141E-02  4.6396416E-02
   16.7500  3.9042679E-02  1.6806439E-02  4.5605376E-02
   17.0000  3.6907912E-02  1.7167347E-02  4.4647100E-02
   17.2500  3.4970839E-02  1.7573365E-02  4.3584792E-02
   17.5000  3.3279182E-02  1.8018444E-02  4.2483670E-02
   17.7500  3.1855328E-02  1.8498187E-02  4.1397604E-02
   18.0000  3.0703408E-02  1.9009056E-02  4.0363537E-02
   18.2500  2.9814260E-02  1.9548504E-02  3.9402830E-02
   18.5000  2.9172958E-02  2.0114919E-02  3.8524646E-02
   18.7500  2.8760157E-02  2.0706630E-02  3.7729472E-02
   19.0000  2.8554154E-02  2.1322164E-02  3.7016246E-02
   19.2500  2.8532252E-02  2.1960348E-02  3.6380775E-02
   19.5000  2.8671639E-02  2.2620088E-02  3.5818634E-02
   19.7500  2.8950703E-02  2.3299807E-02  3.5325061E-02
   20.0000  2.9349406E-02  2.3997953E-02  3.4895806E-02
   21.0000  3.1805768E-02  2.6926801E-02  3.3705377E-02
   22.0000  3.4953802E-02  2.9946529E-02  3.2961139E-02
   23.0000  3.7567277E-02  3.3289897E-02  3.2041745E-02
   24.0000  3.8751555E-02  3.5812305E-02  3.0873138E-02
   25.0000  3.7651827E-02  3.7559263E-02  2.9430243E-02
   26.0000  3.4816024E-02  3.8199960E-02  2.7890896E-02
   27.0000  3.1606569E-02  3.7769126E-02  2.6509321E-02
   28.0000  2.8976888E-02  3.6633984E-02  2.5508842E-02
   29.0000  2.7157776E-02  3.5214357E-02  2.4943763E-02
   30.0000  2.6017932E-02  3.3795605E-02  2.4706699E-02
   31.0000  2.5353470E-02  3.2505563E-02  2.4638683E-02
   32.0000  2.4965326E-02  3.1330454E-02  2.4592996E-02
   33.0000  2.4686230E-02  3.0211432E-02  2.4476070E-02
   34.0000  2.4389048E-02  2.9086122E-02  2.4219489E-02
   35.0000  2.3988914E-02  2.7897949E-02  2.3759409E-02
   36.0000  2.3454924E-02  2.6613628E-02  2.3050174E-02
   37.0000  2.2811697E-02  2.5232875E-02  2.2114623E-02
   38.0000  2.2125232E-02  2.3788293E-02  2.1092291E-02
   39.0000  2.1459441E-02  2.2338215E-02  2.0217881E-02
   40.0000  2.0862210E-02  2.0968215E-02  1.9713150E-02
