  7709.000   27  1  1  1.9222038E-02 -5.0323283E+00 -4.6192394E-01  1  1  7.5666260E+03  8.0000000E+03  0.0000000E+00  1.1792254E+00  1.0000000E+00  0.0000000E+00  = E_edge, Z, n_edge, j_edge, Abs_before_edge, VO_interstitial, E_cut, ninit, ninit1, Epsii, UnitCell_Volume, Surface_ref, f0_forward, natomsym_f, abs_u_iso
    Energy   (100,001)      (010,001)      (001,110)   
  -25.0000  1.4648187E-08  4.9516968E-10  1.2302765E-09
  -24.0000  4.5490611E-08  9.8307642E-10  2.9517539E-09
  -23.0000  1.9192325E-07  2.2820267E-09  8.2906796E-09
  -22.0000  1.9256594E-06  1.0698101E-08  3.4981043E-08
  -21.0000  1.5286085E-05  5.6220549E-08  4.6406553E-07
  -20.0000  8.5080272E-06  5.4686028E-08  3.6370671E-06
  -19.0000  3.0971176E-06  9.7470193E-08  3.0837452E-06
  -18.0000  3.8214800E-06  1.1971979E-07  5.4838938E-07
  -17.0000  1.7044542E-05  4.0778460E-07  4.3926919E-07
  -16.0000  1.5829201E-05  2.8104356E-06  9.2318538E-07
  -15.0000  4.6146720E-06  3.2141838E-04  5.4082235E-06
  -14.0000  6.0085171E-07  9.0465784E-06  1.1995875E-06
  -13.0000  4.3945268E-06  3.7923832E-06  3.4082860E-06
  -12.0000  1.1815920E-03  8.2887338E-05  6.9406231E-03
  -11.0000  6.9965152E-05  1.5163466E-04  1.4922468E-03
  -10.0000  3.2599920E-04  3.5895629E-05  1.9066369E-04
  -9.00000  3.6043669E-04  1.0445173E-04  3.5628756E-05
  -8.00000  2.0178907E-02  8.9514813E-03  8.7725406E-03
  -7.00000  5.7803814E-04  6.9446970E-05  5.6653807E-05
  -6.00000  1.8391149E-03  4.2531729E-04  6.0550189E-04
  -5.00000  2.8271155E-03  8.3431973E-04  3.8940016E-03
  -4.00000  1.0871329E-02  3.9973381E-03  1.6458622E-04
  -3.00000  1.6177657E-02  2.2118817E-02  2.2710520E-03
  -2.00000  5.8483191E-03  3.5270777E-02  1.8785516E-02
  -1.00000  5.3510452E-04  1.5447637E-03  1.9671634E-04
   0.00000  3.9145121E-03  2.0232536E-03  2.2682232E-03
   1.00000  6.9056222E-04  1.1055447E-03  3.0833053E-04
   2.00000  9.9940229E-04  1.3678449E-03  4.4639686E-04
   3.00000  1.4832211E-03  2.0369938E-03  7.0301256E-04
   4.00000  2.0260651E-03  3.3252050E-03  1.2275766E-03
   5.00000  2.6882126E-03  6.1343868E-03  3.3552073E-03
   5.20000  2.8299498E-03  7.0972115E-03  4.2601882E-03
   5.40000  2.9783731E-03  8.1938796E-03  5.2522444E-03
   5.60000  3.1385385E-03  9.3022560E-03  6.1017137E-03
   5.80000  3.3183076E-03  1.0300433E-02  6.6436441E-03
   6.00000  3.5261728E-03  1.1181437E-02  7.0112517E-03
   6.20000  3.7716170E-03  1.2066020E-02  7.4664174E-03
   6.40000  4.0599044E-03  1.3022429E-02  8.1500190E-03
   6.60000  4.3962138E-03  1.4027892E-02  9.0355432E-03
   6.80000  4.8045794E-03  1.5069926E-02  1.0027972E-02
   7.00000  5.3476307E-03  1.6186619E-02  1.1069958E-02
   7.20000  6.1350872E-03  1.7460946E-02  1.2157999E-02
   7.40000  7.2932543E-03  1.9034930E-02  1.3293319E-02
   7.60000  8.8164940E-03  2.0949518E-02  1.4538538E-02
   7.80000  1.0526780E-02  2.3339903E-02  1.5887849E-02
   8.00000  1.2195744E-02  2.6282240E-02  1.7213007E-02
   8.20000  1.3729118E-02  2.9880331E-02  1.8353753E-02
   8.40000  1.5122498E-02  3.4289069E-02  1.9297135E-02
   8.60000  1.6370099E-02  3.9677876E-02  2.0149581E-02
   8.80000  1.7476095E-02  4.6189653E-02  2.1017487E-02
   9.00000  1.8507827E-02  5.3876874E-02  2.1946052E-02
   9.20000  1.9596930E-02  6.2613219E-02  2.2888448E-02
   9.40000  2.0880146E-02  7.1944646E-02  2.3735910E-02
   9.60000  2.2315702E-02  8.0968326E-02  2.4347388E-02
   9.80000  2.4210740E-02  8.8268242E-02  2.4742012E-02
   10.0000  2.6132180E-02  9.2244152E-02  2.4060595E-02
   10.2500  2.9439254E-02  9.1266353E-02  2.4608360E-02
   10.5000  3.3289315E-02  8.4461336E-02  2.5968334E-02
   10.7500  3.7468672E-02  7.4680734E-02  2.8264055E-02
   11.0000  4.1542013E-02  6.4618129E-02  3.1317312E-02
   11.2500  4.4741415E-02  5.5339058E-02  3.5189312E-02
   11.5000  4.6887858E-02  4.7796178E-02  3.9167019E-02
   11.7500  4.7333838E-02  4.1483398E-02  4.2737419E-02
   12.0000  4.6430130E-02  3.6152286E-02  4.5519684E-02
   12.2500  4.4591569E-02  3.1962602E-02  4.7968173E-02
   12.5000  4.2469130E-02  2.8537268E-02  4.9497361E-02
   12.7500  4.0284515E-02  2.5998439E-02  5.0258596E-02
   13.0000  3.8662356E-02  2.3766268E-02  5.0097252E-02
   13.2500  3.7524084E-02  2.2032403E-02  4.9464129E-02
   13.5000  3.6980201E-02  2.0573131E-02  4.8564535E-02
   13.7500  3.6971558E-02  1.9398032E-02  4.7660665E-02
   14.0000  3.7439561E-02  1.8459168E-02  4.6930137E-02
   14.2500  3.8296339E-02  1.7720766E-02  4.6490434E-02
   14.5000  3.9431987E-02  1.7154064E-02  4.6409136E-02
   14.7500  4.0721715E-02  1.6736684E-02  4.6713460E-02
   15.0000  4.2042893E-02  1.6452095E-02  4.7393931E-02
   15.2500  4.3264420E-02  1.6283179E-02  4.8394253E-02
   15.5000  4.4292090E-02  1.6219945E-02  4.9617096E-02
   15.7500  4.5046456E-02  1.6252553E-02  5.0919720E-02
   16.0000  4.5470962E-02  1.6371906E-02  5.2117735E-02
   16.2500  4.5527582E-02  1.6569558E-02  5.3015228E-02
   16.5000  4.5200429E-02  1.6837257E-02  5.3442318E-02
   16.7500  4.4499369E-02  1.7167168E-02  5.3297114E-02
   17.0000  4.3465543E-02  1.7552921E-02  5.2568078E-02
   17.2500  4.2170394E-02  1.7988645E-02  5.1330612E-02
   17.5000  4.0705594E-02  1.8469470E-02  4.9714696E-02
   17.7500  3.9169679E-02  1.8990096E-02  4.7869400E-02
   18.0000  3.7653827E-02  1.9546096E-02  4.5929296E-02
   18.2500  3.6232616E-02  2.0133808E-02  4.4002306E-02
   18.5000  3.4960247E-02  2.0748446E-02  4.2164326E-02
   18.7500  3.3874375E-02  2.1385497E-02  4.0460360E-02
   19.0000  3.2993475E-02  2.2039761E-02  3.8914103E-02
   19.2500  3.2325299E-02  2.2706557E-02  3.7533154E-02
   19.5000  3.1868830E-02  2.3380691E-02  3.6314970E-02
   19.7500  3.1619265E-02  2.4058113E-02  3.5252329E-02
   20.0000  3.1567629E-02  2.4734989E-02  3.4332652E-02
   21.0000  3.3149096E-02  2.7377441E-02  3.1820067E-02
   22.0000  3.7037333E-02  2.9891109E-02  3.0589144E-02
   23.0000  4.2041847E-02  3.2376131E-02  3.0042711E-02
   24.0000  4.5625184E-02  3.4920333E-02  2.9640918E-02
   25.0000  4.5005028E-02  3.6425591E-02  2.9076907E-02
   26.0000  4.0055858E-02  3.6881858E-02  2.8246300E-02
   27.0000  3.4123732E-02  3.6435474E-02  2.7378260E-02
   28.0000  2.9644547E-02  3.5454491E-02  2.6767416E-02
   29.0000  2.6916326E-02  3.4299280E-02  2.6490137E-02
   30.0000  2.5431953E-02  3.3191252E-02  2.6440155E-02
   31.0000  2.4682971E-02  3.2195077E-02  2.6483358E-02
   32.0000  2.4318766E-02  3.1279937E-02  2.6528888E-02
   33.0000  2.4103166E-02  3.0365665E-02  2.6513147E-02
   34.0000  2.3884217E-02  2.9369365E-02  2.6374066E-02
   35.0000  2.3577000E-02  2.8241094E-02  2.6038383E-02
   36.0000  2.3150607E-02  2.6977723E-02  2.5444181E-02
   37.0000  2.2621958E-02  2.5616921E-02  2.4563143E-02
   38.0000  2.2040521E-02  2.4210922E-02  2.3446669E-02
   39.0000  2.1452018E-02  2.2796614E-02  2.2234974E-02
   40.0000  2.0866110E-02  2.1426915E-02  2.1124217E-02
