  7709.000   27  1  1  1.9222038E-02 -4.7885853E+00 -4.0618292E-01  1  1  7.5664826E+03  8.0000000E+03  0.0000000E+00  1.1792254E+00  1.0000000E+00  0.0000000E+00  = E_edge, Z, n_edge, j_edge, Abs_before_edge, VO_interstitial, E_cut, ninit, ninit1, Epsii, UnitCell_Volume, Surface_ref, f0_forward, natomsym_f, abs_u_iso
    Energy   (100,001)      (010,001)      (001,110)   
  -25.0000  1.6942041E-08  5.0313926E-10  1.2114782E-09
  -24.0000  5.6188892E-08  9.7744370E-10  3.1206623E-09
  -23.0000  2.8819604E-07  2.2277573E-09  1.1381239E-08
  -22.0000  2.3142006E-05  6.3199713E-08  8.3566031E-07
  -21.0000  2.9929490E-02  6.2042262E-06  2.6381870E-04
  -20.0000  1.8755176E-06  1.0027380E-07  2.6204723E-06
  -19.0000  5.0515585E-06  1.1166105E-07  3.6365504E-06
  -18.0000  2.9568649E-06  1.1920240E-07  8.6376021E-07
  -17.0000  4.4627099E-06  4.0588567E-07  8.8422568E-07
  -16.0000  1.6244657E-05  3.1938637E-06  3.8256406E-06
  -15.0000  1.8577326E-04  3.6546580E-03  1.2628252E-04
  -14.0000  3.2094851E-06  1.0457711E-05  1.8882592E-06
  -13.0000  1.5561523E-06  4.3693539E-06  5.9862663E-06
  -12.0000  1.3024801E-04  4.1810261E-06  5.5744123E-03
  -11.0000  5.3059802E-04  7.6588121E-05  1.0187194E-03
  -10.0000  7.3960423E-03  3.3012043E-05  4.0877917E-04
  -9.00000  2.1037351E-04  3.7915342E-04  1.6354361E-03
  -8.00000  1.3685863E-03  3.9169690E-04  1.5989172E-04
  -7.00000  7.1194956E-04  1.0235551E-04  5.7357062E-05
  -6.00000  1.6623071E-03  4.9226121E-04  2.1717670E-03
  -5.00000  8.0744947E-03  1.9567283E-03  2.5977193E-02
  -4.00000  1.8759796E-01  2.7926023E-03  5.6936027E-03
  -3.00000  2.3876419E-02  1.4036998E-01  4.1698628E-02
  -2.00000  9.1909947E-04  3.7691567E-03  1.1527281E-03
  -1.00000  5.4865758E-04  1.5135045E-03  2.2563681E-04
   0.00000  3.4970342E-03  2.5656877E-03  2.4665162E-03
   1.00000  7.9537858E-04  1.1811790E-03  4.7077595E-04
   2.00000  8.0598431E-04  1.2689031E-03  5.1447827E-04
   3.00000  1.1114068E-03  1.9186538E-03  9.4197908E-04
   4.00000  1.5768230E-03  3.2105560E-03  2.3307318E-03
   5.00000  2.0295550E-03  4.5237488E-03  5.6943325E-03
   5.20000  2.1649644E-03  4.7601394E-03  6.3644859E-03
   5.40000  2.3221536E-03  5.0119316E-03  6.9905272E-03
   5.60000  2.4943965E-03  5.2955623E-03  7.6316166E-03
   5.80000  2.6744622E-03  5.6253622E-03  8.3695483E-03
   6.00000  2.8570651E-03  6.0116720E-03  9.2839945E-03
   6.20000  3.0404434E-03  6.4605116E-03  1.0419879E-02
   6.40000  3.2303855E-03  6.9743385E-03  1.1704205E-02
   6.60000  3.4515286E-03  7.5576173E-03  1.2856998E-02
   6.80000  3.7330163E-03  8.2243116E-03  1.3428425E-02
   7.00000  4.0826783E-03  9.0052041E-03  1.3417989E-02
   7.20000  4.4732979E-03  9.9104541E-03  1.3333261E-02
   7.40000  4.8803538E-03  1.0959652E-02  1.3618822E-02
   7.60000  5.3023449E-03  1.2167550E-02  1.4356980E-02
   7.80000  5.7572399E-03  1.3549304E-02  1.5432333E-02
   8.00000  6.2807908E-03  1.5115541E-02  1.6649963E-02
   8.20000  6.9223707E-03  1.6874840E-02  1.7834441E-02
   8.40000  7.7298431E-03  1.8853893E-02  1.8937464E-02
   8.60000  8.7288589E-03  2.1118113E-02  2.0019174E-02
   8.80000  9.9063524E-03  2.3783609E-02  2.1118794E-02
   9.00000  1.1215144E-02  2.7046560E-02  2.2195582E-02
   9.20000  1.2544531E-02  3.0940977E-02  2.3067058E-02
   9.40000  1.3797812E-02  3.5518457E-02  2.3578635E-02
   9.60000  1.4910644E-02  4.0624008E-02  2.3674720E-02
   9.80000  1.5965504E-02  4.6004767E-02  2.3717422E-02
   10.0000  1.6915826E-02  5.1571114E-02  2.3555023E-02
   10.2500  1.8282958E-02  5.9013197E-02  2.3871420E-02
   10.5000  2.0002324E-02  6.7253118E-02  2.4970425E-02
   10.7500  2.2093518E-02  7.6132118E-02  2.6752840E-02
   11.0000  2.4446303E-02  8.4559315E-02  2.8989765E-02
   11.2500  2.6881858E-02  9.0069417E-02  3.1125581E-02
   11.5000  2.9662037E-02  9.0157222E-02  3.3913886E-02
   11.7500  3.1916027E-02  8.5091439E-02  3.6025857E-02
   12.0000  3.3604790E-02  7.5708601E-02  3.6880039E-02
   12.2500  3.5104096E-02  6.5182510E-02  3.8154005E-02
   12.5000  3.5948711E-02  5.5282847E-02  3.8979785E-02
   12.7500  3.5922122E-02  4.6802105E-02  3.9510838E-02
   13.0000  3.5633630E-02  4.0083173E-02  3.9574443E-02
   13.2500  3.5059581E-02  3.4793784E-02  3.9358607E-02
   13.5000  3.4291071E-02  3.0689731E-02  3.9001392E-02
   13.7500  3.3689732E-02  2.7471352E-02  3.8543113E-02
   14.0000  3.3306245E-02  2.4928499E-02  3.8048779E-02
   14.2500  3.3171930E-02  2.2926899E-02  3.7647830E-02
   14.5000  3.3313228E-02  2.1345125E-02  3.7416094E-02
   14.7500  3.3733648E-02  2.0091024E-02  3.7411853E-02
   15.0000  3.4420053E-02  1.9095824E-02  3.7674870E-02
   15.2500  3.5349338E-02  1.8308231E-02  3.8228591E-02
   15.5000  3.6476777E-02  1.7683247E-02  3.9075135E-02
   15.7500  3.7755674E-02  1.7190451E-02  4.0198002E-02
   16.0000  3.9123880E-02  1.6805371E-02  4.1558371E-02
   16.2500  4.0511706E-02  1.6507413E-02  4.3090480E-02
   16.5000  4.1848065E-02  1.6280962E-02  4.4701205E-02
   16.7500  4.3063525E-02  1.6114124E-02  4.6271985E-02
   17.0000  4.4098519E-02  1.5998648E-02  4.7664797E-02
   17.2500  4.4906903E-02  1.5930319E-02  4.8740757E-02
   17.5000  4.5460179E-02  1.5908303E-02  4.9383691E-02
   17.7500  4.5747231E-02  1.5934506E-02  4.9520953E-02
   18.0000  4.5779680E-02  1.6011122E-02  4.9143595E-02
   18.2500  4.5591196E-02  1.6141635E-02  4.8304952E-02
   18.5000  4.5236848E-02  1.6327403E-02  4.7103348E-02
   18.7500  4.4784575E-02  1.6569243E-02  4.5660203E-02
   19.0000  4.4307661E-02  1.6865746E-02  4.4093039E-02
   19.2500  4.3876254E-02  1.7214876E-02  4.2504485E-02
   19.5000  4.3547466E-02  1.7614189E-02  4.0970268E-02
   19.7500  4.3363653E-02  1.8061316E-02  3.9541089E-02
   20.0000  4.3348691E-02  1.8554842E-02  3.8246379E-02
   21.0000  4.5002660E-02  2.0976785E-02  3.4526518E-02
   22.0000  4.8487761E-02  2.4103319E-02  3.2713661E-02
   23.0000  5.1519966E-02  2.7772810E-02  3.2009990E-02
   24.0000  5.1378388E-02  3.1529477E-02  3.1804920E-02
   25.0000  4.7027074E-02  3.4788558E-02  3.1738973E-02
   26.0000  4.0268293E-02  3.7093779E-02  3.1551009E-02
   27.0000  3.4110627E-02  3.8304206E-02  3.1051668E-02
   28.0000  3.0008762E-02  3.8561244E-02  3.0208088E-02
   29.0000  2.7326010E-02  3.7888938E-02  2.9012145E-02
   30.0000  2.5721518E-02  3.6974620E-02  2.8136246E-02
   31.0000  2.4526983E-02  3.5968241E-02  2.7491259E-02
   32.0000  2.3728926E-02  3.5042291E-02  2.7105786E-02
   33.0000  2.3272869E-02  3.4227472E-02  2.6944140E-02
   34.0000  2.3050149E-02  3.3468673E-02  2.6937849E-02
   35.0000  2.2948840E-02  3.2690384E-02  2.7004673E-02
   36.0000  2.2875955E-02  3.1838605E-02  2.7052545E-02
   37.0000  2.2766307E-02  3.0891347E-02  2.6994803E-02
   38.0000  2.2583512E-02  2.9855374E-02  2.6757620E-02
   39.0000  2.2316107E-02  2.8738571E-02  2.6290575E-02
   40.0000  2.1975983E-02  2.7508961E-02  2.5577649E-02
