  7709.000   27  1  1  1.9222038E-02 -4.8653197E+00 -3.9427682E-01  1  1  7.5665579E+03  8.0000000E+03  0.0000000E+00  1.1792254E+00  1.0000000E+00  0.0000000E+00  = E_edge, Z, n_edge, j_edge, Abs_before_edge, VO_interstitial, E_cut, ninit, ninit1, Epsii, UnitCell_Volume, Surface_ref, f0_forward, natomsym_f, abs_u_iso
    Energy   (100,001)      (010,001)      (001,110)   
  -25.0000  7.9238384E-09  4.1172362E-10  9.5942351E-10
  -24.0000  2.0580338E-08  7.6184560E-10  2.1685882E-09
  -23.0000  6.2086883E-08  1.4741949E-09  5.4719016E-09
  -22.0000  2.4253109E-07  3.0410517E-09  1.6568585E-08
  -21.0000  1.7732385E-06  7.1209942E-09  7.7922928E-08
  -20.0000  1.6972612E-04  3.2610548E-08  5.7857757E-06
  -19.0000  5.9950611E-05  6.3586127E-07  5.2815971E-05
  -18.0000  8.0649721E-06  3.2641888E-07  2.5519945E-05
  -17.0000  9.9183302E-06  3.2376249E-07  1.5546143E-06
  -16.0000  1.5405869E-04  1.9972200E-06  2.0528661E-06
  -15.0000  4.1646784E-04  2.0990441E-02  3.3280732E-04
  -14.0000  1.0695898E-04  1.6374944E-05  4.1060461E-05
  -13.0000  5.8873792E-06  4.4626198E-06  1.2406013E-05
  -12.0000  3.3069347E-05  1.3578043E-05  1.1381776E-03
  -11.0000  9.4090759E-05  6.4703801E-06  1.2685166E-04
  -10.0000  1.5578469E-03  9.4516795E-06  1.6514599E-04
  -9.00000  3.2739230E-04  9.3188321E-04  2.3327020E-04
  -8.00000  4.4842152E-04  2.6876908E-04  8.5339281E-05
  -7.00000  4.0930714E-03  5.2448412E-04  9.7992783E-04
  -6.00000  8.5636079E-02  5.7639995E-03  2.9359004E-02
  -5.00000  8.8869194E-02  6.8897077E-04  4.5879997E-03
  -4.00000  3.3531469E-03  1.6989573E-03  2.3874922E-03
  -3.00000  5.7419199E-03  1.0499013E-01  1.2310197E-02
  -2.00000  3.0887434E-03  2.4875573E-02  1.0454560E-02
  -1.00000  4.4341137E-04  1.7415922E-03  3.3770510E-04
   0.00000  2.3267566E-03  3.5168412E-03  3.1486886E-03
   1.00000  1.1037640E-03  1.2874787E-03  8.5826678E-04
   2.00000  9.5779591E-04  1.3523860E-03  1.0339431E-03
   3.00000  1.4088904E-03  2.1319348E-03  2.7696280E-03
   4.00000  1.7429799E-03  3.3210369E-03  2.6839837E-03
   5.00000  1.8064614E-03  5.0852615E-03  3.4514961E-03
   5.20000  1.9100409E-03  5.5405541E-03  3.6355534E-03
   5.40000  2.0493966E-03  6.0637761E-03  3.7892882E-03
   5.60000  2.2290992E-03  6.6715167E-03  3.8749131E-03
   5.80000  2.4548305E-03  7.3676340E-03  3.8800748E-03
   6.00000  2.7429538E-03  8.1420428E-03  3.8310851E-03
   6.20000  3.1334820E-03  8.9853352E-03  3.7858715E-03
   6.40000  3.6725163E-03  9.8972331E-03  3.8116263E-03
   6.60000  4.2782280E-03  1.0774055E-02  3.9386993E-03
   6.80000  4.6664040E-03  1.1494855E-02  4.1285930E-03
   7.00000  4.7831629E-03  1.2232388E-02  4.3551634E-03
   7.20000  4.8472277E-03  1.3244634E-02  4.6212003E-03
   7.40000  4.9746832E-03  1.4623575E-02  4.9228358E-03
   7.60000  5.1810775E-03  1.6418433E-02  5.2567044E-03
   7.80000  5.4520195E-03  1.8651470E-02  5.6510230E-03
   8.00000  5.7870109E-03  2.1439536E-02  6.1277059E-03
   8.20000  6.1952680E-03  2.4945956E-02  6.7179657E-03
   8.40000  6.6979395E-03  2.9411079E-02  7.4505263E-03
   8.60000  7.3228481E-03  3.5148780E-02  8.3445880E-03
   8.80000  8.0960635E-03  4.2499304E-02  9.4012536E-03
   9.00000  9.0156930E-03  5.1640316E-02  1.0589741E-02
   9.20000  1.0025245E-02  6.2227236E-02  1.1839210E-02
   9.40000  1.0999775E-02  7.2859572E-02  1.3140113E-02
   9.60000  1.1823930E-02  8.2216751E-02  1.4323193E-02
   9.80000  1.2497229E-02  8.9111594E-02  1.5557313E-02
   10.0000  1.3142220E-02  9.3787940E-02  1.6964815E-02
   10.2500  1.4118405E-02  9.6781084E-02  1.9102189E-02
   10.5000  1.5304848E-02  9.6420034E-02  2.1546918E-02
   10.7500  1.6739028E-02  9.1901536E-02  2.4211698E-02
   11.0000  1.8439600E-02  8.3146245E-02  2.6918665E-02
   11.2500  2.0327037E-02  7.2541245E-02  2.9780896E-02
   11.5000  2.2405301E-02  6.1627991E-02  3.2867326E-02
   11.7500  2.4564379E-02  5.1979512E-02  3.6797759E-02
   12.0000  2.6724344E-02  4.3856689E-02  4.0338346E-02
   12.2500  2.8702642E-02  3.7442314E-02  4.3693458E-02
   12.5000  3.0367015E-02  3.2489571E-02  4.6443541E-02
   12.7500  3.1657052E-02  2.8681689E-02  4.8224469E-02
   13.0000  3.1656507E-02  2.5742130E-02  4.8798284E-02
   13.2500  3.2358030E-02  2.3418559E-02  4.8447821E-02
   13.5000  3.2974875E-02  2.1563699E-02  4.7370006E-02
   13.7500  3.3609013E-02  2.0066578E-02  4.5915518E-02
   14.0000  3.4322077E-02  1.8851779E-02  4.4371170E-02
   14.2500  3.5145619E-02  1.7865452E-02  4.2932526E-02
   14.5000  3.6089513E-02  1.7069441E-02  4.1713127E-02
   14.7500  3.7153807E-02  1.6433765E-02  4.0766950E-02
   15.0000  3.8333939E-02  1.5935459E-02  4.0111237E-02
   15.2500  3.9628646E-02  1.5557385E-02  3.9739166E-02
   15.5000  4.1021789E-02  1.5282329E-02  3.9633327E-02
   15.7500  4.2505948E-02  1.5100489E-02  3.9766241E-02
   16.0000  4.4061716E-02  1.5002520E-02  4.0101604E-02
   16.2500  4.5657422E-02  1.4980927E-02  4.0593727E-02
   16.5000  4.7244925E-02  1.5030297E-02  4.1189260E-02
   16.7500  4.8754792E-02  1.5145921E-02  4.1828668E-02
   17.0000  5.0098276E-02  1.5324464E-02  4.2449659E-02
   17.2500  5.1174702E-02  1.5563070E-02  4.2994138E-02
   17.5000  5.1883363E-02  1.5858411E-02  4.3414326E-02
   17.7500  5.2143108E-02  1.6206297E-02  4.3679617E-02
   18.0000  5.1909771E-02  1.6603565E-02  4.3777886E-02
   18.2500  5.1189402E-02  1.7046745E-02  4.3713856E-02
   18.5000  5.0038230E-02  1.7531781E-02  4.3504282E-02
   18.7500  4.8553817E-02  1.8055779E-02  4.3172497E-02
   19.0000  4.6862232E-02  1.8614734E-02  4.2744343E-02
   19.2500  4.5089365E-02  1.9207332E-02  4.2245331E-02
   19.5000  4.3347847E-02  1.9833419E-02  4.1698387E-02
   19.7500  4.1728762E-02  2.0492887E-02  4.1122616E-02
   20.0000  4.0297357E-02  2.1186420E-02  4.0534573E-02
   21.0000  3.7012903E-02  2.4317590E-02  3.8272172E-02
   22.0000  3.7572422E-02  2.8050148E-02  3.6394063E-02
   23.0000  4.0918901E-02  3.2218408E-02  3.4906103E-02
   24.0000  4.5198670E-02  3.6146526E-02  3.3643424E-02
   25.0000  4.7602178E-02  3.8849623E-02  3.2420235E-02
   26.0000  4.5713447E-02  3.9788746E-02  3.1154384E-02
   27.0000  4.0314214E-02  3.9176233E-02  2.9950525E-02
   28.0000  3.4526205E-02  3.7632832E-02  2.9006188E-02
   29.0000  3.0247116E-02  3.5742030E-02  2.8439067E-02
   30.0000  2.7562463E-02  3.3874911E-02  2.8241865E-02
   31.0000  2.6074216E-02  3.2019792E-02  2.8317732E-02
   32.0000  2.5175786E-02  3.0615181E-02  2.8595083E-02
   33.0000  2.4660723E-02  2.9423173E-02  2.8925722E-02
   34.0000  2.4414790E-02  2.8395558E-02  2.9231462E-02
   35.0000  2.4374277E-02  2.7493492E-02  2.9447942E-02
   36.0000  2.4485437E-02  2.6683663E-02  2.9509998E-02
   37.0000  2.4663297E-02  2.5916483E-02  2.9336582E-02
   38.0000  2.4756826E-02  2.5099991E-02  2.8834318E-02
   39.0000  2.4556777E-02  2.4125855E-02  2.7918088E-02
   40.0000  2.3938026E-02  2.2993103E-02  2.6587971E-02
