  7709.000   27  1  1  1.9222038E-02 -4.9849221E+00 -4.1892777E-01  1  1  7.5661878E+03  8.0000000E+03  0.0000000E+00  1.1792254E+00  1.0000000E+00  0.0000000E+00  = E_edge, Z, n_edge, j_edge, Abs_before_edge, VO_interstitial, E_cut, ninit, ninit1, Epsii, UnitCell_Volume, Surface_ref, f0_forward, natomsym_f, abs_u_iso
    Energy   (100,001)      (010,001)      (001,110)   
  -25.0000  1.2415627E-08  4.7521218E-10  1.2053909E-09
  -24.0000  3.5424012E-08  8.9105075E-10  2.7898449E-09
  -23.0000  1.2564306E-07  1.7592155E-09  7.3921399E-09
  -22.0000  7.0980814E-07  3.8020532E-09  2.6064946E-08
  -21.0000  7.7498904E-05  1.4773665E-08  1.2627867E-06
  -20.0000  9.1884868E-05  2.9595967E-07  8.0970116E-06
  -19.0000  8.7338964E-06  6.0067841E-07  6.1596541E-05
  -18.0000  8.1695028E-06  1.8425415E-07  1.6633284E-05
  -17.0000  1.2892777E-05  3.9410470E-07  1.6306429E-06
  -16.0000  6.3963791E-05  2.8049074E-06  3.1784387E-06
  -15.0000  3.7178663E-05  1.2674188E-03  3.3892030E-05
  -14.0000  1.4884968E-06  1.0246833E-05  5.4433581E-06
  -13.0000  1.8216748E-06  4.6079451E-06  3.0566051E-05
  -12.0000  4.2412828E-04  4.5236757E-06  3.5091500E-03
  -11.0000  1.2958652E-02  5.6575264E-05  3.6376574E-03
  -10.0000  3.3750691E-03  7.5003885E-04  5.1432315E-05
  -9.00000  1.9884752E-04  2.6252820E-05  8.9636538E-05
  -8.00000  1.2724383E-04  7.4364475E-05  8.8547354E-05
  -7.00000  3.1607135E-03  3.1079855E-04  2.9594239E-03
  -6.00000  6.8886896E-01  1.7208571E-02  1.9672251E-04
  -5.00000  2.6011003E-02  1.3654287E-02  8.3444035E-03
  -4.00000  9.3006148E-04  1.0425602E-03  2.7062396E-03
  -3.00000  7.8930169E-03  1.9782685E-02  8.1504949E-03
  -2.00000  9.5699342E-03  2.0896876E-02  1.2314658E-02
  -1.00000  6.0216901E-04  1.3776824E-03  3.1246412E-04
   0.00000  1.4907336E-03  1.2362795E-03  6.7320066E-04
   1.00000  7.2004066E-04  1.0049582E-03  5.8089437E-04
   2.00000  6.7068359E-04  1.3107409E-03  4.8584660E-04
   3.00000  9.6592205E-04  2.1383028E-03  6.9573979E-04
   4.00000  1.4978139E-03  3.4386757E-03  1.2762819E-03
   5.00000  1.3018344E-03  5.0820490E-03  2.5368319E-03
   5.20000  1.4004229E-03  5.6921955E-03  2.9861820E-03
   5.40000  1.6268045E-03  6.4546212E-03  3.5303403E-03
   5.60000  1.9545605E-03  7.3384175E-03  4.1806728E-03
   5.80000  2.3248214E-03  8.2718177E-03  4.9500654E-03
   6.00000  2.6713113E-03  9.1897291E-03  5.8546707E-03
   6.20000  2.9609013E-03  1.0096217E-02  6.9074196E-03
   6.40000  3.1967976E-03  1.1053717E-02  8.0994271E-03
   6.60000  3.3979749E-03  1.2140485E-02  9.3516753E-03
   6.80000  3.5891745E-03  1.3422453E-02  1.0471741E-02
   7.00000  3.7927862E-03  1.4933579E-02  1.1171610E-02
   7.20000  4.0332970E-03  1.6692412E-02  1.1232155E-02
   7.40000  4.3400123E-03  1.8748643E-02  1.0719042E-02
   7.60000  4.7423973E-03  2.1216739E-02  9.9737935E-03
   7.80000  5.2658434E-03  2.4265312E-02  9.3743197E-03
   8.00000  5.9341321E-03  2.8088263E-02  9.1584349E-03
   8.20000  6.7725056E-03  3.2887643E-02  9.4151107E-03
   8.40000  7.8052130E-03  3.8854682E-02  1.0144295E-02
   8.60000  9.0367299E-03  4.6129898E-02  1.1306982E-02
   8.80000  1.0408300E-02  5.4705252E-02  1.2848105E-02
   9.00000  1.1742101E-02  6.4211245E-02  1.4685406E-02
   9.20000  1.2809449E-02  7.3799026E-02  1.6677491E-02
   9.40000  1.3558292E-02  8.2254562E-02  1.8643746E-02
   9.60000  1.4189077E-02  8.8417666E-02  2.0442135E-02
   9.80000  1.4844490E-02  9.1295972E-02  2.1928001E-02
   10.0000  1.5853460E-02  9.1414220E-02  2.3283463E-02
   10.2500  1.7666126E-02  8.7960408E-02  2.4830476E-02
   10.5000  1.9785268E-02  8.2013874E-02  2.6133964E-02
   10.7500  2.2374326E-02  7.4672212E-02  2.7502038E-02
   11.0000  2.5386548E-02  6.6805044E-02  2.9124253E-02
   11.2500  2.8563600E-02  5.9101610E-02  3.0640103E-02
   11.5000  3.2082020E-02  5.1680488E-02  3.3170837E-02
   11.7500  3.5358804E-02  4.5038218E-02  3.6116373E-02
   12.0000  3.8106727E-02  3.9201481E-02  3.9339517E-02
   12.2500  3.9965272E-02  3.4293758E-02  4.3287565E-02
   12.5000  4.0884994E-02  3.0146625E-02  4.6141862E-02
   12.7500  4.1020023E-02  2.6780230E-02  4.8291291E-02
   13.0000  4.0709002E-02  2.4087384E-02  4.9645621E-02
   13.2500  4.0154464E-02  2.2098898E-02  5.0441728E-02
   13.5000  3.9895564E-02  2.0400614E-02  5.0393694E-02
   13.7500  3.9906191E-02  1.9077037E-02  4.9953843E-02
   14.0000  4.0213448E-02  1.8056881E-02  4.9294994E-02
   14.2500  4.0790551E-02  1.7280063E-02  4.8560663E-02
   14.5000  4.1580200E-02  1.6695970E-02  4.7861058E-02
   14.7500  4.2516020E-02  1.6262457E-02  4.7273737E-02
   15.0000  4.3533284E-02  1.5946673E-02  4.6841061E-02
   15.2500  4.4560664E-02  1.5720964E-02  4.6576163E-02
   15.5000  4.5552832E-02  1.5568360E-02  4.6465712E-02
   15.7500  4.6473120E-02  1.5479622E-02  4.6470671E-02
   16.0000  4.7295147E-02  1.5452192E-02  4.6529703E-02
   16.2500  4.7996261E-02  1.5486844E-02  4.6567731E-02
   16.5000  4.8547872E-02  1.5585427E-02  4.6506440E-02
   16.7500  4.8909786E-02  1.5750303E-02  4.6281213E-02
   17.0000  4.9032045E-02  1.5981318E-02  4.5853212E-02
   17.2500  4.8862046E-02  1.6275324E-02  4.5215842E-02
   17.5000  4.8361751E-02  1.6627061E-02  4.4393010E-02
   17.7500  4.7524868E-02  1.7029856E-02  4.3429857E-02
   18.0000  4.6388205E-02  1.7476515E-02  4.2380024E-02
   18.2500  4.5028955E-02  1.7961423E-02  4.1296829E-02
   18.5000  4.3548221E-02  1.8480768E-02  4.0225988E-02
   18.7500  4.2054199E-02  1.9032619E-02  3.9200775E-02
   19.0000  4.0642089E-02  1.9617754E-02  3.8245317E-02
   19.2500  3.9383475E-02  2.0237994E-02  3.7374551E-02
   19.5000  3.8324855E-02  2.0895995E-02  3.6596245E-02
   19.7500  3.7489328E-02  2.1594277E-02  3.5912627E-02
   20.0000  3.6881216E-02  2.2335132E-02  3.5321698E-02
   21.0000  3.6470850E-02  2.5759826E-02  3.3772259E-02
   22.0000  3.8476568E-02  2.9819383E-02  3.3205423E-02
   23.0000  4.1834463E-02  3.4019315E-02  3.3157780E-02
   24.0000  4.5098826E-02  3.7472688E-02  3.3161870E-02
   25.0000  4.6030580E-02  3.9328032E-02  3.2767889E-02
   26.0000  4.3142271E-02  3.9396271E-02  3.1664106E-02
   27.0000  3.7288374E-02  3.8091897E-02  2.9839694E-02
   28.0000  3.2443617E-02  3.6348491E-02  2.8300909E-02
   29.0000  2.9093532E-02  3.4524407E-02  2.7229820E-02
   30.0000  2.7195222E-02  3.2822966E-02  2.6718167E-02
   31.0000  2.6343059E-02  3.1319594E-02  2.6703056E-02
   32.0000  2.6092006E-02  3.0005730E-02  2.7064936E-02
   33.0000  2.6051015E-02  2.8821886E-02  2.7632107E-02
   34.0000  2.5936295E-02  2.7686140E-02  2.8213765E-02
   35.0000  2.5579912E-02  2.6513695E-02  2.8639139E-02
   36.0000  2.4921733E-02  2.5258110E-02  2.8781415E-02
   37.0000  2.4005327E-02  2.3924120E-02  2.8545413E-02
   38.0000  2.2939658E-02  2.2554407E-02  2.7860123E-02
   39.0000  2.1835932E-02  2.1214244E-02  2.6709621E-02
   40.0000  2.0767313E-02  1.9987269E-02  2.5153949E-02
