  7709.000   27  1  1  1.9222038E-02 -5.0848530E+00 -3.8643345E-01  1  1  7.5665667E+03  8.0000000E+03  0.0000000E+00  1.1792254E+00  1.0000000E+00  0.0000000E+00  = E_edge, Z, n_edge, j_edge, Abs_before_edge, VO_interstitial, E_cut, ninit, ninit1, Epsii, UnitCell_Volume, Surface_ref, f0_forward, natomsym_f, abs_u_iso
    Energy   (100,001)      (010,001)      (001,110)   
  -25.0000  1.4896502E-08  4.4329072E-10  1.3060486E-09
  -24.0000  5.0651756E-08  8.6447900E-10  3.5341820E-09
  -23.0000  2.7545261E-07  1.9811670E-09  1.3632949E-08
  -22.0000  2.1959513E-05  1.5433847E-08  5.5066875E-07
  -21.0000  2.7555996E-06  2.3279754E-08  3.4198667E-07
  -20.0000  2.3319319E-05  1.4366350E-06  8.6382588E-05
  -19.0000  1.7203188E-06  4.1278305E-08  2.0102108E-06
  -18.0000  6.3636733E-06  9.2231988E-08  3.6473957E-06
  -17.0000  3.5156070E-06  3.3664514E-07  1.0625190E-06
  -16.0000  9.1691307E-06  2.4142559E-06  2.4057919E-06
  -15.0000  1.6248129E-05  1.9218503E-04  3.0979566E-06
  -14.0000  7.8183113E-07  1.0616834E-05  1.5422798E-06
  -13.0000  5.9734211E-06  4.0145956E-06  6.4880315E-06
  -12.0000  7.5877581E-04  2.7561465E-05  5.0154302E-03
  -11.0000  5.1375287E-05  3.7638047E-06  4.2036642E-05
  -10.0000  2.7268811E-03  9.7882058E-06  2.7407851E-04
  -9.00000  4.8063587E-04  2.9679027E-05  2.4774835E-05
  -8.00000  3.9352972E-03  8.4662880E-05  1.3269596E-04
  -7.00000  3.5022402E-04  9.3823107E-05  7.0636221E-05
  -6.00000  4.9439580E-03  3.5497039E-04  3.4205629E-02
  -5.00000  7.8390285E-03  2.8122479E-03  1.6600601E-03
  -4.00000  5.8883474E-04  3.1875036E-03  1.5437900E-03
  -3.00000  5.1784037E-02  3.5781675E-02  1.2089650E-02
  -2.00000  1.1972364E-03  2.9557858E-03  1.0061211E-03
  -1.00000  5.6535522E-04  1.4676731E-03  2.8044363E-04
   0.00000  1.4420859E-02  1.2287562E-03  8.7234209E-03
   1.00000  6.2773941E-04  9.8194420E-04  3.3958190E-04
   2.00000  7.7844309E-04  1.1587857E-03  4.0218083E-04
   3.00000  1.3135542E-03  1.6947916E-03  9.1315966E-04
   4.00000  1.8137043E-03  2.8033237E-03  1.1290046E-03
   5.00000  2.7229739E-03  4.3157627E-03  1.6052173E-03
   5.20000  2.9128110E-03  4.6693764E-03  1.7827295E-03
   5.40000  3.1096137E-03  5.0487659E-03  1.9956183E-03
   5.60000  3.3163429E-03  5.4593327E-03  2.2518221E-03
   5.80000  3.5368173E-03  5.9071619E-03  2.5623443E-03
   6.00000  3.7761100E-03  6.4001155E-03  2.9434934E-03
   6.20000  4.0407057E-03  6.9466446E-03  3.4175107E-03
   6.40000  4.3409301E-03  7.5566166E-03  4.0169144E-03
   6.60000  4.6920099E-03  8.2413917E-03  4.7867952E-03
   6.80000  5.1180897E-03  9.0209923E-03  5.7902247E-03
   7.00000  5.6539233E-03  9.9056290E-03  7.1187934E-03
   7.20000  6.3516736E-03  1.0909796E-02  8.8948527E-03
   7.40000  7.3033493E-03  1.2064613E-02  1.1292437E-02
   7.60000  8.5705858E-03  1.3352372E-02  1.4444521E-02
   7.80000  1.0271542E-02  1.4801746E-02  1.8432252E-02
   8.00000  1.2373500E-02  1.6424872E-02  2.3009985E-02
   8.20000  1.4655680E-02  1.8262541E-02  2.7384179E-02
   8.40000  1.6680256E-02  2.0393969E-02  3.0523882E-02
   8.60000  1.8112180E-02  2.2915854E-02  3.2035803E-02
   8.80000  1.8952489E-02  2.5897182E-02  3.2463447E-02
   9.00000  1.9394841E-02  2.9357889E-02  3.2623006E-02
   9.20000  1.9647427E-02  3.3289844E-02  3.2989150E-02
   9.40000  1.9907157E-02  3.7660991E-02  3.3669888E-02
   9.60000  2.0360299E-02  4.2425741E-02  3.4600648E-02
   9.80000  2.1148995E-02  4.7546224E-02  3.5718156E-02
   10.0000  2.2355483E-02  5.3007917E-02  3.7005873E-02
   10.2500  2.4496441E-02  6.0305059E-02  3.8816682E-02
   10.5000  2.6417398E-02  6.7954793E-02  3.9508341E-02
   10.7500  2.9971366E-02  7.5470269E-02  4.1128496E-02
   11.0000  3.3864073E-02  8.1764610E-02  4.2257845E-02
   11.2500  3.7662556E-02  8.5141787E-02  4.2621652E-02
   11.5000  4.0676529E-02  8.4331694E-02  4.2076747E-02
   11.7500  4.2693673E-02  7.9672235E-02  4.1484352E-02
   12.0000  4.3549484E-02  7.2113522E-02  4.0855732E-02
   12.2500  4.3320233E-02  6.3607638E-02  4.0654837E-02
   12.5000  4.2752937E-02  5.4849291E-02  4.0126660E-02
   12.7500  4.1878562E-02  4.7042896E-02  3.9440243E-02
   13.0000  4.0900995E-02  4.0519181E-02  3.8756755E-02
   13.2500  3.9917322E-02  3.5272187E-02  3.7947149E-02
   13.5000  3.8756258E-02  3.1132476E-02  3.6756976E-02
   13.7500  3.8095579E-02  2.7855800E-02  3.5892931E-02
   14.0000  3.7673968E-02  2.5237655E-02  3.5111042E-02
   14.2500  3.7523011E-02  2.3122854E-02  3.4457250E-02
   14.5000  3.7647813E-02  2.1397503E-02  3.3965599E-02
   14.7500  3.8033428E-02  1.9980347E-02  3.3661253E-02
   15.0000  3.8653135E-02  1.8815246E-02  3.3564368E-02
   15.2500  3.9462209E-02  1.7855287E-02  3.3682758E-02
   15.5000  4.0418929E-02  1.7070889E-02  3.4020143E-02
   15.7500  4.1475270E-02  1.6438859E-02  3.4573379E-02
   16.0000  4.2582298E-02  1.5942102E-02  3.5331037E-02
   16.2500  4.3686584E-02  1.5567352E-02  3.6269026E-02
   16.5000  4.4729298E-02  1.5302684E-02  3.7346225E-02
   16.7500  4.5643553E-02  1.5139261E-02  3.8499365E-02
   17.0000  4.6353888E-02  1.5069415E-02  3.9642618E-02
   17.2500  4.6781558E-02  1.5086430E-02  4.0677961E-02
   17.5000  4.6856203E-02  1.5183783E-02  4.1510717E-02
   17.7500  4.6530158E-02  1.5354428E-02  4.2068726E-02
   18.0000  4.5790540E-02  1.5591599E-02  4.2320112E-02
   18.2500  4.4670229E-02  1.5887835E-02  4.2278749E-02
   18.5000  4.3243037E-02  1.6235439E-02  4.1993278E-02
   18.7500  4.1615371E-02  1.6628532E-02  4.1530471E-02
   19.0000  3.9899789E-02  1.7062408E-02  4.0959757E-02
   19.2500  3.8200793E-02  1.7533773E-02  4.0341130E-02
   19.5000  3.6603366E-02  1.8041090E-02  3.9719699E-02
   19.7500  3.5166465E-02  1.8582777E-02  3.9125497E-02
   20.0000  3.3925646E-02  1.9157599E-02  3.8574750E-02
   21.0000  3.1024765E-02  2.1764306E-02  3.6864622E-02
   22.0000  3.0804021E-02  2.4774188E-02  3.5699083E-02
   23.0000  3.2192560E-02  2.8052492E-02  3.4683618E-02
   24.0000  3.4293273E-02  3.1564414E-02  3.3565412E-02
   25.0000  3.6277012E-02  3.5232295E-02  3.2288302E-02
   26.0000  3.6980437E-02  3.8788918E-02  3.0676249E-02
   27.0000  3.6497534E-02  4.0619650E-02  2.9202579E-02
   28.0000  3.4543385E-02  4.0884684E-02  2.7831070E-02
   29.0000  3.1849922E-02  3.9938234E-02  2.6734604E-02
   30.0000  2.9391697E-02  3.8408091E-02  2.6011558E-02
   31.0000  2.7588581E-02  3.6769998E-02  2.5645344E-02
   32.0000  2.6395047E-02  3.5255868E-02  2.5550463E-02
   33.0000  2.5622243E-02  3.3907314E-02  2.5623395E-02
   34.0000  2.5120454E-02  3.2697048E-02  2.5789651E-02
   35.0000  2.4778631E-02  3.1556336E-02  2.5973693E-02
   36.0000  2.4511211E-02  3.0406348E-02  2.6082979E-02
   37.0000  2.4257094E-02  2.9175961E-02  2.6012848E-02
   38.0000  2.3983031E-02  2.7822951E-02  2.5668738E-02
   39.0000  2.3671737E-02  2.6349163E-02  2.4997908E-02
   40.0000  2.3307061E-02  2.4795264E-02  2.4030119E-02
