  7709.000   27  1  1  1.9222038E-02 -4.5619061E+00 -4.3158259E-01  1  1  7.5665116E+03  8.0000000E+03  0.0000000E+00  1.1792254E+00  1.0000000E+00  0.0000000E+00  = E_edge, Z, n_edge, j_edge, Abs_before_edge, VO_interstitial, E_cut, ninit, ninit1, Epsii, UnitCell_Volume, Surface_ref, f0_forward, natomsym_f, abs_u_iso
    Energy   (100,001)      (010,001)      (001,110)   
  -25.0000  9.0257438E-09  3.9438431E-10  8.6899638E-10
  -24.0000  2.4518776E-08  7.4019389E-10  1.9524397E-09
  -23.0000  8.0080427E-08  1.4787072E-09  4.8712845E-09
  -22.0000  3.7110101E-07  3.4150856E-09  1.4475382E-08
  -21.0000  5.2808721E-06  2.1207576E-08  6.9834939E-08
  -20.0000  4.5879598E-05  4.1453093E-08  1.6540985E-06
  -19.0000  4.5036423E-06  3.4357888E-07  1.8297243E-05
  -18.0000  3.6526121E-06  1.3286773E-07  2.0637894E-06
  -17.0000  5.0084303E-06  3.8174946E-07  8.2139565E-07
  -16.0000  6.1664431E-05  7.7172710E-06  2.2184501E-06
  -15.0000  2.5923549E-05  8.5313233E-04  1.6456007E-05
  -14.0000  9.9982555E-07  1.3121593E-05  1.6240395E-06
  -13.0000  1.7943254E-06  4.0374728E-06  3.0788180E-06
  -12.0000  8.6350444E-06  3.0654788E-06  1.3155995E-05
  -11.0000  5.1252689E-05  7.9637992E-06  2.9096086E-03
  -10.0000  2.8889928E-02  1.1032885E-03  8.7661434E-04
  -9.00000  8.5597597E-03  3.4647074E-04  2.3536212E-04
  -8.00000  2.8006892E-04  4.7352206E-05  1.7516551E-04
  -7.00000  5.7218634E-04  1.5217219E-04  1.1681139E-04
  -6.00000  5.8034480E-03  1.3363870E-03  2.5349585E-02
  -5.00000  1.3663546E-01  1.0042395E-03  4.6077126E-02
  -4.00000  1.2830978E-03  1.2244432E-03  2.0260252E-03
  -3.00000  6.6783656E-02  4.9741404E-02  3.7093155E-02
  -2.00000  5.3034723E-04  5.4826169E-03  1.9069583E-03
  -1.00000  3.7474166E-04  1.3773316E-03  1.9803026E-04
   0.00000  1.4867903E-02  2.8745668E-03  1.3270717E-02
   1.00000  5.6862563E-04  1.0225248E-03  2.9432062E-04
   2.00000  7.8132725E-04  1.2285780E-03  3.7666027E-04
   3.00000  1.2849621E-03  1.8351464E-03  7.6805634E-04
   4.00000  1.9865332E-03  3.0238510E-03  1.7603172E-03
   5.00000  3.1522294E-03  5.1567112E-03  2.3417364E-03
   5.20000  3.3473371E-03  5.6980864E-03  2.5969794E-03
   5.40000  3.5504726E-03  6.2770075E-03  2.9076903E-03
   5.60000  3.7726549E-03  6.8976139E-03  3.2724499E-03
   5.80000  4.0236285E-03  7.5671315E-03  3.6887206E-03
   6.00000  4.3113723E-03  8.2958442E-03  4.1513000E-03
   6.20000  4.6437261E-03  9.1032507E-03  4.6511339E-03
   6.40000  5.0234685E-03  9.9954302E-03  5.1717881E-03
   6.60000  5.4653642E-03  1.0999500E-02  5.6860462E-03
   6.80000  5.9888578E-03  1.2128447E-02  6.1604023E-03
   7.00000  6.6110392E-03  1.3369258E-02  6.5860270E-03
   7.20000  7.3184092E-03  1.4699782E-02  7.0028163E-03
   7.40000  8.0219052E-03  1.6094332E-02  7.4483647E-03
   7.60000  8.6246233E-03  1.7573536E-02  7.9158504E-03
   7.80000  9.1527940E-03  1.9241385E-02  8.4068156E-03
   8.00000  9.7088770E-03  2.1232856E-02  8.9572704E-03
   8.20000  1.0362789E-02  2.3672716E-02  9.6112787E-03
   8.40000  1.1123124E-02  2.6678043E-02  1.0409056E-02
   8.60000  1.1931424E-02  3.0357462E-02  1.1390230E-02
   8.80000  1.2659609E-02  3.4796806E-02  1.2595460E-02
   9.00000  1.3167981E-02  4.0042967E-02  1.4065805E-02
   9.20000  1.3445297E-02  4.6103990E-02  1.5848060E-02
   9.40000  1.3664364E-02  5.2915262E-02  1.8003766E-02
   9.60000  1.4044801E-02  6.0295997E-02  2.0573741E-02
   9.80000  1.4718580E-02  6.7856867E-02  2.3536281E-02
   10.0000  1.5726633E-02  7.4988884E-02  2.6773028E-02
   10.2500  1.7418631E-02  8.2092425E-02  3.0989854E-02
   10.5000  1.9607372E-02  8.5932516E-02  3.4777961E-02
   10.7500  2.2158828E-02  8.5675387E-02  3.7985972E-02
   11.0000  2.4728941E-02  8.1382864E-02  4.0571611E-02
   11.2500  2.7354885E-02  7.4695919E-02  4.2543435E-02
   11.5000  2.9415246E-02  6.6723361E-02  4.3916417E-02
   11.7500  3.1382038E-02  5.8281609E-02  4.5041337E-02
   12.0000  3.2507593E-02  5.0691208E-02  4.5947375E-02
   12.2500  3.3481685E-02  4.3860552E-02  4.6723018E-02
   12.5000  3.4232981E-02  3.8083571E-02  4.7388795E-02
   12.7500  3.4821966E-02  3.3372055E-02  4.7860445E-02
   13.0000  3.5480326E-02  2.9595268E-02  4.8238639E-02
   13.2500  3.6229885E-02  2.6607871E-02  4.8434728E-02
   13.5000  3.7119865E-02  2.4255222E-02  4.8431311E-02
   13.7500  3.8064636E-02  2.2531651E-02  4.8135495E-02
   14.0000  3.9242528E-02  2.1062511E-02  4.7791343E-02
   14.2500  4.0546888E-02  1.9910312E-02  4.7365029E-02
   14.5000  4.1938833E-02  1.9012000E-02  4.6919329E-02
   14.7500  4.3375824E-02  1.8318955E-02  4.6510787E-02
   15.0000  4.4819870E-02  1.7792498E-02  4.6180575E-02
   15.2500  4.6245259E-02  1.7402259E-02  4.5951439E-02
   15.5000  4.7642434E-02  1.7127987E-02  4.5828780E-02
   15.7500  4.8993043E-02  1.6949562E-02  4.5796089E-02
   16.0000  5.0291093E-02  1.6858018E-02  4.5826372E-02
   16.2500  5.1512640E-02  1.6845980E-02  4.5878531E-02
   16.5000  5.2613546E-02  1.6908744E-02  4.5902500E-02
   16.7500  5.3528196E-02  1.7043037E-02  4.5844382E-02
   17.0000  5.4177783E-02  1.7247262E-02  4.5657390E-02
   17.2500  5.4485247E-02  1.7519292E-02  4.5306771E-02
   17.5000  5.4392039E-02  1.7855293E-02  4.4777544E-02
   17.7500  5.3875780E-02  1.8250991E-02  4.4076355E-02
   18.0000  5.2960262E-02  1.8700219E-02  4.3229424E-02
   18.2500  5.1712951E-02  1.9196330E-02  4.2277861E-02
   18.5000  5.0233021E-02  1.9731326E-02  4.1265949E-02
   18.7500  4.8631997E-02  2.0297447E-02  4.0238513E-02
   19.0000  4.7016691E-02  2.0887872E-02  3.9232858E-02
   19.2500  4.5483120E-02  2.1495687E-02  3.8277637E-02
   19.5000  4.4098291E-02  2.2115910E-02  3.7390759E-02
   19.7500  4.2907776E-02  2.2745002E-02  3.6583762E-02
   20.0000  4.1935237E-02  2.3380123E-02  3.5860351E-02
   21.0000  4.0203018E-02  2.5959308E-02  3.3753100E-02
   22.0000  4.0954439E-02  2.8632952E-02  3.2590443E-02
   23.0000  4.2361596E-02  3.1373453E-02  3.1940379E-02
   24.0000  4.2520393E-02  3.3878037E-02  3.1426214E-02
   25.0000  4.0362256E-02  3.5682654E-02  3.0797476E-02
   26.0000  3.5896727E-02  3.6559765E-02  2.9796313E-02
   27.0000  3.1671878E-02  3.6621194E-02  2.8726799E-02
   28.0000  2.8157963E-02  3.6212511E-02  2.7654440E-02
   29.0000  2.5638076E-02  3.5454836E-02  2.6783126E-02
   30.0000  2.4046195E-02  3.4466943E-02  2.6229139E-02
   31.0000  2.3158923E-02  3.3385181E-02  2.5989827E-02
   32.0000  2.2726995E-02  3.2311022E-02  2.5997677E-02
   33.0000  2.2538576E-02  3.1265206E-02  2.6153339E-02
   34.0000  2.2425603E-02  3.0223096E-02  2.6344272E-02
   35.0000  2.2264578E-02  2.9164019E-02  2.6455517E-02
   36.0000  2.1980433E-02  2.8079800E-02  2.6373465E-02
   37.0000  2.1556162E-02  2.6961294E-02  2.6004367E-02
   38.0000  2.1001908E-02  2.5767286E-02  2.5288190E-02
   39.0000  2.0321132E-02  2.4444776E-02  2.4204202E-02
   40.0000  1.9543649E-02  2.3004616E-02  2.2802194E-02
