  7709.000   27  1  1  1.9222038E-02 -4.9072637E+00 -3.1577481E-01  1  1  7.5664553E+03  8.0000000E+03  0.0000000E+00  1.1792254E+00  1.0000000E+00  0.0000000E+00  = E_edge, Z, n_edge, j_edge, Abs_before_edge, VO_interstitial, E_cut, ninit, ninit1, Epsii, UnitCell_Volume, Surface_ref, f0_forward, natomsym_f, abs_u_iso
    Energy   (100,001)      (010,001)      (001,110)   
  -25.0000  5.8069459E-09  3.5367521E-10  9.0993295E-10
  -24.0000  1.4912990E-08  6.5206926E-10  2.0539396E-09
  -23.0000  4.4446613E-08  1.2567605E-09  5.1327955E-09
  -22.0000  1.7132455E-07  2.5815385E-09  1.5025494E-08
  -21.0000  1.2234912E-06  6.1064627E-09  6.1708222E-08
  -20.0000  7.4123644E-05  7.3574800E-08  2.2343976E-06
  -19.0000  6.6048057E-04  7.7058369E-05  5.2418644E-03
  -18.0000  3.1893812E-06  7.9853975E-08  1.7133997E-06
  -17.0000  3.2332241E-06  2.0386715E-07  7.8384794E-07
  -16.0000  5.9985810E-06  9.5535507E-07  9.1080680E-07
  -15.0000  3.5513894E-03  8.2534438E-05  1.3583751E-03
  -14.0000  1.9098092E-06  2.2688732E-05  2.9149165E-06
  -13.0000  1.0581297E-06  4.9755198E-06  5.4614091E-06
  -12.0000  6.3817970E-06  3.4306171E-06  6.1664462E-05
  -11.0000  3.2949698E-05  3.6678858E-06  4.1361369E-05
  -10.0000  3.8556379E-04  5.5643235E-06  9.9647549E-06
  -9.00000  1.6994715E-02  7.2522251E-03  8.4178649E-03
  -8.00000  5.3201860E-04  3.1741883E-05  2.7818828E-05
  -7.00000  1.3633619E-03  1.0548635E-03  1.4851380E-03
  -6.00000  1.4083920E-03  5.2334112E-05  5.3830666E-04
  -5.00000  2.1422215E-02  2.1578153E-01  4.2321621E+00
  -4.00000  2.2797045E-03  9.3544550E-04  1.4896850E-04
  -3.00000  4.6240989E-04  3.0563022E-02  2.2522412E-03
  -2.00000  4.3186537E-04  4.0072984E-03  6.6147984E-04
  -1.00000  2.7305225E-04  1.6148286E-03  1.9738028E-04
   0.00000  2.0924544E-03  1.3401343E-03  1.6073087E-03
   1.00000  1.9501650E-03  1.1397204E-03  1.4078784E-03
   2.00000  6.2782529E-04  1.0768276E-03  4.2173351E-04
   3.00000  8.7071958E-04  1.4678893E-03  5.4677615E-04
   4.00000  1.4002670E-03  2.4869826E-03  8.6704487E-04
   5.00000  2.1083243E-03  4.2577273E-03  1.6306284E-03
   5.20000  2.2650947E-03  4.6826041E-03  1.9204847E-03
   5.40000  2.4344886E-03  5.1312106E-03  2.3038072E-03
   5.60000  2.6159916E-03  5.6068497E-03  2.8228420E-03
   5.80000  2.8165886E-03  6.1186120E-03  3.5324742E-03
   6.00000  3.1485356E-03  6.6835753E-03  4.4899837E-03
   6.20000  3.9022426E-03  7.3211663E-03  5.7113981E-03
   6.40000  5.0056588E-03  8.0436735E-03  7.0244156E-03
   6.60000  5.6810647E-03  8.8476877E-03  8.0835677E-03
   6.80000  5.8658640E-03  9.7081020E-03  8.7822910E-03
   7.00000  5.9202239E-03  1.0601196E-02  9.2411067E-03
   7.20000  5.9970094E-03  1.1504839E-02  9.5818198E-03
   7.40000  6.1459346E-03  1.2422936E-02  9.8384708E-03
   7.60000  6.3675160E-03  1.3372839E-02  9.9462472E-03
   7.80000  6.6736737E-03  1.4363411E-02  9.9660935E-03
   8.00000  7.0685110E-03  1.5413734E-02  1.0023683E-02
   8.20000  7.5549828E-03  1.6548836E-02  1.0170133E-02
   8.40000  8.1367198E-03  1.7805199E-02  1.0408342E-02
   8.60000  8.8171993E-03  1.9231975E-02  1.0745390E-02
   8.80000  9.5983967E-03  2.0889751E-02  1.1204126E-02
   9.00000  1.0479333E-02  2.2837054E-02  1.1814536E-02
   9.20000  1.1456478E-02  2.5144478E-02  1.2593629E-02
   9.40000  1.2525157E-02  2.7887967E-02  1.3519212E-02
   9.60000  1.3673944E-02  3.1155753E-02  1.4513434E-02
   9.80000  1.4877699E-02  3.5043494E-02  1.5463067E-02
   10.0000  1.6095346E-02  3.9644543E-02  1.6268773E-02
   10.2500  1.7559418E-02  4.6519377E-02  1.7023834E-02
   10.5000  1.8899128E-02  5.4672724E-02  1.7589384E-02
   10.7500  2.0133463E-02  6.3832491E-02  1.8157296E-02
   11.0000  2.1343710E-02  7.3123015E-02  1.8910662E-02
   11.2500  2.2578887E-02  8.0887272E-02  1.9953627E-02
   11.5000  2.3815352E-02  8.5068968E-02  2.1292597E-02
   11.7500  2.4856731E-02  8.4285945E-02  2.2659150E-02
   12.0000  2.5807941E-02  7.8961007E-02  2.4389008E-02
   12.2500  2.6736101E-02  7.1090377E-02  2.6186710E-02
   12.5000  2.7532644E-02  6.2407497E-02  2.7974469E-02
   12.7500  2.8222398E-02  5.4225195E-02  2.9728275E-02
   13.0000  2.8888732E-02  4.7233088E-02  3.1185715E-02
   13.2500  2.9507264E-02  4.1414241E-02  3.2754602E-02
   13.5000  3.0091565E-02  3.6892487E-02  3.4468679E-02
   13.7500  3.0746775E-02  3.3109511E-02  3.5685332E-02
   14.0000  3.1445426E-02  3.0063827E-02  3.6590734E-02
   14.2500  3.1884657E-02  2.7596791E-02  3.6905638E-02
   14.5000  3.2723790E-02  2.5613103E-02  3.7286820E-02
   14.7500  3.3610374E-02  2.4001182E-02  3.7468346E-02
   15.0000  3.4544984E-02  2.2683064E-02  3.7550464E-02
   15.2500  3.5538733E-02  2.1602145E-02  3.7638359E-02
   15.5000  3.6587430E-02  2.0707031E-02  3.7824589E-02
   15.7500  3.7707196E-02  1.9968488E-02  3.8192242E-02
   16.0000  3.8903003E-02  1.9363396E-02  3.8806161E-02
   16.2500  4.0169614E-02  1.8877108E-02  3.9716680E-02
   16.5000  4.1485092E-02  1.8498269E-02  4.0958464E-02
   16.7500  4.2805821E-02  1.8218526E-02  4.2546646E-02
   17.0000  4.4066384E-02  1.8030684E-02  4.4471068E-02
   17.2500  4.5183261E-02  1.7927882E-02  4.6686856E-02
   17.5000  4.6066792E-02  1.7903569E-02  4.9104243E-02
   17.7500  4.6636101E-02  1.7951972E-02  5.1583934E-02
   18.0000  4.6837815E-02  1.8066830E-02  5.3940920E-02
   18.2500  4.6656756E-02  1.8243097E-02  5.5965330E-02
   18.5000  4.6118185E-02  1.8475441E-02  5.7460165E-02
   18.7500  4.5282683E-02  1.8759890E-02  5.8285525E-02
   19.0000  4.4232226E-02  1.9091700E-02  5.8387833E-02
   19.2500  4.3054806E-02  1.9467251E-02  5.7810138E-02
   19.5000  4.1833721E-02  1.9883077E-02  5.6669638E-02
   19.7500  4.0640345E-02  2.0336730E-02  5.5121299E-02
   20.0000  3.9531983E-02  2.0825583E-02  5.3323777E-02
   21.0000  3.6583491E-02  2.3082846E-02  4.5934724E-02
   22.0000  3.6418757E-02  2.5770720E-02  4.0452679E-02
   23.0000  3.8515916E-02  2.8853117E-02  3.6981928E-02
   24.0000  4.1633880E-02  3.2177926E-02  3.4833558E-02
   25.0000  4.4443967E-02  3.5324146E-02  3.3480996E-02
   26.0000  4.5840778E-02  3.7653194E-02  3.2487391E-02
   27.0000  4.4836147E-02  3.8803117E-02  3.1427849E-02
   28.0000  4.1227869E-02  3.8849504E-02  3.0027642E-02
   29.0000  3.6313296E-02  3.8113053E-02  2.8424493E-02
   30.0000  3.1833996E-02  3.6959641E-02  2.7041111E-02
   31.0000  2.8602718E-02  3.5690396E-02  2.6148723E-02
   32.0000  2.6575714E-02  3.4512224E-02  2.5726189E-02
   33.0000  2.5409042E-02  3.3511511E-02  2.5596298E-02
   34.0000  2.4933183E-02  3.2518660E-02  2.5653350E-02
   35.0000  2.4688056E-02  3.1830783E-02  2.5692717E-02
   36.0000  2.4602388E-02  3.1166793E-02  2.5701869E-02
   37.0000  2.4554311E-02  3.0428351E-02  2.5623823E-02
   38.0000  2.4437546E-02  2.9523284E-02  2.5408807E-02
   39.0000  2.4180435E-02  2.8383226E-02  2.5035789E-02
   40.0000  2.3768032E-02  2.6982680E-02  2.4544554E-02
