  7709.000   27  1  1  1.9222038E-02 -4.5376665E+00 -3.6349117E-01  1  1  7.5665007E+03  8.0000000E+03  0.0000000E+00  1.1792254E+00  1.0000000E+00  0.0000000E+00  = E_edge, Z, n_edge, j_edge, Abs_before_edge, VO_interstitial, E_cut, ninit, ninit1, Epsii, UnitCell_Volume, Surface_ref, f0_forward, natomsym_f, abs_u_iso
    Energy   (100,001)      (010,001)      (001,110)   
  -25.0000  6.8775386E-09  3.6246240E-10  9.6658463E-10
  -24.0000  1.7842194E-08  6.7226921E-10  2.1962669E-09
  -23.0000  5.3759496E-08  1.3058732E-09  5.5364637E-09
  -22.0000  2.0965737E-07  2.7276946E-09  1.6368784E-08
  -21.0000  1.5260816E-06  7.0779323E-09  6.5467705E-08
  -20.0000  6.3439412E-05  8.8565033E-08  9.7328378E-07
  -19.0000  1.7852732E-04  7.8297626E-05  9.3915373E-03
  -18.0000  4.6864032E-06  7.9094083E-08  2.0099075E-06
  -17.0000  5.0293313E-06  2.3069418E-07  8.8635716E-07
  -16.0000  1.0386402E-05  1.2043452E-06  9.5427684E-07
  -15.0000  3.2953921E-04  6.6599153E-04  1.0625479E-05
  -14.0000  9.1485329E-06  2.1584445E-05  3.6981010E-06
  -13.0000  3.3686899E-07  4.8068168E-06  8.4933157E-06
  -12.0000  6.2128213E-06  3.1864801E-06  6.8984928E-04
  -11.0000  2.7756334E-05  4.2556836E-06  2.8070273E-05
  -10.0000  4.5672065E-04  8.0209267E-06  1.0253088E-05
  -9.00000  7.1685178E-02  2.3986858E-03  3.9805266E-03
  -8.00000  6.4077676E-04  3.2400032E-05  4.5816174E-05
  -7.00000  5.9885272E-04  3.3304996E-04  2.8652875E-03
  -6.00000  5.1386878E-02  2.9708376E-04  9.3090127E-03
  -5.00000  1.6102068E-02  1.1617076E-03  7.2244500E-03
  -4.00000  1.4146711E-03  9.6504416E-04  2.5893804E-04
  -3.00000  5.7991047E-04  1.6901866E-01  1.0787793E-02
  -2.00000  4.7686186E-04  4.0460837E-03  1.1218959E-03
  -1.00000  2.8916171E-04  1.5198495E-03  2.1741760E-04
   0.00000  2.1095480E-03  4.6022583E-03  1.6279551E-03
   1.00000  2.0064057E-03  1.5363214E-03  2.1613383E-03
   2.00000  5.3049781E-04  1.1449404E-03  5.4019557E-04
   3.00000  7.1655995E-04  1.5557162E-03  9.1439557E-04
   4.00000  1.0943396E-03  2.6014555E-03  2.2557046E-03
   5.00000  1.6606076E-03  4.4501474E-03  9.9711583E-03
   5.20000  1.7774750E-03  4.9643620E-03  1.1903259E-02
   5.40000  1.8425420E-03  5.5299394E-03  1.1796980E-02
   5.60000  1.8636773E-03  6.1130068E-03  1.0195063E-02
   5.80000  1.9418524E-03  6.7065100E-03  8.4600357E-03
   6.00000  2.1412729E-03  7.3223379E-03  7.1701556E-03
   6.20000  2.3808062E-03  7.9804298E-03  6.3216924E-03
   6.40000  2.5993682E-03  8.7006222E-03  5.7735737E-03
   6.60000  2.7956122E-03  9.4980545E-03  5.4295512E-03
   6.80000  2.9846848E-03  1.0381941E-02  5.2419800E-03
   7.00000  3.1855537E-03  1.1370744E-02  5.1656620E-03
   7.20000  3.4005088E-03  1.2441489E-02  5.1172943E-03
   7.40000  3.6378443E-03  1.3584576E-02  5.0357989E-03
   7.60000  3.9059957E-03  1.4793975E-02  4.8820515E-03
   7.80000  4.2140621E-03  1.6080981E-02  4.6513164E-03
   8.00000  4.5695680E-03  1.7486902E-02  4.3749425E-03
   8.20000  4.9769525E-03  1.9118663E-02  4.1007327E-03
   8.40000  5.4369332E-03  2.1014720E-02  3.8955533E-03
   8.60000  5.9603344E-03  2.3318566E-02  3.7982397E-03
   8.80000  6.5612168E-03  2.6149115E-02  3.8335424E-03
   9.00000  7.2531176E-03  2.9639350E-02  4.0125526E-03
   9.20000  8.0466616E-03  3.3951539E-02  4.3414128E-03
   9.40000  8.9470347E-03  3.9265019E-02  4.8235610E-03
   9.60000  9.9504078E-03  4.5778702E-02  5.4660736E-03
   9.80000  1.1035558E-02  5.3644130E-02  6.2799989E-03
   10.0000  1.2158514E-02  6.2863205E-02  7.2806470E-03
   10.2500  1.3514520E-02  7.5750987E-02  8.8192916E-03
   10.5000  1.4699991E-02  8.8425008E-02  1.0689472E-02
   10.7500  1.5675385E-02  9.7816485E-02  1.2845505E-02
   11.0000  1.6509360E-02  1.0071962E-01  1.5156832E-02
   11.2500  1.7293349E-02  9.5951592E-02  1.7459008E-02
   11.5000  1.8100066E-02  8.5473621E-02  1.9552422E-02
   11.7500  1.8877949E-02  7.2793475E-02  2.1565212E-02
   12.0000  1.9773921E-02  6.0938590E-02  2.3796684E-02
   12.2500  2.0774889E-02  5.1008999E-02  2.6167829E-02
   12.5000  2.1904878E-02  4.3158214E-02  2.8697059E-02
   12.7500  2.3174023E-02  3.7098897E-02  3.1331977E-02
   13.0000  2.4563448E-02  3.2450073E-02  3.3956376E-02
   13.2500  2.6031793E-02  2.8869170E-02  3.6405806E-02
   13.5000  2.7527448E-02  2.6083024E-02  3.8496454E-02
   13.7500  2.8485581E-02  2.4124231E-02  4.0174291E-02
   14.0000  2.9784014E-02  2.2375248E-02  4.1489063E-02
   14.2500  3.0778322E-02  2.0919822E-02  4.1745737E-02
   14.5000  3.2015718E-02  1.9716099E-02  4.1444802E-02
   14.7500  3.3100346E-02  1.8716956E-02  4.0765124E-02
   15.0000  3.4030833E-02  1.7886557E-02  3.9913803E-02
   15.2500  3.4826998E-02  1.7199748E-02  3.9074257E-02
   15.5000  3.5537973E-02  1.6638858E-02  3.8389366E-02
   15.7500  3.6202882E-02  1.6189543E-02  3.7960058E-02
   16.0000  3.6889693E-02  1.5842868E-02  3.7850754E-02
   16.2500  3.7653059E-02  1.5591154E-02  3.8100539E-02
   16.5000  3.8536129E-02  1.5427298E-02  3.8726230E-02
   16.7500  3.9566087E-02  1.5346362E-02  3.9734322E-02
   17.0000  4.0748208E-02  1.5343602E-02  4.1108309E-02
   17.2500  4.2062917E-02  1.5415086E-02  4.2804149E-02
   17.5000  4.3463540E-02  1.5557123E-02  4.4742880E-02
   17.7500  4.4877872E-02  1.5766123E-02  4.6804371E-02
   18.0000  4.6209309E-02  1.6039158E-02  4.8828017E-02
   18.2500  4.7353537E-02  1.6372454E-02  5.0631533E-02
   18.5000  4.8215256E-02  1.6763040E-02  5.2041074E-02
   18.7500  4.8728115E-02  1.7208224E-02  5.2930171E-02
   19.0000  4.8869083E-02  1.7704335E-02  5.3247019E-02
   19.2500  4.8662082E-02  1.8249136E-02  5.3018770E-02
   19.5000  4.8170553E-02  1.8839345E-02  5.2333053E-02
   19.7500  4.7483604E-02  1.9471792E-02  5.1309601E-02
   20.0000  4.6697418E-02  2.0142916E-02  5.0070913E-02
   21.0000  4.4195976E-02  2.3136927E-02  4.4774647E-02
   22.0000  4.4683370E-02  2.6454629E-02  4.0790377E-02
   23.0000  4.7965110E-02  3.0021591E-02  3.8265658E-02
   24.0000  5.1676901E-02  3.3794582E-02  3.6564619E-02
   25.0000  5.3224812E-02  3.7351575E-02  3.5234809E-02
   26.0000  5.1137600E-02  3.9896897E-02  3.4067533E-02
   27.0000  4.5594416E-02  4.0772515E-02  3.2891014E-02
   28.0000  3.8622546E-02  4.0004175E-02  3.1573516E-02
   29.0000  3.2615978E-02  3.8218707E-02  3.0237076E-02
   30.0000  2.8561263E-02  3.6102829E-02  2.9176706E-02
   31.0000  2.6180060E-02  3.4092830E-02  2.8567452E-02
   32.0000  2.4898750E-02  3.2380030E-02  2.8348510E-02
   33.0000  2.4289256E-02  3.0994512E-02  2.8351775E-02
   34.0000  2.4195897E-02  2.9746393E-02  2.8435415E-02
   35.0000  2.4258834E-02  2.8854391E-02  2.8467318E-02
   36.0000  2.4466648E-02  2.8074717E-02  2.8427727E-02
   37.0000  2.4738822E-02  2.7349864E-02  2.8296738E-02
   38.0000  2.5000192E-02  2.6639577E-02  2.8046346E-02
   39.0000  2.5181386E-02  2.5894625E-02  2.7650185E-02
   40.0000  2.5193033E-02  2.5042217E-02  2.7094445E-02
