  7709.000   27  1  1  1.9222038E-02 -4.7053059E+00 -3.9483381E-01  1  1  7.5664448E+03  8.0000000E+03  0.0000000E+00  1.1792254E+00  1.0000000E+00  0.0000000E+00  = E_edge, Z, n_edge, j_edge, Abs_before_edge, VO_interstitial, E_cut, ninit, ninit1, Epsii, UnitCell_Volume, Surface_ref, f0_forward, natomsym_f, abs_u_iso
    Energy   (100,001)      (010,001)      (001,110)   
  -25.0000  7.1408665E-09  3.6615592E-10  8.6956842E-10
  -24.0000  1.9554439E-08  6.6899934E-10  2.0127260E-09
  -23.0000  6.5471877E-08  1.2735064E-09  5.2471777E-09
  -22.0000  3.3092903E-07  2.5604005E-09  1.6569188E-08
  -21.0000  1.0646812E-05  5.6828727E-09  7.7003684E-08
  -20.0000  4.3630075E-05  2.2533214E-08  1.5871968E-06
  -19.0000  2.6326700E-06  1.4829028E-07  2.0133724E-05
  -18.0000  1.9210302E-06  7.1525785E-08  5.8212824E-07
  -17.0000  2.7128417E-06  2.3819066E-07  3.7074687E-07
  -16.0000  1.2038695E-05  1.2517630E-06  4.1612859E-07
  -15.0000  1.2776410E-05  3.8995186E-05  1.1772135E-06
  -14.0000  1.9015292E-07  1.3734503E-05  1.1608074E-06
  -13.0000  1.3641591E-06  4.2043319E-06  5.3686378E-06
  -12.0000  2.6000539E-05  1.0638974E-05  5.1363750E-03
  -11.0000  2.4325869E-05  3.1429204E-06  5.3969279E-06
  -10.0000  2.9330365E-04  1.0173944E-05  2.2877329E-05
  -9.00000  1.1802956E-03  1.5927019E-05  2.6509438E-06
  -8.00000  6.1660413E-05  2.6315184E-03  2.0921304E-03
  -7.00000  1.3523373E-03  2.4844067E-05  9.2830845E-04
  -6.00000  8.6878440E-04  5.4486466E-05  1.4740702E-04
  -5.00000  2.8016485E-04  2.0927427E-04  2.2245373E-04
  -4.00000  1.7697410E-02  1.8779387E-03  1.0107396E-03
  -3.00000  8.5824455E-04  2.1808329E-02  8.7143611E-04
  -2.00000  5.9506973E-03  2.9563490E-03  5.3280825E-04
  -1.00000  2.4817038E-04  1.3945144E-03  1.7870165E-04
   0.00000  5.8981456E-03  9.9514191E-04  3.4566622E-03
   1.00000  2.6830019E-04  9.0259093E-04  1.7206125E-04
   2.00000  3.2633708E-04  1.0043872E-03  2.3491088E-04
   3.00000  4.9427292E-04  1.2809720E-03  3.9773952E-04
   4.00000  8.1601541E-04  1.9253364E-03  7.8442062E-04
   5.00000  1.3121029E-03  3.0903761E-03  1.8472670E-03
   5.20000  1.4068878E-03  3.3820135E-03  2.2589818E-03
   5.40000  1.4832152E-03  3.6920823E-03  2.7885859E-03
   5.60000  1.5372647E-03  4.0227054E-03  3.4622497E-03
   5.80000  1.5907521E-03  4.3791876E-03  4.2927378E-03
   6.00000  1.7229193E-03  4.7748937E-03  5.2592281E-03
   6.20000  2.0591918E-03  5.2334013E-03  6.2907792E-03
   6.40000  2.6557175E-03  5.7882857E-03  7.2829525E-03
   6.60000  3.4274879E-03  6.4732430E-03  8.1531800E-03
   6.80000  4.2604888E-03  7.3141077E-03  8.8907676E-03
   7.00000  5.1091527E-03  8.3271053E-03  9.5519773E-03
   7.20000  5.9900858E-03  9.5212937E-03  1.0189018E-02
   7.40000  6.9438826E-03  1.0891828E-02  1.0801368E-02
   7.60000  8.0171223E-03  1.2443398E-02  1.1341137E-02
   7.80000  9.2647721E-03  1.4266325E-02  1.1995007E-02
   8.00000  1.0774202E-02  1.6501624E-02  1.2934060E-02
   8.20000  1.2486823E-02  1.8960464E-02  1.4145520E-02
   8.40000  1.4325902E-02  2.1647895E-02  1.5668939E-02
   8.60000  1.6344332E-02  2.4486784E-02  1.7633115E-02
   8.80000  1.8633737E-02  2.7477721E-02  2.0305041E-02
   9.00000  2.1304153E-02  3.0750234E-02  2.4149418E-02
   9.20000  2.4411811E-02  3.4534246E-02  2.9734753E-02
   9.40000  2.7992666E-02  3.9090213E-02  3.7412744E-02
   9.60000  3.2077148E-02  4.4718543E-02  4.6925741E-02
   9.80000  3.6670037E-02  5.1771790E-02  5.7089992E-02
   10.0000  4.1722785E-02  6.0621294E-02  6.6060537E-02
   10.2500  4.8448553E-02  7.4555501E-02  7.3427994E-02
   10.5000  5.5061325E-02  9.1026301E-02  7.6244661E-02
   10.7500  6.0641280E-02  1.0663574E-01  7.5862870E-02
   11.0000  6.4200384E-02  1.1466528E-01  7.3660926E-02
   11.2500  6.5141921E-02  1.0977050E-01  7.0455625E-02
   11.5000  6.3569198E-02  9.4474741E-02  6.6586366E-02
   11.7500  5.8744029E-02  7.5998360E-02  6.3126818E-02
   12.0000  5.4502492E-02  6.0176167E-02  5.8104120E-02
   12.2500  5.0188497E-02  4.8060409E-02  5.2953022E-02
   12.5000  4.6257631E-02  3.9237740E-02  4.8022704E-02
   12.7500  4.2925123E-02  3.2874242E-02  4.3549346E-02
   13.0000  4.0249436E-02  2.8240079E-02  3.9645404E-02
   13.2500  3.8206967E-02  2.4802440E-02  3.6338020E-02
   13.5000  3.6738899E-02  2.2197308E-02  3.3600818E-02
   13.7500  3.5998015E-02  2.0211787E-02  3.0471594E-02
   14.0000  3.5427153E-02  1.8608266E-02  2.8880937E-02
   14.2500  3.5231373E-02  1.7330607E-02  2.7676966E-02
   14.5000  3.5363720E-02  1.6301483E-02  2.6819420E-02
   14.7500  3.5782509E-02  1.5467936E-02  2.6278369E-02
   15.0000  3.6449408E-02  1.4792604E-02  2.6032936E-02
   15.2500  3.7329999E-02  1.4249443E-02  2.6070561E-02
   15.5000  3.8372661E-02  1.3818464E-02  2.6381957E-02
   15.7500  3.9533619E-02  1.3486636E-02  2.6964631E-02
   16.0000  4.0753497E-02  1.3244357E-02  2.7812811E-02
   16.2500  4.1960311E-02  1.3084112E-02  2.8913102E-02
   16.5000  4.3071825E-02  1.3000399E-02  3.0238234E-02
   16.7500  4.3996041E-02  1.2988880E-02  3.1739633E-02
   17.0000  4.4642360E-02  1.3046460E-02  3.3342816E-02
   17.2500  4.4935885E-02  1.3170816E-02  3.4952989E-02
   17.5000  4.4830953E-02  1.3360329E-02  3.6464690E-02
   17.7500  4.4323910E-02  1.3612477E-02  3.7780894E-02
   18.0000  4.3462539E-02  1.3925971E-02  3.8829987E-02
   18.2500  4.2332778E-02  1.4298921E-02  3.9576815E-02
   18.5000  4.1046989E-02  1.4730108E-02  4.0023084E-02
   18.7500  3.9721959E-02  1.5218454E-02  4.0201535E-02
   19.0000  3.8461700E-02  1.5762627E-02  4.0162785E-02
   19.2500  3.7343601E-02  1.6361959E-02  3.9962028E-02
   19.5000  3.6417296E-02  1.7015120E-02  3.9652467E-02
   19.7500  3.5704610E-02  1.7720727E-02  3.9276935E-02
   20.0000  3.5206641E-02  1.8476629E-02  3.8868981E-02
   21.0000  3.4940445E-02  2.1956150E-02  3.7288564E-02
   22.0000  3.5838161E-02  2.6627685E-02  3.5918018E-02
   23.0000  3.5849774E-02  3.1139256E-02  3.4551519E-02
   24.0000  3.3916446E-02  3.5482318E-02  3.2880052E-02
   25.0000  3.0488475E-02  3.9160775E-02  3.0821865E-02
   26.0000  2.6970664E-02  4.1618786E-02  2.8545707E-02
   27.0000  2.4516968E-02  4.2494989E-02  2.6350127E-02
   28.0000  2.3335067E-02  4.1865631E-02  2.4589718E-02
   29.0000  2.2984501E-02  4.0214325E-02  2.3527297E-02
   30.0000  2.2977040E-02  3.8147594E-02  2.3179776E-02
   31.0000  2.3039471E-02  3.6124889E-02  2.3299843E-02
   32.0000  2.3079349E-02  3.4387306E-02  2.3542231E-02
   33.0000  2.3043814E-02  3.2958451E-02  2.3631029E-02
   34.0000  2.2905495E-02  3.1748696E-02  2.3419486E-02
   35.0000  2.2633754E-02  3.0632273E-02  2.2837278E-02
   36.0000  2.2216072E-02  2.9496248E-02  2.1870708E-02
   37.0000  2.1684240E-02  2.8266749E-02  2.0608875E-02
   38.0000  2.1109886E-02  2.6910491E-02  1.9313245E-02
   39.0000  2.0564431E-02  2.5434742E-02  1.8406416E-02
   40.0000  2.0090699E-02  2.3881398E-02  1.8274772E-02
