  7709.000   27  1  1  1.9222038E-02 -4.7031642E+00 -2.6797756E-01  1  1  7.5664270E+03  8.0000000E+03  0.0000000E+00  1.1792254E+00  1.0000000E+00  0.0000000E+00  = E_edge, Z, n_edge, j_edge, Abs_before_edge, VO_interstitial, E_cut, ninit, ninit1, Epsii, UnitCell_Volume, Surface_ref, f0_forward, natomsym_f, abs_u_iso
    Energy   (100,001)      (010,001)      (001,110)   
  -25.0000  4.6424168E-09  3.4161555E-10  9.8338291E-10
  -24.0000  1.1537235E-08  6.3610942E-10  2.2315786E-09
  -23.0000  3.2717534E-08  1.2484168E-09  5.6221439E-09
  -22.0000  1.1530531E-07  2.6722727E-09  1.6642490E-08
  -21.0000  6.4767019E-07  7.2463637E-09  6.7181308E-08
  -20.0000  4.8892873E-04  2.9191321E-06  2.2076374E-05
  -19.0000  2.0472189E-05  1.4718419E-06  8.4098560E-05
  -18.0000  3.8435823E-06  8.1443129E-08  1.7103449E-06
  -17.0000  3.3271547E-06  1.9924439E-07  8.4462274E-07
  -16.0000  5.4984165E-06  9.5058139E-07  1.1105832E-06
  -15.0000  4.1510590E-05  5.2360235E-04  4.2540744E-04
  -14.0000  4.0576685E-06  2.8228376E-05  5.4258524E-06
  -13.0000  6.0933517E-07  4.7405401E-06  9.6500683E-06
  -12.0000  5.2927562E-06  5.5575581E-06  3.0282067E-03
  -11.0000  1.8365855E-05  3.1062411E-06  1.5689272E-05
  -10.0000  1.4286871E-04  6.2732204E-06  8.3850886E-06
  -9.00000  2.8163509E-02  2.3141516E-04  7.0764470E-05
  -8.00000  4.2360209E-04  3.5684761E-05  3.0360968E-05
  -7.00000  1.3031634E-03  2.0321267E-04  3.1912599E-03
  -6.00000  7.5846366E-04  4.1977180E-05  2.7394832E-04
  -5.00000  2.1900727E-03  3.3735549E-04  3.8124798E-03
  -4.00000  2.2181194E-02  9.3815247E-04  6.5302264E-04
  -3.00000  1.0425790E-03  2.2921050E-01  1.1952596E-02
  -2.00000  5.7772982E-04  3.6620491E-03  7.1817143E-04
  -1.00000  2.7583273E-04  1.5902752E-03  1.8135880E-04
   0.00000  3.8588501E-03  5.8457298E-03  2.8131876E-03
   1.00000  1.8975266E-03  1.3122131E-03  1.9937894E-03
   2.00000  4.6951821E-04  1.0663188E-03  4.2531575E-04
   3.00000  5.6527126E-04  1.4483691E-03  5.0687597E-04
   4.00000  8.4884534E-04  2.4249047E-03  8.0258848E-04
   5.00000  1.3359805E-03  4.1311482E-03  1.8194564E-03
   5.20000  1.4254535E-03  4.5488043E-03  2.3358134E-03
   5.40000  1.5187048E-03  5.0008371E-03  3.1276989E-03
   5.60000  1.7325542E-03  5.5080112E-03  4.3549538E-03
   5.80000  2.1897030E-03  6.1147130E-03  6.1779783E-03
   6.00000  2.7359784E-03  6.8997155E-03  8.5540217E-03
   6.20000  3.1501082E-03  7.9113472E-03  1.0796217E-02
   6.40000  3.4254683E-03  9.0445351E-03  1.1782384E-02
   6.60000  3.6484637E-03  1.0125842E-02  1.1428076E-02
   6.80000  3.8857225E-03  1.1117298E-02  1.0618286E-02
   7.00000  4.1702566E-03  1.2069223E-02  9.9090614E-03
   7.20000  4.5225367E-03  1.3041061E-02  9.1775716E-03
   7.40000  4.9407383E-03  1.4024868E-02  8.1715845E-03
   7.60000  5.4540476E-03  1.5045269E-02  7.2652213E-03
   7.80000  6.0751654E-03  1.6140999E-02  6.5676360E-03
   8.00000  6.8377251E-03  1.7493304E-02  6.0708486E-03
   8.20000  7.7927078E-03  1.9247703E-02  5.8189047E-03
   8.40000  9.0106136E-03  2.1534623E-02  5.8628384E-03
   8.60000  1.0575370E-02  2.4493038E-02  6.2494754E-03
   8.80000  1.2582103E-02  2.8300699E-02  7.0342144E-03
   9.00000  1.5105117E-02  3.3196665E-02  8.2803526E-03
   9.20000  1.8094164E-02  3.9459935E-02  1.0013048E-02
   9.40000  2.1159186E-02  4.7373379E-02  1.2096290E-02
   9.60000  2.3460060E-02  5.7107704E-02  1.4097543E-02
   9.80000  2.4240632E-02  6.8738044E-02  1.5475307E-02
   10.0000  2.3717509E-02  8.2322936E-02  1.6125745E-02
   10.2500  2.2692006E-02  1.0121607E-01  1.6563107E-02
   10.5000  2.2440706E-02  1.1758782E-01  1.7335518E-02
   10.7500  2.3177048E-02  1.2277143E-01  1.8735893E-02
   11.0000  2.4665838E-02  1.1274627E-01  2.0726109E-02
   11.2500  2.6666441E-02  9.3768626E-02  2.3168661E-02
   11.5000  2.8749236E-02  7.4409199E-02  2.5731617E-02
   11.7500  3.1016053E-02  5.8649581E-02  2.8526238E-02
   12.0000  3.3148405E-02  4.6926538E-02  3.1406723E-02
   12.2500  3.4828293E-02  3.8449316E-02  3.4315790E-02
   12.5000  3.5910597E-02  3.2330907E-02  3.7325067E-02
   12.7500  3.6409342E-02  2.7880414E-02  4.0434634E-02
   13.0000  3.6467638E-02  2.4609050E-02  4.3488524E-02
   13.2500  3.6282615E-02  2.2174707E-02  4.6164671E-02
   13.5000  3.6013295E-02  2.0427464E-02  4.8047927E-02
   13.7500  3.5487332E-02  1.9029170E-02  4.9108477E-02
   14.0000  3.5510761E-02  1.7888205E-02  4.8626211E-02
   14.2500  3.5522506E-02  1.6958762E-02  4.7156390E-02
   14.5000  3.5992811E-02  1.6202524E-02  4.5098337E-02
   14.7500  3.6661400E-02  1.5573218E-02  4.2849480E-02
   15.0000  3.7513264E-02  1.5047681E-02  4.0726002E-02
   15.2500  3.8536112E-02  1.4611627E-02  3.8927603E-02
   15.5000  3.9693370E-02  1.4254434E-02  3.7551679E-02
   15.7500  4.0953371E-02  1.3970553E-02  3.6637612E-02
   16.0000  4.2263033E-02  1.3756351E-02  3.6188375E-02
   16.2500  4.3551696E-02  1.3610574E-02  3.6184750E-02
   16.5000  4.4732132E-02  1.3532717E-02  3.6592210E-02
   16.7500  4.5706178E-02  1.3522559E-02  3.7361557E-02
   17.0000  4.6375530E-02  1.3580288E-02  3.8425298E-02
   17.2500  4.6656933E-02  1.3706271E-02  3.9692462E-02
   17.5000  4.6500863E-02  1.3901365E-02  4.1049271E-02
   17.7500  4.5905968E-02  1.4165802E-02  4.2365182E-02
   18.0000  4.4918927E-02  1.4499340E-02  4.3508132E-02
   18.2500  4.3631860E-02  1.4901582E-02  4.4363908E-02
   18.5000  4.2160222E-02  1.5371397E-02  4.4858499E-02
   18.7500  4.0623555E-02  1.5907063E-02  4.4970668E-02
   19.0000  3.9126430E-02  1.6507706E-02  4.4730374E-02
   19.2500  3.7751130E-02  1.7172108E-02  4.4205054E-02
   19.5000  3.6554547E-02  1.7898844E-02  4.3480466E-02
   19.7500  3.5568964E-02  1.8687452E-02  4.2642307E-02
   20.0000  3.4808880E-02  1.9537241E-02  4.1764284E-02
   21.0000  3.3919761E-02  2.3511338E-02  3.8734065E-02
   22.0000  3.5606652E-02  2.8210016E-02  3.7097908E-02
   23.0000  3.8238415E-02  3.3166949E-02  3.6458929E-02
   24.0000  4.0413068E-02  3.7606389E-02  3.6007411E-02
   25.0000  4.1384084E-02  4.0454289E-02  3.5183773E-02
   26.0000  4.0554742E-02  4.1264710E-02  3.3826538E-02
   27.0000  3.7816501E-02  4.0474595E-02  3.2006595E-02
   28.0000  3.4186897E-02  3.8740003E-02  3.0062433E-02
   29.0000  3.0984845E-02  3.6607064E-02  2.8520707E-02
   30.0000  2.8745340E-02  3.4481281E-02  2.7689058E-02
   31.0000  2.7363786E-02  3.2610365E-02  2.7479498E-02
   32.0000  2.6572839E-02  3.1064769E-02  2.7581361E-02
   33.0000  2.6134458E-02  2.9820640E-02  2.7731912E-02
   34.0000  2.5953490E-02  2.8723568E-02  2.7823711E-02
   35.0000  2.5764642E-02  2.7855136E-02  2.7700806E-02
   36.0000  2.5598799E-02  2.7038163E-02  2.7390197E-02
   37.0000  2.5427976E-02  2.6217026E-02  2.6860826E-02
   38.0000  2.5230866E-02  2.5347462E-02  2.6117018E-02
   39.0000  2.4978736E-02  2.4367167E-02  2.5243936E-02
   40.0000  2.4634697E-02  2.3236132E-02  2.4394365E-02
