  7709.000   27  1  1  1.9222038E-02 -4.5888719E+00 -3.4990290E-01  1  1  7.5665431E+03  8.0000000E+03  0.0000000E+00  1.1792254E+00  1.0000000E+00  0.0000000E+00  = E_edge, Z, n_edge, j_edge, Abs_before_edge, VO_interstitial, E_cut, ninit, ninit1, Epsii, UnitCell_Volume, Surface_ref, f0_forward, natomsym_f, abs_u_iso
    Energy   (100,001)      (010,001)      (001,110)   
  -25.0000  5.2601118E-09  3.4206919E-10  9.4564574E-10
  -24.0000  1.3401148E-08  6.3345425E-10  2.1649497E-09
  -23.0000  3.9512894E-08  1.2263274E-09  5.5076206E-09
  -22.0000  1.4981069E-07  2.5300196E-09  1.6452976E-08
  -21.0000  1.0341982E-06  5.9459705E-09  6.6312462E-08
  -20.0000  7.4475509E-05  3.5330527E-08  1.1260743E-06
  -19.0000  7.0793301E-06  8.2791546E-07  7.1263765E-05
  -18.0000  2.5134163E-06  6.9817728E-08  1.3454077E-06
  -17.0000  2.2929581E-06  2.0820586E-07  7.1126368E-07
  -16.0000  3.1505033E-06  1.0621713E-06  7.3384344E-07
  -15.0000  6.7074952E-06  4.3865214E-05  1.6897067E-06
  -14.0000  7.0361726E-05  2.2353928E-05  1.9057635E-06
  -13.0000  3.7107372E-06  4.6185134E-06  6.1216141E-06
  -12.0000  2.7616608E-06  2.9569088E-06  1.5657550E-04
  -11.0000  1.9252314E-05  3.9575119E-06  2.7540142E-05
  -10.0000  2.0119868E-04  5.6916020E-06  7.4843032E-06
  -9.00000  1.0172255E-01  6.1896436E-05  4.3437970E-05
  -8.00000  8.1225055E-04  3.5242517E-05  4.2839405E-05
  -7.00000  5.8263374E-04  8.5051183E-04  2.6869266E-03
  -6.00000  7.3857848E-04  6.6791204E-05  4.0596639E-04
  -5.00000  2.6133228E-02  6.6355273E-04  1.9840965E-03
  -4.00000  9.2775929E-03  7.5165164E-04  4.1884627E-04
  -3.00000  1.5185018E-03  2.8099073E-01  2.6221043E-02
  -2.00000  3.1295064E-04  3.3145214E-03  5.7605869E-04
  -1.00000  2.3923428E-04  1.5214660E-03  2.0217998E-04
   0.00000  1.5688217E-03  4.1516111E-03  8.2620201E-04
   1.00000  4.8308825E-04  1.0348189E-03  3.4826386E-04
   2.00000  5.1803837E-04  1.0610655E-03  3.4621547E-04
   3.00000  8.5684639E-04  1.3823723E-03  5.3480296E-04
   4.00000  1.5269221E-03  2.1738830E-03  9.4982816E-04
   5.00000  2.5287507E-03  3.6307994E-03  2.1126031E-03
   5.20000  2.7557352E-03  4.0145954E-03  2.6206996E-03
   5.40000  2.9937671E-03  4.4425451E-03  3.3436329E-03
   5.60000  3.2479437E-03  4.9331419E-03  4.4027869E-03
   5.80000  3.5268798E-03  5.5205678E-03  5.9858855E-03
   6.00000  3.8405653E-03  6.2633547E-03  8.3559261E-03
   6.20000  4.1996411E-03  7.2367534E-03  1.1771556E-02
   6.40000  4.6508915E-03  8.4456336E-03  1.6089327E-02
   6.60000  5.2986689E-03  9.6006936E-03  1.9573105E-02
   6.80000  6.1781076E-03  1.0154677E-02  1.9131435E-02
   7.00000  7.0353648E-03  1.0203740E-02  1.5051659E-02
   7.20000  7.5870662E-03  1.0363104E-02  1.0725880E-02
   7.40000  7.9543652E-03  1.0904311E-02  7.7317913E-03
   7.60000  8.3318157E-03  1.1813345E-02  5.9290582E-03
   7.80000  8.7970801E-03  1.3054270E-02  4.8973035E-03
   8.00000  9.3710437E-03  1.4620515E-02  4.3438846E-03
   8.20000  1.0059082E-02  1.6524415E-02  4.0982383E-03
   8.40000  1.0861082E-02  1.8799811E-02  4.0632459E-03
   8.60000  1.1763903E-02  2.1479880E-02  4.1969626E-03
   8.80000  1.2745922E-02  2.4629804E-02  4.4788470E-03
   9.00000  1.3769573E-02  2.8336499E-02  4.9123595E-03
   9.20000  1.4781702E-02  3.2718777E-02  5.5177087E-03
   9.40000  1.5723324E-02  3.7925446E-02  6.3288598E-03
   9.60000  1.6544759E-02  4.4116522E-02  7.3861668E-03
   9.80000  1.7232751E-02  5.1420842E-02  8.7342068E-03
   10.0000  1.7821035E-02  5.9848227E-02  1.0409812E-02
   10.2500  1.8521137E-02  7.1501999E-02  1.2975939E-02
   10.5000  1.9308038E-02  8.2780960E-02  1.5958790E-02
   10.7500  2.0248528E-02  9.0712365E-02  1.9075233E-02
   11.0000  2.1281562E-02  9.2485193E-02  2.1848099E-02
   11.2500  2.2393261E-02  8.7876093E-02  2.4391994E-02
   11.5000  2.3514909E-02  7.9141224E-02  2.6842651E-02
   11.7500  2.4025842E-02  6.9213950E-02  2.9340069E-02
   12.0000  2.5141315E-02  5.9780204E-02  3.2047050E-02
   12.2500  2.6302115E-02  5.1673817E-02  3.4953203E-02
   12.5000  2.7524889E-02  4.5012144E-02  3.7959207E-02
   12.7500  2.8814021E-02  3.9631259E-02  4.0900543E-02
   13.0000  3.0158657E-02  3.5296546E-02  4.3581259E-02
   13.2500  3.1436177E-02  3.1893878E-02  4.5690982E-02
   13.5000  3.2655321E-02  2.9233858E-02  4.7415614E-02
   13.7500  3.3721466E-02  2.6849919E-02  4.8485885E-02
   14.0000  3.4897898E-02  2.4878231E-02  4.8642378E-02
   14.2500  3.5923808E-02  2.3248856E-02  4.8211937E-02
   14.5000  3.6774870E-02  2.1903444E-02  4.7380128E-02
   14.7500  3.7450335E-02  2.0795224E-02  4.6348428E-02
   15.0000  3.7976370E-02  1.9886471E-02  4.5303296E-02
   15.2500  3.8401181E-02  1.9147044E-02  4.4395817E-02
   15.5000  3.8790194E-02  1.8556420E-02  4.3741800E-02
   15.7500  3.9198899E-02  1.8092064E-02  4.3417963E-02
   16.0000  3.9691032E-02  1.7743323E-02  4.3475052E-02
   16.2500  4.0311447E-02  1.7500073E-02  4.3937596E-02
   16.5000  4.1084515E-02  1.7353517E-02  4.4804653E-02
   16.7500  4.2010565E-02  1.7295917E-02  4.6045339E-02
   17.0000  4.3063738E-02  1.7320181E-02  4.7589393E-02
   17.2500  4.4190450E-02  1.7419516E-02  4.9322654E-02
   17.5000  4.5311114E-02  1.7586994E-02  5.1087225E-02
   17.7500  4.6328384E-02  1.7816735E-02  5.2690940E-02
   18.0000  4.7137180E-02  1.8102087E-02  5.3939568E-02
   18.2500  4.7646177E-02  1.8436930E-02  5.4678413E-02
   18.5000  4.7797051E-02  1.8815521E-02  5.4829296E-02
   18.7500  4.7579187E-02  1.9232314E-02  5.4402958E-02
   19.0000  4.7031190E-02  1.9682379E-02  5.3481608E-02
   19.2500  4.6232575E-02  2.0160168E-02  5.2187955E-02
   19.5000  4.5284461E-02  2.0661155E-02  5.0654462E-02
   19.7500  4.4290758E-02  2.1181175E-02  4.8999177E-02
   20.0000  4.3343267E-02  2.1716169E-02  4.7312826E-02
   21.0000  4.1124508E-02  2.3934281E-02  4.1236808E-02
   22.0000  4.2076277E-02  2.6199755E-02  3.6878370E-02
   23.0000  4.5030978E-02  2.8642144E-02  3.4004445E-02
   24.0000  4.7838300E-02  3.1482519E-02  3.2154345E-02
   25.0000  4.8704036E-02  3.4650211E-02  3.0943359E-02
   26.0000  4.6578241E-02  3.7517898E-02  3.0030697E-02
   27.0000  4.1660962E-02  3.9116152E-02  2.9134462E-02
   28.0000  3.4919957E-02  3.8885428E-02  2.8037946E-02
   29.0000  3.0138313E-02  3.7565376E-02  2.7205542E-02
   30.0000  2.6974861E-02  3.5831889E-02  2.6679381E-02
   31.0000  2.5142889E-02  3.4136485E-02  2.6490207E-02
   32.0000  2.4179454E-02  3.2670767E-02  2.6543106E-02
   33.0000  2.3720656E-02  3.1458083E-02  2.6705451E-02
   34.0000  2.3538309E-02  3.0450030E-02  2.6889281E-02
   35.0000  2.3473803E-02  2.9560852E-02  2.7035550E-02
   36.0000  2.3412592E-02  2.8714528E-02  2.7090444E-02
   37.0000  2.3251864E-02  2.7867604E-02  2.6991774E-02
   38.0000  2.2908622E-02  2.6995689E-02  2.6677807E-02
   39.0000  2.2329275E-02  2.6051279E-02  2.6103258E-02
   40.0000  2.1494811E-02  2.4946559E-02  2.5259132E-02
