  7709.000   27  1  1  1.9222038E-02 -4.9237499E+00 -3.3294627E-01  1  1  7.5663758E+03  8.0000000E+03  0.0000000E+00  1.1792254E+00  1.0000000E+00  0.0000000E+00  = E_edge, Z, n_edge, j_edge, Abs_before_edge, VO_interstitial, E_cut, ninit, ninit1, Epsii, UnitCell_Volume, Surface_ref, f0_forward, natomsym_f, abs_u_iso
    Energy   (100,001)      (010,001)      (001,110)   
  -25.0000  8.2005178E-09  3.8628268E-10  1.1245359E-09
  -24.0000  2.3285973E-08  7.3184645E-10  2.7606779E-09
  -23.0000  8.2904784E-08  1.4982686E-09  7.9857247E-09
  -22.0000  4.8330726E-07  3.8547480E-09  3.3336407E-08
  -21.0000  1.5530289E-04  7.0991533E-07  1.0626178E-05
  -20.0000  6.2488159E-06  1.5819717E-07  8.1793953E-06
  -19.0000  1.6668397E-06  4.0446644E-08  1.2546497E-06
  -18.0000  1.3817568E-06  7.4111356E-08  4.3704436E-07
  -17.0000  1.7478743E-06  2.4481463E-07  3.8245730E-07
  -16.0000  3.2655577E-06  1.3451814E-06  5.7156311E-07
  -15.0000  3.3683241E-05  1.6395363E-03  6.1756420E-05
  -14.0000  5.6830347E-06  1.6656452E-05  5.6365844E-06
  -13.0000  8.2655063E-07  4.5708456E-06  1.2679226E-05
  -12.0000  1.1415679E-05  2.9854920E-06  1.3588724E-04
  -11.0000  4.1911968E-05  3.2542354E-06  7.4713765E-06
  -10.0000  1.8786169E-03  4.8193250E-05  7.6613039E-05
  -9.00000  5.1403759E-04  1.6670760E-05  7.0230848E-06
  -8.00000  4.4883209E-02  8.1060217E-03  9.7627087E-04
  -7.00000  1.4032734E-03  1.0992013E-04  6.5541046E-04
  -6.00000  4.3724333E-04  5.0804073E-05  1.4825981E-04
  -5.00000  9.9855967E-04  5.3994681E-04  5.6766480E-04
  -4.00000  5.6091859E-01  1.4312975E-03  2.3781737E-03
  -3.00000  1.3174130E-03  1.9138011E-01  9.7666028E-03
  -2.00000  5.2843110E-04  2.9037578E-03  3.4855741E-04
  -1.00000  3.0163245E-04  1.5644009E-03  1.7390234E-04
   0.00000  3.3833551E-03  2.9395127E-03  2.6056565E-03
   1.00000  9.0401067E-04  1.2003187E-03  5.8448121E-04
   2.00000  4.0632789E-04  1.0432870E-03  2.9111996E-04
   3.00000  5.0263865E-04  1.3202211E-03  3.8702924E-04
   4.00000  7.6600197E-04  2.0709211E-03  6.4724476E-04
   5.00000  1.2522189E-03  3.4139831E-03  1.3652089E-03
   5.20000  1.3844066E-03  3.7469215E-03  1.6553501E-03
   5.40000  1.5303485E-03  4.1053274E-03  2.0473010E-03
   5.60000  1.6917425E-03  4.4965909E-03  2.5901708E-03
   5.80000  1.8711474E-03  4.9343743E-03  3.3631417E-03
   6.00000  2.0722767E-03  5.4403884E-03  4.4926221E-03
   6.20000  2.3008798E-03  6.0493848E-03  6.1811406E-03
   6.40000  2.5650514E-03  6.8121684E-03  8.7328515E-03
   6.60000  2.8758110E-03  7.7999594E-03  1.2504687E-02
   6.80000  3.2495062E-03  8.9700091E-03  1.7484571E-02
   7.00000  3.7082175E-03  1.0119922E-02  2.2371299E-02
   7.20000  4.2861152E-03  1.0889595E-02  2.4583002E-02
   7.40000  5.0083918E-03  1.1228247E-02  2.3276931E-02
   7.60000  5.7925461E-03  1.1498826E-02  2.0395980E-02
   7.80000  6.6000096E-03  1.1982650E-02  1.7765876E-02
   8.00000  7.6766538E-03  1.2755305E-02  1.5934999E-02
   8.20000  9.2471167E-03  1.3829804E-02  1.4865576E-02
   8.40000  1.1334478E-02  1.5223659E-02  1.4396850E-02
   8.60000  1.3737524E-02  1.6961161E-02  1.4401059E-02
   8.80000  1.6194059E-02  1.9125050E-02  1.4850267E-02
   9.00000  1.8607421E-02  2.1795593E-02  1.5760613E-02
   9.20000  2.0779209E-02  2.5073352E-02  1.7068994E-02
   9.40000  2.2266926E-02  2.9033455E-02  1.8568298E-02
   9.60000  2.2731469E-02  3.3749795E-02  2.0009795E-02
   9.80000  2.2457575E-02  3.9418154E-02  2.1342273E-02
   10.0000  2.2159535E-02  4.6421875E-02  2.2739541E-02
   10.2500  2.2519050E-02  5.7745023E-02  2.4814479E-02
   10.5000  2.3901169E-02  7.2376442E-02  2.7276492E-02
   10.7500  2.6139265E-02  8.9377145E-02  3.0018123E-02
   11.0000  2.8938367E-02  1.0482384E-01  3.2946394E-02
   11.2500  3.1929558E-02  1.1214700E-01  3.5949207E-02
   11.5000  3.4711348E-02  1.0737089E-01  3.8810855E-02
   11.7500  3.6784314E-02  9.3325260E-02  4.0940226E-02
   12.0000  3.8233749E-02  7.7167790E-02  4.2719129E-02
   12.2500  3.9062593E-02  6.2709830E-02  4.4302715E-02
   12.5000  3.8850827E-02  5.1255070E-02  4.5372275E-02
   12.7500  3.8689048E-02  4.2552416E-02  4.6452201E-02
   13.0000  3.8265631E-02  3.6052227E-02  4.7151533E-02
   13.2500  3.7742998E-02  3.1182172E-02  4.7300012E-02
   13.5000  3.7233011E-02  2.7495565E-02  4.6782221E-02
   13.7500  3.6445691E-02  2.4676965E-02  4.5722916E-02
   14.0000  3.5816428E-02  2.2506104E-02  4.3804918E-02
   14.2500  3.5708617E-02  2.0759062E-02  4.1731197E-02
   14.5000  3.5741100E-02  1.9361552E-02  3.9635876E-02
   14.7500  3.5921375E-02  1.8229878E-02  3.7698268E-02
   15.0000  3.6253721E-02  1.7304429E-02  3.6037813E-02
   15.2500  3.6745688E-02  1.6542961E-02  3.4724781E-02
   15.5000  3.7385626E-02  1.5913354E-02  3.3787711E-02
   15.7500  3.8175176E-02  1.5395707E-02  3.3237908E-02
   16.0000  3.9103594E-02  1.4975447E-02  3.3072930E-02
   16.2500  4.0152252E-02  1.4643173E-02  3.3282488E-02
   16.5000  4.1289419E-02  1.4393223E-02  3.3846871E-02
   16.7500  4.2468143E-02  1.4220425E-02  3.4734897E-02
   17.0000  4.3623345E-02  1.4121745E-02  3.5897857E-02
   17.2500  4.4672908E-02  1.4094613E-02  3.7264469E-02
   17.5000  4.5524290E-02  1.4136728E-02  3.8736261E-02
   17.7500  4.6086257E-02  1.4245745E-02  4.0191234E-02
   18.0000  4.6285858E-02  1.4418954E-02  4.1497360E-02
   18.2500  4.6085224E-02  1.4653161E-02  4.2538329E-02
   18.5000  4.5493154E-02  1.4946361E-02  4.3233434E-02
   18.7500  4.4561344E-02  1.5295198E-02  4.3551065E-02
   19.0000  4.3377084E-02  1.5696392E-02  4.3508726E-02
   19.2500  4.2046051E-02  1.6147413E-02  4.3161854E-02
   19.5000  4.0674638E-02  1.6645923E-02  4.2585895E-02
   19.7500  3.9356904E-02  1.7189799E-02  4.1860711E-02
   20.0000  3.8165414E-02  1.7777535E-02  4.1056920E-02
   21.0000  3.5388482E-02  2.0539369E-02  3.7997171E-02
   22.0000  3.5887236E-02  2.3879786E-02  3.6037973E-02
   23.0000  3.8474876E-02  2.7718195E-02  3.5090420E-02
   24.0000  4.1219055E-02  3.1967628E-02  3.4502794E-02
   25.0000  4.2320643E-02  3.6238053E-02  3.3685179E-02
   26.0000  4.0795016E-02  3.9735899E-02  3.2385487E-02
   27.0000  3.7143514E-02  4.1707829E-02  3.0726797E-02
   28.0000  3.3050709E-02  4.1880977E-02  2.8998113E-02
   29.0000  2.9706761E-02  4.0610665E-02  2.7482135E-02
   30.0000  2.7426521E-02  3.8346391E-02  2.6337508E-02
   31.0000  2.6141332E-02  3.6233450E-02  2.5835660E-02
   32.0000  2.5416210E-02  3.4371847E-02  2.5733274E-02
   33.0000  2.5027986E-02  3.2864306E-02  2.5820930E-02
   34.0000  2.4802438E-02  3.1669908E-02  2.5924436E-02
   35.0000  2.4614152E-02  3.0696201E-02  2.5934887E-02
   36.0000  2.4369276E-02  2.9839514E-02  2.5783316E-02
   37.0000  2.4006436E-02  2.9017511E-02  2.5423377E-02
   38.0000  2.3510925E-02  2.8188441E-02  2.4851343E-02
   39.0000  2.2933016E-02  2.7330949E-02  2.4138516E-02
   40.0000  2.2364900E-02  2.6414842E-02  2.3411438E-02
