  7709.000   27  1  1  1.9222038E-02 -5.0254694E+00 -4.3585045E-01  1  1  7.5663290E+03  8.0000000E+03  0.0000000E+00  1.1792254E+00  1.0000000E+00  0.0000000E+00  = E_edge, Z, n_edge, j_edge, Abs_before_edge, VO_interstitial, E_cut, ninit, ninit1, Epsii, UnitCell_Volume, Surface_ref, f0_forward, natomsym_f, abs_u_iso
    Energy   (100,001)      (010,001)      (001,110)   
  -25.0000  7.5368249E-09  3.7635964E-10  8.5022553E-10
  -24.0000  2.0082441E-08  6.9263816E-10  1.9353856E-09
  -23.0000  6.3397153E-08  1.3293431E-09  4.8954747E-09
  -22.0000  2.7134538E-07  2.6979305E-09  1.4542331E-08
  -21.0000  2.5395282E-06  6.0089200E-09  5.8097841E-08
  -20.0000  7.5445638E-05  1.7838663E-08  4.9003577E-07
  -19.0000  4.7928013E-06  8.9674629E-07  8.8233150E-05
  -18.0000  2.9928165E-06  7.8676797E-08  1.0234474E-06
  -17.0000  3.9167571E-06  2.5362109E-07  5.7692707E-07
  -16.0000  1.0615168E-05  1.3768328E-06  6.1932069E-07
  -15.0000  8.2134626E-04  5.6365362E-05  1.7640375E-06
  -14.0000  1.1829311E-06  1.2329077E-05  1.7413178E-06
  -13.0000  4.9933960E-07  4.1250608E-06  7.6248012E-06
  -12.0000  8.5283377E-06  3.0184674E-06  3.5118513E-03
  -11.0000  2.1463106E-05  3.0467797E-06  1.1255547E-05
  -10.0000  2.5053190E-04  7.3499470E-06  1.5395507E-05
  -9.00000  1.6172310E-03  2.1485350E-05  5.1094129E-06
  -8.00000  1.5694309E-04  2.0540440E-04  1.0581373E-04
  -7.00000  8.3437228E-04  4.9497159E-05  4.2528330E-04
  -6.00000  7.2839282E-04  4.9980444E-05  1.0324180E-04
  -5.00000  1.6056517E-02  2.2113112E-04  8.4596648E-03
  -4.00000  5.8025256E-01  1.6166216E-03  3.0137618E-03
  -3.00000  9.6801893E-04  2.2338659E-02  1.4544681E-03
  -2.00000  4.5598951E-04  2.5890067E-03  3.7432357E-04
  -1.00000  2.8354014E-04  1.3618787E-03  1.8834144E-04
   0.00000  9.4353515E-04  9.4002962E-04  5.1326167E-04
   1.00000  2.8725701E-04  8.8745391E-04  2.0460023E-04
   2.00000  2.9765107E-04  9.8238131E-04  2.5066263E-04
   3.00000  4.1380487E-04  1.2677628E-03  4.0292926E-04
   4.00000  6.3143658E-04  1.9567707E-03  7.5316076E-04
   5.00000  9.3489471E-04  3.1244710E-03  1.6855457E-03
   5.20000  9.9191140E-04  3.3993393E-03  2.0431648E-03
   5.40000  1.0432167E-03  3.6855800E-03  2.5053257E-03
   5.60000  1.0940613E-03  3.9854139E-03  3.1038633E-03
   5.80000  1.1694398E-03  4.3060270E-03  3.8740837E-03
   6.00000  1.3333687E-03  4.6590441E-03  4.8463593E-03
   6.20000  1.6785693E-03  5.0648457E-03  6.0328775E-03
   6.40000  2.2146784E-03  5.5504022E-03  7.4094451E-03
   6.60000  2.8002047E-03  6.1440172E-03  8.9035721E-03
   6.80000  3.3114592E-03  6.8662644E-03  1.0399376E-02
   7.00000  3.7468506E-03  7.7254345E-03  1.1759053E-02
   7.20000  4.1545252E-03  8.7269897E-03  1.2894324E-02
   7.40000  4.5736788E-03  9.8689011E-03  1.3786323E-02
   7.60000  5.0371178E-03  1.1168720E-02  1.4431694E-02
   7.80000  5.5620729E-03  1.2611781E-02  1.4905921E-02
   8.00000  6.1689104E-03  1.4219160E-02  1.5213762E-02
   8.20000  6.8730455E-03  1.6005038E-02  1.5390867E-02
   8.40000  7.6887148E-03  1.7988646E-02  1.5500571E-02
   8.60000  8.6275910E-03  2.0198786E-02  1.5654969E-02
   8.80000  9.7012688E-03  2.2692864E-02  1.6023902E-02
   9.00000  1.0920900E-02  2.5566296E-02  1.6828856E-02
   9.20000  1.2307460E-02  2.8978069E-02  1.8301449E-02
   9.40000  1.3882715E-02  3.3123328E-02  2.0629491E-02
   9.60000  1.5681598E-02  3.8243171E-02  2.3913000E-02
   9.80000  1.7744653E-02  4.4612057E-02  2.8101378E-02
   10.0000  2.0121016E-02  5.2530267E-02  3.2984772E-02
   10.2500  2.3611724E-02  6.5059484E-02  3.9599526E-02
   10.5000  2.7760480E-02  8.0755862E-02  4.6267725E-02
   10.7500  3.2589535E-02  9.8509857E-02  5.2567776E-02
   11.0000  3.7972813E-02  1.1400875E-01  5.8113897E-02
   11.2500  4.3548500E-02  1.1997842E-01  6.2536758E-02
   11.5000  4.8688559E-02  1.1229818E-01  6.5683022E-02
   11.7500  5.1881496E-02  9.4294219E-02  6.8333711E-02
   12.0000  5.3855961E-02  7.5804530E-02  6.8866121E-02
   12.2500  5.4004989E-02  5.9977749E-02  6.7477797E-02
   12.5000  5.2711579E-02  4.7877759E-02  6.4348295E-02
   12.7500  5.0575108E-02  3.9031971E-02  6.0008651E-02
   13.0000  4.8155044E-02  3.2632487E-02  5.5104768E-02
   13.2500  4.5843020E-02  2.7966208E-02  5.0184759E-02
   13.5000  4.3872809E-02  2.4380726E-02  4.4560377E-02
   13.7500  4.2309681E-02  2.1775805E-02  4.0700226E-02
   14.0000  4.1151027E-02  1.9765079E-02  3.7410485E-02
   14.2500  4.0392128E-02  1.8183163E-02  3.4693468E-02
   14.5000  4.0008931E-02  1.6920415E-02  3.2515110E-02
   14.7500  3.9973398E-02  1.5901966E-02  3.0831181E-02
   15.0000  4.0257061E-02  1.5076073E-02  2.9599107E-02
   15.2500  4.0818957E-02  1.4405760E-02  2.8776856E-02
   15.5000  4.1630919E-02  1.3866574E-02  2.8334157E-02
   15.7500  4.2655481E-02  1.3440237E-02  2.8245091E-02
   16.0000  4.3848859E-02  1.3113111E-02  2.8489084E-02
   16.2500  4.5157038E-02  1.2874775E-02  2.9044935E-02
   16.5000  4.6511610E-02  1.2716930E-02  2.9885695E-02
   16.7500  4.7829515E-02  1.2633983E-02  3.0971495E-02
   17.0000  4.9012995E-02  1.2621201E-02  3.2243267E-02
   17.2500  4.9955119E-02  1.2675940E-02  3.3617745E-02
   17.5000  5.0555661E-02  1.2795024E-02  3.4990789E-02
   17.7500  5.0740615E-02  1.2976311E-02  3.6252343E-02
   18.0000  5.0478599E-02  1.3218195E-02  3.7300991E-02
   18.2500  4.9796256E-02  1.3518330E-02  3.8066912E-02
   18.5000  4.8777951E-02  1.3875519E-02  3.8522883E-02
   18.7500  4.7543344E-02  1.4288017E-02  3.8684848E-02
   19.0000  4.6227937E-02  1.4753931E-02  3.8597276E-02
   19.2500  4.4955799E-02  1.5271609E-02  3.8322600E-02
   19.5000  4.3819199E-02  1.5839734E-02  3.7927183E-02
   19.7500  4.2878151E-02  1.6457356E-02  3.7471566E-02
   20.0000  4.2156687E-02  1.7123572E-02  3.7002820E-02
   21.0000  4.1269240E-02  2.0268106E-02  3.5519257E-02
   22.0000  4.2114499E-02  2.4117882E-02  3.4882974E-02
   23.0000  4.2367404E-02  2.9267978E-02  3.4630666E-02
   24.0000  4.0670270E-02  3.3901195E-02  3.4124122E-02
   25.0000  3.6886436E-02  3.8042813E-02  3.3139641E-02
   26.0000  3.2099881E-02  4.1091393E-02  3.1666520E-02
   27.0000  2.7875140E-02  4.2612649E-02  2.9864061E-02
   28.0000  2.5137137E-02  4.2560991E-02  2.8004227E-02
   29.0000  2.3801185E-02  4.1302336E-02  2.6463200E-02
   30.0000  2.3327975E-02  3.9416377E-02  2.5542800E-02
   31.0000  2.3246420E-02  3.7424288E-02  2.5267307E-02
   32.0000  2.3294386E-02  3.5638544E-02  2.5398167E-02
   33.0000  2.3345325E-02  3.4158266E-02  2.5630429E-02
   34.0000  2.3320921E-02  3.2905989E-02  2.5728970E-02
   35.0000  2.3153645E-02  3.1754312E-02  2.5561637E-02
   36.0000  2.2781738E-02  3.0575700E-02  2.5044037E-02
   37.0000  2.2150763E-02  2.9284014E-02  2.4109781E-02
   38.0000  2.1276548E-02  2.7842798E-02  2.2744394E-02
   39.0000  2.0263372E-02  2.6264921E-02  2.1034647E-02
   40.0000  1.9258044E-02  2.4599010E-02  1.9225817E-02
