  7709.000   27  1  1  1.9222038E-02 -4.6596694E+00 -3.7356420E-01  1  1  7.5663514E+03  8.0000000E+03  0.0000000E+00  1.1792254E+00  1.0000000E+00  0.0000000E+00  = E_edge, Z, n_edge, j_edge, Abs_before_edge, VO_interstitial, E_cut, ninit, ninit1, Epsii, UnitCell_Volume, Surface_ref, f0_forward, natomsym_f, abs_u_iso
    Energy   (100,001)      (010,001)      (001,110)   
  -25.0000  7.5643296E-09  3.1879510E-10  7.2698169E-10
  -24.0000  2.0321441E-08  5.8616225E-10  1.6358302E-09
  -23.0000  6.4859052E-08  1.1205073E-09  4.0786658E-09
  -22.0000  2.8256824E-07  2.2533693E-09  1.1873830E-08
  -21.0000  2.7723201E-06  4.9063059E-09  4.5354086E-08
  -20.0000  5.8633774E-05  1.3171328E-08  3.3146689E-07
  -19.0000  8.6507971E-06  1.1094832E-05  1.3417021E-03
  -18.0000  3.0224820E-06  6.3003191E-08  8.8004147E-07
  -17.0000  3.9929708E-06  1.9877253E-07  4.6663314E-07
  -16.0000  1.0291769E-05  9.8218501E-07  4.7792168E-07
  -15.0000  5.3197164E-03  2.0479066E-05  9.9756342E-07
  -14.0000  2.8851385E-06  1.6500953E-05  1.2337891E-06
  -13.0000  2.4813947E-07  4.1081826E-06  4.3768976E-06
  -12.0000  3.4898862E-06  2.7559265E-06  5.1823926E-04
  -11.0000  2.0825746E-05  3.4129589E-06  1.2039049E-05
  -10.0000  3.8196159E-04  5.6142706E-06  1.1696057E-05
  -9.00000  1.7159280E-04  1.9949454E-05  8.4456750E-06
  -8.00000  1.1159617E-04  5.9229282E-05  2.1705725E-05
  -7.00000  1.4375401E-03  1.0777998E-04  1.8225717E-04
  -6.00000  1.0649976E-03  3.6533993E-05  1.0358200E-04
  -5.00000  8.2992233E-04  1.5326604E-04  1.4305018E-04
  -4.00000  3.8483180E-02  1.1116620E-03  7.0306114E-04
  -3.00000  8.3985911E-04  3.0775166E-02  8.9281856E-04
  -2.00000  4.5621648E-04  2.6130741E-03  3.6956613E-04
  -1.00000  3.2416035E-04  1.2805296E-03  1.6314410E-04
   0.00000  7.5691258E-04  1.2928349E-03  5.1489175E-04
   1.00000  3.6441197E-04  8.5561690E-04  2.2110670E-04
   2.00000  3.6569106E-04  9.6801788E-04  2.9215725E-04
   3.00000  4.8664339E-04  1.2874350E-03  5.2661003E-04
   4.00000  7.0905753E-04  2.0127487E-03  1.1026460E-03
   5.00000  1.0439271E-03  3.2821830E-03  2.9018230E-03
   5.20000  1.1194921E-03  3.6212612E-03  3.7000930E-03
   5.40000  1.1949854E-03  4.0069824E-03  4.8001517E-03
   5.60000  1.2686370E-03  4.4594967E-03  6.2972731E-03
   5.80000  1.3383664E-03  5.0105830E-03  8.2457854E-03
   6.00000  1.4026777E-03  5.6967115E-03  1.0543244E-02
   6.20000  1.4615890E-03  6.5464239E-03  1.2813136E-02
   6.40000  1.5203826E-03  7.5551067E-03  1.4484564E-02
   6.60000  1.6000040E-03  8.6860372E-03  1.5165796E-02
   6.80000  1.7601630E-03  9.9066491E-03  1.4909619E-02
   7.00000  2.1107254E-03  1.1256099E-02  1.4059318E-02
   7.20000  2.7056581E-03  1.2721670E-02  1.2961936E-02
   7.40000  3.3649267E-03  1.4328012E-02  1.1815532E-02
   7.60000  3.9051287E-03  1.6084345E-02  1.0727281E-02
   7.80000  4.3405772E-03  1.8000007E-02  9.7630152E-03
   8.00000  4.7487412E-03  2.0099070E-02  8.9803783E-03
   8.20000  5.1833359E-03  2.2437304E-02  8.4409092E-03
   8.40000  5.6726790E-03  2.5118082E-02  8.2113263E-03
   8.60000  6.2349823E-03  2.8299183E-02  8.3668999E-03
   8.80000  6.8840032E-03  3.2204801E-02  8.9974022E-03
   9.00000  7.6307192E-03  3.7143191E-02  1.0206971E-02
   9.20000  8.4870037E-03  4.3538531E-02  1.2105368E-02
   9.40000  9.4651769E-03  5.1913864E-02  1.4777112E-02
   9.60000  1.0589170E-02  6.2947493E-02  1.8243606E-02
   9.80000  1.1881413E-02  7.7296414E-02  2.2392007E-02
   10.0000  1.3372304E-02  9.5171254E-02  2.6971037E-02
   10.2500  1.5572526E-02  1.2019619E-01  3.2803295E-02
   10.5000  1.8225588E-02  1.3897831E-01  3.8255360E-02
   10.7500  2.1413761E-02  1.3809359E-01  4.3062165E-02
   11.0000  2.5193162E-02  1.1720750E-01  4.7248912E-02
   11.2500  2.9552558E-02  9.0264280E-02  5.0984046E-02
   11.5000  3.4360980E-02  6.7532747E-02  5.4349825E-02
   11.7500  3.9168533E-02  5.1116799E-02  5.6665807E-02
   12.0000  4.3764835E-02  3.9925161E-02  5.9171389E-02
   12.2500  4.7603185E-02  3.2273609E-02  6.0612661E-02
   12.5000  5.0355783E-02  2.6979404E-02  6.0775127E-02
   12.7500  5.1941568E-02  2.3246647E-02  5.9624311E-02
   13.0000  5.2517104E-02  2.0557212E-02  5.7342164E-02
   13.2500  5.2360304E-02  1.8574330E-02  5.4273007E-02
   13.5000  5.1387644E-02  1.7032442E-02  5.0380806E-02
   13.7500  5.0189476E-02  1.5838409E-02  4.6512847E-02
   14.0000  4.9320178E-02  1.4940149E-02  4.3337625E-02
   14.2500  4.8513752E-02  1.4237814E-02  4.0566596E-02
   14.5000  4.7835307E-02  1.3687349E-02  3.8274646E-02
   14.7500  4.7316623E-02  1.3258573E-02  3.6482622E-02
   15.0000  4.6976819E-02  1.2930253E-02  3.5178680E-02
   15.2500  4.6822753E-02  1.2687217E-02  3.4335557E-02
   15.5000  4.6868581E-02  1.2518568E-02  3.3921697E-02
   15.7500  4.7091026E-02  1.2417737E-02  3.3894953E-02
   16.0000  4.7494220E-02  1.2379880E-02  3.4211714E-02
   16.2500  4.8060888E-02  1.2402969E-02  3.4814655E-02
   16.5000  4.8759858E-02  1.2485707E-02  3.5628483E-02
   16.7500  4.9540442E-02  1.2627359E-02  3.6558233E-02
   17.0000  5.0328818E-02  1.2828247E-02  3.7492279E-02
   17.2500  5.1027130E-02  1.3087936E-02  3.8312864E-02
   17.5000  5.1524010E-02  1.3406147E-02  3.8919405E-02
   17.7500  5.1703749E-02  1.3780907E-02  3.9240312E-02
   18.0000  5.1478263E-02  1.4210700E-02  3.9251327E-02
   18.2500  5.0810679E-02  1.4694495E-02  3.8974712E-02
   18.5000  4.9730105E-02  1.5231807E-02  3.8465681E-02
   18.7500  4.8326561E-02  1.5821442E-02  3.7796063E-02
   19.0000  4.6732116E-02  1.6463669E-02  3.7037693E-02
   19.2500  4.5087020E-02  1.7157835E-02  3.6251024E-02
   19.5000  4.3515811E-02  1.7903399E-02  3.5483753E-02
   19.7500  4.2109970E-02  1.8700606E-02  3.4768598E-02
   20.0000  4.0928267E-02  1.9548994E-02  3.4126736E-02
   21.0000  3.8754837E-02  2.3443346E-02  3.2447446E-02
   22.0000  3.9967457E-02  2.8084219E-02  3.2034901E-02
   23.0000  4.2155792E-02  3.3810072E-02  3.2309892E-02
   24.0000  4.2300984E-02  3.8722025E-02  3.2546806E-02
   25.0000  3.8960816E-02  4.2145597E-02  3.2301606E-02
   26.0000  3.3550747E-02  4.3234326E-02  3.1440603E-02
   27.0000  2.8685527E-02  4.2154365E-02  3.0138731E-02
   28.0000  2.5664098E-02  3.9808127E-02  2.8773309E-02
   29.0000  2.4233539E-02  3.7058949E-02  2.7769412E-02
   30.0000  2.3700509E-02  3.4432526E-02  2.7336406E-02
   31.0000  2.3577181E-02  3.2183906E-02  2.7350697E-02
   32.0000  2.3590020E-02  3.0367315E-02  2.7525517E-02
   33.0000  2.3576013E-02  2.8922490E-02  2.7614744E-02
   34.0000  2.3430062E-02  2.7737268E-02  2.7491209E-02
   35.0000  2.3065466E-02  2.6672710E-02  2.7094411E-02
   36.0000  2.2428420E-02  2.5606347E-02  2.6373671E-02
   37.0000  2.1545013E-02  2.4459307E-02  2.5278635E-02
   38.0000  2.0525552E-02  2.3203859E-02  2.3782886E-02
   39.0000  1.9506271E-02  2.1865860E-02  2.1932128E-02
   40.0000  1.8596469E-02  2.0519634E-02  1.9920509E-02
