  7709.000   27  1  1  1.9222038E-02 -4.7600444E+00 -2.7393985E-01  1  1  7.5664495E+03  8.0000000E+03  0.0000000E+00  1.1792254E+00  1.0000000E+00  0.0000000E+00  = E_edge, Z, n_edge, j_edge, Abs_before_edge, VO_interstitial, E_cut, ninit, ninit1, Epsii, UnitCell_Volume, Surface_ref, f0_forward, natomsym_f, abs_u_iso
    Energy   (100,001)      (010,001)      (001,110)   
  -25.0000  5.8929340E-09  3.5889822E-10  9.9947780E-10
  -24.0000  1.4922706E-08  6.7124145E-10  2.2720191E-09
  -23.0000  4.3542780E-08  1.3216709E-09  5.7183285E-09
  -22.0000  1.6201276E-07  2.8318203E-09  1.6785427E-08
  -21.0000  1.0840082E-06  7.7852265E-09  6.5050314E-08
  -20.0000  7.2914292E-05  1.8717339E-07  9.7021161E-07
  -19.0000  2.2465610E-05  5.8632512E-07  3.3713880E-05
  -18.0000  4.6518421E-06  1.0452884E-07  2.8104650E-06
  -17.0000  4.0820063E-06  2.2615295E-07  9.9840623E-07
  -16.0000  6.7385459E-06  1.1480593E-06  1.0754080E-06
  -15.0000  4.0001988E-05  7.1537979E-04  8.1553600E-05
  -14.0000  1.3316145E-05  1.9925609E-05  4.9766494E-06
  -13.0000  6.5276395E-07  4.6021638E-06  9.2163940E-06
  -12.0000  4.3213965E-06  3.5493130E-06  2.4495164E-04
  -11.0000  2.2498452E-05  3.4220717E-06  3.6119620E-05
  -10.0000  1.8496450E-04  6.3145781E-06  1.3814697E-05
  -9.00000  4.3931827E-02  3.9660174E-03  3.8028388E-03
  -8.00000  8.8209663E-04  4.2147251E-05  3.2989968E-05
  -7.00000  1.1611668E-01  1.9028409E-03  9.3169549E-02
  -6.00000  1.2848020E-03  1.1506854E-04  7.7685548E-04
  -5.00000  1.1086151E-03  5.0119736E-04  2.2542250E-03
  -4.00000  8.1969349E-03  1.0132605E-03  6.2449165E-04
  -3.00000  6.3282187E-04  1.6251103E-02  1.6846665E-03
  -2.00000  6.2858547E-04  3.7415174E-03  1.0104565E-03
  -1.00000  2.8275355E-04  1.6014627E-03  2.0067499E-04
   0.00000  1.4732176E-03  3.4545066E-03  8.8131401E-04
   1.00000  2.8335416E-02  4.0699704E-03  3.2185419E-02
   2.00000  6.7936038E-04  1.2282371E-03  6.4367361E-04
   3.00000  6.2892836E-04  1.5076428E-03  5.7046677E-04
   4.00000  8.8733882E-04  2.5475169E-03  8.9793668E-04
   5.00000  1.2929899E-03  4.2967973E-03  2.2710277E-03
   5.20000  1.5020016E-03  4.6978719E-03  3.0044372E-03
   5.40000  1.8690686E-03  5.1205866E-03  4.0685274E-03
   5.60000  2.2718826E-03  5.5912155E-03  5.6437711E-03
   5.80000  2.5995356E-03  6.1751489E-03  7.9007139E-03
   6.00000  2.8381578E-03  6.9747708E-03  1.0441766E-02
   6.20000  2.9959838E-03  7.9957366E-03  1.1913611E-02
   6.40000  3.1047709E-03  9.0480051E-03  1.1522462E-02
   6.60000  3.2108716E-03  9.9939122E-03  1.0183083E-02
   6.80000  3.3437591E-03  1.0870241E-02  8.8744221E-03
   7.00000  3.5257794E-03  1.1772687E-02  7.8449724E-03
   7.20000  3.7455737E-03  1.2706140E-02  6.9533011E-03
   7.40000  3.9705963E-03  1.3603505E-02  6.2696070E-03
   7.60000  4.2286712E-03  1.4498357E-02  5.7679353E-03
   7.80000  4.5395986E-03  1.5440569E-02  5.3357456E-03
   8.00000  4.9120246E-03  1.6525366E-02  4.9675853E-03
   8.20000  5.3521673E-03  1.7803546E-02  4.7055170E-03
   8.40000  5.8760589E-03  1.9391836E-02  4.5897046E-03
   8.60000  6.5091872E-03  2.1375291E-02  4.6459756E-03
   8.80000  7.2833960E-03  2.3844181E-02  4.8946396E-03
   9.00000  8.2342880E-03  2.6910986E-02  5.3605615E-03
   9.20000  9.4023307E-03  3.0712334E-02  6.0789946E-03
   9.40000  1.0830813E-02  3.5429646E-02  7.0986260E-03
   9.60000  1.2550515E-02  4.1273625E-02  8.4744947E-03
   9.80000  1.4542049E-02  4.8443205E-02  1.0237104E-02
   10.0000  1.6670806E-02  5.7017450E-02  1.2328443E-02
   10.2500  1.9051047E-02  6.9332782E-02  1.5049887E-02
   10.5000  2.0468488E-02  8.2061422E-02  1.7241710E-02
   10.7500  2.0818089E-02  9.2891532E-02  1.8575766E-02
   11.0000  2.0695445E-02  9.9027153E-02  1.9412533E-02
   11.2500  2.0673794E-02  9.8217657E-02  2.0264942E-02
   11.5000  2.0827977E-02  9.0438016E-02  2.1281178E-02
   11.7500  2.1487387E-02  7.9035719E-02  2.2584549E-02
   12.0000  2.2413995E-02  6.6913755E-02  2.4196526E-02
   12.2500  2.3511048E-02  5.6064488E-02  2.6013526E-02
   12.5000  2.4652820E-02  4.7127569E-02  2.8029131E-02
   12.7500  2.5734038E-02  4.0046621E-02  3.0208051E-02
   13.0000  2.6692501E-02  3.4523020E-02  3.2473453E-02
   13.2500  2.7480121E-02  3.0264053E-02  3.4640292E-02
   13.5000  2.8260197E-02  2.7106370E-02  3.6482843E-02
   13.7500  2.8506339E-02  2.4528337E-02  3.8138304E-02
   14.0000  2.9117814E-02  2.2431914E-02  3.9412965E-02
   14.2500  2.9765968E-02  2.0750694E-02  4.0110474E-02
   14.5000  3.0491244E-02  1.9387505E-02  4.0240723E-02
   14.7500  3.1326334E-02  1.8272647E-02  3.9906901E-02
   15.0000  3.2293154E-02  1.7357378E-02  3.9275634E-02
   15.2500  3.3408226E-02  1.6610637E-02  3.8534711E-02
   15.5000  3.4334785E-02  1.6003221E-02  3.7858671E-02
   15.7500  3.5828326E-02  1.5521971E-02  3.7358339E-02
   16.0000  3.7451461E-02  1.5148523E-02  3.7122424E-02
   16.2500  3.9173080E-02  1.4871886E-02  3.7204000E-02
   16.5000  4.0947911E-02  1.4683397E-02  3.7628665E-02
   16.7500  4.2715504E-02  1.4576593E-02  3.8398995E-02
   17.0000  4.4398276E-02  1.4546563E-02  3.9494585E-02
   17.2500  4.5906679E-02  1.4589790E-02  4.0868371E-02
   17.5000  4.7145108E-02  1.4704014E-02  4.2440591E-02
   17.7500  4.8027700E-02  1.4887905E-02  4.4095637E-02
   18.0000  4.8488929E-02  1.5139997E-02  4.5691090E-02
   18.2500  4.8506829E-02  1.5459423E-02  4.7069119E-02
   18.5000  4.8110665E-02  1.5844636E-02  4.8084053E-02
   18.7500  4.7379389E-02  1.6293689E-02  4.8636528E-02
   19.0000  4.6425033E-02  1.6803932E-02  4.8694171E-02
   19.2500  4.5370456E-02  1.7372751E-02  4.8293436E-02
   19.5000  4.4328574E-02  1.7997052E-02  4.7523786E-02
   19.7500  4.3387552E-02  1.8674019E-02  4.6502328E-02
   20.0000  4.2608326E-02  1.9401660E-02  4.5346584E-02
   21.0000  4.1466878E-02  2.2784526E-02  4.0987914E-02
   22.0000  4.2631773E-02  2.6763412E-02  3.8361984E-02
   23.0000  4.4049117E-02  3.0943442E-02  3.7070986E-02
   24.0000  4.4447309E-02  3.4773451E-02  3.6221600E-02
   25.0000  4.3673538E-02  3.7689140E-02  3.5307003E-02
   26.0000  4.1662491E-02  3.9415024E-02  3.4237143E-02
   27.0000  3.8467172E-02  3.9975434E-02  3.3023677E-02
   28.0000  3.4707184E-02  3.9467445E-02  3.1615865E-02
   29.0000  3.1272356E-02  3.8138597E-02  3.0126119E-02
   30.0000  2.8672667E-02  3.6400630E-02  2.8864035E-02
   31.0000  2.6942085E-02  3.4646947E-02  2.8062802E-02
   32.0000  2.5888308E-02  3.3089997E-02  2.7687862E-02
   33.0000  2.5303684E-02  3.1788899E-02  2.7564564E-02
   34.0000  2.5036650E-02  3.0704281E-02  2.7536487E-02
   35.0000  2.4998696E-02  2.9760709E-02  2.7515870E-02
   36.0000  2.5137548E-02  2.8881669E-02  2.7454647E-02
   37.0000  2.5421555E-02  2.7875796E-02  2.7266912E-02
   38.0000  2.5653746E-02  2.7011106E-02  2.7008487E-02
   39.0000  2.5747785E-02  2.6106943E-02  2.6647848E-02
   40.0000  2.5588336E-02  2.5098542E-02  2.6234936E-02
