  7709.000   27  1  1  1.9222038E-02 -4.6884316E+00 -3.2828512E-01  1  1  7.5663823E+03  8.0000000E+03  0.0000000E+00  1.1792254E+00  1.0000000E+00  0.0000000E+00  = E_edge, Z, n_edge, j_edge, Abs_before_edge, VO_interstitial, E_cut, ninit, ninit1, Epsii, UnitCell_Volume, Surface_ref, f0_forward, natomsym_f, abs_u_iso
    Energy   (100,001)      (010,001)      (001,110)   
  -25.0000  7.6312558E-09  3.5505143E-10  1.0088504E-09
  -24.0000  2.0559168E-08  6.6350258E-10  2.3263473E-09
  -23.0000  6.5949954E-08  1.3124345E-09  6.0287313E-09
  -22.0000  2.9093367E-07  2.9212178E-09  1.9068368E-08
  -21.0000  3.0259092E-06  1.3109413E-08  1.1213673E-07
  -20.0000  4.4693555E-05  4.5370009E-08  1.5462008E-06
  -19.0000  4.8456005E-06  2.1749806E-07  2.1589200E-05
  -18.0000  2.7167156E-06  7.0990547E-08  9.5558967E-07
  -17.0000  3.4667585E-06  2.2061972E-07  6.0074677E-07
  -16.0000  8.2588006E-06  1.1278632E-06  9.7117830E-07
  -15.0000  2.0120603E-03  7.4241432E-05  6.2680733E-05
  -14.0000  1.0918141E-06  2.2020570E-05  2.5812283E-06
  -13.0000  9.6223646E-07  4.6700203E-06  5.0697738E-06
  -12.0000  6.6343355E-06  2.9848493E-06  8.1109898E-05
  -11.0000  4.0223586E-05  4.4001689E-06  2.5891440E-05
  -10.0000  6.7262079E-04  7.5787252E-06  9.0546416E-06
  -9.00000  1.6217704E-03  1.6356227E-04  2.1547323E-03
  -8.00000  3.5160539E-04  3.2666109E-05  3.8424441E-05
  -7.00000  5.0927931E-04  1.5786619E-04  7.2845705E-04
  -6.00000  2.0815865E-03  4.3671754E-05  3.8892552E-04
  -5.00000  9.9286126E-02  2.2877651E-03  2.3327313E-02
  -4.00000  3.1157296E-03  8.6700037E-04  2.1334103E-04
  -3.00000  5.2176184E-04  6.0461801E-02  4.7065114E-03
  -2.00000  5.3865964E-04  3.7037673E-03  9.0561940E-04
  -1.00000  2.9899572E-04  1.5998287E-03  2.0903655E-04
   0.00000  6.5411078E-04  2.9577553E-03  7.2400116E-04
   1.00000  2.7911293E-02  2.7776511E-03  7.6003465E-03
   2.00000  5.5316200E-04  1.1038488E-03  3.6601550E-04
   3.00000  6.8333525E-04  1.5073337E-03  5.4214456E-04
   4.00000  1.0502671E-03  2.6091410E-03  9.6679754E-04
   5.00000  1.5751893E-03  4.5139329E-03  2.3386714E-03
   5.20000  1.6837633E-03  4.9700364E-03  3.0049808E-03
   5.40000  1.7907109E-03  5.4608238E-03  3.9628859E-03
   5.60000  1.8954281E-03  6.0072444E-03  5.2811914E-03
   5.80000  1.9947149E-03  6.6442020E-03  6.8763216E-03
   6.00000  2.0822060E-03  7.4073070E-03  8.3519240E-03
   6.20000  2.1530336E-03  8.2780750E-03  9.2203399E-03
   6.40000  2.2280969E-03  9.2158977E-03  9.3942948E-03
   6.60000  2.4004765E-03  1.0190372E-02  9.2235299E-03
   6.80000  2.8332879E-03  1.1200232E-02  9.0111300E-03
   7.00000  3.4396285E-03  1.2267588E-02  8.7857059E-03
   7.20000  3.8308131E-03  1.3417862E-02  8.5591583E-03
   7.40000  3.9952111E-03  1.4644566E-02  8.3973598E-03
   7.60000  4.0932395E-03  1.5947014E-02  8.2879745E-03
   7.80000  4.1997357E-03  1.7323044E-02  8.1795277E-03
   8.00000  4.3376666E-03  1.8780810E-02  8.0325373E-03
   8.20000  4.5149162E-03  2.0343142E-02  7.8427279E-03
   8.40000  4.7350770E-03  2.2058032E-02  7.6360294E-03
   8.60000  5.0003182E-03  2.3999824E-02  7.4610637E-03
   8.80000  5.3092805E-03  2.6264176E-02  7.3759289E-03
   9.00000  5.6559948E-03  2.8965784E-02  7.4365004E-03
   9.20000  6.0349630E-03  3.2223864E-02  7.6912275E-03
   9.40000  6.4472904E-03  3.6185190E-02  8.1759656E-03
   9.60000  6.8970849E-03  4.1006678E-02  8.9121016E-03
   9.80000  7.3876894E-03  4.6849804E-02  9.9038743E-03
   10.0000  7.9208632E-03  5.3849779E-02  1.1132189E-02
   10.2500  8.6506825E-03  6.4260681E-02  1.2915762E-02
   10.5000  9.4580393E-03  7.6037814E-02  1.4793311E-02
   10.7500  1.0355376E-02  8.7639074E-02  1.6518039E-02
   11.0000  1.1359599E-02  9.6346328E-02  1.7910971E-02
   11.2500  1.2490523E-02  9.9243583E-02  1.8978916E-02
   11.5000  1.3773339E-02  9.4881023E-02  1.9837032E-02
   11.7500  1.5172312E-02  8.4480769E-02  2.0422840E-02
   12.0000  1.6740064E-02  7.2444671E-02  2.1416709E-02
   12.2500  1.8428019E-02  6.0624865E-02  2.2527063E-02
   12.5000  2.0199212E-02  5.0428287E-02  2.3827031E-02
   12.7500  2.2008008E-02  4.2217628E-02  2.5350419E-02
   13.0000  2.3805876E-02  3.5831625E-02  2.7066217E-02
   13.2500  2.5548557E-02  3.0937327E-02  2.8882545E-02
   13.5000  2.7201768E-02  2.7200924E-02  3.0664276E-02
   13.7500  2.8435838E-02  2.4458782E-02  3.2192837E-02
   14.0000  2.9808220E-02  2.2376627E-02  3.3458406E-02
   14.2500  3.1098007E-02  2.0627543E-02  3.4273581E-02
   14.5000  3.2272395E-02  1.9285864E-02  3.4865464E-02
   14.7500  3.3333514E-02  1.8232476E-02  3.5049605E-02
   15.0000  3.4287729E-02  1.7400636E-02  3.4931798E-02
   15.2500  3.5150197E-02  1.6743355E-02  3.4648905E-02
   15.5000  3.5953000E-02  1.6226923E-02  3.4340145E-02
   15.7500  3.6716250E-02  1.5823813E-02  3.4125275E-02
   16.0000  3.7489570E-02  1.5518763E-02  3.4102995E-02
   16.2500  3.8316409E-02  1.5300102E-02  3.4347337E-02
   16.5000  3.9234062E-02  1.5160030E-02  3.4914857E-02
   16.7500  4.0269924E-02  1.5093276E-02  3.5847828E-02
   17.0000  4.1434466E-02  1.5096264E-02  3.7176912E-02
   17.2500  4.2715527E-02  1.5166506E-02  3.8915639E-02
   17.5000  4.4073724E-02  1.5301459E-02  4.1051400E-02
   17.7500  4.5441786E-02  1.5499907E-02  4.3536282E-02
   18.0000  4.6723863E-02  1.5759159E-02  4.6273987E-02
   18.2500  4.7806746E-02  1.6076764E-02  4.9102642E-02
   18.5000  4.8577344E-02  1.6449766E-02  5.1804722E-02
   18.7500  4.8947783E-02  1.6875402E-02  5.4133009E-02
   19.0000  4.8874468E-02  1.7350719E-02  5.5859765E-02
   19.2500  4.8366915E-02  1.7872855E-02  5.6832647E-02
   19.5000  4.7483477E-02  1.8439461E-02  5.7009864E-02
   19.7500  4.6315571E-02  1.9048831E-02  5.6461159E-02
   20.0000  4.4967312E-02  1.9698420E-02  5.5334112E-02
   21.0000  3.9625302E-02  2.2664848E-02  4.8465074E-02
   22.0000  3.6979582E-02  2.6145197E-02  4.2596036E-02
   23.0000  3.7991391E-02  3.0036033E-02  3.9025039E-02
   24.0000  4.1848629E-02  3.4140264E-02  3.6950224E-02
   25.0000  4.6620495E-02  3.7884357E-02  3.5649729E-02
   26.0000  5.0058566E-02  4.0407823E-02  3.4737322E-02
   27.0000  5.0038797E-02  4.1171220E-02  3.3928432E-02
   28.0000  4.5872795E-02  4.0331128E-02  3.2964389E-02
   29.0000  3.9653766E-02  3.8512686E-02  3.1804514E-02
   30.0000  3.4203520E-02  3.6356767E-02  3.0707460E-02
   31.0000  3.0549378E-02  3.4290502E-02  2.9956268E-02
   32.0000  2.8377984E-02  3.2496858E-02  2.9595801E-02
   33.0000  2.7147071E-02  3.1021496E-02  2.9489814E-02
   34.0000  2.6531420E-02  2.9676914E-02  2.9491778E-02
   35.0000  2.6168275E-02  2.8722680E-02  2.9488734E-02
   36.0000  2.5954911E-02  2.7904256E-02  2.9434791E-02
   37.0000  2.5804402E-02  2.7151829E-02  2.9294263E-02
   38.0000  2.5654942E-02  2.6419782E-02  2.9034178E-02
   39.0000  2.5462496E-02  2.5682080E-02  2.8624063E-02
   40.0000  2.5209461E-02  2.4913173E-02  2.8045713E-02
