  7709.000   27  1  1  1.9222038E-02 -5.3000018E+00 -4.2846568E-01  1  1  7.5663066E+03  8.0000000E+03  0.0000000E+00  1.1792254E+00  1.0000000E+00  0.0000000E+00  = E_edge, Z, n_edge, j_edge, Abs_before_edge, VO_interstitial, E_cut, ninit, ninit1, Epsii, UnitCell_Volume, Surface_ref, f0_forward, natomsym_f, abs_u_iso
    Energy   (100,001)      (010,001)      (001,110)   
  -25.0000  5.5379306E-09  3.4304217E-10  9.8136826E-10
  -24.0000  1.4025865E-08  6.3379722E-10  2.2022706E-09
  -23.0000  4.0823962E-08  1.2220001E-09  5.4417781E-09
  -22.0000  1.4955359E-07  2.5024677E-09  1.5507524E-08
  -21.0000  8.9076054E-07  5.7982834E-09  5.6665086E-08
  -20.0000  5.4851523E-05  4.6587052E-07  4.4628880E-06
  -19.0000  8.1686583E-06  2.9626725E-07  2.9663159E-05
  -18.0000  3.3667186E-06  7.4639979E-08  2.2318035E-06
  -17.0000  3.3823710E-06  2.0831654E-07  9.2154791E-07
  -16.0000  6.0671741E-06  1.0404742E-06  8.6044712E-07
  -15.0000  5.6481348E-05  4.5533065E-04  9.6689515E-06
  -14.0000  3.6566665E-06  2.6356723E-05  2.0439839E-06
  -13.0000  6.0911264E-07  4.9135402E-06  5.6538486E-06
  -12.0000  4.5633286E-06  3.1493791E-06  8.9454881E-05
  -11.0000  2.1781264E-05  4.1520874E-06  3.5296078E-05
  -10.0000  1.7978674E-04  5.8891473E-06  9.6250413E-06
  -9.00000  5.1098662E-03  1.7374411E-03  9.0397119E-04
  -8.00000  5.7173815E-04  3.9928922E-05  3.9026575E-05
  -7.00000  2.8270606E-04  1.7305299E-05  2.5606659E-04
  -6.00000  1.0328022E-03  8.3587702E-05  4.0760150E-04
  -5.00000  5.9856533E-01  6.2223139E-04  2.8211429E-03
  -4.00000  1.5223686E-02  5.2113002E-04  7.3317007E-04
  -3.00000  1.4505282E-03  2.7627563E-01  3.5462216E-02
  -2.00000  8.2594602E-04  4.3576994E-03  1.3722950E-03
  -1.00000  3.2171204E-04  1.7057515E-03  3.0360989E-04
   0.00000  3.0976659E-04  2.0122036E-03  3.5713272E-04
   1.00000  6.6901828E-03  1.1237308E-03  3.3070514E-03
   2.00000  4.6497010E-04  1.0355216E-03  2.9730097E-04
   3.00000  6.7851925E-04  1.3655689E-03  3.8725803E-04
   4.00000  1.1451122E-03  2.2756060E-03  5.8349150E-04
   5.00000  1.7203511E-03  3.8268269E-03  9.6440702E-04
   5.20000  1.8149121E-03  4.1859478E-03  1.0829384E-03
   5.40000  1.9029501E-03  4.5591573E-03  1.2248945E-03
   5.60000  2.0021503E-03  4.9496872E-03  1.3984602E-03
   5.80000  2.1662414E-03  5.3664932E-03  1.6158340E-03
   6.00000  2.5225001E-03  5.8218111E-03  1.8949925E-03
   6.20000  3.2462877E-03  6.3302212E-03  2.2608200E-03
   6.40000  4.2404704E-03  6.9111222E-03  2.7465249E-03
   6.60000  4.9879054E-03  7.5913000E-03  3.3929483E-03
   6.80000  5.2994187E-03  8.4018449E-03  4.2382883E-03
   7.00000  5.4017726E-03  9.3744028E-03  5.2909717E-03
   7.20000  5.4444329E-03  1.0515847E-02  6.4995044E-03
   7.40000  5.4995762E-03  1.1801858E-02  7.7320750E-03
   7.60000  5.5923603E-03  1.3200258E-02  8.8356827E-03
   7.80000  5.7349278E-03  1.4650960E-02  9.6883191E-03
   8.00000  5.9333751E-03  1.6160397E-02  1.0268336E-02
   8.20000  6.1925878E-03  1.7758906E-02  1.0603501E-02
   8.40000  6.5111765E-03  1.9499137E-02  1.0737666E-02
   8.60000  6.8839631E-03  2.1450589E-02  1.0712452E-02
   8.80000  7.3126308E-03  2.3697473E-02  1.0577555E-02
   9.00000  7.8012237E-03  2.6347913E-02  1.0384665E-02
   9.20000  8.3459936E-03  2.9526179E-02  1.0188671E-02
   9.40000  8.9342898E-03  3.3366879E-02  1.0037357E-02
   9.60000  9.5457744E-03  3.7998956E-02  9.9627258E-03
   9.80000  1.0162381E-02  4.3519458E-02  9.9772531E-03
   10.0000  1.0780663E-02  4.9974229E-02  1.0082466E-02
   10.2500  1.1574933E-02  5.9277765E-02  1.0338304E-02
   10.5000  1.2432124E-02  6.9547851E-02  1.0730643E-02
   10.7500  1.3399340E-02  7.9850373E-02  1.1262444E-02
   11.0000  1.4522311E-02  8.8651103E-02  1.1942045E-02
   11.2500  1.5839320E-02  9.3940383E-02  1.2783648E-02
   11.5000  1.7302904E-02  9.3155394E-02  1.3791302E-02
   11.7500  1.8957038E-02  8.7346165E-02  1.5147803E-02
   12.0000  2.0857212E-02  7.8072762E-02  1.6815216E-02
   12.2500  2.2868243E-02  6.7410122E-02  1.8870940E-02
   12.5000  2.4887021E-02  5.7203722E-02  2.1384441E-02
   12.7500  2.6728713E-02  4.8500765E-02  2.4207940E-02
   13.0000  2.8269362E-02  4.1434151E-02  2.7499450E-02
   13.2500  2.9491753E-02  3.5780978E-02  3.1125103E-02
   13.5000  3.0461297E-02  3.1399346E-02  3.5197631E-02
   13.7500  3.1183380E-02  2.8035090E-02  3.9096510E-02
   14.0000  3.1718596E-02  2.5455139E-02  4.2406568E-02
   14.2500  3.2132468E-02  2.3459308E-02  4.4759075E-02
   14.5000  3.2483538E-02  2.1886529E-02  4.5965696E-02
   14.7500  3.2821055E-02  2.0621981E-02  4.6088832E-02
   15.0000  3.3175953E-02  1.9580838E-02  4.5387212E-02
   15.2500  3.3580335E-02  1.8719516E-02  4.4220078E-02
   15.5000  3.4057906E-02  1.8011122E-02  4.2923662E-02
   15.7500  3.4629068E-02  1.7438772E-02  4.1756910E-02
   16.0000  3.5310980E-02  1.6991293E-02  4.0891270E-02
   16.2500  3.6116189E-02  1.6659043E-02  4.0428466E-02
   16.5000  3.7051490E-02  1.6433313E-02  4.0423266E-02
   16.7500  3.8116819E-02  1.6306299E-02  4.0900109E-02
   17.0000  3.9303810E-02  1.6270112E-02  4.1863017E-02
   17.2500  4.0592535E-02  1.6317183E-02  4.3295170E-02
   17.5000  4.1951998E-02  1.6439727E-02  4.5152074E-02
   17.7500  4.3336907E-02  1.6630503E-02  4.7347849E-02
   18.0000  4.4690255E-02  1.6882476E-02  4.9742459E-02
   18.2500  4.5943809E-02  1.7188749E-02  5.2138226E-02
   18.5000  4.7021379E-02  1.7543546E-02  5.4295790E-02
   18.7500  4.7849169E-02  1.7943552E-02  5.5976359E-02
   19.0000  4.8369204E-02  1.8387538E-02  5.6993762E-02
   19.2500  4.8551087E-02  1.8875110E-02  5.7264088E-02
   19.5000  4.8397857E-02  1.9406674E-02  5.6821366E-02
   19.7500  4.7948426E-02  1.9981963E-02  5.5792683E-02
   20.0000  4.7269536E-02  2.0599723E-02  5.4351951E-02
   21.0000  4.3871910E-02  2.3422765E-02  4.7510335E-02
   22.0000  4.1917351E-02  2.6596521E-02  4.2224533E-02
   23.0000  4.1876528E-02  2.9855350E-02  3.8880929E-02
   24.0000  4.2631941E-02  3.2902350E-02  3.6779736E-02
   25.0000  4.3376794E-02  3.5390542E-02  3.5447477E-02
   26.0000  4.3849928E-02  3.7024502E-02  3.4513341E-02
   27.0000  4.3633175E-02  3.7673170E-02  3.3578781E-02
   28.0000  4.1444585E-02  3.7282367E-02  3.2071547E-02
   29.0000  3.8294559E-02  3.6404500E-02  3.0663154E-02
   30.0000  3.4822313E-02  3.5313756E-02  2.9528914E-02
   31.0000  3.1981028E-02  3.4233609E-02  2.8964618E-02
   32.0000  3.0073987E-02  3.3276057E-02  2.8937861E-02
   33.0000  2.8958853E-02  3.2450693E-02  2.9214230E-02
   34.0000  2.8393482E-02  3.1720789E-02  2.9569505E-02
   35.0000  2.8155647E-02  3.1015082E-02  2.9880907E-02
   36.0000  2.8058367E-02  3.0256635E-02  3.0103421E-02
   37.0000  2.7965458E-02  2.9392205E-02  3.0210807E-02
   38.0000  2.7785517E-02  2.8391199E-02  3.0159548E-02
   39.0000  2.7445741E-02  2.7262333E-02  2.9880625E-02
   40.0000  2.6869635E-02  2.6032545E-02  2.9287992E-02
