  7709.000   27  1  1  1.9222038E-02 -2.6523198E+00 -5.9506100E-02  1  1  7.5679463E+03  8.0000000E+03  0.0000000E+00  1.1792254E+00  1.0000000E+00  0.0000000E+00  = E_edge, Z, n_edge, j_edge, Abs_before_edge, VO_interstitial, E_cut, ninit, ninit1, Epsii, UnitCell_Volume, Surface_ref, f0_forward, natomsym_f, abs_u_iso
    Energy   (100,001)      (010,001)      (001,110)   
  -25.0000  3.5737493E-10  2.1308794E-10  7.9839781E-11
  -24.0000  7.0230009E-10  3.9382602E-10  1.4630561E-10
  -23.0000  1.4437443E-09  7.5708124E-10  2.7802424E-10
  -22.0000  3.1374415E-09  1.5270642E-09  5.5200258E-10
  -21.0000  7.3220089E-09  3.2730769E-09  1.1575258E-09
  -20.0000  1.8821594E-08  7.6052055E-09  2.6070553E-09
  -19.0000  5.5798119E-08  1.9845969E-08  6.4948029E-09
  -18.0000  2.1093666E-07  6.2376588E-08  1.9103518E-08
  -17.0000  1.4260505E-06  2.8352600E-07  8.9248946E-08
  -16.0000  5.2259385E-05  6.0999504E-06  2.6581530E-06
  -15.0000  1.8987281E-05  8.7280197E-06  2.8618555E-05
  -14.0000  5.0515907E-06  1.4899813E-06  3.1327609E-06
  -13.0000  4.6528865E-06  9.5972971E-07  1.1843609E-06
  -12.0000  7.2395069E-06  9.4307594E-07  1.1218160E-06
  -11.0000  2.3322175E-05  1.5109704E-06  2.6837727E-06
  -10.0000  2.6899071E-04  4.2649817E-06  4.7792165E-05
  -9.00000  1.2014636E-06  2.1624551E-06  1.0812089E-05
  -8.00000  6.3854211E-06  6.3004508E-06  1.1268490E-04
  -7.00000  3.9193391E-05  3.1020060E-05  5.5605279E-05
  -6.00000  1.4889693E-03  2.8658968E-02  4.4692007E-03
  -5.00000  3.0223226E-02  2.0133199E-02  1.2037929E-03
  -4.00000  1.4769167E-03  1.3827330E-02  2.5238845E-03
  -3.00000  1.2774452E-02  2.3081762E-02  5.6399988E-03
  -2.00000  1.3000061E-02  7.6765801E-03  8.0311357E-03
  -1.00000  1.4376227E-02  8.3918899E-04  1.0451469E-03
   0.00000  9.5656320E-02  6.5328967E-04  3.1312031E-02
   1.00000  3.3705915E-03  2.0233073E-03  1.0313574E-03
   2.00000  1.1718370E-03  4.5076383E-04  6.2401293E-04
   3.00000  2.1814558E-02  2.0437109E-03  2.2397218E-02
   4.00000  1.0025257E-03  6.9721364E-04  9.1934377E-04
   5.00000  8.3307435E-04  1.0669383E-03  6.9905706E-04
   5.20000  8.4520786E-04  1.1932626E-03  6.9396684E-04
   5.40000  8.6536213E-04  1.3447083E-03  6.9409118E-04
   5.60000  8.0045495E-04  1.5242813E-03  6.6546663E-04
   5.80000  8.4003931E-04  1.7567832E-03  6.9034681E-04
   6.00000  8.8633993E-04  2.0295047E-03  7.2065771E-04
   6.20000  9.3904059E-04  2.3430252E-03  7.5720952E-04
   6.40000  9.9834752E-04  2.6976859E-03  8.0143679E-04
   6.60000  1.0643527E-03  3.0918480E-03  8.5521809E-04
   6.80000  1.1374037E-03  3.5239665E-03  9.2102330E-04
   7.00000  1.2179316E-03  3.9928311E-03  1.0020428E-03
   7.20000  1.3060515E-03  4.4974043E-03  1.1021737E-03
   7.40000  1.4025031E-03  5.0409458E-03  1.2265497E-03
   7.60000  1.5085424E-03  5.6310858E-03  1.3818020E-03
   7.80000  1.6259394E-03  6.2808741E-03  1.5765569E-03
   8.00000  1.7599227E-03  7.0108456E-03  1.8118669E-03
   8.20000  1.9086788E-03  7.8447439E-03  2.1231310E-03
   8.40000  2.0839661E-03  8.8282691E-03  2.4516437E-03
   8.60000  2.2826698E-03  9.9931072E-03  2.9444790E-03
   8.80000  2.5101659E-03  1.1343436E-02  3.3891483E-03
   9.00000  2.7893437E-03  1.3037434E-02  4.1575480E-03
   9.20000  3.1302336E-03  1.5105209E-02  5.1442171E-03
   9.40000  3.5571920E-03  1.7652187E-02  6.4061403E-03
   9.60000  4.0870953E-03  2.0761383E-02  8.0046268E-03
   9.80000  4.7428629E-03  2.4534099E-02  9.9885754E-03
   10.0000  5.5424075E-03  2.9065627E-02  1.2375685E-02
   10.2500  6.7536228E-03  3.5892325E-02  1.5857196E-02
   10.5000  8.2098951E-03  4.3946964E-02  1.9616814E-02
   10.7500  9.9691756E-03  5.2693611E-02  2.3083032E-02
   11.0000  1.1976595E-02  6.0818498E-02  2.5465225E-02
   11.2500  1.3661658E-02  6.6791262E-02  2.6136265E-02
   11.5000  1.4386132E-02  7.0564388E-02  2.5268128E-02
   11.7500  1.4448179E-02  7.3837735E-02  2.3717178E-02
   12.0000  1.4397124E-02  7.8192019E-02  2.2091368E-02
   12.2500  1.4333802E-02  8.3480477E-02  2.0661543E-02
   12.5000  1.4167125E-02  8.6278530E-02  1.9475529E-02
   12.7500  1.3892623E-02  8.2206471E-02  1.8469938E-02
   13.0000  1.3596131E-02  7.2135319E-02  1.7663254E-02
   13.2500  1.3369195E-02  6.0568526E-02  1.7114360E-02
   13.5000  1.3279396E-02  5.0378201E-02  1.6830374E-02
   13.7500  1.3362848E-02  4.2264386E-02  1.6784282E-02
   14.0000  1.3624477E-02  3.6010362E-02  1.6955143E-02
   14.2500  1.4049343E-02  3.1211827E-02  1.7338841E-02
   14.5000  1.4606869E-02  2.7505116E-02  1.7933297E-02
   14.7500  1.5265606E-02  2.4607814E-02  1.8730728E-02
   15.0000  1.5991985E-02  2.2305480E-02  1.9705372E-02
   15.2500  1.6752566E-02  2.0431562E-02  2.0809138E-02
   15.5000  1.7517978E-02  1.8859011E-02  2.1977531E-02
   15.7500  1.8264089E-02  1.7499633E-02  2.3141336E-02
   16.0000  1.8974410E-02  1.6309029E-02  2.4242288E-02
   16.2500  1.9640818E-02  1.5279040E-02  2.5243269E-02
   16.5000  2.0268317E-02  1.4420754E-02  2.6133509E-02
   16.7500  2.0874642E-02  1.3744671E-02  2.6933715E-02
   17.0000  2.1491556E-02  1.3247629E-02  2.7697087E-02
   17.2500  2.2159407E-02  1.2909464E-02  2.8498299E-02
   17.5000  2.2924532E-02  1.2699224E-02  2.9426205E-02
   17.7500  2.3826234E-02  1.2580891E-02  3.0565941E-02
   18.0000  2.4900406E-02  1.2524892E-02  3.1998527E-02
   18.2500  2.6171513E-02  1.2510527E-02  3.3795394E-02
   18.5000  2.7652996E-02  1.2526741E-02  3.6013488E-02
   18.7500  2.9346773E-02  1.2571156E-02  3.8683768E-02
   19.0000  3.1239681E-02  1.2646673E-02  4.1786736E-02
   19.2500  3.3296688E-02  1.2760425E-02  4.5218252E-02
   19.5000  3.5454873E-02  1.2923040E-02  4.8753943E-02
   19.7500  3.7625132E-02  1.3148921E-02  5.2041126E-02
   20.0000  3.9708015E-02  1.3454244E-02  5.4646916E-02
   21.0000  4.6239200E-02  1.5663974E-02  5.3491859E-02
   22.0000  5.2734693E-02  1.9323045E-02  4.2819743E-02
   23.0000  5.1761348E-02  2.4174304E-02  3.5471106E-02
   24.0000  4.6653153E-02  2.9843979E-02  3.1979074E-02
   25.0000  4.1925640E-02  3.5503585E-02  3.0694365E-02
   26.0000  3.9065818E-02  4.0132863E-02  3.0422679E-02
   27.0000  3.7674759E-02  4.2683154E-02  3.0370697E-02
   28.0000  3.7022299E-02  4.2685183E-02  3.0173305E-02
   29.0000  3.6459715E-02  4.0872427E-02  2.9775839E-02
   30.0000  3.5480507E-02  3.8423491E-02  2.9312799E-02
   31.0000  3.4093851E-02  3.5892017E-02  2.8909184E-02
   32.0000  3.2518735E-02  3.3622422E-02  2.8760240E-02
   33.0000  3.1195965E-02  3.1721811E-02  2.8806523E-02
   34.0000  3.0231945E-02  3.0174255E-02  2.9003744E-02
   35.0000  2.9583222E-02  2.8964355E-02  2.9189941E-02
   36.0000  2.9130276E-02  2.8046874E-02  2.9250262E-02
   37.0000  2.8733372E-02  2.7362085E-02  2.9144250E-02
   38.0000  2.8284457E-02  2.6855121E-02  2.8888293E-02
   39.0000  2.7711933E-02  2.6440015E-02  2.8492691E-02
   40.0000  2.7013638E-02  2.6017181E-02  2.7969064E-02
