  7709.000   27  1  1  1.9222038E-02 -4.6845045E+00 -3.5577493E-01  1  1  7.5661842E+03  8.0000000E+03  0.0000000E+00  1.1792254E+00  1.0000000E+00  0.0000000E+00  = E_edge, Z, n_edge, j_edge, Abs_before_edge, VO_interstitial, E_cut, ninit, ninit1, Epsii, UnitCell_Volume, Surface_ref, f0_forward, natomsym_f, abs_u_iso
    Energy   (100,001)      (010,001)      (001,110)   
  -25.0000  1.0281183E-08  2.7535243E-10  6.2125420E-10
  -24.0000  3.0376167E-08  5.1153442E-10  1.4204184E-09
  -23.0000  1.1541393E-07  1.0211816E-09  3.6418838E-09
  -22.0000  7.7342100E-07  2.5739317E-09  1.1263200E-08
  -21.0000  4.8513393E-04  4.4173167E-06  1.8378094E-06
  -20.0000  3.5829747E-06  1.4659391E-08  5.1109580E-07
  -19.0000  1.7558296E-06  3.9032000E-08  3.1051260E-06
  -18.0000  1.7762052E-06  4.8101292E-08  3.8129582E-07
  -17.0000  2.8731544E-06  1.4614678E-07  2.4654163E-07
  -16.0000  1.0644998E-05  6.6209504E-07  2.8091957E-07
  -15.0000  2.8694310E-05  1.2125842E-05  5.1704846E-07
  -14.0000  2.2231333E-07  1.0840898E-04  1.6378789E-06
  -13.0000  1.2932026E-06  4.6469782E-06  1.6042790E-06
  -12.0000  7.7759107E-06  2.4330119E-06  2.4089334E-05
  -11.0000  5.7404157E-05  3.7815796E-06  1.0324177E-05
  -10.0000  1.0148041E-01  4.1599750E-05  1.3731611E-04
  -9.00000  2.6703795E-04  1.0924001E-05  3.7488412E-06
  -8.00000  6.2592750E-05  4.9942337E-05  3.2956188E-06
  -7.00000  5.5769336E-03  6.4643259E-05  1.5367953E-04
  -6.00000  7.7440047E-04  3.2032235E-05  1.3486741E-04
  -5.00000  3.5991872E-04  1.4939774E-04  1.6505760E-04
  -4.00000  2.6849539E-02  1.7495633E-03  2.2357882E-02
  -3.00000  1.0894411E-03  3.7650549E-02  9.0165993E-04
  -2.00000  4.7147897E-04  1.4264715E-02  4.9312788E-03
  -1.00000  3.2015791E-04  1.7588033E-03  1.7049226E-04
   0.00000  7.6742960E-04  6.3991102E-03  5.3279745E-04
   1.00000  3.0983109E-04  9.8222028E-04  1.6561595E-04
   2.00000  3.2196332E-04  9.6765087E-04  2.0466565E-04
   3.00000  4.4052922E-04  1.2273709E-03  3.4165351E-04
   4.00000  6.7815532E-04  1.8767740E-03  6.3773435E-04
   5.00000  1.0573509E-03  3.0944184E-03  1.2577206E-03
   5.20000  1.1471203E-03  3.4281884E-03  1.4626214E-03
   5.40000  1.2398226E-03  3.8001452E-03  1.7145172E-03
   5.60000  1.3353274E-03  4.2202175E-03  2.0257308E-03
   5.80000  1.4332613E-03  4.6991332E-03  2.4123634E-03
   6.00000  1.5341722E-03  5.2494008E-03  2.8938137E-03
   6.20000  1.6394855E-03  5.8869920E-03  3.4929122E-03
   6.40000  1.7513633E-03  6.6328911E-03  4.2357090E-03
   6.60000  1.8731128E-03  7.5143033E-03  5.1507029E-03
   6.80000  2.0094445E-03  8.5663559E-03  6.2673263E-03
   7.00000  2.1673020E-03  9.8386878E-03  7.6113372E-03
   7.20000  2.3552802E-03  1.1406122E-02  9.1965589E-03
   7.40000  2.5843055E-03  1.3341229E-02  1.1035096E-02
   7.60000  2.8733571E-03  1.5739805E-02  1.3115820E-02
   7.80000  3.2516783E-03  1.8707704E-02  1.5396579E-02
   8.00000  3.7642867E-03  2.2352810E-02  1.7788626E-02
   8.20000  4.4730874E-03  2.6793894E-02  2.0130353E-02
   8.40000  5.4409772E-03  3.2086978E-02  2.2203690E-02
   8.60000  6.6453869E-03  3.8066222E-02  2.3731565E-02
   8.80000  7.8778787E-03  4.3832276E-02  2.4532607E-02
   9.00000  8.8762551E-03  4.7125177E-02  2.4737538E-02
   9.20000  9.6335041E-03  4.8116036E-02  2.4673322E-02
   9.40000  1.0329159E-02  4.9977826E-02  2.4582396E-02
   9.60000  1.1111712E-02  5.4080294E-02  2.4700905E-02
   9.80000  1.2033316E-02  6.0026253E-02  2.5319355E-02
   10.0000  1.3099333E-02  6.7334634E-02  2.6637877E-02
   10.2500  1.4659961E-02  7.7486169E-02  2.9371060E-02
   10.5000  1.6540272E-02  8.6665843E-02  3.3164819E-02
   10.7500  1.8815444E-02  9.1550375E-02  3.7535083E-02
   11.0000  2.1546552E-02  8.9948447E-02  4.1720840E-02
   11.2500  2.4767862E-02  8.2830612E-02  4.5021329E-02
   11.5000  2.8463443E-02  7.3005142E-02  4.7137346E-02
   11.7500  3.2528007E-02  6.2802528E-02  4.8191199E-02
   12.0000  3.6731594E-02  5.3411020E-02  4.8511278E-02
   12.2500  4.0724529E-02  4.5242187E-02  4.8394469E-02
   12.5000  4.4059407E-02  3.8215865E-02  4.8065188E-02
   12.7500  4.6357685E-02  3.2435115E-02  4.7771851E-02
   13.0000  4.7692795E-02  2.7905616E-02  4.7090846E-02
   13.2500  4.8169741E-02  2.4345467E-02  4.6089315E-02
   13.5000  4.8059270E-02  2.1597197E-02  4.4808334E-02
   13.7500  4.7646261E-02  1.9502098E-02  4.3337062E-02
   14.0000  4.6973607E-02  1.7951305E-02  4.1539979E-02
   14.2500  4.6578931E-02  1.6758650E-02  3.9711715E-02
   14.5000  4.6389942E-02  1.5844261E-02  3.8407084E-02
   14.7500  4.6415349E-02  1.5150560E-02  3.7356726E-02
   15.0000  4.6674290E-02  1.4628624E-02  3.6610344E-02
   15.2500  4.7170556E-02  1.4244605E-02  3.6195962E-02
   15.5000  4.7904704E-02  1.3976006E-02  3.6129652E-02
   15.7500  4.8845588E-02  1.3804338E-02  3.6406192E-02
   16.0000  4.9979777E-02  1.3721142E-02  3.7010611E-02
   16.2500  5.1277822E-02  1.3720168E-02  3.7907089E-02
   16.5000  5.2699088E-02  1.3797706E-02  3.9034703E-02
   16.7500  5.4189873E-02  1.3952522E-02  4.0301690E-02
   17.0000  5.5673790E-02  1.4183771E-02  4.1587259E-02
   17.2500  5.7050461E-02  1.4490484E-02  4.2753595E-02
   17.5000  5.8195269E-02  1.4870829E-02  4.3668458E-02
   17.7500  5.8968463E-02  1.5322480E-02  4.4233454E-02
   18.0000  5.9234545E-02  1.5842690E-02  4.4402737E-02
   18.2500  5.8893085E-02  1.6428939E-02  4.4192437E-02
   18.5000  5.7906396E-02  1.7077816E-02  4.3665116E-02
   18.7500  5.6315070E-02  1.7785124E-02  4.2905729E-02
   19.0000  5.4237401E-02  1.8547726E-02  4.2003084E-02
   19.2500  5.1847098E-02  1.9361822E-02  4.1034852E-02
   19.5000  4.9331560E-02  2.0222267E-02  4.0060659E-02
   19.7500  4.6858581E-02  2.1124802E-02  3.9122251E-02
   20.0000  4.4556525E-02  2.2063915E-02  3.8247070E-02
   21.0000  3.8185571E-02  2.6067665E-02  3.5540924E-02
   22.0000  3.5812161E-02  3.0643901E-02  3.3937827E-02
   23.0000  3.5882464E-02  3.4534483E-02  3.2893724E-02
   24.0000  3.5785531E-02  3.7695869E-02  3.2002357E-02
   25.0000  3.4311861E-02  3.9587629E-02  3.1119437E-02
   26.0000  3.1816302E-02  3.9845714E-02  3.0198267E-02
   27.0000  2.9371589E-02  3.8711978E-02  2.9237418E-02
   28.0000  2.7571774E-02  3.6818448E-02  2.8315618E-02
   29.0000  2.6387843E-02  3.4725836E-02  2.7591558E-02
   30.0000  2.5606726E-02  3.2751317E-02  2.7146324E-02
   31.0000  2.5061397E-02  3.1045491E-02  2.6896550E-02
   32.0000  2.4647661E-02  2.9687733E-02  2.6707955E-02
   33.0000  2.4235719E-02  2.8663111E-02  2.6464739E-02
   34.0000  2.3720256E-02  2.7914343E-02  2.6122934E-02
   35.0000  2.3014035E-02  2.7354314E-02  2.5663033E-02
   36.0000  2.2090231E-02  2.6896549E-02  2.5052243E-02
   37.0000  2.1022715E-02  2.6447568E-02  2.4244411E-02
   38.0000  1.9963909E-02  2.5883191E-02  2.3187886E-02
   39.0000  1.9058996E-02  2.5078262E-02  2.1860984E-02
   40.0000  1.8376181E-02  2.3999764E-02  2.0329240E-02
