  7709.000   27  1  1  1.9222038E-02 -4.9187195E+00 -3.7383497E-01  1  1  7.5665169E+03  8.0000000E+03  0.0000000E+00  1.1792254E+00  1.0000000E+00  0.0000000E+00  = E_edge, Z, n_edge, j_edge, Abs_before_edge, VO_interstitial, E_cut, ninit, ninit1, Epsii, UnitCell_Volume, Surface_ref, f0_forward, natomsym_f, abs_u_iso
    Energy   (100,001)      (010,001)      (001,110)   
  -25.0000  4.8667242E-09  3.3515075E-10  1.2168142E-09
  -24.0000  1.2185711E-08  6.2073525E-10  2.8039802E-09
  -23.0000  3.4948580E-08  1.1998712E-09  7.2125672E-09
  -22.0000  1.2539387E-07  2.4618468E-09  2.1982047E-08
  -21.0000  7.1886423E-07  5.6252313E-09  9.1256366E-08
  -20.0000  3.2442599E-05  2.4574890E-08  8.6200692E-07
  -19.0000  7.3252130E-06  1.3375335E-07  1.4700947E-05
  -18.0000  2.7436607E-06  6.7574676E-08  1.0823719E-06
  -17.0000  2.5603805E-06  2.1230208E-07  6.7895351E-07
  -16.0000  3.9645893E-06  1.0746368E-06  7.4188202E-07
  -15.0000  1.5954879E-05  2.6232433E-05  1.5515512E-06
  -14.0000  7.2171662E-06  1.5048537E-05  2.1086246E-06
  -13.0000  5.2421349E-07  4.1288608E-06  8.5004670E-06
  -12.0000  5.9917545E-06  7.8687092E-06  2.1865890E-02
  -11.0000  1.9650592E-05  3.3702972E-06  1.4738244E-05
  -10.0000  1.4299376E-04  5.5574709E-06  8.1126134E-06
  -9.00000  6.0520576E-02  2.3318341E-04  1.1074871E-04
  -8.00000  5.3064331E-04  3.5572987E-05  2.1303178E-05
  -7.00000  2.1827138E-02  1.0650337E-04  1.2012638E-02
  -6.00000  9.2433420E-04  4.1628552E-05  2.0397600E-04
  -5.00000  1.7681912E-03  2.5856802E-04  3.6723534E-03
  -4.00000  4.8622747E-03  1.3665545E-03  1.6176894E-04
  -3.00000  1.0397374E-03  2.5608873E-02  1.1199347E-03
  -2.00000  3.4410277E-04  3.2315039E-03  7.3681352E-04
  -1.00000  2.3769413E-04  1.3082500E-03  1.8384041E-04
   0.00000  3.4267474E-04  1.3426560E-03  4.0175025E-04
   1.00000  6.0280076E-04  8.7184676E-04  3.9425758E-04
   2.00000  3.8675097E-04  1.0219734E-03  3.4759495E-04
   3.00000  5.6323297E-04  1.4555029E-03  5.7423475E-04
   4.00000  9.0669108E-04  2.4748296E-03  1.1814955E-03
   5.00000  1.2280026E-03  4.2429911E-03  4.3956136E-03
   5.20000  1.2031424E-03  4.7560458E-03  6.1086981E-03
   5.40000  1.2407822E-03  5.4334928E-03  7.7674523E-03
   5.60000  1.4636648E-03  6.3019651E-03  8.2661394E-03
   5.80000  1.7928492E-03  7.2734238E-03  7.5010551E-03
   6.00000  2.1163865E-03  8.2940189E-03  6.4567748E-03
   6.20000  2.4095175E-03  9.3928590E-03  5.7040330E-03
   6.40000  2.6808593E-03  1.0619580E-02  5.2834883E-03
   6.60000  2.9389896E-03  1.1902696E-02  5.0452699E-03
   6.80000  3.1934591E-03  1.3151984E-02  4.8047743E-03
   7.00000  3.4586966E-03  1.4272175E-02  4.4372187E-03
   7.20000  3.7455361E-03  1.5286592E-02  3.9471836E-03
   7.40000  4.0489360E-03  1.6342925E-02  3.4447893E-03
   7.60000  4.3728936E-03  1.7634432E-02  3.0357516E-03
   7.80000  4.7312130E-03  1.9303621E-02  2.7671004E-03
   8.00000  5.1356196E-03  2.1454191E-02  2.6426431E-03
   8.20000  5.5943908E-03  2.4186436E-02  2.6505746E-03
   8.40000  6.1154830E-03  2.7624896E-02  2.7802213E-03
   8.60000  6.7070170E-03  3.1936148E-02  3.0272853E-03
   8.80000  7.3765893E-03  3.7351185E-02  3.3930788E-03
   9.00000  8.1321511E-03  4.4167206E-02  3.8836527E-03
   9.20000  8.9804656E-03  5.2771720E-02  4.5089076E-03
   9.40000  9.9290243E-03  6.3611726E-02  5.2816135E-03
   9.60000  1.0984162E-02  7.7049890E-02  6.2200828E-03
   9.80000  1.2152351E-02  9.2942849E-02  7.3538546E-03
   10.0000  1.3441902E-02  1.0975645E-01  8.7259091E-03
   10.2500  1.5235243E-02  1.2587697E-01  1.0829309E-02
   10.5000  1.7241705E-02  1.2699095E-01  1.3303325E-02
   10.7500  1.9472188E-02  1.1143373E-01  1.5953851E-02
   11.0000  2.1911484E-02  8.8959708E-02  1.8690203E-02
   11.2500  2.4235186E-02  6.8908396E-02  2.1442570E-02
   11.5000  2.6839228E-02  5.3342828E-02  2.4862005E-02
   11.7500  2.9397276E-02  4.2256812E-02  2.8892980E-02
   12.0000  3.1801025E-02  3.4478863E-02  3.3648570E-02
   12.2500  3.3971060E-02  2.8997638E-02  3.9133231E-02
   12.5000  3.5871726E-02  2.5096991E-02  4.5147379E-02
   12.7500  3.7507400E-02  2.2291145E-02  5.1178690E-02
   13.0000  3.8905278E-02  2.0242314E-02  5.6392479E-02
   13.2500  4.0101779E-02  1.8707354E-02  5.9849504E-02
   13.5000  4.0571188E-02  1.7572428E-02  6.0329292E-02
   13.7500  4.1498667E-02  1.6567818E-02  5.9284434E-02
   14.0000  4.2322598E-02  1.5720825E-02  5.6426047E-02
   14.2500  4.3068634E-02  1.4995652E-02  5.2672557E-02
   14.5000  4.3766675E-02  1.4373743E-02  4.8799527E-02
   14.7500  4.4449397E-02  1.3845383E-02  4.5292717E-02
   15.0000  4.5142784E-02  1.3403088E-02  4.2386146E-02
   15.2500  4.5874224E-02  1.3043057E-02  4.0156066E-02
   15.5000  4.6635219E-02  1.2761098E-02  3.8591179E-02
   15.7500  4.7428084E-02  1.2556898E-02  3.7652242E-02
   16.0000  4.8228997E-02  1.2429959E-02  3.7286472E-02
   16.2500  4.8994245E-02  1.2379915E-02  3.7440450E-02
   16.5000  4.9660913E-02  1.2407443E-02  3.8057319E-02
   16.7500  5.0148365E-02  1.2513036E-02  3.9072010E-02
   17.0000  5.0366866E-02  1.2696748E-02  4.0399003E-02
   17.2500  5.0230100E-02  1.2957416E-02  4.1926695E-02
   17.5000  4.9676992E-02  1.3293881E-02  4.3518436E-02
   17.7500  4.8687351E-02  1.3704655E-02  4.5020160E-02
   18.0000  4.7294170E-02  1.4187484E-02  4.6283537E-02
   18.2500  4.5587125E-02  1.4738798E-02  4.7190709E-02
   18.5000  4.3693997E-02  1.5355402E-02  4.7680380E-02
   18.7500  4.1752338E-02  1.6035370E-02  4.7754005E-02
   19.0000  3.9890874E-02  1.6776796E-02  4.7469345E-02
   19.2500  3.8211405E-02  1.7578351E-02  4.6916087E-02
   19.5000  3.6779815E-02  1.8440141E-02  4.6188841E-02
   19.7500  3.5633615E-02  1.9362119E-02  4.5376534E-02
   20.0000  3.4784357E-02  2.0343824E-02  4.4549892E-02
   21.0000  3.4110681E-02  2.4850736E-02  4.1834277E-02
   22.0000  3.6626199E-02  3.0107471E-02  4.0377273E-02
   23.0000  4.0192238E-02  3.5487740E-02  3.9509657E-02
   24.0000  4.2915049E-02  3.9860337E-02  3.8412350E-02
   25.0000  4.3971235E-02  4.2221068E-02  3.6771856E-02
   26.0000  4.2488214E-02  4.2330792E-02  3.4416125E-02
   27.0000  3.9021514E-02  4.0708036E-02  3.2202861E-02
   28.0000  3.4918793E-02  3.8257549E-02  3.0269747E-02
   29.0000  3.1520343E-02  3.5616220E-02  2.9025515E-02
   30.0000  2.9221464E-02  3.3172075E-02  2.8538359E-02
   31.0000  2.7809558E-02  3.1087011E-02  2.8525106E-02
   32.0000  2.6989993E-02  2.9395339E-02  2.8642186E-02
   33.0000  2.6523430E-02  2.8032689E-02  2.8675450E-02
   34.0000  2.6262019E-02  2.6899901E-02  2.8539592E-02
   35.0000  2.6094232E-02  2.5886608E-02  2.8193052E-02
   36.0000  2.5913350E-02  2.4891508E-02  2.7588377E-02
   37.0000  2.5584525E-02  2.3840317E-02  2.6655848E-02
   38.0000  2.4933695E-02  2.2700199E-02  2.5333682E-02
   39.0000  2.3843343E-02  2.1487763E-02  2.3611691E-02
   40.0000  2.2352453E-02  2.0263053E-02  2.1574663E-02
