  7709.000   27  1  1  1.9222038E-02 -4.6734988E+00 -3.4981964E-01  1  1  7.5663316E+03  8.0000000E+03  0.0000000E+00  1.1792254E+00  1.0000000E+00  0.0000000E+00  = E_edge, Z, n_edge, j_edge, Abs_before_edge, VO_interstitial, E_cut, ninit, ninit1, Epsii, UnitCell_Volume, Surface_ref, f0_forward, natomsym_f, abs_u_iso
    Energy   (100,001)      (010,001)      (001,110)   
  -25.0000  7.3739911E-09  3.5331849E-10  8.1629021E-10
  -24.0000  1.9704894E-08  6.5093468E-10  1.8721435E-09
  -23.0000  6.2530332E-08  1.2532201E-09  4.8018281E-09
  -22.0000  2.7068496E-07  2.5706974E-09  1.4692286E-08
  -21.0000  2.6381916E-06  6.0782654E-09  6.5213061E-08
  -20.0000  5.4908186E-05  3.0138215E-08  8.5587689E-07
  -19.0000  5.5897618E-06  2.4912255E-07  1.7796068E-05
  -18.0000  2.8153764E-06  7.1187240E-08  8.3539343E-07
  -17.0000  3.6414684E-06  2.1784195E-07  5.4632161E-07
  -16.0000  9.4611826E-06  1.0883023E-06  8.5620049E-07
  -15.0000  3.8669761E-03  3.9309432E-05  3.7702800E-04
  -14.0000  1.3154008E-06  1.6623814E-05  2.1994888E-06
  -13.0000  5.6424139E-07  4.4956851E-06  5.6367709E-06
  -12.0000  9.5220772E-06  4.5704133E-06  5.0001727E-04
  -11.0000  2.2333452E-05  3.0003654E-06  1.4196479E-05
  -10.0000  2.5745202E-04  4.7743885E-06  1.0897004E-05
  -9.00000  1.9431389E-03  3.9736334E-05  2.1941411E-05
  -8.00000  1.8161711E-04  3.5498546E-05  1.6168851E-05
  -7.00000  1.8694559E-01  9.6954079E-04  5.4759630E-03
  -6.00000  8.8637298E-04  4.2316236E-05  1.1475238E-04
  -5.00000  6.4283794E-04  1.8855236E-04  2.4264862E-04
  -4.00000  3.1309560E-02  1.1066369E-03  5.8841237E-04
  -3.00000  1.0650073E-03  7.2875844E-02  1.0362572E-02
  -2.00000  4.9085042E-04  2.7870977E-03  3.2987395E-04
  -1.00000  3.0197639E-04  1.4876884E-03  1.8913508E-04
   0.00000  2.4104778E-02  1.3689198E-03  9.7597124E-03
   1.00000  5.1997359E-04  9.2278010E-04  3.6598632E-04
   2.00000  3.4680218E-04  9.9353139E-04  2.6322216E-04
   3.00000  4.7850065E-04  1.2471467E-03  4.2578588E-04
   4.00000  7.4002876E-04  1.8761721E-03  8.0859127E-04
   5.00000  1.1636481E-03  3.0526323E-03  1.8433707E-03
   5.20000  1.2624212E-03  3.3458969E-03  2.2541511E-03
   5.40000  1.3619854E-03  3.6567494E-03  2.8014396E-03
   5.60000  1.4602727E-03  3.9875884E-03  3.5422364E-03
   5.80000  1.5561945E-03  4.3448422E-03  4.5567285E-03
   6.00000  1.6536855E-03  4.7389339E-03  5.9507846E-03
   6.20000  1.7733416E-03  5.1876187E-03  7.8486567E-03
   6.40000  1.9799647E-03  5.7152385E-03  1.0347854E-02
   6.60000  2.4031156E-03  6.3452727E-03  1.3351687E-02
   6.80000  3.1023394E-03  7.0840984E-03  1.6263198E-02
   7.00000  3.8410153E-03  7.9099449E-03  1.8193282E-02
   7.20000  4.3872279E-03  8.7944398E-03  1.8847192E-02
   7.40000  4.7694725E-03  9.7064729E-03  1.8494834E-02
   7.60000  5.0995568E-03  1.0641997E-02  1.7512034E-02
   7.80000  5.4532782E-03  1.1617492E-02  1.6227442E-02
   8.00000  5.8712131E-03  1.2662961E-02  1.4888543E-02
   8.20000  6.3776412E-03  1.3870433E-02  1.3670176E-02
   8.40000  6.9861084E-03  1.5172306E-02  1.2697012E-02
   8.60000  7.7142269E-03  1.6672077E-02  1.2094390E-02
   8.80000  8.5776388E-03  1.8432467E-02  1.1969971E-02
   9.00000  9.5948287E-03  2.0532570E-02  1.2431524E-02
   9.20000  1.0788006E-02  2.3075573E-02  1.3590589E-02
   9.40000  1.2180083E-02  2.6181877E-02  1.5549388E-02
   9.60000  1.3789190E-02  3.0017823E-02  1.8363175E-02
   9.80000  1.5619662E-02  3.4793682E-02  2.1972425E-02
   10.0000  1.7653745E-02  4.0773744E-02  2.6132190E-02
   10.2500  2.0419248E-02  5.0423997E-02  3.1466445E-02
   10.5000  2.3342418E-02  6.3041249E-02  3.6186656E-02
   10.7500  2.6366379E-02  7.8723208E-02  3.9905858E-02
   11.0000  2.9441466E-02  9.5795965E-02  4.2698545E-02
   11.2500  3.2490394E-02  1.0932799E-01  4.4830757E-02
   11.5000  3.5378060E-02  1.1267028E-01  4.6493480E-02
   11.7500  3.7925641E-02  1.0386452E-01  4.7714945E-02
   12.0000  3.9795826E-02  8.7912972E-02  4.8396359E-02
   12.2500  4.1156574E-02  7.1794999E-02  4.8871202E-02
   12.5000  4.1991430E-02  5.8226955E-02  4.8953268E-02
   12.7500  4.2419141E-02  4.7783177E-02  4.8684864E-02
   13.0000  4.2564635E-02  3.9987702E-02  4.8030247E-02
   13.2500  4.2532086E-02  3.4185882E-02  4.6939256E-02
   13.5000  4.2405526E-02  2.9822329E-02  4.5423893E-02
   13.7500  4.2253242E-02  2.6486600E-02  4.3581403E-02
   14.0000  4.1898024E-02  2.4169806E-02  4.0937806E-02
   14.2500  4.1799166E-02  2.2078132E-02  3.8839140E-02
   14.5000  4.1797330E-02  2.0400889E-02  3.6934483E-02
   14.7500  4.1917156E-02  1.9041402E-02  3.5311652E-02
   15.0000  4.2174584E-02  1.7932170E-02  3.4020630E-02
   15.2500  4.2574436E-02  1.7025176E-02  3.3082259E-02
   15.5000  4.3121215E-02  1.6286537E-02  3.2502395E-02
   15.7500  4.3793528E-02  1.5690215E-02  3.2273588E-02
   16.0000  4.4581919E-02  1.5218220E-02  3.2385082E-02
   16.2500  4.5460849E-02  1.4855434E-02  3.2818682E-02
   16.5000  4.6391466E-02  1.4590438E-02  3.3547368E-02
   16.7500  4.7318756E-02  1.4413782E-02  3.4529403E-02
   17.0000  4.8173544E-02  1.4318147E-02  3.5702598E-02
   17.2500  4.8876456E-02  1.4296876E-02  3.6985316E-02
   17.5000  4.9350247E-02  1.4344818E-02  3.8277418E-02
   17.7500  4.9533425E-02  1.4458094E-02  3.9474501E-02
   18.0000  4.9390594E-02  1.4632526E-02  4.0485084E-02
   18.2500  4.8925028E-02  1.4865144E-02  4.1243448E-02
   18.5000  4.8178244E-02  1.5152545E-02  4.1721907E-02
   18.7500  4.7221228E-02  1.5492198E-02  4.1927125E-02
   19.0000  4.6140611E-02  1.5880897E-02  4.1890164E-02
   19.2500  4.5025313E-02  1.6316674E-02  4.1657578E-02
   19.5000  4.3955958E-02  1.6796783E-02  4.1281007E-02
   19.7500  4.2995144E-02  1.7318309E-02  4.0810455E-02
   20.0000  4.2189243E-02  1.7879700E-02  4.0287542E-02
   21.0000  4.0845654E-02  2.0469443E-02  3.8257522E-02
   22.0000  4.1991913E-02  2.3527551E-02  3.6857143E-02
   23.0000  4.3727062E-02  2.7076616E-02  3.5972514E-02
   24.0000  4.3969766E-02  3.1144539E-02  3.5134500E-02
   25.0000  4.1706772E-02  3.5364005E-02  3.4070514E-02
   26.0000  3.6434266E-02  3.9539789E-02  3.2530541E-02
   27.0000  3.1372713E-02  4.1611252E-02  3.0948134E-02
   28.0000  2.7392675E-02  4.2075918E-02  2.9245492E-02
   29.0000  2.4872258E-02  4.1202356E-02  2.7619796E-02
   30.0000  2.3463538E-02  3.9555795E-02  2.6345128E-02
   31.0000  2.2746552E-02  3.7694495E-02  2.5590208E-02
   32.0000  2.2424875E-02  3.5982363E-02  2.5272133E-02
   33.0000  2.2303853E-02  3.4554508E-02  2.5182296E-02
   34.0000  2.2259750E-02  3.3387129E-02  2.5127324E-02
   35.0000  2.2201735E-02  3.2374201E-02  2.4975711E-02
   36.0000  2.2052313E-02  3.1394304E-02  2.4661576E-02
   37.0000  2.1754630E-02  3.0342252E-02  2.4174449E-02
   38.0000  2.1305022E-02  2.9152601E-02  2.3543855E-02
   39.0000  2.0773295E-02  2.7798823E-02  2.2806321E-02
   40.0000  2.0256368E-02  2.6293016E-02  2.1988885E-02
