  7709.000   27  1  1  1.9222038E-02 -5.0533798E+00 -3.6188465E-01  1  1  7.5664189E+03  8.0000000E+03  0.0000000E+00  1.1792254E+00  1.0000000E+00  0.0000000E+00  = E_edge, Z, n_edge, j_edge, Abs_before_edge, VO_interstitial, E_cut, ninit, ninit1, Epsii, UnitCell_Volume, Surface_ref, f0_forward, natomsym_f, abs_u_iso
    Energy   (100,001)      (010,001)      (001,110)   
  -25.0000  5.6443738E-09  3.6393577E-10  8.4363856E-10
  -24.0000  1.4866307E-08  6.6569651E-10  1.9216148E-09
  -23.0000  4.6535219E-08  1.2656435E-09  4.8861365E-09
  -22.0000  2.0065478E-07  2.5269302E-09  1.4740696E-08
  -21.0000  2.1780645E-06  5.4269281E-09  6.1015519E-08
  -20.0000  5.9784368E-05  1.4463257E-08  6.0017116E-07
  -19.0000  2.5371623E-06  4.7482534E-08  7.5010871E-06
  -18.0000  1.6193503E-06  7.4157491E-08  6.1175303E-07
  -17.0000  1.9252074E-06  2.5285383E-07  3.8062762E-07
  -16.0000  4.5289805E-06  1.3755005E-06  4.1338693E-07
  -15.0000  2.4009268E-05  5.6675039E-05  1.3990544E-06
  -14.0000  3.7336873E-07  1.1954868E-05  1.0575906E-06
  -13.0000  1.7625699E-06  3.8821242E-06  4.1650221E-06
  -12.0000  1.9963333E-05  4.3763427E-05  3.3970876E-03
  -11.0000  2.5507559E-05  3.3411659E-06  5.3364513E-06
  -10.0000  2.9082879E-04  1.0902165E-04  1.3154028E-04
  -9.00000  1.4544389E-03  1.7183269E-05  3.3592910E-06
  -8.00000  3.1913895E-05  2.0540502E-04  1.2806804E-04
  -7.00000  4.6783152E-04  3.5240279E-05  6.8001398E-04
  -6.00000  7.2778148E-04  5.8334934E-05  1.6840597E-04
  -5.00000  2.5594725E-04  2.2488292E-04  2.1872413E-04
  -4.00000  4.8419163E-03  2.3968845E-03  2.0633354E-03
  -3.00000  1.0851267E-03  1.9259632E-02  1.1213211E-03
  -2.00000  2.4854932E-03  3.1398839E-03  6.6359899E-04
  -1.00000  2.6137570E-04  1.3084341E-03  1.7894272E-04
   0.00000  8.9990070E-03  1.2240036E-03  2.8703232E-03
   1.00000  3.6521517E-04  8.8356411E-04  1.8395510E-04
   2.00000  4.0063360E-04  1.0004692E-03  2.1947540E-04
   3.00000  6.3134835E-04  1.3164198E-03  3.4527660E-04
   4.00000  1.1818673E-03  2.0315172E-03  6.5000873E-04
   5.00000  2.1356892E-03  3.2491506E-03  1.5091327E-03
   5.20000  2.2199812E-03  3.5491677E-03  1.8350844E-03
   5.40000  2.2957534E-03  3.8684981E-03  2.2373897E-03
   5.60000  2.5270725E-03  4.2105194E-03  2.7110540E-03
   5.80000  3.1000244E-03  4.5879313E-03  3.2261688E-03
   6.00000  4.1004465E-03  5.0253654E-03  3.7306424E-03
   6.20000  5.5040648E-03  5.5593250E-03  4.1878353E-03
   6.40000  7.3011090E-03  6.2274554E-03  4.6375424E-03
   6.60000  9.6237151E-03  7.0600671E-03  5.2383532E-03
   6.80000  1.2812771E-02  8.0807418E-03  6.2357275E-03
   7.00000  1.7466698E-02  9.3060938E-03  7.5944811E-03
   7.20000  2.3980434E-02  1.0800601E-02  8.5320612E-03
   7.40000  3.1400781E-02  1.2549616E-02  8.8079625E-03
   7.60000  3.4616979E-02  1.4676287E-02  9.0519688E-03
   7.80000  3.0746121E-02  1.7253026E-02  9.6981677E-03
   8.00000  2.4885390E-02  2.0331509E-02  1.0905611E-02
   8.20000  2.0894820E-02  2.3934170E-02  1.2791310E-02
   8.40000  1.9062361E-02  2.8043686E-02  1.5500078E-02
   8.60000  1.8807844E-02  3.2621786E-02  1.9215896E-02
   8.80000  1.8059838E-02  3.7621539E-02  2.4229435E-02
   9.00000  2.0023216E-02  4.3021226E-02  3.0909940E-02
   9.20000  2.2745728E-02  4.8837663E-02  3.9483789E-02
   9.40000  2.6227049E-02  5.5235948E-02  4.9436596E-02
   9.60000  3.0494431E-02  6.2504155E-02  5.9368819E-02
   9.80000  3.5546751E-02  7.0921530E-02  6.7669655E-02
   10.0000  4.1274150E-02  8.0507249E-02  7.3508419E-02
   10.2500  4.8884051E-02  9.3067486E-02  7.7715168E-02
   10.5000  5.5879394E-02  1.0284624E-01  7.9596433E-02
   10.7500  6.0766648E-02  1.0494399E-01  7.9644577E-02
   11.0000  6.2520770E-02  9.7523595E-02  7.7585345E-02
   11.2500  6.1205013E-02  8.3942369E-02  7.3278565E-02
   11.5000  5.6319531E-02  6.8810101E-02  6.8261195E-02
   11.7500  5.1923126E-02  5.5828216E-02  6.1158125E-02
   12.0000  4.7518245E-02  4.5487798E-02  5.4206008E-02
   12.2500  4.3570049E-02  3.7599205E-02  4.7986304E-02
   12.5000  4.0263794E-02  3.1670582E-02  4.2733734E-02
   12.7500  3.7625191E-02  2.7216164E-02  3.8451218E-02
   13.0000  3.5608440E-02  2.3846725E-02  3.5029923E-02
   13.2500  3.4161758E-02  2.1196046E-02  3.2039928E-02
   13.5000  3.3159245E-02  1.9145956E-02  2.9285731E-02
   13.7500  3.2604454E-02  1.7603496E-02  2.7812451E-02
   14.0000  3.2417530E-02  1.6387287E-02  2.6708953E-02
   14.2500  3.2559944E-02  1.5419575E-02  2.5923974E-02
   14.5000  3.2998453E-02  1.4646117E-02  2.5424367E-02
   14.7500  3.3704783E-02  1.4029272E-02  2.5191095E-02
   15.0000  3.4652624E-02  1.3542953E-02  2.5214583E-02
   15.2500  3.5798256E-02  1.3167877E-02  2.5490789E-02
   15.5000  3.7101147E-02  1.2891344E-02  2.6019776E-02
   15.7500  3.8499565E-02  1.2704386E-02  2.6799134E-02
   16.0000  3.9913487E-02  1.2601223E-02  2.7819378E-02
   16.2500  4.1243241E-02  1.2577284E-02  2.9054291E-02
   16.5000  4.2374859E-02  1.2630661E-02  3.0458505E-02
   16.7500  4.3192243E-02  1.2760015E-02  3.1962573E-02
   17.0000  4.3595349E-02  1.2964093E-02  3.3478468E-02
   17.2500  4.3521920E-02  1.3242268E-02  3.4911292E-02
   17.5000  4.2961640E-02  1.3593256E-02  3.6170548E-02
   17.7500  4.1963229E-02  1.4015210E-02  3.7191100E-02
   18.0000  4.0624011E-02  1.4506923E-02  3.7938082E-02
   18.2500  3.9073634E-02  1.5065944E-02  3.8409832E-02
   18.5000  3.7447731E-02  1.5691076E-02  3.8628852E-02
   18.7500  3.5869750E-02  1.6378942E-02  3.8631403E-02
   19.0000  3.4437206E-02  1.7126200E-02  3.8461263E-02
   19.2500  3.3214829E-02  1.7928431E-02  3.8160529E-02
   19.5000  3.2236254E-02  1.8781125E-02  3.7766675E-02
   19.7500  3.1510585E-02  1.9678490E-02  3.7310216E-02
   20.0000  3.1027367E-02  2.0614448E-02  3.6816694E-02
   21.0000  3.0955847E-02  2.4637549E-02  3.4756592E-02
   22.0000  3.2219829E-02  2.8956970E-02  3.2772204E-02
   23.0000  3.2796069E-02  3.4005314E-02  3.0647681E-02
   24.0000  3.1882243E-02  3.7901800E-02  2.8619731E-02
   25.0000  2.9678316E-02  4.0551767E-02  2.7044675E-02
   26.0000  2.7290913E-02  4.1642097E-02  2.6125749E-02
   27.0000  2.5690163E-02  4.1269995E-02  2.5219566E-02
   28.0000  2.5072664E-02  3.9801589E-02  2.4374097E-02
   29.0000  2.5064233E-02  3.7771201E-02  2.3994797E-02
   30.0000  2.5250774E-02  3.5654089E-02  2.4132015E-02
   31.0000  2.5414032E-02  3.3733012E-02  2.4542675E-02
   32.0000  2.5494427E-02  3.2117082E-02  2.4958169E-02
   33.0000  2.5465672E-02  3.0766997E-02  2.5199250E-02
   34.0000  2.5296454E-02  2.9570268E-02  2.5178874E-02
   35.0000  2.4975157E-02  2.8416807E-02  2.4842442E-02
   36.0000  2.4517442E-02  2.7219882E-02  2.4161489E-02
   37.0000  2.3968086E-02  2.5927507E-02  2.3192107E-02
   38.0000  2.3373306E-02  2.4529287E-02  2.2155581E-02
   39.0000  2.2779227E-02  2.3056777E-02  2.1404916E-02
   40.0000  2.2240426E-02  2.1578592E-02  2.1234924E-02
