  7709.000   27  1  1  1.9222038E-02 -4.5110917E+00 -3.9866338E-01  1  1  7.5664909E+03  8.0000000E+03  0.0000000E+00  1.1792254E+00  1.0000000E+00  0.0000000E+00  = E_edge, Z, n_edge, j_edge, Abs_before_edge, VO_interstitial, E_cut, ninit, ninit1, Epsii, UnitCell_Volume, Surface_ref, f0_forward, natomsym_f, abs_u_iso
    Energy   (100,001)      (010,001)      (001,110)   
  -25.0000  4.2871156E-09  3.2264023E-10  1.0355636E-09
  -24.0000  1.0468872E-08  5.9495185E-10  2.3194582E-09
  -23.0000  2.8837626E-08  1.1418804E-09  5.7209138E-09
  -22.0000  9.6073610E-08  2.3107517E-09  1.6282424E-08
  -21.0000  4.5913753E-07  5.0792860E-09  5.9020326E-08
  -20.0000  6.6030869E-06  1.3867320E-08  3.6651222E-07
  -19.0000  2.0032795E-05  5.9109928E-07  6.5405739E-05
  -18.0000  3.8675608E-06  6.7547667E-08  1.8891136E-06
  -17.0000  3.0362069E-06  1.9365675E-07  8.2341704E-07
  -16.0000  4.1191139E-06  9.3396125E-07  7.5995157E-07
  -15.0000  1.1456921E-05  1.7318379E-05  1.2864412E-06
  -14.0000  4.9881899E-05  1.8734109E-05  1.5937486E-06
  -13.0000  4.0184391E-07  4.3404706E-06  3.8362746E-06
  -12.0000  4.4058548E-06  2.8295175E-06  2.4695204E-05
  -11.0000  2.2057484E-05  7.3817931E-06  1.8176479E-04
  -10.0000  1.2457445E-04  6.1325465E-06  1.2806818E-05
  -9.00000  7.2746683E-03  2.2541101E-05  1.0565816E-05
  -8.00000  1.1436556E-03  3.7694740E-05  2.6488918E-05
  -7.00000  5.8493384E-04  7.1490574E-05  2.2949557E-04
  -6.00000  1.4668221E-04  4.5872036E-05  2.2854179E-03
  -5.00000  4.8506403E-02  4.3974122E-03  5.7971368E-02
  -4.00000  6.6280984E-02  8.7886021E-04  2.3397489E-04
  -3.00000  1.0244047E-03  6.2301144E-02  3.0720639E-03
  -2.00000  3.6317846E-04  4.7512826E-03  1.4421369E-03
  -1.00000  2.9067043E-04  1.3351119E-03  2.2387861E-04
   0.00000  4.3543777E-04  1.3609024E-03  4.5242502E-04
   1.00000  1.1613350E-03  9.1637135E-04  7.2439524E-04
   2.00000  6.1160114E-04  1.0866050E-03  6.0861530E-04
   3.00000  9.0321122E-04  1.5932037E-03  1.2539038E-03
   4.00000  1.4610596E-03  2.7838735E-03  3.8944510E-03
   5.00000  2.0198004E-03  4.9962718E-03  4.5046746E-03
   5.20000  2.0135098E-03  5.5673344E-03  3.7892221E-03
   5.40000  2.0261845E-03  6.1942331E-03  3.3769327E-03
   5.60000  2.2894283E-03  6.8909476E-03  3.2119114E-03
   5.80000  2.6975731E-03  7.6734396E-03  3.2319505E-03
   6.00000  3.0330419E-03  8.5590551E-03  3.3966522E-03
   6.20000  3.2914263E-03  9.5650925E-03  3.6803535E-03
   6.40000  3.5099753E-03  1.0705097E-02  4.0623414E-03
   6.60000  3.7111469E-03  1.2007895E-02  4.5182587E-03
   6.80000  3.9157986E-03  1.3430829E-02  5.0076924E-03
   7.00000  4.1290110E-03  1.4941257E-02  5.4557604E-03
   7.20000  4.3509887E-03  1.6440597E-02  5.7426297E-03
   7.40000  4.5872252E-03  1.7862248E-02  5.7716094E-03
   7.60000  4.8409744E-03  1.9226855E-02  5.5233364E-03
   7.80000  5.1133543E-03  2.0675940E-02  5.0792572E-03
   8.00000  5.4076199E-03  2.2426984E-02  4.5702070E-03
   8.20000  5.7326441E-03  2.4700864E-02  4.1086659E-03
   8.40000  6.0962851E-03  2.7692741E-02  3.7568852E-03
   8.60000  6.5023477E-03  3.1581461E-02  3.5340055E-03
   8.80000  6.9521824E-03  3.6543946E-02  3.4374130E-03
   9.00000  7.4453164E-03  4.2756690E-02  3.4589450E-03
   9.20000  7.9783715E-03  5.0372946E-02  3.5934004E-03
   9.40000  8.5493328E-03  5.9425393E-02  3.8415855E-03
   9.60000  9.1547375E-03  6.9723942E-02  4.2123514E-03
   9.80000  9.7942751E-03  8.0622768E-02  4.7204296E-03
   10.0000  1.0470062E-02  9.0820621E-02  5.3820529E-03
   10.2500  1.1372317E-02  9.9665600E-02  6.4309805E-03
   10.5000  1.2349977E-02  1.0099381E-01  7.6830747E-03
   10.7500  1.3370998E-02  9.4578628E-02  8.9667617E-03
   11.0000  1.4528751E-02  8.2860428E-02  1.0372911E-02
   11.2500  1.5798335E-02  6.9836882E-02  1.1824937E-02
   11.5000  1.7191871E-02  5.8021031E-02  1.3368369E-02
   11.7500  1.8722817E-02  4.8328188E-02  1.5062510E-02
   12.0000  2.0409126E-02  4.0748296E-02  1.6960763E-02
   12.2500  2.2262071E-02  3.4939033E-02  1.9100752E-02
   12.5000  2.4288341E-02  3.0514329E-02  2.1500320E-02
   12.7500  2.6481209E-02  2.7143665E-02  2.4149064E-02
   13.0000  2.8814975E-02  2.4569729E-02  2.6994298E-02
   13.2500  3.1240007E-02  2.2596340E-02  2.9926981E-02
   13.5000  3.3679474E-02  2.1073659E-02  3.2778231E-02
   13.7500  3.5666642E-02  2.0220915E-02  3.4297383E-02
   14.0000  3.7787830E-02  1.9261268E-02  3.6507952E-02
   14.2500  3.9620301E-02  1.8496313E-02  3.8122421E-02
   14.5000  4.1095052E-02  1.7878725E-02  3.9104201E-02
   14.7500  4.2193241E-02  1.7376214E-02  3.9544972E-02
   15.0000  4.2955329E-02  1.6968336E-02  3.9628328E-02
   15.2500  4.3469745E-02  1.6641773E-02  3.9566797E-02
   15.5000  4.3861475E-02  1.6389926E-02  3.9555255E-02
   15.7500  4.4225293E-02  1.6208099E-02  3.9757197E-02
   16.0000  4.4667360E-02  1.6096420E-02  4.0289154E-02
   16.2500  4.5244936E-02  1.6056371E-02  4.1240452E-02
   16.5000  4.5967078E-02  1.6088754E-02  4.2676264E-02
   16.7500  4.6790390E-02  1.6194509E-02  4.4643586E-02
   17.0000  4.7619106E-02  1.6374108E-02  4.7169257E-02
   17.2500  4.8320089E-02  1.6628051E-02  5.0237162E-02
   17.5000  4.8744582E-02  1.6956603E-02  5.3768895E-02
   17.7500  4.8763262E-02  1.7358080E-02  5.7586199E-02
   18.0000  4.8300341E-02  1.7829571E-02  6.1393300E-02
   18.2500  4.7352816E-02  1.8366958E-02  6.4791436E-02
   18.5000  4.5993560E-02  1.8965703E-02  6.7350875E-02
   18.7500  4.4346457E-02  1.9619040E-02  6.8728194E-02
   19.0000  4.2556182E-02  2.0319620E-02  6.8784069E-02
   19.2500  4.0755308E-02  2.1061132E-02  6.7619624E-02
   19.5000  3.9052514E-02  2.1836541E-02  6.5519976E-02
   19.7500  3.7527376E-02  2.2639187E-02  6.2839430E-02
   20.0000  3.6228211E-02  2.3463320E-02  5.9904685E-02
   21.0000  3.3661375E-02  2.6862979E-02  4.9316391E-02
   22.0000  3.5401998E-02  3.0300712E-02  4.2634018E-02
   23.0000  4.1107905E-02  3.3727319E-02  3.8780927E-02
   24.0000  4.8926639E-02  3.7009058E-02  3.6469727E-02
   25.0000  5.4894963E-02  3.9733133E-02  3.4970025E-02
   26.0000  5.4948503E-02  4.1087957E-02  3.3768767E-02
   27.0000  4.8809595E-02  4.0491872E-02  3.2466782E-02
   28.0000  3.9405805E-02  3.8150378E-02  3.0830995E-02
   29.0000  3.3040805E-02  3.5479598E-02  2.9685015E-02
   30.0000  2.9078063E-02  3.2933507E-02  2.9049458E-02
   31.0000  2.6798923E-02  3.0769607E-02  2.8835410E-02
   32.0000  2.5528169E-02  2.9026917E-02  2.8832529E-02
   33.0000  2.4853046E-02  2.7650040E-02  2.8890488E-02
   34.0000  2.4525484E-02  2.6547088E-02  2.8925680E-02
   35.0000  2.4384426E-02  2.5608867E-02  2.8895274E-02
   36.0000  2.4311124E-02  2.4736704E-02  2.8746843E-02
   37.0000  2.4242980E-02  2.3851133E-02  2.8419615E-02
   38.0000  2.4171690E-02  2.2894931E-02  2.7824976E-02
   39.0000  2.4133678E-02  2.1844907E-02  2.6873485E-02
   40.0000  2.4153240E-02  2.0732348E-02  2.5500861E-02
