  7709.000   27  1  1  1.9222038E-02 -3.1859896E+00 -2.4645945E-01  1  1  7.5668387E+03  8.0000000E+03  0.0000000E+00  1.1792254E+00  1.0000000E+00  0.0000000E+00  = E_edge, Z, n_edge, j_edge, Abs_before_edge, VO_interstitial, E_cut, ninit, ninit1, Epsii, UnitCell_Volume, Surface_ref, f0_forward, natomsym_f, abs_u_iso
    Energy   (100,001)      (010,001)      (001,110)   
  -25.0000  4.4414390E-09  1.0783364E-09  5.3506856E-10
  -24.0000  1.2605240E-08  2.9829530E-09  1.3627539E-09
  -23.0000  4.4807796E-08  1.0432860E-08  4.2197033E-09
  -22.0000  2.5670634E-07  6.1646810E-08  1.9789147E-08
  -21.0000  4.5387404E-05  1.9093360E-05  1.8055383E-06
  -20.0000  3.5445746E-06  5.2140759E-07  1.0913168E-06
  -19.0000  1.1188850E-06  7.0224824E-07  8.3116888E-07
  -18.0000  1.0974998E-06  3.0011836E-07  2.0810869E-07
  -17.0000  2.0260768E-06  4.1119438E-07  2.1018226E-07
  -16.0000  4.4413125E-05  5.7407969E-06  1.9690585E-06
  -15.0000  1.7929807E-06  1.4706632E-06  7.0015522E-07
  -14.0000  6.4796381E-06  5.3952570E-06  9.9414915E-06
  -13.0000  1.0616348E-06  1.6815508E-06  4.0382991E-06
  -12.0000  5.0109664E-06  5.8331565E-05  8.9028117E-05
  -11.0000  1.7099772E-05  5.8421424E-06  2.7885231E-06
  -10.0000  1.2033573E-03  3.1310233E-04  4.9821955E-04
  -9.00000  1.0574879E-04  2.1044794E-05  3.3643647E-06
  -8.00000  8.9987304E-01  1.9705117E-01  2.5388654E-02
  -7.00000  1.4416964E-04  3.2887678E-04  1.0789791E-03
  -6.00000  6.9951135E-03  4.0628180E-03  2.5811078E-03
  -5.00000  5.9336080E-04  6.4335736E-05  3.5280179E-03
  -4.00000  2.4853116E-04  1.4794108E-04  2.1775707E-04
  -3.00000  7.6792317E-04  4.6422772E-04  4.9277360E-04
  -2.00000  7.4230926E-05  1.0548462E-04  4.6671692E-05
  -1.00000  7.3284645E-05  9.1552386E-05  4.5790776E-05
   0.00000  1.5095884E-04  1.6110736E-04  1.2005141E-04
   1.00000  6.8461364E-05  1.2164259E-04  7.6767591E-05
   2.00000  6.4954243E-05  9.6300673E-05  6.6369537E-05
   3.00000  8.3500528E-05  1.2730581E-04  9.0373963E-05
   4.00000  1.3510148E-04  2.0668783E-04  1.4841462E-04
   5.00000  4.9293409E-04  5.8830614E-04  3.3497842E-04
   5.20000  6.3433441E-04  7.4018241E-04  4.3333467E-04
   5.40000  5.0166074E-04  7.2091055E-04  6.0628659E-04
   5.60000  5.6597591E-04  8.9471512E-04  9.9175753E-04
   5.80000  9.7565950E-04  1.2055997E-03  1.6531099E-03
   6.00000  1.4839335E-03  1.7438306E-03  2.8476014E-03
   6.20000  2.4481001E-03  3.0432400E-03  6.0608003E-03
   6.40000  2.8596220E-03  5.3650034E-03  9.1697875E-03
   6.60000  2.3864947E-03  7.2427242E-03  8.9582128E-03
   6.80000  2.5322030E-03  8.2755707E-03  9.2602473E-03
   7.00000  3.3689918E-03  1.0090854E-02  9.2691867E-03
   7.20000  4.6702442E-03  1.2487337E-02  8.7269660E-03
   7.40000  5.9507670E-03  1.3595803E-02  9.5124168E-03
   7.60000  7.1506918E-03  1.3749716E-02  1.2376025E-02
   7.80000  9.4563090E-03  1.6920182E-02  1.7583697E-02
   8.00000  1.4676118E-02  2.8422573E-02  2.6635426E-02
   8.20000  2.5889546E-02  4.8271708E-02  2.8910857E-02
   8.40000  4.6499865E-02  6.9823257E-02  1.9358658E-02
   8.60000  4.4138627E-02  5.6188466E-02  1.3572885E-02
   8.80000  2.2644988E-02  2.9211310E-02  1.1436264E-02
   9.00000  1.4238702E-02  1.7097917E-02  1.0598439E-02
   9.20000  1.2237759E-02  1.3045991E-02  9.9884022E-03
   9.40000  1.2222671E-02  1.3701355E-02  9.9766127E-03
   9.60000  1.3187351E-02  1.8160380E-02  1.1300250E-02
   9.80000  1.4967838E-02  2.5834890E-02  1.4862126E-02
   10.0000  1.7587976E-02  3.5873124E-02  2.1769551E-02
   10.2500  2.2542493E-02  4.8366992E-02  3.7890491E-02
   10.5000  3.0258824E-02  5.3828372E-02  6.7983651E-02
   10.7500  4.1078420E-02  4.9810603E-02  1.0212813E-01
   11.0000  5.7238711E-02  4.5195183E-02  1.0360394E-01
   11.2500  7.8054730E-02  4.2944943E-02  8.9016903E-02
   11.5000  8.7082035E-02  4.2567393E-02  7.4495038E-02
   11.7500  7.4171735E-02  4.4450861E-02  6.1396217E-02
   12.0000  5.5872649E-02  4.9539585E-02  5.1706914E-02
   12.2500  4.4541947E-02  6.0401852E-02  4.6629792E-02
   12.5000  3.7842597E-02  7.9537348E-02  4.4693501E-02
   12.7500  3.4008689E-02  9.7280665E-02  4.5084322E-02
   13.0000  3.2047071E-02  8.7464764E-02  4.6684128E-02
   13.2500  3.1617080E-02  6.2836554E-02  4.6606304E-02
   13.5000  3.1741165E-02  4.4873687E-02  4.4386890E-02
   13.7500  3.2338330E-02  3.5476267E-02  4.0919829E-02
   14.0000  3.2777104E-02  2.9729606E-02  3.7260194E-02
   14.2500  3.2755748E-02  2.6027062E-02  3.3727701E-02
   14.5000  3.2316247E-02  2.3565457E-02  3.0669414E-02
   14.7500  3.1697286E-02  2.1931616E-02  2.8495286E-02
   15.0000  3.1143918E-02  2.0898768E-02  2.7272488E-02
   15.2500  3.0514242E-02  2.1192967E-02  2.6062081E-02
   15.5000  3.0680948E-02  2.0991042E-02  2.5539057E-02
   15.7500  3.1333387E-02  2.0995191E-02  2.4913316E-02
   16.0000  3.2388694E-02  2.1072780E-02  2.4102941E-02
   16.2500  3.3642711E-02  2.1072316E-02  2.3208091E-02
   16.5000  3.4853512E-02  2.0900812E-02  2.2458256E-02
   16.7500  3.5856819E-02  2.0589222E-02  2.2083420E-02
   17.0000  3.6630092E-02  2.0263286E-02  2.2203285E-02
   17.2500  3.7256614E-02  2.0058333E-02  2.2815161E-02
   17.5000  3.7856950E-02  2.0070492E-02  2.3858010E-02
   17.7500  3.8523525E-02  2.0348283E-02  2.5256588E-02
   18.0000  3.9299870E-02  2.0902585E-02  2.6938064E-02
   18.2500  4.0184242E-02  2.1715713E-02  2.8825663E-02
   18.5000  4.1132716E-02  2.2749188E-02  3.0822990E-02
   18.7500  4.2040793E-02  2.3952595E-02  3.2794444E-02
   19.0000  4.2729745E-02  2.5274430E-02  3.4576398E-02
   19.2500  4.2983715E-02  2.6668484E-02  3.6042036E-02
   19.5000  4.2652200E-02  2.8104996E-02  3.7168556E-02
   19.7500  4.1729813E-02  2.9567898E-02  3.8024360E-02
   20.0000  4.0340695E-02  3.1034582E-02  3.8693032E-02
   21.0000  3.4561942E-02  3.5465978E-02  4.0040543E-02
   22.0000  3.4878569E-02  3.7201612E-02  3.8257434E-02
   23.0000  3.7181933E-02  3.8990220E-02  3.4075776E-02
   24.0000  3.7167007E-02  3.9238899E-02  3.1035345E-02
   25.0000  3.5110898E-02  3.7356788E-02  3.0437518E-02
   26.0000  3.3267328E-02  3.5149820E-02  3.1705646E-02
   27.0000  3.2585394E-02  3.3340321E-02  3.3049623E-02
   28.0000  3.3050517E-02  3.1978492E-02  3.3513310E-02
   29.0000  3.3813662E-02  3.0917028E-02  3.3028144E-02
   30.0000  3.3950552E-02  3.0345202E-02  3.2062397E-02
   31.0000  3.2793721E-02  3.0144622E-02  3.0819622E-02
   32.0000  3.0548429E-02  2.9872598E-02  2.9417339E-02
   33.0000  2.7874517E-02  2.9274847E-02  2.7988444E-02
   34.0000  2.5350232E-02  2.8404979E-02  2.6653718E-02
   35.0000  2.3228824E-02  2.7421531E-02  2.5488067E-02
   36.0000  2.1556574E-02  2.6477955E-02  2.4535250E-02
   37.0000  2.0310160E-02  2.5641805E-02  2.3749369E-02
   38.0000  1.9418400E-02  2.4889537E-02  2.3005090E-02
   39.0000  1.8793887E-02  2.4151247E-02  2.2169458E-02
   40.0000  1.8341536E-02  2.3347126E-02  2.1178252E-02
