  7709.000   27  1  1  1.9222038E-02 -2.8694159E+00 -2.5196132E-01  1  1  7.5662529E+03  8.0000000E+03  0.0000000E+00  1.1792254E+00  1.0000000E+00  0.0000000E+00  = E_edge, Z, n_edge, j_edge, Abs_before_edge, VO_interstitial, E_cut, ninit, ninit1, Epsii, UnitCell_Volume, Surface_ref, f0_forward, natomsym_f, abs_u_iso
    Energy   (100,001)      (010,001)      (001,110)   
  -25.0000  5.9688448E-09  1.5458957E-09  7.0401630E-10
  -24.0000  1.8318667E-08  4.6489495E-09  1.9891102E-09
  -23.0000  7.5688749E-08  1.9168021E-08  7.5300127E-09
  -22.0000  6.9198063E-07  1.9598174E-07  6.4527686E-08
  -21.0000  4.4962962E-03  1.6115629E-04  4.5325249E-04
  -20.0000  2.3446560E-06  3.3565766E-06  9.8946810E-06
  -19.0000  8.1708466E-07  3.6650047E-07  3.0932092E-07
  -18.0000  9.7363536E-07  2.7074513E-07  1.6684954E-07
  -17.0000  2.0803407E-06  4.5842790E-07  2.7689213E-07
  -16.0000  1.0092946E-04  4.9307521E-05  1.2714190E-05
  -15.0000  1.0453424E-06  1.3062910E-06  1.1561435E-06
  -14.0000  9.2183105E-06  6.2927778E-06  1.2713734E-05
  -13.0000  1.1317559E-06  1.0523972E-06  2.1562689E-06
  -12.0000  7.0598900E-05  1.7286892E-03  2.3084697E-03
  -11.0000  3.9340135E-05  1.1251174E-05  4.2117122E-06
  -10.0000  3.6219870E-03  9.3852283E-04  1.5413314E-04
  -9.00000  4.2966994E-05  1.7186078E-05  3.9877088E-06
  -8.00000  1.1128299E-02  6.0024211E-04  4.4498289E-04
  -7.00000  1.9821522E-02  4.3963677E-02  2.4030035E-02
  -6.00000  5.0143463E-04  2.5581210E-03  1.6440152E-03
  -5.00000  1.4919861E-04  3.8151127E-05  4.5173067E-04
  -4.00000  2.7301458E-04  1.2041823E-04  2.4844860E-04
  -3.00000  9.5793433E-04  5.1226436E-04  5.9532874E-04
  -2.00000  7.0573517E-05  7.5231551E-05  2.5977435E-05
  -1.00000  6.9492166E-05  8.7697139E-05  2.4864294E-05
   0.00000  8.5095278E-05  1.6127073E-04  6.6375622E-05
   1.00000  1.1151200E-04  1.2253014E-04  1.2471810E-04
   2.00000  8.4172552E-05  9.6932584E-05  8.0739236E-05
   3.00000  1.0226977E-04  1.1986311E-04  9.9864771E-05
   4.00000  1.5552756E-04  1.9504230E-04  1.5984856E-04
   5.00000  3.3846035E-04  5.2729498E-04  3.7411691E-04
   5.20000  4.3806490E-04  7.7950354E-04  5.0121516E-04
   5.40000  6.0082673E-04  1.2708393E-03  7.3796372E-04
   5.60000  7.7098290E-04  1.7314858E-03  1.1161836E-03
   5.80000  8.5055473E-04  1.5240255E-03  1.6123033E-03
   6.00000  1.0626212E-03  1.4327074E-03  2.8558198E-03
   6.20000  1.5723122E-03  1.7608284E-03  5.0325509E-03
   6.40000  2.1882399E-03  2.5535417E-03  5.7251183E-03
   6.60000  2.7673499E-03  4.3337915E-03  8.2035136E-03
   6.80000  3.1134474E-03  6.9951377E-03  9.3154252E-03
   7.00000  4.1850143E-03  1.0568729E-02  9.2468584E-03
   7.20000  6.3107418E-03  1.5201933E-02  9.6319626E-03
   7.40000  9.2604866E-03  1.9553346E-02  1.0313820E-02
   7.60000  1.2476958E-02  2.2155163E-02  1.2510818E-02
   7.80000  1.4846594E-02  2.3998801E-02  2.1817667E-02
   8.00000  1.5872466E-02  2.3309383E-02  4.1387270E-02
   8.20000  1.6259737E-02  2.0304862E-02  3.4851618E-02
   8.40000  1.6029378E-02  1.8224363E-02  2.2256694E-02
   8.60000  1.5460855E-02  1.8404214E-02  1.5574660E-02
   8.80000  1.5880644E-02  2.2233377E-02  1.2988087E-02
   9.00000  1.7181095E-02  3.1372210E-02  1.1685824E-02
   9.20000  2.0352252E-02  4.4228214E-02  1.0567015E-02
   9.40000  2.3647862E-02  4.0207613E-02  9.7510798E-03
   9.60000  2.3027924E-02  3.4080910E-02  9.3820934E-03
   9.80000  2.2262961E-02  3.7635397E-02  9.6979998E-03
   10.0000  2.2181984E-02  4.3264314E-02  1.1080322E-02
   10.2500  2.3229717E-02  4.9749947E-02  1.5255300E-02
   10.5000  2.5965352E-02  5.1346296E-02  2.4327683E-02
   10.7500  3.1585872E-02  4.6748561E-02  4.2290944E-02
   11.0000  4.0833628E-02  4.0696982E-02  6.9976879E-02
   11.2500  5.2881874E-02  3.6800695E-02  8.6655199E-02
   11.5000  6.3555144E-02  3.5813100E-02  7.4212577E-02
   11.7500  6.5801531E-02  3.6589415E-02  5.6259975E-02
   12.0000  5.7682344E-02  3.8806003E-02  4.5691240E-02
   12.2500  4.7832435E-02  4.3147221E-02  4.1392957E-02
   12.5000  4.0297901E-02  5.1633262E-02  4.0634815E-02
   12.7500  3.6283441E-02  6.8014107E-02  4.1602131E-02
   13.0000  3.3991155E-02  8.9186889E-02  4.2409730E-02
   13.2500  3.2493016E-02  9.3843756E-02  4.2808854E-02
   13.5000  3.1473768E-02  7.7063529E-02  4.3265488E-02
   13.7500  3.0608409E-02  5.6897294E-02  4.3507224E-02
   14.0000  3.0331493E-02  4.3842914E-02  4.2938572E-02
   14.2500  3.0264353E-02  3.5474939E-02  4.1125565E-02
   14.5000  3.0197067E-02  3.0136849E-02  3.8195790E-02
   14.7500  3.0049399E-02  2.6690541E-02  3.4889385E-02
   15.0000  2.9846454E-02  2.4466133E-02  3.1990001E-02
   15.2500  2.9655635E-02  2.3067417E-02  2.9930965E-02
   15.5000  2.9472129E-02  2.2294783E-02  2.8634415E-02
   15.7500  2.9500920E-02  2.2528736E-02  2.7873430E-02
   16.0000  2.9905735E-02  2.2480991E-02  2.7640289E-02
   16.2500  3.0621285E-02  2.2571543E-02  2.7465045E-02
   16.5000  3.1569709E-02  2.2658577E-02  2.7147961E-02
   16.7500  3.2642054E-02  2.2641951E-02  2.6698426E-02
   17.0000  3.3747146E-02  2.2543327E-02  2.6308187E-02
   17.2500  3.4836688E-02  2.2481047E-02  2.6191042E-02
   17.5000  3.5877622E-02  2.2582279E-02  2.6442706E-02
   17.7500  3.6861175E-02  2.2927345E-02  2.7038984E-02
   18.0000  3.7776552E-02  2.3528744E-02  2.7907191E-02
   18.2500  3.8605672E-02  2.4335109E-02  2.8986591E-02
   18.5000  3.9324044E-02  2.5256867E-02  3.0246747E-02
   18.7500  3.9906488E-02  2.6203768E-02  3.1686765E-02
   19.0000  4.0333112E-02  2.7117785E-02  3.3316526E-02
   19.2500  4.0591240E-02  2.7986515E-02  3.5134212E-02
   19.5000  4.0695237E-02  2.8827966E-02  3.7106786E-02
   19.7500  4.0700614E-02  2.9660849E-02  3.9161394E-02
   20.0000  4.0685090E-02  3.0485767E-02  4.1184621E-02
   21.0000  4.0954205E-02  3.3165934E-02  4.6516778E-02
   22.0000  4.1329081E-02  3.4255135E-02  4.4318266E-02
   23.0000  4.0379985E-02  3.5721478E-02  3.7539548E-02
   24.0000  3.8610369E-02  3.7172708E-02  3.2985011E-02
   25.0000  3.6822068E-02  3.6776483E-02  3.1297598E-02
   26.0000  3.5727780E-02  3.5415804E-02  3.1394857E-02
   27.0000  3.5233445E-02  3.4004048E-02  3.2017062E-02
   28.0000  3.5068049E-02  3.2654667E-02  3.2072972E-02
   29.0000  3.5447492E-02  3.1376984E-02  3.1759473E-02
   30.0000  3.5339292E-02  3.0283681E-02  3.1199393E-02
   31.0000  3.4113639E-02  2.9575978E-02  3.0524154E-02
   32.0000  3.1929014E-02  2.9050861E-02  2.9728112E-02
   33.0000  2.9344246E-02  2.8443849E-02  2.8853972E-02
   34.0000  2.6887089E-02  2.7714581E-02  2.7996360E-02
   35.0000  2.4803314E-02  2.6944028E-02  2.7223412E-02
   36.0000  2.3114371E-02  2.6220638E-02  2.6585991E-02
   37.0000  2.1776299E-02  2.5575786E-02  2.6070156E-02
   38.0000  2.0765007E-02  2.4980553E-02  2.5569114E-02
   39.0000  2.0079580E-02  2.4379831E-02  2.4916563E-02
   40.0000  1.9691286E-02  2.3716046E-02  2.3983847E-02
