  7709.000   27  1  1  1.9222038E-02 -2.9937277E+00 -2.8681161E-01  1  1  7.5667236E+03  8.0000000E+03  0.0000000E+00  1.1792254E+00  1.0000000E+00  0.0000000E+00  = E_edge, Z, n_edge, j_edge, Abs_before_edge, VO_interstitial, E_cut, ninit, ninit1, Epsii, UnitCell_Volume, Surface_ref, f0_forward, natomsym_f, abs_u_iso
    Energy   (100,001)      (010,001)      (001,110)   
  -25.0000  4.9720878E-09  1.1881971E-09  5.5293420E-10
  -24.0000  1.4180340E-08  3.3107857E-09  1.4314824E-09
  -23.0000  5.0512739E-08  1.1662240E-08  4.5518824E-09
  -22.0000  2.8382297E-07  6.8950141E-08  2.2423786E-08
  -21.0000  1.0139297E-05  1.1438419E-05  7.4908569E-07
  -20.0000  3.8236825E-06  4.2799399E-07  1.0447870E-06
  -19.0000  1.2315779E-06  7.1542458E-07  1.0294979E-06
  -18.0000  1.2502859E-06  3.2558900E-07  2.3776855E-07
  -17.0000  2.2362552E-06  4.4283857E-07  2.5003076E-07
  -16.0000  1.4566489E-05  2.4975324E-06  1.0986276E-06
  -15.0000  5.0713397E-06  9.3899435E-07  1.1073833E-06
  -14.0000  1.7269810E-05  9.3744017E-06  2.5769281E-05
  -13.0000  8.3176420E-07  1.5315432E-06  3.7053704E-06
  -12.0000  1.6249867E-05  1.1003693E-04  9.9964444E-05
  -11.0000  1.8484197E-05  5.5546970E-06  4.0393745E-06
  -10.0000  6.9473182E-03  2.0907427E-03  6.0241285E-04
  -9.00000  1.6618582E-04  2.7014498E-05  5.4686563E-06
  -8.00000  1.7073884E-04  1.0372089E-04  3.8039310E-05
  -7.00000  9.1374155E-04  1.0771530E-02  6.5254056E-03
  -6.00000  7.2378103E-04  2.1897818E-03  1.0423977E-03
  -5.00000  4.2325062E-04  1.0114239E-04  2.5965220E-03
  -4.00000  3.1084805E-04  9.9322577E-05  2.0389691E-04
  -3.00000  2.0955700E-03  1.2801472E-03  1.7073779E-03
  -2.00000  8.3191742E-05  1.1635057E-04  4.6935516E-05
  -1.00000  7.4690102E-05  9.0726276E-05  3.7977559E-05
   0.00000  1.0619302E-04  1.5909182E-04  1.1266227E-04
   1.00000  1.0162728E-04  9.8002465E-05  8.3478345E-05
   2.00000  7.5641823E-05  9.9585190E-05  6.9208550E-05
   3.00000  8.9572651E-05  1.3164119E-04  9.5097453E-05
   4.00000  1.2759943E-04  2.1685901E-04  1.5877378E-04
   5.00000  2.3099420E-04  5.5141924E-04  3.7539163E-04
   5.20000  2.7079678E-04  7.8370903E-04  4.9311577E-04
   5.40000  3.1956281E-04  9.2671347E-04  6.9609274E-04
   5.60000  3.8735003E-04  1.0461920E-03  1.1087788E-03
   5.80000  5.1974201E-04  1.6023134E-03  2.0658774E-03
   6.00000  8.2975186E-04  2.1932764E-03  3.3608884E-03
   6.20000  1.2534625E-03  3.3957716E-03  6.9214550E-03
   6.40000  1.5714031E-03  6.3351889E-03  1.1773912E-02
   6.60000  1.5936082E-03  1.0666266E-02  1.0580896E-02
   6.80000  2.0506852E-03  1.3188065E-02  9.4718296E-03
   7.00000  3.0936326E-03  1.5345641E-02  9.7615477E-03
   7.20000  4.4216068E-03  1.7320320E-02  1.0852937E-02
   7.40000  5.8419275E-03  1.6489118E-02  1.4430817E-02
   7.60000  7.1918294E-03  1.4682571E-02  2.0780064E-02
   7.80000  8.3674040E-03  1.8015596E-02  2.1940718E-02
   8.00000  1.0502109E-02  2.3738726E-02  1.4758838E-02
   8.20000  1.3026671E-02  2.7517114E-02  9.7194612E-03
   8.40000  1.3711157E-02  2.9566234E-02  7.5712363E-03
   8.60000  1.4315095E-02  3.8890904E-02  7.0634951E-03
   8.80000  1.5448260E-02  6.2438853E-02  7.5879129E-03
   9.00000  1.4656862E-02  7.0846834E-02  8.2415508E-03
   9.20000  1.2018312E-02  4.2181607E-02  8.1463088E-03
   9.40000  1.1463738E-02  2.1650873E-02  8.1572079E-03
   9.60000  1.2608155E-02  1.4534597E-02  8.8221650E-03
   9.80000  1.4270967E-02  1.5231815E-02  1.0356035E-02
   10.0000  1.6013938E-02  1.9957458E-02  1.3382403E-02
   10.2500  1.8661447E-02  2.8004748E-02  2.0993293E-02
   10.5000  2.2820456E-02  3.4364529E-02  3.5966841E-02
   10.7500  2.9986676E-02  3.5493704E-02  6.0185698E-02
   11.0000  4.1126782E-02  3.4190580E-02  8.4609759E-02
   11.2500  5.5484415E-02  3.4633433E-02  9.1403008E-02
   11.5000  6.8165962E-02  3.5993245E-02  8.0012572E-02
   11.7500  6.9057849E-02  3.7176399E-02  6.4130689E-02
   12.0000  5.8456498E-02  3.9652492E-02  5.2357272E-02
   12.2500  4.6429284E-02  4.5603167E-02  4.5767361E-02
   12.5000  3.8991498E-02  5.8879133E-02  4.3544629E-02
   12.7500  3.4589790E-02  8.4098803E-02  4.3463658E-02
   13.0000  3.2251920E-02  1.0741262E-01  4.3776342E-02
   13.2500  3.1083648E-02  9.5124270E-02  4.3508586E-02
   13.5000  3.0737903E-02  6.9854062E-02  4.2556415E-02
   13.7500  3.1021742E-02  5.1523968E-02  4.1048955E-02
   14.0000  3.1704696E-02  4.0764785E-02  3.9070287E-02
   14.2500  3.2407314E-02  3.3844402E-02  3.6592194E-02
   14.5000  3.2891496E-02  2.9303279E-02  3.3902277E-02
   14.7500  3.3102495E-02  2.6320783E-02  3.1624131E-02
   15.0000  3.3115945E-02  2.4381203E-02  3.0131813E-02
   15.2500  3.3063847E-02  2.3135549E-02  2.9316337E-02
   15.5000  3.2757384E-02  2.2678661E-02  2.8247790E-02
   15.7500  3.3105573E-02  2.2557335E-02  2.7736955E-02
   16.0000  3.3732668E-02  2.2386791E-02  2.6995359E-02
   16.2500  3.4624264E-02  2.2277092E-02  2.6035549E-02
   16.5000  3.5601913E-02  2.2065505E-02  2.5007239E-02
   16.7500  3.6498740E-02  2.1702007E-02  2.4193399E-02
   17.0000  3.7241623E-02  2.1286209E-02  2.3832589E-02
   17.2500  3.7856861E-02  2.0974754E-02  2.4006904E-02
   17.5000  3.8439383E-02  2.0893880E-02  2.4669220E-02
   17.7500  3.9082026E-02  2.1109346E-02  2.5720579E-02
   18.0000  3.9843292E-02  2.1633615E-02  2.7069515E-02
   18.2500  4.0739713E-02  2.2439915E-02  2.8644630E-02
   18.5000  4.1748779E-02  2.3476038E-02  3.0388325E-02
   18.7500  4.2805770E-02  2.4677794E-02  3.2237288E-02
   19.0000  4.3791637E-02  2.5985344E-02  3.4108091E-02
   19.2500  4.4536311E-02  2.7349730E-02  3.5899789E-02
   19.5000  4.4874952E-02  2.8732438E-02  3.7526579E-02
   19.7500  4.4723316E-02  3.0105041E-02  3.8941612E-02
   20.0000  4.4099133E-02  3.1439378E-02  4.0129013E-02
   21.0000  3.9283131E-02  3.5218099E-02  4.2705392E-02
   22.0000  3.7949679E-02  3.5988272E-02  4.1319179E-02
   23.0000  3.9392613E-02  3.7648110E-02  3.6511583E-02
   24.0000  3.9266976E-02  3.8810023E-02  3.2927388E-02
   25.0000  3.7607807E-02  3.7837007E-02  3.1890058E-02
   26.0000  3.6144222E-02  3.5862401E-02  3.2641905E-02
   27.0000  3.5638364E-02  3.3993408E-02  3.3615211E-02
   28.0000  3.5574024E-02  3.2456088E-02  3.3559879E-02
   29.0000  3.5710083E-02  3.1356242E-02  3.3013958E-02
   30.0000  3.5147625E-02  3.0675962E-02  3.2300385E-02
   31.0000  3.3581391E-02  3.0263716E-02  3.1491881E-02
   32.0000  3.1216874E-02  2.9737938E-02  3.0537352E-02
   33.0000  2.8540944E-02  2.8913192E-02  2.9471762E-02
   34.0000  2.6034090E-02  2.7862109E-02  2.8376058E-02
   35.0000  2.3924660E-02  2.6716424E-02  2.7314394E-02
   36.0000  2.2253620E-02  2.5593492E-02  2.6341256E-02
   37.0000  2.1002129E-02  2.4559161E-02  2.5445331E-02
   38.0000  2.0127467E-02  2.3604684E-02  2.4545538E-02
   39.0000  1.9565628E-02  2.2675403E-02  2.3535152E-02
   40.0000  1.9207692E-02  2.1714697E-02  2.2347528E-02
