  7709.000   27  1  1  1.9222038E-02 -2.8016204E+00 -2.3405041E-01  1  1  7.5665319E+03  8.0000000E+03  0.0000000E+00  1.1792254E+00  1.0000000E+00  0.0000000E+00  = E_edge, Z, n_edge, j_edge, Abs_before_edge, VO_interstitial, E_cut, ninit, ninit1, Epsii, UnitCell_Volume, Surface_ref, f0_forward, natomsym_f, abs_u_iso
    Energy   (100,001)      (010,001)      (001,110)   
  -25.0000  4.4820693E-09  1.2026808E-09  5.1647490E-10
  -24.0000  1.2895324E-08  3.4239646E-09  1.3309640E-09
  -23.0000  4.7053797E-08  1.2611727E-08  4.2377180E-09
  -22.0000  2.9109052E-07  8.5665834E-08  2.2094002E-08
  -21.0000  5.3230714E-05  2.6852489E-05  4.1743322E-06
  -20.0000  2.8670059E-06  5.0591152E-07  1.0101552E-06
  -19.0000  9.9622726E-07  3.8177821E-07  6.7370933E-07
  -18.0000  9.6813189E-07  2.2273564E-07  2.0847961E-07
  -17.0000  1.6922586E-06  3.0704616E-07  2.4497547E-07
  -16.0000  1.2468812E-05  1.7242378E-06  1.3200074E-06
  -15.0000  2.5967291E-06  1.1603752E-06  1.6902364E-06
  -14.0000  1.7368559E-05  1.1085711E-05  2.4736715E-05
  -13.0000  8.4523948E-07  1.0304382E-06  2.1877308E-06
  -12.0000  8.2082403E-05  9.2861959E-04  6.5371368E-04
  -11.0000  2.0075489E-05  6.4449030E-06  3.1027386E-06
  -10.0000  5.3964478E-03  4.4681050E-03  3.3892757E-03
  -9.00000  8.9113748E-05  3.0229121E-05  3.7481944E-06
  -8.00000  4.0788040E-04  1.3172792E-04  4.8934527E-05
  -7.00000  1.8840301E-04  6.9461695E-04  1.1509117E-03
  -6.00000  3.5275167E-04  3.7487983E-04  1.3570082E-04
  -5.00000  2.0858693E-02  1.5198297E-03  1.7044926E-01
  -4.00000  4.3552451E-04  9.1857662E-05  3.0022049E-04
  -3.00000  2.6552486E-03  1.0279691E-03  1.8401036E-03
  -2.00000  7.3886329E-05  9.1621243E-05  3.0109410E-05
  -1.00000  6.4967578E-05  7.9332663E-05  2.3611362E-05
   0.00000  8.1381030E-05  1.1103400E-04  4.5400137E-05
   1.00000  1.0440922E-04  1.2069322E-04  1.2437225E-04
   2.00000  7.5198935E-05  9.4429674E-05  7.4515566E-05
   3.00000  8.9434303E-05  1.1574660E-04  9.0387599E-05
   4.00000  1.3070837E-04  1.8490941E-04  1.3875734E-04
   5.00000  2.4879558E-04  4.8520670E-04  2.9905241E-04
   5.20000  2.9705206E-04  7.1828275E-04  3.9264166E-04
   5.40000  3.6252897E-04  1.2127984E-03  5.7480825E-04
   5.60000  4.5157679E-04  1.7854487E-03  8.6353553E-04
   5.80000  5.8271050E-04  1.5609406E-03  1.0782791E-03
   6.00000  7.9639005E-04  1.4447943E-03  1.5060148E-03
   6.20000  1.1651112E-03  1.8854452E-03  2.6277180E-03
   6.40000  1.7648847E-03  3.2178627E-03  5.1205232E-03
   6.60000  2.0852670E-03  5.4924288E-03  7.8652975E-03
   6.80000  2.0426445E-03  7.4643490E-03  7.7966663E-03
   7.00000  2.5442333E-03  9.2529405E-03  7.6697975E-03
   7.20000  3.6903640E-03  1.1717077E-02  7.8449452E-03
   7.40000  5.2171460E-03  1.4229750E-02  7.4969223E-03
   7.60000  6.9829507E-03  1.5706592E-02  7.9803392E-03
   7.80000  9.0893356E-03  1.6788935E-02  1.1998718E-02
   8.00000  1.1989502E-02  2.0170229E-02  2.2953033E-02
   8.20000  1.5443136E-02  2.5415362E-02  3.0945263E-02
   8.40000  1.6758622E-02  2.2250582E-02  2.3026876E-02
   8.60000  1.5355623E-02  2.1363217E-02  1.5943677E-02
   8.80000  1.4697546E-02  2.6805271E-02  1.3648943E-02
   9.00000  1.4127998E-02  3.9021071E-02  1.3746111E-02
   9.20000  1.3855984E-02  4.6374773E-02  1.4309734E-02
   9.40000  1.5076803E-02  2.7724729E-02  1.3360453E-02
   9.60000  1.6502615E-02  2.3766956E-02  1.1583579E-02
   9.80000  1.7150033E-02  3.2880235E-02  1.0757213E-02
   10.0000  1.7722432E-02  4.5674571E-02  1.1665520E-02
   10.2500  1.9627277E-02  6.1772338E-02  1.6085764E-02
   10.5000  2.4121936E-02  6.9584527E-02  2.5766828E-02
   10.7500  3.1959173E-02  6.2715941E-02  4.3816914E-02
   11.0000  4.3353217E-02  5.0662794E-02  7.1754660E-02
   11.2500  5.9722635E-02  4.2407056E-02  9.2658764E-02
   11.5000  7.7179727E-02  3.8745033E-02  8.5727144E-02
   11.7500  8.2501539E-02  3.8396951E-02  6.8258465E-02
   12.0000  6.9330898E-02  4.0884973E-02  5.4736731E-02
   12.2500  5.4855081E-02  4.7133753E-02  4.7478951E-02
   12.5000  4.5263954E-02  6.0406449E-02  4.4233794E-02
   12.7500  3.9676157E-02  8.3166678E-02  4.3449998E-02
   13.0000  3.6516179E-02  9.8597880E-02  4.4259068E-02
   13.2500  3.4659538E-02  8.5222274E-02  4.5743839E-02
   13.5000  3.3468326E-02  6.3837398E-02  4.6098315E-02
   13.7500  3.2706508E-02  4.6844013E-02  4.4997260E-02
   14.0000  3.2165272E-02  3.7232905E-02  4.2678879E-02
   14.2500  3.1703986E-02  3.0876628E-02  3.9431300E-02
   14.5000  3.1214418E-02  2.6667488E-02  3.5677566E-02
   14.7500  3.0689006E-02  2.3870154E-02  3.2188723E-02
   15.0000  3.0204191E-02  2.2041849E-02  2.9602014E-02
   15.2500  2.9866196E-02  2.0906083E-02  2.8056762E-02
   15.5000  2.9787852E-02  2.0282455E-02  2.7306577E-02
   15.7500  2.9875026E-02  2.0614659E-02  2.6447205E-02
   16.0000  3.0588241E-02  2.0980269E-02  2.6155842E-02
   16.2500  3.1666733E-02  2.1234810E-02  2.5595693E-02
   16.5000  3.2956591E-02  2.1458706E-02  2.4800477E-02
   16.7500  3.4250607E-02  2.1493628E-02  2.3959031E-02
   17.0000  3.5388587E-02  2.1324889E-02  2.3350308E-02
   17.2500  3.6312493E-02  2.1079912E-02  2.3171128E-02
   17.5000  3.7041397E-02  2.0921378E-02  2.3477702E-02
   17.7500  3.7641385E-02  2.0973210E-02  2.4235303E-02
   18.0000  3.8170456E-02  2.1297418E-02  2.5379437E-02
   18.2500  3.8668290E-02  2.1900628E-02  2.6849264E-02
   18.5000  3.9154717E-02  2.2744836E-02  2.8594814E-02
   18.7500  3.9629913E-02  2.3766840E-02  3.0568960E-02
   19.0000  4.0073977E-02  2.4897971E-02  3.2710052E-02
   19.2500  4.0440680E-02  2.6082889E-02  3.4931669E-02
   19.5000  4.0661947E-02  2.7286586E-02  3.7123831E-02
   19.7500  4.0679709E-02  2.8488631E-02  3.9180222E-02
   20.0000  4.0478912E-02  2.9671813E-02  4.1017672E-02
   21.0000  3.8282876E-02  3.3491186E-02  4.5272188E-02
   22.0000  3.7164504E-02  3.4617238E-02  4.3522893E-02
   23.0000  3.7585726E-02  3.5798455E-02  3.7471738E-02
   24.0000  3.7750266E-02  3.7269412E-02  3.3014423E-02
   25.0000  3.6643722E-02  3.6980281E-02  3.1352426E-02
   26.0000  3.5199985E-02  3.5370088E-02  3.1606431E-02
   27.0000  3.4019896E-02  3.3600168E-02  3.2275683E-02
   28.0000  3.3791774E-02  3.2211280E-02  3.2561522E-02
   29.0000  3.4226479E-02  3.0954543E-02  3.2239010E-02
   30.0000  3.4614807E-02  2.9906041E-02  3.1620949E-02
   31.0000  3.3910611E-02  2.9235021E-02  3.0824990E-02
   32.0000  3.1951842E-02  2.8731671E-02  2.9848591E-02
   33.0000  2.9323373E-02  2.8099755E-02  2.8755795E-02
   34.0000  2.6692462E-02  2.7299533E-02  2.7668864E-02
   35.0000  2.4420892E-02  2.6446582E-02  2.6684242E-02
   36.0000  2.2612648E-02  2.5661491E-02  2.5880519E-02
   37.0000  2.1266567E-02  2.4982104E-02  2.5260668E-02
   38.0000  2.0344238E-02  2.4370032E-02  2.4708530E-02
   39.0000  1.9793562E-02  2.3760183E-02  2.4036911E-02
   40.0000  1.9526800E-02  2.3098239E-02  2.3100467E-02
