  7709.000   27  1  1  1.9222038E-02 -2.9867210E+00 -2.7152605E-01  1  1  7.5667817E+03  8.0000000E+03  0.0000000E+00  1.1792254E+00  1.0000000E+00  0.0000000E+00  = E_edge, Z, n_edge, j_edge, Abs_before_edge, VO_interstitial, E_cut, ninit, ninit1, Epsii, UnitCell_Volume, Surface_ref, f0_forward, natomsym_f, abs_u_iso
    Energy   (100,001)      (010,001)      (001,110)   
  -25.0000  3.6983306E-09  9.9327191E-10  4.7148925E-10
  -24.0000  1.0212668E-08  2.6776142E-09  1.1770270E-09
  -23.0000  3.4536069E-08  8.9202353E-09  3.5053770E-09
  -22.0000  1.7410263E-07  4.6123530E-08  1.4755594E-08
  -21.0000  3.8717849E-06  1.6745507E-06  2.2582808E-07
  -20.0000  5.2024220E-06  6.2245705E-07  1.1468927E-06
  -19.0000  1.1600283E-06  6.4644471E-07  9.1277003E-07
  -18.0000  1.0071588E-06  2.4411069E-07  2.2030005E-07
  -17.0000  1.6066630E-06  2.8172301E-07  2.4334380E-07
  -16.0000  8.5139038E-06  6.7996479E-07  1.1688317E-06
  -15.0000  3.6666862E-06  1.8886317E-06  1.5564725E-06
  -14.0000  4.0618240E-06  3.5656756E-06  5.4284261E-06
  -13.0000  8.6147161E-07  1.0417090E-06  2.4975156E-06
  -12.0000  1.9198491E-05  1.7808980E-04  1.4804665E-04
  -11.0000  1.6450513E-05  4.3545568E-06  2.9015181E-06
  -10.0000  2.4727639E-02  2.1007345E-03  1.4409419E-02
  -9.00000  9.1189752E-05  2.9774443E-05  6.4856024E-06
  -8.00000  3.6791808E-03  1.3819103E-03  2.2492701E-04
  -7.00000  1.0208858E-03  3.4965708E-03  2.1798502E-04
  -6.00000  3.7120689E-04  4.6316185E-04  2.4357780E-04
  -5.00000  8.2970778E-04  1.0712494E-04  5.8635817E-03
  -4.00000  2.4190905E-04  1.3042134E-04  2.0239220E-04
  -3.00000  6.9893642E-04  6.1171396E-04  3.8798728E-04
  -2.00000  5.9983311E-05  6.7060159E-05  2.3990233E-05
  -1.00000  5.6848240E-05  6.6815235E-05  1.9605601E-05
   0.00000  1.3994457E-04  9.6985430E-05  1.2815385E-04
   1.00000  8.8890898E-05  1.1043354E-04  1.1452784E-04
   2.00000  7.4321482E-05  9.2718128E-05  8.0858262E-05
   3.00000  9.0438015E-05  1.2151984E-04  9.9673132E-05
   4.00000  1.3473422E-04  2.0727812E-04  1.5786597E-04
   5.00000  2.6048773E-04  7.6717407E-04  3.6652814E-04
   5.20000  3.1322004E-04  1.3167775E-03  4.8879310E-04
   5.40000  3.8577272E-04  1.7649486E-03  6.9692977E-04
   5.60000  4.7679123E-04  1.4073716E-03  1.0723237E-03
   5.80000  6.2084124E-04  1.6627124E-03  2.0040931E-03
   6.00000  9.5501661E-04  2.2436511E-03  3.4892729E-03
   6.20000  1.4628737E-03  3.2464449E-03  6.6507008E-03
   6.40000  1.7380120E-03  5.8947617E-03  9.9419247E-03
   6.60000  1.6944836E-03  8.0159599E-03  8.2388699E-03
   6.80000  2.1317835E-03  8.2981920E-03  6.9882998E-03
   7.00000  3.1162294E-03  8.9553395E-03  7.1771253E-03
   7.20000  4.4123432E-03  9.8562704E-03  8.3435164E-03
   7.40000  5.6885244E-03  9.7548219E-03  1.2028695E-02
   7.60000  6.8157638E-03  9.6065503E-03  2.0334357E-02
   7.80000  8.1707746E-03  1.3110602E-02  2.4439001E-02
   8.00000  1.0871395E-02  1.8120628E-02  1.5475850E-02
   8.20000  1.4413085E-02  2.2208999E-02  1.0382704E-02
   8.40000  1.5855976E-02  2.2623836E-02  8.5687990E-03
   8.60000  1.6611679E-02  2.4508471E-02  8.4669057E-03
   8.80000  1.7095897E-02  3.1708469E-02  9.5919294E-03
   9.00000  1.7540928E-02  2.5414465E-02  1.0139462E-02
   9.20000  1.8791807E-02  2.6131780E-02  9.6602846E-03
   9.40000  1.9733605E-02  3.4918267E-02  9.8531379E-03
   9.60000  2.0489725E-02  4.3667263E-02  1.1049946E-02
   9.80000  2.1786405E-02  5.3056761E-02  1.3905128E-02
   10.0000  2.4138462E-02  6.3330201E-02  1.9354438E-02
   10.2500  2.8637678E-02  7.3449577E-02  3.2730449E-02
   10.5000  3.5600639E-02  7.1717450E-02  5.9903557E-02
   10.7500  4.6678041E-02  6.0205203E-02  9.4564779E-02
   11.0000  6.3724743E-02  5.0562490E-02  1.0286947E-01
   11.2500  8.4202740E-02  4.5056838E-02  8.6429489E-02
   11.5000  9.0470381E-02  4.2089075E-02  6.8289500E-02
   11.7500  7.4574713E-02  4.1940751E-02  5.5716574E-02
   12.0000  5.7537567E-02  4.5417275E-02  4.8121203E-02
   12.2500  4.6572422E-02  5.4797703E-02  4.4542561E-02
   12.5000  4.0211583E-02  7.2505598E-02  4.3677489E-02
   12.7500  3.6718600E-02  8.8943128E-02  4.4412749E-02
   13.0000  3.4881351E-02  8.3213014E-02  4.6029304E-02
   13.2500  3.3879114E-02  6.5329487E-02  4.7002416E-02
   13.5000  3.3545625E-02  4.8910439E-02  4.6367660E-02
   13.7500  3.2861285E-02  3.8681893E-02  4.3905630E-02
   14.0000  3.2561184E-02  3.1909475E-02  4.0165411E-02
   14.2500  3.2152544E-02  2.7394465E-02  3.5828524E-02
   14.5000  3.1635524E-02  2.4419000E-02  3.1754608E-02
   14.7500  3.1078042E-02  2.2515800E-02  2.8590708E-02
   15.0000  3.0585970E-02  2.1354787E-02  2.6523657E-02
   15.2500  3.0297431E-02  2.0690436E-02  2.5370268E-02
   15.5000  2.9957838E-02  2.1357323E-02  2.4462931E-02
   15.7500  3.0428442E-02  2.1291635E-02  2.4138516E-02
   16.0000  3.1283596E-02  2.1301766E-02  2.3816331E-02
   16.2500  3.2357107E-02  2.1258734E-02  2.3335821E-02
   16.5000  3.3431597E-02  2.1081736E-02  2.2750803E-02
   16.7500  3.4349820E-02  2.0810998E-02  2.2296681E-02
   17.0000  3.5077846E-02  2.0577505E-02  2.2214901E-02
   17.2500  3.5667138E-02  2.0510970E-02  2.2614703E-02
   17.5000  3.6207687E-02  2.0690688E-02  2.3477063E-02
   17.7500  3.6763195E-02  2.1137213E-02  2.4723131E-02
   18.0000  3.7362021E-02  2.1821228E-02  2.6272095E-02
   18.2500  3.8004375E-02  2.2679082E-02  2.8060417E-02
   18.5000  3.8677355E-02  2.3637308E-02  3.0038350E-02
   18.7500  3.9346441E-02  2.4637548E-02  3.2145779E-02
   19.0000  3.9945882E-02  2.5652010E-02  3.4290988E-02
   19.2500  4.0380243E-02  2.6676233E-02  3.6354333E-02
   19.5000  4.0568293E-02  2.7710814E-02  3.8228536E-02
   19.7500  4.0489992E-02  2.8748772E-02  3.9852585E-02
   20.0000  4.0179311E-02  2.9769223E-02  4.1205882E-02
   21.0000  3.7844567E-02  3.2948624E-02  4.3918620E-02
   22.0000  3.7662279E-02  3.4380238E-02  4.1683022E-02
   23.0000  3.8574067E-02  3.6226668E-02  3.6153238E-02
   24.0000  3.7380484E-02  3.7364359E-02  3.2198384E-02
   25.0000  3.4833826E-02  3.6265961E-02  3.0736253E-02
   26.0000  3.2598454E-02  3.4265001E-02  3.0917162E-02
   27.0000  3.1726864E-02  3.2607386E-02  3.1595915E-02
   28.0000  3.1849280E-02  3.1156122E-02  3.1611088E-02
   29.0000  3.2545747E-02  2.9757641E-02  3.1008220E-02
   30.0000  3.2706904E-02  2.8740951E-02  3.0127939E-02
   31.0000  3.1534559E-02  2.8309722E-02  2.9124911E-02
   32.0000  2.9271353E-02  2.8139482E-02  2.8056024E-02
   33.0000  2.6635832E-02  2.7854039E-02  2.6995049E-02
   34.0000  2.4215692E-02  2.7373560E-02  2.6026742E-02
   35.0000  2.2262856E-02  2.6796589E-02  2.5217307E-02
   36.0000  2.0827492E-02  2.6209438E-02  2.4626218E-02
   37.0000  1.9886477E-02  2.5616439E-02  2.4208484E-02
   38.0000  1.9387912E-02  2.4982089E-02  2.3810245E-02
   39.0000  1.9252723E-02  2.4271963E-02  2.3257040E-02
   40.0000  1.9337585E-02  2.3460712E-02  2.2455423E-02
