  7709.000   27  1  1  1.9222038E-02 -2.8878875E+00 -2.5047481E-01  1  1  7.5666571E+03  8.0000000E+03  0.0000000E+00  1.1792254E+00  1.0000000E+00  0.0000000E+00  = E_edge, Z, n_edge, j_edge, Abs_before_edge, VO_interstitial, E_cut, ninit, ninit1, Epsii, UnitCell_Volume, Surface_ref, f0_forward, natomsym_f, abs_u_iso
    Energy   (100,001)      (010,001)      (001,110)   
  -25.0000  3.2008221E-09  9.4037430E-10  4.2867111E-10
  -24.0000  8.6511426E-09  2.5005532E-09  1.0526728E-09
  -23.0000  2.8169843E-08  8.0901864E-09  3.0545939E-09
  -22.0000  1.3007394E-07  3.8487194E-08  1.2179204E-08
  -21.0000  1.6526860E-06  6.9108775E-07  1.3004966E-07
  -20.0000  8.0011959E-06  7.9644364E-07  1.0848194E-06
  -19.0000  1.2610814E-06  1.1999129E-06  1.7638989E-06
  -18.0000  1.0057802E-06  3.2480136E-07  2.2505395E-07
  -17.0000  1.4973364E-06  3.8866517E-07  1.9574556E-07
  -16.0000  6.2805887E-06  1.2880697E-06  4.8353881E-07
  -15.0000  5.3737175E-06  8.5609449E-07  9.8820107E-07
  -14.0000  8.1213017E-06  5.8431060E-06  1.1478481E-05
  -13.0000  7.3372565E-07  1.0937529E-06  2.2784943E-06
  -12.0000  6.3679248E-05  8.4940800E-04  4.2581146E-04
  -11.0000  1.3170077E-05  4.3296720E-06  3.0419281E-06
  -10.0000  5.6255644E-04  1.2712157E-04  5.3528765E-05
  -9.00000  9.1233128E-05  4.3824375E-05  1.0863248E-05
  -8.00000  9.1407331E-05  2.9830288E-04  3.1731916E-05
  -7.00000  1.2729189E-03  3.8056239E-03  1.8685278E-04
  -6.00000  2.5988833E-04  2.7552808E-04  8.9790824E-05
  -5.00000  1.0812519E-03  1.4158391E-04  9.2914859E-03
  -4.00000  2.8797393E-04  9.1713644E-05  2.0003707E-04
  -3.00000  1.8452598E-03  9.5541566E-04  1.3157515E-03
  -2.00000  6.7847781E-05  8.2893317E-05  3.2530101E-05
  -1.00000  6.0043814E-05  8.4714302E-05  2.6566138E-05
   0.00000  1.3465170E-04  8.3258219E-05  9.9742768E-05
   1.00000  7.3881442E-05  1.0313312E-04  9.4072581E-05
   2.00000  6.7722890E-05  8.9004047E-05  7.1707868E-05
   3.00000  8.4278973E-05  1.1579654E-04  9.0861189E-05
   4.00000  1.2738588E-04  1.8509323E-04  1.4475626E-04
   5.00000  2.4744006E-04  4.8564981E-04  3.2119102E-04
   5.20000  2.9500876E-04  7.2897988E-04  4.1146374E-04
   5.40000  3.5854819E-04  1.0249520E-03  5.6078168E-04
   5.60000  4.4501246E-04  9.3109982E-04  8.2954023E-04
   5.80000  5.7611323E-04  1.0173848E-03  1.4271268E-03
   6.00000  9.0420960E-04  1.4240850E-03  2.7066427E-03
   6.20000  1.4654220E-03  2.1682024E-03  5.4614521E-03
   6.40000  1.9742087E-03  3.8756160E-03  9.5255317E-03
   6.60000  1.9039891E-03  5.7963900E-03  8.9713839E-03
   6.80000  1.9943775E-03  6.6392140E-03  7.6076163E-03
   7.00000  2.6396922E-03  7.5986068E-03  7.6968298E-03
   7.20000  3.8539692E-03  9.0621414E-03  8.8512175E-03
   7.40000  5.4632382E-03  9.8066791E-03  1.1527056E-02
   7.60000  7.1393052E-03  9.8060112E-03  1.7306966E-02
   7.80000  8.8904233E-03  1.2785357E-02  2.2322578E-02
   8.00000  1.1739926E-02  1.8611513E-02  1.6692243E-02
   8.20000  1.5802233E-02  2.4104979E-02  1.0763171E-02
   8.40000  1.7461259E-02  2.7154772E-02  8.5507434E-03
   8.60000  1.7624322E-02  3.1898919E-02  7.9828546E-03
   8.80000  1.8666328E-02  4.5271701E-02  8.7309241E-03
   9.00000  1.7681169E-02  2.9911103E-02  9.4711757E-03
   9.20000  1.7865986E-02  1.5340441E-02  9.5904050E-03
   9.40000  1.9267690E-02  1.5371527E-02  9.7155396E-03
   9.60000  2.0797060E-02  2.1012661E-02  1.0376501E-02
   9.80000  2.2199066E-02  2.8970641E-02  1.2283929E-02
   10.0000  2.3954193E-02  3.8160716E-02  1.6414165E-02
   10.2500  2.7306759E-02  5.0332906E-02  2.6646303E-02
   10.5000  3.3112624E-02  5.8196905E-02  4.7524118E-02
   10.7500  4.2740126E-02  5.5353843E-02  8.1820069E-02
   11.0000  5.6453203E-02  4.7969297E-02  1.0412231E-01
   11.2500  7.6691553E-02  4.3042277E-02  9.5823936E-02
   11.5000  9.0008750E-02  4.0334884E-02  7.9078052E-02
   11.7500  8.0834448E-02  3.9360372E-02  6.4362779E-02
   12.0000  6.2430806E-02  4.0714361E-02  5.4348691E-02
   12.2500  4.9081691E-02  4.6156168E-02  4.9156797E-02
   12.5000  4.1316015E-02  5.9534991E-02  4.7383517E-02
   12.7500  3.7107870E-02  8.4906856E-02  4.7081298E-02
   13.0000  3.5066489E-02  1.0406735E-01  4.7014607E-02
   13.2500  3.4146235E-02  8.8984294E-02  4.7298124E-02
   13.5000  3.4002931E-02  6.4300807E-02  4.6421698E-02
   13.7500  3.3328495E-02  4.7449299E-02  4.3947466E-02
   14.0000  3.3110546E-02  3.7243480E-02  4.0241505E-02
   14.2500  3.2712927E-02  3.0856621E-02  3.6008590E-02
   14.5000  3.2150869E-02  2.6792886E-02  3.2004936E-02
   14.7500  3.1539829E-02  2.4195642E-02  2.8862138E-02
   15.0000  3.1008089E-02  2.2550937E-02  2.6820116E-02
   15.2500  3.0684442E-02  2.1537828E-02  2.5740540E-02
   15.5000  3.0500199E-02  2.1566785E-02  2.5043267E-02
   15.7500  3.0774107E-02  2.1624780E-02  2.4696330E-02
   16.0000  3.1568907E-02  2.1613810E-02  2.4502788E-02
   16.2500  3.2592566E-02  2.1606294E-02  2.4133368E-02
   16.5000  3.3653470E-02  2.1461828E-02  2.3629488E-02
   16.7500  3.4590448E-02  2.1179094E-02  2.3230528E-02
   17.0000  3.5336781E-02  2.0884413E-02  2.3200135E-02
   17.2500  3.5922553E-02  2.0727157E-02  2.3673134E-02
   17.5000  3.6418196E-02  2.0805817E-02  2.4637131E-02
   17.7500  3.6907353E-02  2.1155436E-02  2.6012317E-02
   18.0000  3.7450493E-02  2.1755801E-02  2.7712397E-02
   18.2500  3.8085098E-02  2.2549958E-02  2.9664457E-02
   18.5000  3.8819559E-02  2.3466643E-02  3.1799511E-02
   18.7500  3.9612627E-02  2.4447460E-02  3.4022725E-02
   19.0000  4.0349107E-02  2.5462799E-02  3.6190135E-02
   19.2500  4.0859099E-02  2.6510350E-02  3.8133255E-02
   19.5000  4.1000543E-02  2.7597917E-02  3.9733061E-02
   19.7500  4.0741545E-02  2.8729679E-02  4.0967761E-02
   20.0000  4.0154160E-02  2.9895307E-02  4.1875149E-02
   21.0000  3.6811997E-02  3.4088001E-02  4.2912138E-02
   22.0000  3.6370866E-02  3.6353495E-02  3.9873600E-02
   23.0000  3.7336604E-02  3.8395625E-02  3.4687555E-02
   24.0000  3.6305407E-02  3.9012114E-02  3.1310054E-02
   25.0000  3.3970598E-02  3.7396376E-02  3.0317031E-02
   26.0000  3.2670827E-02  3.5343540E-02  3.1186152E-02
   27.0000  3.2447937E-02  3.3611606E-02  3.2170831E-02
   28.0000  3.2983329E-02  3.2138135E-02  3.2292202E-02
   29.0000  3.3739029E-02  3.0739966E-02  3.1680683E-02
   30.0000  3.3735816E-02  2.9693139E-02  3.0732518E-02
   31.0000  3.2405412E-02  2.9154429E-02  2.9610630E-02
   32.0000  3.0070622E-02  2.8796460E-02  2.8386855E-02
   33.0000  2.7390524E-02  2.8277425E-02  2.7156251E-02
   34.0000  2.4894944E-02  2.7544938E-02  2.5999841E-02
   35.0000  2.2806992E-02  2.6709107E-02  2.4970430E-02
   36.0000  2.1164381E-02  2.5880798E-02  2.4119942E-02
   37.0000  1.9955493E-02  2.5093090E-02  2.3427343E-02
   38.0000  1.9152409E-02  2.4314698E-02  2.2777358E-02
   39.0000  1.8706015E-02  2.3495653E-02  2.2024249E-02
   40.0000  1.8516582E-02  2.2595295E-02  2.1103418E-02
