  7709.000   27  1  1  1.9222038E-02 -3.0361934E+00 -2.7564823E-01  1  1  7.5668802E+03  8.0000000E+03  0.0000000E+00  1.1792254E+00  1.0000000E+00  0.0000000E+00  = E_edge, Z, n_edge, j_edge, Abs_before_edge, VO_interstitial, E_cut, ninit, ninit1, Epsii, UnitCell_Volume, Surface_ref, f0_forward, natomsym_f, abs_u_iso
    Energy   (100,001)      (010,001)      (001,110)   
  -25.0000  4.5322325E-09  1.3035585E-09  5.3260385E-10
  -24.0000  1.3137269E-08  3.7631058E-09  1.3605762E-09
  -23.0000  4.8656939E-08  1.4222100E-08  4.2534831E-09
  -22.0000  3.1252006E-07  1.0306496E-07  2.1042011E-08
  -21.0000  3.1763596E-05  1.7974033E-05  1.4912087E-06
  -20.0000  2.1684091E-06  7.3203600E-07  1.7254758E-06
  -19.0000  9.0946380E-07  2.7974456E-07  4.4770312E-07
  -18.0000  9.1062143E-07  1.9920691E-07  1.9381597E-07
  -17.0000  1.6806043E-06  2.8935481E-07  2.5472031E-07
  -16.0000  1.9074847E-05  2.2777978E-06  3.0574201E-06
  -15.0000  1.0032254E-06  1.9595458E-06  1.1661068E-06
  -14.0000  2.4912506E-06  2.3914252E-06  3.6154989E-06
  -13.0000  9.8287817E-07  1.0020448E-06  2.4133012E-06
  -12.0000  1.6258272E-05  8.4226402E-05  5.0032423E-05
  -11.0000  2.3619922E-05  6.0906442E-06  2.5310333E-06
  -10.0000  2.9598127E-02  2.5555109E-02  1.2740987E-02
  -9.00000  5.0602932E-05  2.0477727E-05  5.5125224E-06
  -8.00000  2.4753627E-02  6.9782312E-04  8.7715711E-04
  -7.00000  1.6890821E-04  3.2030202E-04  5.6342282E-04
  -6.00000  2.8402025E-04  4.1200685E-04  1.3114580E-04
  -5.00000  5.0576845E-04  7.2081392E-05  2.0165515E-03
  -4.00000  2.1790756E-04  1.6955342E-04  2.4016201E-04
  -3.00000  2.3183548E-03  1.5690936E-02  1.1085092E-03
  -2.00000  5.9461204E-05  6.4288911E-05  2.2251305E-05
  -1.00000  5.8403921E-05  6.5328987E-05  1.9600132E-05
   0.00000  1.2713441E-04  9.3691229E-05  1.0199601E-04
   1.00000  8.8839080E-05  1.1178402E-04  1.1213625E-04
   2.00000  7.5702374E-05  9.3467222E-05  7.9396698E-05
   3.00000  9.3578036E-05  1.2164650E-04  9.6567722E-05
   4.00000  1.4328750E-04  2.0438861E-04  1.4910841E-04
   5.00000  2.9185430E-04  6.8022693E-04  3.2053592E-04
   5.20000  3.5479565E-04  1.1274216E-03  4.1582584E-04
   5.40000  4.4389140E-04  1.9027534E-03  5.8635463E-04
   5.60000  5.7546637E-04  1.9275018E-03  8.2106883E-04
   5.80000  7.7652841E-04  1.5279799E-03  1.1875537E-03
   6.00000  1.0957242E-03  1.7833553E-03  2.0429725E-03
   6.20000  1.5773755E-03  3.0185465E-03  4.1085367E-03
   6.40000  2.0685731E-03  5.1879204E-03  7.0965277E-03
   6.60000  2.0347262E-03  6.6930028E-03  7.4168550E-03
   6.80000  2.3344094E-03  7.2309588E-03  6.9695436E-03
   7.00000  3.3870965E-03  8.3034435E-03  7.4148330E-03
   7.20000  5.1530980E-03  9.9951647E-03  7.8297843E-03
   7.40000  6.8785398E-03  1.1495917E-02  7.5508948E-03
   7.60000  7.8737978E-03  1.2538666E-02  8.8167466E-03
   7.80000  9.1294321E-03  1.5094932E-02  1.4854474E-02
   8.00000  1.2280136E-02  2.3316398E-02  2.8394646E-02
   8.20000  1.7514325E-02  2.6419303E-02  2.6901336E-02
   8.40000  1.9834080E-02  2.3011825E-02  1.7445682E-02
   8.60000  1.8654339E-02  2.5156834E-02  1.4282069E-02
   8.80000  1.8095057E-02  3.1513930E-02  1.4918193E-02
   9.00000  1.7643451E-02  2.3108437E-02  1.6458583E-02
   9.20000  1.9738201E-02  2.6019247E-02  1.5681301E-02
   9.40000  2.1808579E-02  3.8144544E-02  1.4106409E-02
   9.60000  2.2397292E-02  5.0420725E-02  1.3306034E-02
   9.80000  2.2876730E-02  6.1613712E-02  1.4368316E-02
   10.0000  2.4662466E-02  7.1581344E-02  1.8158240E-02
   10.2500  2.9604359E-02  7.6812566E-02  2.9037005E-02
   10.5000  3.7999450E-02  6.9314351E-02  5.2421312E-02
   10.7500  5.0190421E-02  5.5468313E-02  8.7994718E-02
   11.0000  6.7803207E-02  4.5592273E-02  1.0354305E-01
   11.2500  8.8920587E-02  4.0474088E-02  8.6834556E-02
   11.5000  9.1570486E-02  3.8750716E-02  6.7817468E-02
   11.7500  7.4083704E-02  3.9836330E-02  5.4939791E-02
   12.0000  5.6514287E-02  4.4531579E-02  4.7553140E-02
   12.2500  4.5498556E-02  5.5496340E-02  4.4088774E-02
   12.5000  3.9411039E-02  7.4838474E-02  4.3119367E-02
   12.7500  3.6268482E-02  9.0052575E-02  4.3716998E-02
   13.0000  3.4578044E-02  8.1352688E-02  4.5372699E-02
   13.2500  3.3541615E-02  6.2437508E-02  4.6346020E-02
   13.5000  3.2759327E-02  4.6061314E-02  4.5660589E-02
   13.7500  3.2122684E-02  3.6479126E-02  4.3064127E-02
   14.0000  3.1466586E-02  3.0212528E-02  3.9288069E-02
   14.2500  3.0716142E-02  2.6066503E-02  3.4967906E-02
   14.5000  2.9935366E-02  2.3311810E-02  3.0917183E-02
   14.7500  2.9236420E-02  2.1515360E-02  2.7811527E-02
   15.0000  2.8731981E-02  2.0402464E-02  2.5891372E-02
   15.2500  2.8461879E-02  2.0254318E-02  2.4800239E-02
   15.5000  2.8480685E-02  2.0146039E-02  2.4415342E-02
   15.7500  2.9193404E-02  2.0583414E-02  2.4353129E-02
   16.0000  3.0328702E-02  2.0918452E-02  2.4191269E-02
   16.2500  3.1715487E-02  2.1254944E-02  2.3794423E-02
   16.5000  3.3116196E-02  2.1409762E-02  2.3244723E-02
   16.7500  3.4340766E-02  2.1324197E-02  2.2801490E-02
   17.0000  3.5318224E-02  2.1098948E-02  2.2714466E-02
   17.2500  3.6066035E-02  2.0900833E-02  2.3101798E-02
   17.5000  3.6656108E-02  2.0868944E-02  2.3960330E-02
   17.7500  3.7157019E-02  2.1077537E-02  2.5230684E-02
   18.0000  3.7616809E-02  2.1539057E-02  2.6844412E-02
   18.2500  3.8063638E-02  2.2219226E-02  2.8739237E-02
   18.5000  3.8506547E-02  2.3055871E-02  3.0847984E-02
   18.7500  3.8927311E-02  2.3984375E-02  3.3081416E-02
   19.0000  3.9267035E-02  2.4957724E-02  3.5315254E-02
   19.2500  3.9441916E-02  2.5955030E-02  3.7408264E-02
   19.5000  3.9388603E-02  2.6973491E-02  3.9252018E-02
   19.7500  3.9103901E-02  2.8013591E-02  4.0800852E-02
   20.0000  3.8633962E-02  2.9069953E-02  4.2054565E-02
   21.0000  3.6165194E-02  3.2788530E-02  4.4151538E-02
   22.0000  3.6087248E-02  3.4610070E-02  4.1061303E-02
   23.0000  3.7505670E-02  3.6386601E-02  3.5414964E-02
   24.0000  3.7117333E-02  3.7337041E-02  3.1792033E-02
   25.0000  3.4599777E-02  3.6159059E-02  3.0488421E-02
   26.0000  3.2646665E-02  3.4329361E-02  3.1018345E-02
   27.0000  3.1708554E-02  3.2678355E-02  3.1749975E-02
   28.0000  3.1769600E-02  3.1283684E-02  3.1736617E-02
   29.0000  3.2633140E-02  2.9953584E-02  3.1107680E-02
   30.0000  3.3236964E-02  2.8950090E-02  3.0229750E-02
   31.0000  3.2488761E-02  2.8484657E-02  2.9227472E-02
   32.0000  3.0457650E-02  2.8254420E-02  2.8135890E-02
   33.0000  2.7860280E-02  2.7902911E-02  2.7029530E-02
   34.0000  2.5348398E-02  2.7385347E-02  2.6012731E-02
   35.0000  2.3235159E-02  2.6825516E-02  2.5170359E-02
   36.0000  2.1605748E-02  2.6311521E-02  2.4565657E-02
   37.0000  2.0446622E-02  2.5826487E-02  2.4152901E-02
   38.0000  1.9708985E-02  2.5294921E-02  2.3770344E-02
   39.0000  1.9328275E-02  2.4649941E-02  2.3234519E-02
   40.0000  1.9199071E-02  2.3859121E-02  2.2452426E-02
