  7709.000   27  1  1  1.9222038E-02 -2.9552945E+00 -2.3111278E-01  1  1  7.5669082E+03  8.0000000E+03  0.0000000E+00  1.1792254E+00  1.0000000E+00  0.0000000E+00  = E_edge, Z, n_edge, j_edge, Abs_before_edge, VO_interstitial, E_cut, ninit, ninit1, Epsii, UnitCell_Volume, Surface_ref, f0_forward, natomsym_f, abs_u_iso
    Energy   (100,001)      (010,001)      (001,110)   
  -25.0000  4.4175436E-09  1.0172903E-09  5.7488114E-10
  -24.0000  1.2663936E-08  2.7870656E-09  1.5268821E-09
  -23.0000  4.5774672E-08  9.6360460E-09  5.0891033E-09
  -22.0000  2.7026286E-07  5.6456546E-08  2.7935788E-08
  -21.0000  1.6095323E-05  2.3942642E-05  2.2991046E-06
  -20.0000  2.4233655E-06  4.2866647E-07  1.7039799E-06
  -19.0000  9.6149281E-07  6.9966479E-07  6.1072207E-07
  -18.0000  9.7215108E-07  2.5922731E-07  1.7395148E-07
  -17.0000  1.7908017E-06  3.0316815E-07  2.1696623E-07
  -16.0000  1.9397545E-05  1.2943847E-06  3.0788564E-06
  -15.0000  1.6004930E-06  2.0702505E-06  1.2104852E-06
  -14.0000  3.5340271E-06  3.1369100E-06  4.9665732E-06
  -13.0000  9.8960119E-07  9.4992219E-07  2.4428541E-06
  -12.0000  8.7326383E-05  5.2040743E-04  1.7062790E-04
  -11.0000  2.0240474E-05  5.4992172E-06  2.6852065E-06
  -10.0000  2.8195605E-03  4.7155044E-03  1.0192764E-03
  -9.00000  8.1034854E-05  2.2413554E-05  8.0437447E-06
  -8.00000  5.3790102E-02  1.5919978E-02  6.5318846E-03
  -7.00000  1.2701470E-03  2.9543673E-03  4.9388319E-04
  -6.00000  3.2330262E-04  3.0978301E-04  2.1633551E-04
  -5.00000  1.3398207E-04  9.2290659E-05  1.9054515E-03
  -4.00000  3.1123310E-04  1.4385313E-04  2.8769404E-04
  -3.00000  5.5936606E-04  1.0078893E-03  2.6221294E-04
  -2.00000  5.7130417E-05  6.3963397E-05  2.0315719E-05
  -1.00000  5.8107891E-05  6.5258361E-05  1.9791363E-05
   0.00000  1.2663429E-04  8.6667097E-05  7.6642413E-05
   1.00000  9.2969968E-05  1.1144876E-04  1.2950564E-04
   2.00000  7.5654049E-05  8.7765164E-05  8.2114345E-05
   3.00000  9.2123276E-05  1.1479155E-04  9.7642654E-05
   4.00000  1.3917363E-04  1.9883449E-04  1.5141695E-04
   5.00000  2.9728500E-04  8.4264380E-04  3.8329413E-04
   5.20000  3.9324917E-04  1.5980086E-03  5.7994808E-04
   5.40000  5.0545464E-04  2.1796516E-03  8.8468124E-04
   5.60000  5.5837697E-04  1.5124942E-03  1.3066427E-03
   5.80000  7.0657966E-04  1.5223422E-03  2.6877846E-03
   6.00000  9.9809505E-04  1.5146180E-03  2.7352306E-03
   6.20000  1.3981241E-03  1.6152278E-03  2.9649465E-03
   6.40000  2.0470459E-03  2.3048707E-03  4.8828849E-03
   6.60000  2.7044249E-03  3.8115140E-03  7.9706229E-03
   6.80000  2.8899700E-03  5.9735125E-03  9.3049613E-03
   7.00000  3.1954245E-03  8.1234717E-03  9.3103312E-03
   7.20000  4.1375551E-03  1.0636255E-02  9.5733590E-03
   7.40000  5.9214325E-03  1.3665942E-02  1.1562429E-02
   7.60000  8.5954195E-03  1.5946118E-02  1.9129437E-02
   7.80000  1.1219750E-02  1.7560698E-02  3.7475061E-02
   8.00000  1.3559480E-02  2.2405138E-02  2.9400645E-02
   8.20000  1.6934200E-02  2.7124943E-02  1.5443441E-02
   8.40000  1.7914130E-02  2.8170675E-02  1.1204950E-02
   8.60000  1.5834768E-02  2.5290301E-02  9.5654934E-03
   8.80000  1.6100643E-02  2.5315775E-02  8.8861406E-03
   9.00000  1.9248013E-02  2.6401383E-02  9.1000440E-03
   9.20000  1.9746868E-02  2.5148763E-02  9.6879807E-03
   9.40000  1.9251374E-02  3.2679843E-02  9.7135533E-03
   9.60000  1.9588422E-02  4.2477458E-02  1.0358176E-02
   9.80000  2.0593137E-02  5.4247113E-02  1.2501850E-02
   10.0000  2.2662256E-02  6.7571402E-02  1.6801725E-02
   10.2500  2.7355198E-02  8.0132698E-02  2.6939389E-02
   10.5000  3.5134790E-02  7.7118103E-02  4.7377748E-02
   10.7500  4.6509366E-02  6.1231556E-02  8.0786123E-02
   11.0000  6.1598881E-02  4.7315753E-02  9.9215861E-02
   11.2500  7.9311992E-02  4.0450057E-02  8.6284356E-02
   11.5000  8.6708407E-02  3.8064643E-02  6.8540185E-02
   11.7500  7.5844202E-02  3.8752347E-02  5.5195553E-02
   12.0000  5.9455507E-02  4.2412561E-02  4.7163876E-02
   12.2500  4.7566279E-02  5.0770247E-02  4.3416141E-02
   12.5000  4.0492335E-02  6.5690605E-02  4.2620633E-02
   12.7500  3.6602485E-02  8.1162925E-02  4.3820535E-02
   13.0000  3.4601535E-02  8.2056150E-02  4.6418427E-02
   13.2500  3.3610935E-02  6.9814114E-02  4.8847716E-02
   13.5000  3.3206909E-02  5.4865310E-02  4.9563835E-02
   13.7500  3.2673681E-02  4.2618304E-02  4.7933798E-02
   14.0000  3.2101845E-02  3.4432859E-02  4.4345547E-02
   14.2500  3.1398773E-02  2.8887485E-02  3.9688640E-02
   14.5000  3.0644091E-02  2.5238891E-02  3.4975621E-02
   14.7500  2.9896580E-02  2.2916615E-02  3.1011371E-02
   15.0000  2.9212721E-02  2.1528871E-02  2.8202098E-02
   15.2500  2.8674827E-02  2.0873562E-02  2.6670213E-02
   15.5000  2.8159794E-02  2.1243660E-02  2.5418448E-02
   15.7500  2.8261904E-02  2.1422367E-02  2.5085979E-02
   16.0000  2.8890054E-02  2.1607923E-02  2.4939044E-02
   16.2500  2.9875067E-02  2.1741347E-02  2.4644987E-02
   16.5000  3.1062709E-02  2.1709299E-02  2.4147473E-02
   16.7500  3.2283144E-02  2.1517539E-02  2.3614535E-02
   17.0000  3.3422376E-02  2.1287739E-02  2.3294220E-02
   17.2500  3.4447613E-02  2.1172715E-02  2.3352596E-02
   17.5000  3.5378210E-02  2.1281275E-02  2.3822910E-02
   17.7500  3.6259000E-02  2.1661500E-02  2.4661774E-02
   18.0000  3.7117967E-02  2.2296866E-02  2.5807411E-02
   18.2500  3.7961372E-02  2.3119491E-02  2.7211402E-02
   18.5000  3.8777655E-02  2.4031434E-02  2.8839574E-02
   18.7500  3.9539449E-02  2.4938207E-02  3.0653301E-02
   19.0000  4.0192607E-02  2.5779977E-02  3.2584795E-02
   19.2500  4.0661045E-02  2.6548079E-02  3.4534416E-02
   19.5000  4.0873886E-02  2.7271901E-02  3.6397116E-02
   19.7500  4.0804313E-02  2.7994449E-02  3.8102806E-02
   20.0000  4.0475376E-02  2.8748086E-02  3.9626370E-02
   21.0000  3.7943689E-02  3.1687265E-02  4.3793662E-02
   22.0000  3.7460932E-02  3.3171584E-02  4.2557369E-02
   23.0000  3.7926595E-02  3.4807851E-02  3.6454919E-02
   24.0000  3.6919476E-02  3.6491834E-02  3.2063259E-02
   25.0000  3.4916074E-02  3.6225907E-02  3.0345556E-02
   26.0000  3.2870614E-02  3.4645738E-02  3.0360740E-02
   27.0000  3.1784121E-02  3.3118044E-02  3.1080614E-02
   28.0000  3.1539859E-02  3.1697984E-02  3.1306237E-02
   29.0000  3.2164505E-02  3.0256385E-02  3.0906108E-02
   30.0000  3.2640599E-02  2.9090839E-02  3.0115607E-02
   31.0000  3.1881831E-02  2.8489587E-02  2.9104487E-02
   32.0000  2.9903150E-02  2.8219191E-02  2.7970690E-02
   33.0000  2.7385220E-02  2.7895841E-02  2.6830073E-02
   34.0000  2.4980623E-02  2.7385247E-02  2.5813429E-02
   35.0000  2.2988759E-02  2.6760890E-02  2.5028714E-02
   36.0000  2.1467430E-02  2.6133932E-02  2.4545961E-02
   37.0000  2.0389077E-02  2.5541273E-02  2.4299274E-02
   38.0000  1.9711420E-02  2.4958754E-02  2.4093113E-02
   39.0000  1.9386319E-02  2.4356681E-02  2.3721719E-02
   40.0000  1.9320031E-02  2.3706743E-02  2.3086413E-02
