  7709.000   27  1  1  1.9222038E-02 -4.5685477E+00 -3.0042310E-01  1  1  7.5661960E+03  8.0000000E+03  0.0000000E+00  1.1792254E+00  1.0000000E+00  0.0000000E+00  = E_edge, Z, n_edge, j_edge, Abs_before_edge, VO_interstitial, E_cut, ninit, ninit1, Epsii, UnitCell_Volume, Surface_ref, f0_forward, natomsym_f, abs_u_iso
    Energy   (100,001)      (010,001)      (001,110)   
  -25.0000  5.1524245E-09  1.1986366E-09  9.1173066E-10
  -24.0000  1.3941405E-08  3.0056968E-09  2.2840877E-09
  -23.0000  4.5524875E-08  8.9899062E-09  6.9244965E-09
  -22.0000  2.1364087E-07  3.8174504E-08  3.0711512E-08
  -21.0000  3.5992226E-06  6.0994771E-07  5.2925362E-07
  -20.0000  4.3698267E-05  1.3353672E-06  1.0523603E-05
  -19.0000  2.5560396E-06  2.0481691E-05  5.5232572E-05
  -18.0000  1.7368377E-06  8.4903461E-07  6.5302142E-07
  -17.0000  2.3546164E-06  5.6625285E-07  4.5675688E-07
  -16.0000  6.6990952E-06  7.9057227E-07  1.5417851E-06
  -15.0000  9.1665657E-04  1.4103072E-04  3.0459768E-05
  -14.0000  7.8106643E-06  9.8273851E-06  9.6266938E-06
  -13.0000  1.2523919E-06  1.6381674E-06  3.3362473E-06
  -12.0000  7.5950204E-06  6.1529645E-06  3.3950870E-05
  -11.0000  2.1458045E-05  7.2769566E-06  2.1095380E-05
  -10.0000  3.2061243E-04  2.9559735E-04  3.0120104E-05
  -9.00000  8.3196463E-04  6.0528909E-05  8.2614566E-05
  -8.00000  1.6627016E-04  5.6163710E-05  1.5336135E-05
  -7.00000  2.3802130E-03  1.2257384E-04  2.8116568E-04
  -6.00000  4.0311537E-04  2.2561541E-04  1.7229780E-04
  -5.00000  2.9734109E-03  3.6897881E-03  1.5196061E-03
  -4.00000  1.7702274E-02  1.5238502E-03  1.3234117E-02
  -3.00000  1.6763717E-02  1.4549173E-01  3.7508709E-02
  -2.00000  1.0652319E-03  1.3783127E-03  1.2860393E-03
  -1.00000  4.7734234E-04  8.2039251E-04  2.9672780E-04
   0.00000  4.9607150E-04  5.4615528E-03  1.3145675E-03
   1.00000  6.3479784E-04  9.7309955E-04  9.8752591E-04
   2.00000  4.8675844E-04  7.0565709E-04  5.4207711E-04
   3.00000  6.4209451E-04  8.9493888E-04  5.9561423E-04
   4.00000  1.0001536E-03  1.3179007E-03  8.2304236E-04
   5.00000  1.7091797E-03  2.0798870E-03  1.3865464E-03
   5.20000  1.9129681E-03  2.3012300E-03  1.5717161E-03
   5.40000  2.1423760E-03  2.5534975E-03  1.7938558E-03
   5.60000  2.4003983E-03  2.8404732E-03  2.0638733E-03
   5.80000  2.6906901E-03  3.1665169E-03  2.3987789E-03
   6.00000  3.0161436E-03  3.5388903E-03  2.8221755E-03
   6.20000  3.3708284E-03  3.9644174E-03  3.3530474E-03
   6.40000  3.7438925E-03  4.5114072E-03  3.9791094E-03
   6.60000  4.1158573E-03  5.2363197E-03  4.6427869E-03
   6.80000  4.5234497E-03  6.1812715E-03  5.3269950E-03
   7.00000  5.0657128E-03  7.3603181E-03  6.1372575E-03
   7.20000  5.8431739E-03  8.8202789E-03  7.2610261E-03
   7.40000  6.8996510E-03  1.0606990E-02  8.8846360E-03
   7.60000  8.2699816E-03  1.2769112E-02  1.1184973E-02
   7.80000  9.9903298E-03  1.5311228E-02  1.4295780E-02
   8.00000  1.2043559E-02  1.8119104E-02  1.8111977E-02
   8.20000  1.4265226E-02  2.0888840E-02  2.1922231E-02
   8.40000  1.6351999E-02  2.3169008E-02  2.4369441E-02
   8.60000  1.8111120E-02  2.4540429E-02  2.4498453E-02
   8.80000  1.9649816E-02  2.4759311E-02  2.2782568E-02
   9.00000  2.1262510E-02  2.4072911E-02  2.0474119E-02
   9.20000  2.3090761E-02  2.3300650E-02  1.8495061E-02
   9.40000  2.4538712E-02  2.3104807E-02  1.7150275E-02
   9.60000  2.4753793E-02  2.3689370E-02  1.6446905E-02
   9.80000  2.4032778E-02  2.5084879E-02  1.6413458E-02
   10.0000  2.3298198E-02  2.7240374E-02  1.7029626E-02
   10.2500  2.3086059E-02  3.0731551E-02  1.8818901E-02
   10.5000  2.3703116E-02  3.4910769E-02  2.1590801E-02
   10.7500  2.5021870E-02  3.9631366E-02  2.5269204E-02
   11.0000  2.6941598E-02  4.4798006E-02  2.9784269E-02
   11.2500  3.0016395E-02  5.0137410E-02  3.4975225E-02
   11.5000  3.2517200E-02  5.5636356E-02  4.0528617E-02
   11.7500  3.5101655E-02  6.0683707E-02  4.6174401E-02
   12.0000  3.7286761E-02  6.4885255E-02  5.1036924E-02
   12.2500  3.8774997E-02  6.6685384E-02  5.4057840E-02
   12.5000  3.9376657E-02  6.5954298E-02  5.5190985E-02
   12.7500  3.9106044E-02  6.3112377E-02  5.4566671E-02
   13.0000  3.8252163E-02  5.9059752E-02  5.2731160E-02
   13.2500  3.7101880E-02  5.4652950E-02  5.0262667E-02
   13.5000  3.5872677E-02  5.0403621E-02  4.7531104E-02
   13.7500  3.4709793E-02  4.6293619E-02  4.4630593E-02
   14.0000  3.3642813E-02  4.2889113E-02  4.1959148E-02
   14.2500  3.3204293E-02  4.0076245E-02  3.9186575E-02
   14.5000  3.2673227E-02  3.7469909E-02  3.7017860E-02
   14.7500  3.2403374E-02  3.5191796E-02  3.5182125E-02
   15.0000  3.2367677E-02  3.3227282E-02  3.3661583E-02
   15.2500  3.2525615E-02  3.1559592E-02  3.2425395E-02
   15.5000  3.2833563E-02  3.0169821E-02  3.1443467E-02
   15.7500  3.3244302E-02  2.9030716E-02  3.0682065E-02
   16.0000  3.3720163E-02  2.8115826E-02  3.0117262E-02
   16.2500  3.4227316E-02  2.7396544E-02  2.9725823E-02
   16.5000  3.4737638E-02  2.6844987E-02  2.9486247E-02
   16.7500  3.5230063E-02  2.6433372E-02  2.9378347E-02
   17.0000  3.5689304E-02  2.6136087E-02  2.9381900E-02
   17.2500  3.6109892E-02  2.5928934E-02  2.9478140E-02
   17.5000  3.6494348E-02  2.5790519E-02  2.9652572E-02
   17.7500  3.6853211E-02  2.5702540E-02  2.9896203E-02
   18.0000  3.7202336E-02  2.5650877E-02  3.0207212E-02
   18.2500  3.7557598E-02  2.5623689E-02  3.0587241E-02
   18.5000  3.7933099E-02  2.5614992E-02  3.1041784E-02
   18.7500  3.8340680E-02  2.5623089E-02  3.1578703E-02
   19.0000  3.8786984E-02  2.5650868E-02  3.2205206E-02
   19.2500  3.9271396E-02  2.5702873E-02  3.2920066E-02
   19.5000  3.9788666E-02  2.5784828E-02  3.3718930E-02
   19.7500  4.0327932E-02  2.5901737E-02  3.4588190E-02
   20.0000  4.0871677E-02  2.6058937E-02  3.5505609E-02
   21.0000  4.2492512E-02  2.7138704E-02  3.8881099E-02
   22.0000  4.1828182E-02  2.8898501E-02  3.9743340E-02
   23.0000  3.9549565E-02  3.1077329E-02  3.7694504E-02
   24.0000  3.7927199E-02  3.3321056E-02  3.4978623E-02
   25.0000  3.7354580E-02  3.5133354E-02  3.3063420E-02
   26.0000  3.7084862E-02  3.5874308E-02  3.2015127E-02
   27.0000  3.6318632E-02  3.5203748E-02  3.1250509E-02
   28.0000  3.5654196E-02  3.3767160E-02  3.0799928E-02
   29.0000  3.4806540E-02  3.2032192E-02  3.0391225E-02
   30.0000  3.3710051E-02  3.0433970E-02  3.0002250E-02
   31.0000  3.2298172E-02  2.9180457E-02  2.9606225E-02
   32.0000  3.0636887E-02  2.8316918E-02  2.9198295E-02
   33.0000  2.8854326E-02  2.7781170E-02  2.8796539E-02
   34.0000  2.7085370E-02  2.7486761E-02  2.8439748E-02
   35.0000  2.5441126E-02  2.7335463E-02  2.8147980E-02
   36.0000  2.3994726E-02  2.7228686E-02  2.7911060E-02
   37.0000  2.2780652E-02  2.7077465E-02  2.7663976E-02
   38.0000  2.1812793E-02  2.6827927E-02  2.7313417E-02
   39.0000  2.1093820E-02  2.6467216E-02  2.6782932E-02
   40.0000  2.0592242E-02  2.6001303E-02  2.6040677E-02
