  7709.000   27  1  1  1.9222038E-02 -4.8124468E+00 -2.7885991E-01  1  1  7.5660331E+03  8.0000000E+03  0.0000000E+00  1.1792254E+00  1.0000000E+00  0.0000000E+00  = E_edge, Z, n_edge, j_edge, Abs_before_edge, VO_interstitial, E_cut, ninit, ninit1, Epsii, UnitCell_Volume, Surface_ref, f0_forward, natomsym_f, abs_u_iso
    Energy   (100,001)      (010,001)      (001,110)   
  -25.0000  6.2427384E-09  1.6180815E-09  1.0179677E-09
  -24.0000  1.8080491E-08  4.3844839E-09  2.7192208E-09
  -23.0000  6.7594113E-08  1.5109552E-08  9.4733430E-09
  -22.0000  4.7127743E-07  9.4015684E-08  6.5114040E-08
  -21.0000  5.8347041E-05  8.8376172E-06  1.0293198E-05
  -20.0000  1.1534166E-05  1.0598408E-06  2.6255588E-06
  -19.0000  1.4105140E-06  3.0202125E-06  6.5686717E-06
  -18.0000  1.2613193E-06  4.8551342E-07  3.8125467E-07
  -17.0000  1.9601109E-06  5.2813161E-07  3.7655852E-07
  -16.0000  7.9062316E-06  1.2331714E-06  1.4322246E-06
  -15.0000  1.1822386E-05  7.9442510E-06  7.4320486E-06
  -14.0000  5.3758976E-06  6.4984216E-06  7.7339830E-06
  -13.0000  1.4725094E-06  1.6271424E-06  2.5154742E-06
  -12.0000  6.0775322E-06  5.9466676E-06  2.0203741E-05
  -11.0000  2.3881455E-05  1.1096852E-05  1.8856822E-05
  -10.0000  2.9742439E-04  1.5138564E-03  6.7009394E-05
  -9.00000  2.2908277E-04  2.7238266E-04  3.0539548E-05
  -8.00000  5.3106281E-05  1.2572883E-05  6.8106091E-06
  -7.00000  8.4961910E-04  1.8603762E-04  2.0150963E-04
  -6.00000  3.5621334E-04  1.8592551E-04  1.9458811E-04
  -5.00000  3.8188535E-03  1.7932233E-03  2.0237484E-03
  -4.00000  2.3242464E-03  1.2977071E-03  3.5649391E-03
  -3.00000  6.9711502E-03  1.5664527E-02  3.4705420E-03
  -2.00000  1.5802520E-03  1.4695579E-03  2.7611623E-03
  -1.00000  5.4371133E-04  6.8696693E-04  2.8742880E-04
   0.00000  7.0378857E-04  3.0803578E-03  1.3889626E-03
   1.00000  8.5593356E-04  7.4034319E-04  1.1474684E-03
   2.00000  5.0520469E-04  6.0818895E-04  5.2478976E-04
   3.00000  6.4265917E-04  8.0996583E-04  5.6785475E-04
   4.00000  9.6822085E-04  1.2165619E-03  7.7093971E-04
   5.00000  1.5715115E-03  1.9392994E-03  1.2372738E-03
   5.20000  1.7362533E-03  2.1485624E-03  1.3792078E-03
   5.40000  1.9168996E-03  2.3883831E-03  1.5417719E-03
   5.60000  2.1133722E-03  2.6642191E-03  1.7272635E-03
   5.80000  2.3249542E-03  2.9830507E-03  1.9388104E-03
   6.00000  2.5507164E-03  3.3521086E-03  2.1793664E-03
   6.20000  2.7898214E-03  3.7810342E-03  2.4532787E-03
   6.40000  3.0418725E-03  4.2824833E-03  2.7661037E-03
   6.60000  3.3092416E-03  4.8740810E-03  3.1255487E-03
   6.80000  3.6003027E-03  5.5720358E-03  3.5398997E-03
   7.00000  3.9607278E-03  6.4315495E-03  4.0252821E-03
   7.20000  4.4654078E-03  7.5033833E-03  4.6016221E-03
   7.40000  5.1955621E-03  8.8431013E-03  5.2992466E-03
   7.60000  6.1879838E-03  1.0538076E-02  6.1527884E-03
   7.80000  7.4353727E-03  1.2719133E-02  7.1974518E-03
   8.00000  8.9351857E-03  1.5545781E-02  8.4734058E-03
   8.20000  1.0654326E-02  1.9083362E-02  1.0043647E-02
   8.40000  1.2412893E-02  2.3090400E-02  1.2004243E-02
   8.60000  1.4025201E-02  2.6727942E-02  1.4572930E-02
   8.80000  1.5365972E-02  2.9237344E-02  1.7860735E-02
   9.00000  1.6470745E-02  3.0229814E-02  2.1794123E-02
   9.20000  1.7409557E-02  2.9850942E-02  2.5990861E-02
   9.40000  1.8221334E-02  2.8604783E-02  2.9737621E-02
   9.60000  1.8927535E-02  2.7066267E-02  3.2219148E-02
   9.80000  1.9632452E-02  2.5872258E-02  3.3037698E-02
   10.0000  2.0535602E-02  2.5558768E-02  3.2493313E-02
   10.2500  2.2221559E-02  2.6674176E-02  3.1151441E-02
   10.5000  2.4684260E-02  2.9318369E-02  3.0579693E-02
   10.7500  2.7910969E-02  3.3229152E-02  3.1567684E-02
   11.0000  3.1717075E-02  3.8150743E-02  3.4076839E-02
   11.2500  3.5729819E-02  4.3791237E-02  3.7589517E-02
   11.5000  3.9503472E-02  4.9627872E-02  4.1578675E-02
   11.7500  4.2041213E-02  5.5541279E-02  4.4814513E-02
   12.0000  4.3203232E-02  6.0876021E-02  4.6772947E-02
   12.2500  4.3060829E-02  6.5376982E-02  4.6386293E-02
   12.5000  4.1995960E-02  6.7700787E-02  4.5892147E-02
   12.7500  4.0234296E-02  6.7851175E-02  4.4633554E-02
   13.0000  3.8678911E-02  6.5806618E-02  4.3291622E-02
   13.2500  3.7165745E-02  6.2271519E-02  4.1909222E-02
   13.5000  3.5731009E-02  5.7971284E-02  4.0465324E-02
   13.7500  3.4404339E-02  5.3476292E-02  3.8932855E-02
   14.0000  3.3244313E-02  4.8827240E-02  3.7390994E-02
   14.2500  3.2374204E-02  4.4888414E-02  3.6128167E-02
   14.5000  3.1795344E-02  4.1470602E-02  3.4585116E-02
   14.7500  3.1538896E-02  3.8474386E-02  3.3274293E-02
   15.0000  3.1605825E-02  3.5894577E-02  3.2224005E-02
   15.2500  3.1967168E-02  3.3714618E-02  3.1435563E-02
   15.5000  3.2562456E-02  3.1910130E-02  3.0881250E-02
   15.7500  3.3323446E-02  3.0452520E-02  3.0532155E-02
   16.0000  3.4176605E-02  2.9309918E-02  3.0356515E-02
   16.2500  3.5050276E-02  2.8447423E-02  3.0323836E-02
   16.5000  3.5882323E-02  2.7829691E-02  3.0406852E-02
   16.7500  3.6625725E-02  2.7420737E-02  3.0580645E-02
   17.0000  3.7251339E-02  2.7185500E-02  3.0823036E-02
   17.2500  3.7747317E-02  2.7088866E-02  3.1115025E-02
   17.5000  3.8116665E-02  2.7097231E-02  3.1440251E-02
   17.7500  3.8375368E-02  2.7177900E-02  3.1788578E-02
   18.0000  3.8548183E-02  2.7301112E-02  3.2156751E-02
   18.2500  3.8660834E-02  2.7439820E-02  3.2548045E-02
   18.5000  3.8738831E-02  2.7573033E-02  3.2970586E-02
   18.7500  3.8805069E-02  2.7686698E-02  3.3437047E-02
   19.0000  3.8876117E-02  2.7774114E-02  3.3954459E-02
   19.2500  3.8963921E-02  2.7836061E-02  3.4532688E-02
   19.5000  3.9076114E-02  2.7879002E-02  3.5172868E-02
   19.7500  3.9217082E-02  2.7914344E-02  3.5868313E-02
   20.0000  3.9386169E-02  2.7954996E-02  3.6603020E-02
   21.0000  4.0115185E-02  2.8418696E-02  3.9292537E-02
   22.0000  3.9807916E-02  2.9666872E-02  3.9665028E-02
   23.0000  3.7993279E-02  3.1574529E-02  3.7403887E-02
   24.0000  3.6062114E-02  3.3637871E-02  3.4906117E-02
   25.0000  3.4680787E-02  3.5225790E-02  3.3440548E-02
   26.0000  3.3921668E-02  3.5740599E-02  3.2813034E-02
   27.0000  3.3960016E-02  3.5029113E-02  3.2533577E-02
   28.0000  3.4443575E-02  3.3445935E-02  3.2078780E-02
   29.0000  3.5226660E-02  3.1739666E-02  3.1578492E-02
   30.0000  3.5520174E-02  3.0188424E-02  3.0933986E-02
   31.0000  3.5077991E-02  2.8963898E-02  3.0244453E-02
   32.0000  3.3938854E-02  2.8060087E-02  2.9579630E-02
   33.0000  3.2292176E-02  2.7395261E-02  2.8981536E-02
   34.0000  3.0339086E-02  2.6881662E-02  2.8467541E-02
   35.0000  2.8275059E-02  2.6448825E-02  2.8049780E-02
   36.0000  2.6272719E-02  2.6034154E-02  2.7713853E-02
   37.0000  2.4460286E-02  2.5579316E-02  2.7397056E-02
   38.0000  2.2929216E-02  2.5026366E-02  2.7004004E-02
   39.0000  2.1733268E-02  2.4335940E-02  2.6432530E-02
   40.0000  2.0879517E-02  2.3515467E-02  2.5617812E-02
