  7709.000   27  1  1  1.9222038E-02 -4.7124238E+00 -3.3104438E-01  1  1  7.5661994E+03  8.0000000E+03  0.0000000E+00  1.1792254E+00  1.0000000E+00  0.0000000E+00  = E_edge, Z, n_edge, j_edge, Abs_before_edge, VO_interstitial, E_cut, ninit, ninit1, Epsii, UnitCell_Volume, Surface_ref, f0_forward, natomsym_f, abs_u_iso
    Energy   (100,001)      (010,001)      (001,110)   
  -25.0000  5.2104543E-09  1.8369949E-09  7.4878944E-10
  -24.0000  1.4378633E-08  5.1065484E-09  1.7290651E-09
  -23.0000  4.9430401E-08  1.8149152E-08  4.5917986E-09
  -22.0000  2.8115786E-07  1.1307026E-07  1.6393448E-08
  -21.0000  1.6157348E-04  7.8163205E-05  3.0612098E-06
  -20.0000  7.4901676E-05  8.4777780E-06  1.3919929E-06
  -19.0000  3.9890500E-04  3.8587605E-03  1.5792694E-02
  -18.0000  1.7452703E-06  4.1532301E-07  7.0080223E-07
  -17.0000  2.0054044E-06  4.5314432E-07  4.7755098E-07
  -16.0000  4.4923899E-06  8.9669146E-07  8.4617603E-07
  -15.0000  1.4823203E-04  1.5031989E-05  2.8978748E-05
  -14.0000  2.5880857E-05  3.0717222E-05  3.1479053E-05
  -13.0000  1.4976704E-06  1.8176478E-06  2.5131457E-06
  -12.0000  5.7128654E-06  3.9829635E-06  1.1097782E-05
  -11.0000  4.0424193E-05  3.0761943E-05  2.3888748E-05
  -10.0000  8.3054288E-03  2.9015642E-03  2.1912449E-04
  -9.00000  7.3581820E-04  2.6810259E-04  9.8921808E-05
  -8.00000  6.4515802E-05  3.9564080E-05  1.1328414E-05
  -7.00000  1.5720565E-02  2.8519610E-04  1.1146049E-04
  -6.00000  5.8464312E-04  3.7326151E-04  9.9894849E-04
  -5.00000  3.1115785E-03  1.1532157E-03  5.8466549E-03
  -4.00000  7.9004958E-03  1.3411251E-03  7.5336025E-03
  -3.00000  6.7062887E-03  1.2131615E-02  3.9982439E-03
  -2.00000  1.2690554E-03  2.6547007E-03  1.4051819E-03
  -1.00000  6.2924569E-04  9.1068132E-04  3.9307234E-04
   0.00000  8.9900117E-04  2.9498280E-03  9.5671497E-04
   1.00000  6.3862372E-04  7.4955085E-04  9.4481956E-04
   2.00000  5.2440520E-04  6.4637860E-04  4.9979476E-04
   3.00000  7.2652651E-04  8.7678372E-04  5.7984256E-04
   4.00000  1.1465908E-03  1.3865127E-03  8.4572459E-04
   5.00000  1.8924809E-03  2.4277004E-03  1.4677690E-03
   5.20000  2.0897114E-03  2.7474127E-03  1.6675137E-03
   5.40000  2.3038126E-03  3.1211582E-03  1.9057588E-03
   5.60000  2.5349548E-03  3.5604488E-03  2.1929948E-03
   5.80000  2.7813164E-03  4.0727820E-03  2.5436447E-03
   6.00000  3.0493687E-03  4.6889483E-03  2.9774211E-03
   6.20000  3.3410956E-03  5.4283417E-03  3.5216381E-03
   6.40000  3.6653652E-03  6.3230270E-03  4.2127587E-03
   6.60000  4.0443527E-03  7.4091632E-03  5.0958284E-03
   6.80000  4.5304927E-03  8.7186926E-03  6.2197365E-03
   7.00000  5.2084616E-03  1.0278898E-02  7.6269010E-03
   7.20000  6.0774758E-03  1.2020488E-02  9.2930849E-03
   7.40000  7.0463031E-03  1.3800312E-02  1.1042479E-02
   7.60000  7.9868787E-03  1.5407424E-02  1.2514687E-02
   7.80000  8.7951422E-03  1.6705148E-02  1.3404593E-02
   8.00000  9.4626081E-03  1.7812968E-02  1.3855612E-02
   8.20000  1.0110413E-02  1.9074275E-02  1.4347211E-02
   8.40000  1.0936733E-02  2.0820385E-02  1.5081474E-02
   8.60000  1.2131066E-02  2.3181024E-02  1.5731795E-02
   8.80000  1.3789748E-02  2.6168958E-02  1.5832228E-02
   9.00000  1.5866110E-02  2.8960214E-02  1.5364836E-02
   9.20000  1.8038669E-02  3.0767808E-02  1.4603910E-02
   9.40000  1.9832252E-02  3.0747311E-02  1.3894400E-02
   9.60000  2.0952872E-02  2.8922591E-02  1.3472957E-02
   9.80000  2.1522173E-02  2.6210479E-02  1.3471299E-02
   10.0000  2.1885827E-02  2.3602352E-02  1.3946006E-02
   10.2500  2.2487403E-02  2.1268586E-02  1.5227080E-02
   10.5000  2.3518010E-02  2.0159648E-02  1.7263628E-02
   10.7500  2.5065141E-02  2.0163944E-02  2.0038661E-02
   11.0000  2.7108494E-02  2.1130480E-02  2.3526934E-02
   11.2500  2.9549530E-02  2.2962392E-02  2.7672478E-02
   11.5000  3.2198546E-02  2.5623340E-02  3.2337905E-02
   11.7500  3.4800327E-02  2.9183473E-02  3.7230199E-02
   12.0000  3.7041658E-02  3.3018644E-02  4.1635084E-02
   12.2500  3.8156561E-02  3.7849703E-02  4.5007142E-02
   12.5000  3.8340700E-02  4.3082440E-02  4.7129369E-02
   12.7500  3.7654212E-02  4.8226380E-02  4.7738767E-02
   13.0000  3.6410631E-02  5.2720150E-02  4.7169654E-02
   13.2500  3.4975211E-02  5.6057274E-02  4.5941564E-02
   13.5000  3.3616444E-02  5.7872474E-02  4.5167162E-02
   13.7500  3.2700274E-02  5.7859757E-02  4.3619298E-02
   14.0000  3.2113777E-02  5.6450801E-02  4.2131733E-02
   14.2500  3.1989999E-02  5.3966305E-02  4.0719227E-02
   14.5000  3.2033915E-02  5.0844542E-02  3.9504704E-02
   14.7500  3.2310578E-02  4.7479622E-02  3.8442976E-02
   15.0000  3.2758578E-02  4.4182781E-02  3.7546254E-02
   15.2500  3.3326894E-02  4.1150845E-02  3.6823700E-02
   15.5000  3.3967558E-02  3.8481100E-02  3.6269218E-02
   15.7500  3.4641425E-02  3.6200745E-02  3.5878203E-02
   16.0000  3.5314810E-02  3.4294781E-02  3.5639650E-02
   16.2500  3.5956176E-02  3.2728298E-02  3.5538979E-02
   16.5000  3.6541064E-02  3.1458396E-02  3.5559267E-02
   16.7500  3.7049547E-02  3.0442584E-02  3.5683195E-02
   17.0000  3.7469365E-02  2.9640640E-02  3.5891023E-02
   17.2500  3.7797765E-02  2.9017597E-02  3.6163343E-02
   17.5000  3.8040717E-02  2.8543076E-02  3.6483309E-02
   17.7500  3.8212788E-02  2.8192158E-02  3.6838679E-02
   18.0000  3.8334093E-02  2.7945412E-02  3.7221159E-02
   18.2500  3.8427259E-02  2.7786665E-02  3.7627410E-02
   18.5000  3.8513595E-02  2.7704341E-02  3.8058165E-02
   18.7500  3.8612404E-02  2.7691352E-02  3.8513891E-02
   19.0000  3.8739632E-02  2.7742718E-02  3.8993841E-02
   19.2500  3.8904248E-02  2.7855427E-02  3.9489541E-02
   19.5000  3.9113628E-02  2.8029545E-02  3.9992476E-02
   19.7500  3.9367989E-02  2.8264652E-02  4.0484817E-02
   20.0000  3.9662098E-02  2.8560779E-02  4.0943854E-02
   21.0000  4.0883496E-02  3.0327246E-02  4.1874632E-02
   22.0000  4.0866288E-02  3.2809179E-02  4.0393451E-02
   23.0000  3.9268126E-02  3.5418386E-02  3.7324964E-02
   24.0000  3.7806731E-02  3.7442405E-02  3.4693998E-02
   25.0000  3.7191227E-02  3.8441207E-02  3.3178412E-02
   26.0000  3.7011786E-02  3.8334121E-02  3.2433034E-02
   27.0000  3.6943169E-02  3.7308868E-02  3.2007514E-02
   28.0000  3.6887758E-02  3.5639674E-02  3.1621495E-02
   29.0000  3.6519035E-02  3.3579325E-02  3.1039410E-02
   30.0000  3.6040341E-02  3.1633575E-02  3.0528914E-02
   31.0000  3.5038330E-02  2.9978580E-02  2.9959872E-02
   32.0000  3.3543215E-02  2.8710329E-02  2.9359808E-02
   33.0000  3.1705602E-02  2.7786186E-02  2.8757973E-02
   34.0000  2.9697166E-02  2.7125210E-02  2.8187463E-02
   35.0000  2.7662029E-02  2.6643359E-02  2.7675331E-02
   36.0000  2.5706660E-02  2.6271988E-02  2.7231130E-02
   37.0000  2.3910549E-02  2.5958349E-02  2.6840013E-02
   38.0000  2.2335935E-02  2.5667070E-02  2.6453376E-02
   39.0000  2.1037413E-02  2.5369867E-02  2.5997206E-02
   40.0000  2.0058483E-02  2.5024703E-02  2.5405485E-02
