  7709.000   27  1  1  1.9222038E-02 -4.8609647E+00 -4.0281427E-01  1  1  7.5664709E+03  8.0000000E+03  0.0000000E+00  1.1792254E+00  1.0000000E+00  0.0000000E+00  = E_edge, Z, n_edge, j_edge, Abs_before_edge, VO_interstitial, E_cut, ninit, ninit1, Epsii, UnitCell_Volume, Surface_ref, f0_forward, natomsym_f, abs_u_iso
    Energy   (100,001)      (010,001)      (001,110)   
  -25.0000  3.8139721E-09  1.0383775E-09  9.2767153E-10
  -24.0000  9.7303695E-09  2.4941346E-09  2.1784458E-09
  -23.0000  2.8983447E-08  6.9533560E-09  5.8917433E-09
  -22.0000  1.1344258E-07  2.5354911E-08  2.0544527E-08
  -21.0000  8.8381560E-07  1.9102093E-07  1.4200616E-07
  -20.0000  1.6810411E-04  8.6499510E-06  2.3444566E-05
  -19.0000  4.1711768E-06  3.9434490E-05  1.2064144E-04
  -18.0000  1.4416757E-06  5.0367887E-07  5.9615453E-07
  -17.0000  1.5030969E-06  3.8868263E-07  4.2228613E-07
  -16.0000  2.7267292E-06  6.6287661E-07  7.9376027E-07
  -15.0000  6.7967144E-05  4.8177698E-04  6.9241985E-05
  -14.0000  2.9512710E-06  4.7452943E-06  4.2497796E-06
  -13.0000  1.6408725E-06  1.6105134E-06  2.4782627E-06
  -12.0000  5.8020802E-06  5.3225689E-06  1.9796532E-05
  -11.0000  2.1559283E-05  1.2415852E-05  1.1938513E-05
  -10.0000  2.2077402E-04  6.3403121E-05  1.2948389E-05
  -9.00000  7.4585282E-04  5.8207356E-04  1.0944690E-04
  -8.00000  8.4202954E-05  5.3860255E-05  2.5359350E-05
  -7.00000  4.4176134E-01  5.6444777E-03  2.0643800E-02
  -6.00000  5.9478146E-04  3.2479004E-04  1.5613204E-03
  -5.00000  3.4216030E-03  4.8756596E-04  1.2929106E-02
  -4.00000  1.9753867E-03  3.4042691E-03  2.4480117E-03
  -3.00000  2.7670409E-03  1.2331880E-02  1.4601360E-03
  -2.00000  1.1072085E-03  1.5247840E-03  1.0063712E-03
  -1.00000  4.5710475E-04  6.0019935E-04  2.8111751E-04
   0.00000  1.3802486E-03  2.6488785E-03  1.8701610E-03
   1.00000  5.2173222E-04  5.8048921E-04  5.0078288E-04
   2.00000  5.4077684E-04  6.2573374E-04  4.3897311E-04
   3.00000  7.6661616E-04  9.0092892E-04  5.5360083E-04
   4.00000  1.2296763E-03  1.4539491E-03  8.3983863E-04
   5.00000  2.0748944E-03  2.5441826E-03  1.5618644E-03
   5.20000  2.2987674E-03  2.8760756E-03  1.8129548E-03
   5.40000  2.5397905E-03  3.2615246E-03  2.1247746E-03
   5.60000  2.7969887E-03  3.7098050E-03  2.5183897E-03
   5.80000  3.0700359E-03  4.2330528E-03  3.0256486E-03
   6.00000  3.3635049E-03  4.8445105E-03  3.6903566E-03
   6.20000  3.6926361E-03  5.5631182E-03  4.5713995E-03
   6.40000  4.0961122E-03  6.4159686E-03  5.7308378E-03
   6.60000  4.6459232E-03  7.4449992E-03  7.1962892E-03
   6.80000  5.3850798E-03  8.6921530E-03  8.8774764E-03
   7.00000  6.2019358E-03  1.0151993E-02  1.0460797E-02
   7.20000  6.9195629E-03  1.1724054E-02  1.1419547E-02
   7.40000  7.4775924E-03  1.3251640E-02  1.1446824E-02
   7.60000  7.9065652E-03  1.4613748E-02  1.0776251E-02
   7.80000  8.2458040E-03  1.5822903E-02  9.8629074E-03
   8.00000  8.5799927E-03  1.6835262E-02  9.0534268E-03
   8.20000  9.0237013E-03  1.7669779E-02  8.4747769E-03
   8.40000  9.6347064E-03  1.8541827E-02  8.1485812E-03
   8.60000  1.0444128E-02  1.9710830E-02  8.0562620E-03
   8.80000  1.1486569E-02  2.1313559E-02  8.1899554E-03
   9.00000  1.2816096E-02  2.3236771E-02  8.5581796E-03
   9.20000  1.4489243E-02  2.5078642E-02  9.1768649E-03
   9.40000  1.6537610E-02  2.6393782E-02  1.0062500E-02
   9.60000  1.8955849E-02  2.7085605E-02  1.1226307E-02
   9.80000  2.1736019E-02  2.7512428E-02  1.2676244E-02
   10.0000  2.4899621E-02  2.8160040E-02  1.4422445E-02
   10.2500  2.9713539E-02  3.0161408E-02  1.7138006E-02
   10.5000  3.4989113E-02  3.2329802E-02  2.0350496E-02
   10.7500  4.0717550E-02  3.5352432E-02  2.4227987E-02
   11.0000  4.6376550E-02  3.9046492E-02  2.8852670E-02
   11.2500  5.1083213E-02  4.3241776E-02  3.4193664E-02
   11.5000  5.4206076E-02  4.7989898E-02  3.9672976E-02
   11.7500  5.4633799E-02  5.2441776E-02  4.5203833E-02
   12.0000  5.2844287E-02  5.6756708E-02  5.0155658E-02
   12.2500  4.9643317E-02  6.0123624E-02  5.3880751E-02
   12.5000  4.6036048E-02  6.2020168E-02  5.6090339E-02
   12.7500  4.2762468E-02  6.2224448E-02  5.6746061E-02
   13.0000  4.0162792E-02  6.0864436E-02  5.6010343E-02
   13.2500  3.8262820E-02  5.8310906E-02  5.4198306E-02
   13.5000  3.7089999E-02  5.4752792E-02  5.1863909E-02
   13.7500  3.6025383E-02  5.1221605E-02  4.8688121E-02
   14.0000  3.5384692E-02  4.7802251E-02  4.5764559E-02
   14.2500  3.4950873E-02  4.4530953E-02  4.3122542E-02
   14.5000  3.4676333E-02  4.1522097E-02  4.0846438E-02
   14.7500  3.4525682E-02  3.8830867E-02  3.8955683E-02
   15.0000  3.4469220E-02  3.6473581E-02  3.7432756E-02
   15.2500  3.4481671E-02  3.4442755E-02  3.6246553E-02
   15.5000  3.4528459E-02  3.2712993E-02  3.5353147E-02
   15.7500  3.4589093E-02  3.1254925E-02  3.4718132E-02
   16.0000  3.4640688E-02  3.0035896E-02  3.4308495E-02
   16.2500  3.4664389E-02  2.9024036E-02  3.4095107E-02
   16.5000  3.4644833E-02  2.8188912E-02  3.4051335E-02
   16.7500  3.4571246E-02  2.7504349E-02  3.4151055E-02
   17.0000  3.4440250E-02  2.6947168E-02  3.4367829E-02
   17.2500  3.4256297E-02  2.6499325E-02  3.4675518E-02
   17.5000  3.4033329E-02  2.6145400E-02  3.5049810E-02
   17.7500  3.3791967E-02  2.5873489E-02  3.5469657E-02
   18.0000  3.3556863E-02  2.5675162E-02  3.5919727E-02
   18.2500  3.3352604E-02  2.5544256E-02  3.6390210E-02
   18.5000  3.3201551E-02  2.5476339E-02  3.6878032E-02
   18.7500  3.3121587E-02  2.5469720E-02  3.7384619E-02
   19.0000  3.3121829E-02  2.5521875E-02  3.7908293E-02
   19.2500  3.3210262E-02  2.5632509E-02  3.8450534E-02
   19.5000  3.3389606E-02  2.5801901E-02  3.9008003E-02
   19.7500  3.3658780E-02  2.6029456E-02  3.9571923E-02
   20.0000  3.4014796E-02  2.6315691E-02  4.0129618E-02
   21.0000  3.6071824E-02  2.8040062E-02  4.1847601E-02
   22.0000  3.8067733E-02  3.0633477E-02  4.1550151E-02
   23.0000  3.8723062E-02  3.3821291E-02  3.9153610E-02
   24.0000  3.8292220E-02  3.6907686E-02  3.6609332E-02
   25.0000  3.6876206E-02  3.8666560E-02  3.4719650E-02
   26.0000  3.5826265E-02  3.9154970E-02  3.3800594E-02
   27.0000  3.4879850E-02  3.8004689E-02  3.2996057E-02
   28.0000  3.4338215E-02  3.5798410E-02  3.2121056E-02
   29.0000  3.4173443E-02  3.3323538E-02  3.1184063E-02
   30.0000  3.4041388E-02  3.1163912E-02  3.0211533E-02
   31.0000  3.3583374E-02  2.9534321E-02  2.9190481E-02
   32.0000  3.2652375E-02  2.8399457E-02  2.8112963E-02
   33.0000  3.1306808E-02  2.7650243E-02  2.7017985E-02
   34.0000  2.9683049E-02  2.7185941E-02  2.5986874E-02
   35.0000  2.7916509E-02  2.6914525E-02  2.5108969E-02
   36.0000  2.6117154E-02  2.6738036E-02  2.4429380E-02
   37.0000  2.4365793E-02  2.6537731E-02  2.3913810E-02
   38.0000  2.2722407E-02  2.6185286E-02  2.3465011E-02
   39.0000  2.1245137E-02  2.5585373E-02  2.2972383E-02
   40.0000  1.9992743E-02  2.4706453E-02  2.2361120E-02
