  7709.000   27  1  1  1.9222038E-02 -4.5460797E+00 -3.4401486E-01  1  1  7.5663788E+03  8.0000000E+03  0.0000000E+00  1.1792254E+00  1.0000000E+00  0.0000000E+00  = E_edge, Z, n_edge, j_edge, Abs_before_edge, VO_interstitial, E_cut, ninit, ninit1, Epsii, UnitCell_Volume, Surface_ref, f0_forward, natomsym_f, abs_u_iso
    Energy   (100,001)      (010,001)      (001,110)   
  -25.0000  4.2027814E-09  1.2850019E-09  6.9909243E-10
  -24.0000  1.0757769E-08  3.1877697E-09  1.5929550E-09
  -23.0000  3.1946169E-08  9.2366409E-09  4.1046946E-09
  -22.0000  1.2199267E-07  3.5143291E-08  1.3021995E-08
  -21.0000  8.1733414E-07  2.6006972E-07  6.7180061E-08
  -20.0000  1.3892895E-04  2.6921003E-05  8.0659769E-06
  -19.0000  4.7481587E-05  1.2240021E-03  1.4637838E-03
  -18.0000  2.2640404E-06  7.8075868E-07  9.3693716E-07
  -17.0000  2.4998564E-06  6.3755739E-07  4.8550781E-07
  -16.0000  5.1137646E-06  1.0358930E-06  7.2628007E-07
  -15.0000  6.1151826E-04  5.9314719E-04  4.9961187E-04
  -14.0000  8.9655633E-06  1.5331234E-05  9.5707860E-06
  -13.0000  1.0539506E-06  1.9946378E-06  2.7909431E-06
  -12.0000  4.0278641E-06  6.8275315E-06  1.7185698E-05
  -11.0000  1.8899983E-05  2.2561309E-05  2.9558385E-05
  -10.0000  2.1937488E-04  5.8867959E-05  1.4250546E-05
  -9.00000  1.9080000E-03  3.0224638E-04  4.5255867E-04
  -8.00000  1.0539302E-04  5.7530409E-05  1.0025307E-05
  -7.00000  5.8348129E-01  3.3831494E-03  2.8043230E-02
  -6.00000  5.5952319E-04  4.5623095E-04  1.6281227E-03
  -5.00000  5.6708589E-03  4.7375669E-04  3.2828668E-02
  -4.00000  2.5430390E-03  1.5843937E-03  1.8450339E-03
  -3.00000  1.1644557E-02  5.7177227E-02  5.7762815E-03
  -2.00000  1.2294488E-03  2.1039919E-03  1.6558157E-03
  -1.00000  5.3141009E-04  7.6952217E-04  3.5775343E-04
   0.00000  1.7721906E-03  6.0041984E-03  1.0658922E-03
   1.00000  4.9837036E-04  6.2235020E-04  5.7146797E-04
   2.00000  4.8374446E-04  6.2497418E-04  4.5936082E-04
   3.00000  6.7462926E-04  8.7108928E-04  6.0413731E-04
   4.00000  1.0543617E-03  1.3824853E-03  9.8475843E-04
   5.00000  1.7051560E-03  2.4740348E-03  2.0008614E-03
   5.20000  1.8712472E-03  2.8324652E-03  2.3719586E-03
   5.40000  2.0488658E-03  3.2671455E-03  2.8447232E-03
   5.60000  2.2392033E-03  3.8008703E-03  3.4583521E-03
   5.80000  2.4468054E-03  4.4673994E-03  4.2708765E-03
   6.00000  2.6862767E-03  5.3156469E-03  5.3613301E-03
   6.20000  2.9889063E-03  6.4103969E-03  6.8190748E-03
   6.40000  3.4098959E-03  7.8556336E-03  8.6996774E-03
   6.60000  3.9736878E-03  9.6879134E-03  1.0908114E-02
   6.80000  4.6234979E-03  1.1808692E-02  1.3060166E-02
   7.00000  5.2731808E-03  1.3942617E-02  1.4363713E-02
   7.20000  5.8327070E-03  1.5612397E-02  1.4080186E-02
   7.40000  6.2333338E-03  1.6397181E-02  1.2552894E-02
   7.60000  6.4985361E-03  1.6421182E-02  1.0749877E-02
   7.80000  6.7233666E-03  1.6309521E-02  9.2552356E-03
   8.00000  7.0101688E-03  1.6669421E-02  8.2219243E-03
   8.20000  7.4338832E-03  1.7819586E-02  7.6317619E-03
   8.40000  8.0559600E-03  1.9866679E-02  7.4366303E-03
   8.60000  8.9475817E-03  2.2788010E-02  7.6003177E-03
   8.80000  1.0172470E-02  2.6498232E-02  8.0902295E-03
   9.00000  1.1755012E-02  2.9784374E-02  8.8715671E-03
   9.20000  1.3497172E-02  3.1269536E-02  9.8649822E-03
   9.40000  1.5089450E-02  3.0055583E-02  1.1004806E-02
   9.60000  1.6434717E-02  2.7044771E-02  1.2325223E-02
   9.80000  1.7711318E-02  2.3835716E-02  1.3929739E-02
   10.0000  1.9145626E-02  2.1351952E-02  1.5915262E-02
   10.2500  2.1379787E-02  1.9586359E-02  1.9029458E-02
   10.5000  2.4226795E-02  1.9180303E-02  2.2912466E-02
   10.7500  2.8137731E-02  2.0205070E-02  2.7854105E-02
   11.0000  3.2027914E-02  2.1748704E-02  3.3196237E-02
   11.2500  3.6021715E-02  2.4323931E-02  3.9037350E-02
   11.5000  3.9469286E-02  2.7907671E-02  4.4837873E-02
   11.7500  4.1648365E-02  3.2496898E-02  4.9750538E-02
   12.0000  4.2347274E-02  3.8233623E-02  5.2357758E-02
   12.2500  4.1649743E-02  4.4461282E-02  5.3771362E-02
   12.5000  4.0323350E-02  5.0875607E-02  5.3572005E-02
   12.7500  3.8987670E-02  5.6689360E-02  5.2335140E-02
   13.0000  3.7962640E-02  6.1004569E-02  5.0554787E-02
   13.2500  3.7317564E-02  6.3136507E-02  4.8532340E-02
   13.5000  3.6998249E-02  6.2906425E-02  4.6432222E-02
   13.7500  3.7418097E-02  6.0015012E-02  4.4505120E-02
   14.0000  3.7390109E-02  5.6612738E-02  4.2387430E-02
   14.2500  3.7498807E-02  5.2727087E-02  4.0489107E-02
   14.5000  3.7673574E-02  4.8787698E-02  3.8839067E-02
   14.7500  3.7901222E-02  4.5095281E-02  3.7449417E-02
   15.0000  3.8170013E-02  4.1803347E-02  3.6316133E-02
   15.2500  3.8467016E-02  3.8963574E-02  3.5423374E-02
   15.5000  3.8777178E-02  3.6569739E-02  3.4752474E-02
   15.7500  3.9072171E-02  3.4582586E-02  3.4277155E-02
   16.0000  3.9331120E-02  3.2955660E-02  3.3977100E-02
   16.2500  3.9530964E-02  3.1639336E-02  3.3832330E-02
   16.5000  3.9652301E-02  3.0586851E-02  3.3821989E-02
   16.7500  3.9684014E-02  2.9756796E-02  3.3924682E-02
   17.0000  3.9626472E-02  2.9113173E-02  3.4119688E-02
   17.2500  3.9494032E-02  2.8625588E-02  3.4386201E-02
   17.5000  3.9312625E-02  2.8268741E-02  3.4707721E-02
   17.7500  3.9115364E-02  2.8021747E-02  3.5071592E-02
   18.0000  3.8936488E-02  2.7867024E-02  3.5470465E-02
   18.2500  3.8806465E-02  2.7791016E-02  3.5899686E-02
   18.5000  3.8746465E-02  2.7782164E-02  3.6355812E-02
   18.7500  3.8770156E-02  2.7832487E-02  3.6835758E-02
   19.0000  3.8886036E-02  2.7937916E-02  3.7336797E-02
   19.2500  3.9092331E-02  2.8095513E-02  3.7848798E-02
   19.5000  3.9386686E-02  2.8304110E-02  3.8360485E-02
   19.7500  3.9758876E-02  2.8563293E-02  3.8854143E-02
   20.0000  4.0195086E-02  2.8873716E-02  3.9308055E-02
   21.0000  4.2041606E-02  3.0631228E-02  4.0238811E-02
   22.0000  4.2426385E-02  3.3060686E-02  3.9044150E-02
   23.0000  4.0951953E-02  3.5643063E-02  3.6578088E-02
   24.0000  3.9289728E-02  3.7626177E-02  3.4511258E-02
   25.0000  3.8101517E-02  3.8449914E-02  3.3332377E-02
   26.0000  3.6948783E-02  3.7864263E-02  3.2579232E-02
   27.0000  3.6392643E-02  3.6440186E-02  3.2232707E-02
   28.0000  3.5828729E-02  3.4474823E-02  3.1870123E-02
   29.0000  3.4997529E-02  3.2447781E-02  3.1426230E-02
   30.0000  3.3721146E-02  3.0686277E-02  3.0900152E-02
   31.0000  3.2037993E-02  2.9312827E-02  3.0292587E-02
   32.0000  3.0135032E-02  2.8303564E-02  2.9617210E-02
   33.0000  2.8200943E-02  2.7571897E-02  2.8897428E-02
   34.0000  2.6356535E-02  2.7022732E-02  2.8161633E-02
   35.0000  2.4655498E-02  2.6568625E-02  2.7434134E-02
   36.0000  2.3118714E-02  2.6132174E-02  2.6729259E-02
   37.0000  2.1761313E-02  2.5655987E-02  2.6031218E-02
   38.0000  2.0627561E-02  2.5113765E-02  2.5293523E-02
   39.0000  1.9774382E-02  2.4497469E-02  2.4455209E-02
   40.0000  1.9211306E-02  2.3797489E-02  2.3480490E-02
