  7709.000   27  1  1  1.9222038E-02 -4.6632467E+00 -2.7708160E-01  1  1  7.5663398E+03  8.0000000E+03  0.0000000E+00  1.1792254E+00  1.0000000E+00  0.0000000E+00  = E_edge, Z, n_edge, j_edge, Abs_before_edge, VO_interstitial, E_cut, ninit, ninit1, Epsii, UnitCell_Volume, Surface_ref, f0_forward, natomsym_f, abs_u_iso
    Energy   (100,001)      (010,001)      (001,110)   
  -25.0000  3.5162476E-09  1.1689268E-09  8.9422262E-10
  -24.0000  8.9639479E-09  2.8362226E-09  2.1156318E-09
  -23.0000  2.6624504E-08  7.9945189E-09  5.7884762E-09
  -22.0000  1.0304557E-07  2.9420089E-08  2.0545281E-08
  -21.0000  7.4792235E-07  2.1484764E-07  1.4380107E-07
  -20.0000  4.8924245E-04  6.8237844E-06  6.8393122E-05
  -19.0000  3.7941949E-06  4.3539428E-05  6.3230635E-05
  -18.0000  1.4233008E-06  6.0910358E-07  6.2407480E-07
  -17.0000  1.5643904E-06  4.7173419E-07  5.0688678E-07
  -16.0000  3.1448665E-06  7.2991835E-07  1.2569129E-06
  -15.0000  3.3011570E-04  2.2190639E-04  5.5967556E-05
  -14.0000  5.1860388E-06  6.4747457E-06  6.0201548E-06
  -13.0000  1.3459919E-06  1.8357148E-06  3.1053803E-06
  -12.0000  7.1471622E-06  1.0210139E-05  4.2272478E-05
  -11.0000  1.5357478E-05  7.7083070E-06  1.5422459E-05
  -10.0000  1.5781006E-04  7.3863180E-05  1.8730489E-05
  -9.00000  1.0479785E-03  1.3119628E-04  4.9418793E-05
  -8.00000  5.5096752E-05  2.1760374E-05  1.1759715E-05
  -7.00000  7.2643361E-04  1.3372457E-04  1.8957531E-04
  -6.00000  3.5090536E-04  1.6493159E-04  1.7980577E-04
  -5.00000  8.6854279E-03  1.1646553E-03  7.1300677E-03
  -4.00000  2.5644461E-03  2.7807951E-03  2.9983089E-03
  -3.00000  3.4784229E-03  7.8976081E-03  2.5024845E-03
  -2.00000  7.5401199E-04  1.1350204E-03  6.4620128E-04
  -1.00000  3.8515702E-04  6.9224983E-04  2.6459641E-04
   0.00000  2.3592032E-03  1.7826597E-02  7.8941757E-03
   1.00000  6.4726319E-04  7.2826936E-04  1.0077863E-03
   2.00000  5.5184109E-04  6.6525965E-04  5.8845358E-04
   3.00000  7.4647613E-04  9.0556397E-04  6.4473369E-04
   4.00000  1.1855781E-03  1.3568220E-03  8.8476033E-04
   5.00000  2.0613437E-03  2.1322940E-03  1.4661740E-03
   5.20000  2.3116933E-03  2.3595909E-03  1.6548512E-03
   5.40000  2.5856945E-03  2.6228308E-03  1.8784244E-03
   5.60000  2.8765262E-03  2.9311514E-03  2.1439849E-03
   5.80000  3.1775044E-03  3.3008686E-03  2.4610006E-03
   6.00000  3.5079477E-03  3.7625884E-03  2.8424858E-03
   6.20000  3.9685806E-03  4.3683256E-03  3.3088554E-03
   6.40000  4.6931291E-03  5.1747231E-03  3.8997911E-03
   6.60000  5.6180835E-03  6.1664038E-03  4.6765885E-03
   6.80000  6.6039198E-03  7.3065044E-03  5.7301687E-03
   7.00000  7.6746808E-03  8.5843542E-03  7.1850478E-03
   7.20000  8.9706454E-03  1.0080402E-02  9.2237529E-03
   7.40000  1.0572375E-02  1.1819366E-02  1.2024891E-02
   7.60000  1.2532515E-02  1.3742837E-02  1.5468482E-02
   7.80000  1.4839922E-02  1.5623977E-02  1.8526715E-02
   8.00000  1.7435384E-02  1.7167554E-02  1.9392269E-02
   8.20000  2.0241193E-02  1.8272925E-02  1.7660323E-02
   8.40000  2.3089324E-02  1.8944411E-02  1.4973295E-02
   8.60000  2.5922195E-02  1.9273408E-02  1.2765069E-02
   8.80000  2.8825478E-02  1.9667091E-02  1.1451626E-02
   9.00000  3.0996638E-02  2.0619291E-02  1.0957318E-02
   9.20000  3.0892217E-02  2.2415571E-02  1.1112558E-02
   9.40000  2.8832553E-02  2.5123265E-02  1.1829858E-02
   9.60000  2.6605002E-02  2.8719312E-02  1.3065724E-02
   9.80000  2.5323476E-02  3.2965927E-02  1.4893586E-02
   10.0000  2.5127061E-02  3.7747365E-02  1.7299692E-02
   10.2500  2.6264986E-02  4.4223205E-02  2.1149923E-02
   10.5000  2.8755603E-02  5.0894913E-02  2.5977453E-02
   10.7500  3.2405506E-02  5.7287992E-02  3.1803584E-02
   11.0000  3.6827333E-02  6.2884333E-02  3.8507758E-02
   11.2500  4.1199758E-02  6.7281744E-02  4.5587391E-02
   11.5000  4.4311894E-02  7.0308488E-02  5.2028047E-02
   11.7500  4.5093535E-02  7.1868526E-02  5.6796565E-02
   12.0000  4.4280141E-02  7.1789497E-02  5.8867565E-02
   12.2500  4.2193121E-02  6.9824151E-02  5.9302470E-02
   12.5000  3.9916740E-02  6.6006395E-02  5.8125922E-02
   12.7500  3.7948121E-02  6.0871043E-02  5.5844370E-02
   13.0000  3.6373297E-02  5.5210978E-02  5.2838802E-02
   13.2500  3.5106378E-02  4.9700217E-02  4.9443267E-02
   13.5000  3.3978897E-02  4.4975273E-02  4.5833183E-02
   13.7500  3.3077471E-02  4.0813595E-02  4.2344045E-02
   14.0000  3.2437229E-02  3.7398058E-02  3.9273219E-02
   14.2500  3.1863994E-02  3.4493011E-02  3.6732056E-02
   14.5000  3.1475053E-02  3.2110503E-02  3.4656148E-02
   14.7500  3.1260247E-02  3.0179375E-02  3.3009336E-02
   15.0000  3.1198780E-02  2.8634842E-02  3.1740921E-02
   15.2500  3.1263268E-02  2.7421070E-02  3.0797661E-02
   15.5000  3.1423556E-02  2.6492028E-02  3.0131370E-02
   15.7500  3.1642312E-02  2.5804262E-02  2.9694561E-02
   16.0000  3.1888508E-02  2.5322975E-02  2.9451855E-02
   16.2500  3.2129073E-02  2.5014976E-02  2.9369626E-02
   16.5000  3.2336151E-02  2.4850218E-02  2.9419836E-02
   16.7500  3.2491662E-02  2.4800086E-02  2.9576266E-02
   17.0000  3.2587552E-02  2.4838050E-02  2.9814918E-02
   17.2500  3.2632206E-02  2.4940466E-02  3.0116322E-02
   17.5000  3.2646462E-02  2.5085997E-02  3.0465880E-02
   17.7500  3.2659683E-02  2.5255711E-02  3.0855740E-02
   18.0000  3.2703578E-02  2.5435485E-02  3.1283564E-02
   18.2500  3.2805335E-02  2.5615867E-02  3.1752253E-02
   18.5000  3.2985045E-02  2.5791481E-02  3.2269018E-02
   18.7500  3.3252923E-02  2.5962039E-02  3.2841105E-02
   19.0000  3.3611684E-02  2.6131578E-02  3.3475364E-02
   19.2500  3.4056466E-02  2.6305417E-02  3.4169652E-02
   19.5000  3.4578582E-02  2.6491196E-02  3.4919874E-02
   19.7500  3.5162786E-02  2.6696634E-02  3.5712905E-02
   20.0000  3.5787550E-02  2.6928737E-02  3.6526694E-02
   21.0000  3.8044177E-02  2.8228690E-02  3.9238980E-02
   22.0000  3.8386356E-02  3.0215113E-02  3.9310146E-02
   23.0000  3.6948828E-02  3.2681046E-02  3.7000201E-02
   24.0000  3.5279953E-02  3.5026202E-02  3.4602398E-02
   25.0000  3.4037774E-02  3.6496187E-02  3.3090094E-02
   26.0000  3.3475201E-02  3.6503541E-02  3.2238346E-02
   27.0000  3.3644709E-02  3.5078055E-02  3.1630427E-02
   28.0000  3.4059010E-02  3.2778112E-02  3.0917896E-02
   29.0000  3.4602939E-02  3.0514319E-02  3.0302986E-02
   30.0000  3.4593819E-02  2.8715838E-02  2.9627286E-02
   31.0000  3.3857189E-02  2.7498738E-02  2.8900488E-02
   32.0000  3.2494895E-02  2.6755401E-02  2.8171649E-02
   33.0000  3.0710619E-02  2.6336435E-02  2.7530808E-02
   34.0000  2.8724788E-02  2.6143160E-02  2.7085042E-02
   35.0000  2.6727678E-02  2.6091859E-02  2.6888569E-02
   36.0000  2.4870475E-02  2.6084657E-02  2.6892267E-02
   37.0000  2.3268485E-02  2.6009352E-02  2.6943457E-02
   38.0000  2.2005938E-02  2.5777454E-02  2.6868528E-02
   39.0000  2.1123664E-02  2.5348348E-02  2.6551135E-02
   40.0000  2.0606255E-02  2.4738770E-02  2.5964156E-02
