  7709.000   27  1  1  1.9222038E-02 -4.6044866E+00 -3.9220380E-01  1  1  7.5664388E+03  8.0000000E+03  0.0000000E+00  1.1792254E+00  1.0000000E+00  0.0000000E+00  = E_edge, Z, n_edge, j_edge, Abs_before_edge, VO_interstitial, E_cut, ninit, ninit1, Epsii, UnitCell_Volume, Surface_ref, f0_forward, natomsym_f, abs_u_iso
    Energy   (100,001)      (010,001)      (001,110)   
  -25.0000  4.3752142E-09  1.2746884E-09  8.3963053E-10
  -24.0000  1.1257325E-08  3.1571902E-09  1.9390544E-09
  -23.0000  3.3689419E-08  9.1385555E-09  5.0871773E-09
  -22.0000  1.3041773E-07  3.4849345E-08  1.6566131E-08
  -21.0000  9.0011770E-07  2.6403801E-07  8.8641541E-08
  -20.0000  6.3133846E-04  1.6363479E-05  4.8403079E-05
  -19.0000  1.1475234E-05  2.5345054E-05  6.5927480E-05
  -18.0000  2.2698103E-06  6.1601907E-07  8.2095644E-07
  -17.0000  2.5779676E-06  4.9545167E-07  5.4815562E-07
  -16.0000  5.4483016E-06  7.2668989E-07  1.0023808E-06
  -15.0000  2.0452092E-04  6.7186267E-04  1.5795745E-04
  -14.0000  6.4454383E-06  9.4946748E-06  5.6004617E-06
  -13.0000  1.0859618E-06  1.6390383E-06  3.2349783E-06
  -12.0000  4.2460505E-06  6.2816889E-06  2.1334151E-05
  -11.0000  1.8363988E-05  2.0066780E-05  3.3274596E-05
  -10.0000  1.9010053E-04  5.0812825E-05  1.6123854E-05
  -9.00000  9.0208291E-04  4.0498538E-04  1.3274775E-04
  -8.00000  1.1800777E-04  4.8415761E-05  1.3929470E-05
  -7.00000  3.5269620E-02  8.6485642E-04  2.0442328E-03
  -6.00000  6.6181750E-04  3.5001807E-04  1.2229091E-03
  -5.00000  1.2274563E-01  1.5943656E-03  9.8739398E-02
  -4.00000  2.7212537E-03  5.1525564E-03  3.1673931E-03
  -3.00000  1.8116142E-03  1.8076285E-02  6.4909374E-03
  -2.00000  7.6275797E-04  1.1350091E-03  6.6281452E-04
  -1.00000  4.0130350E-04  5.7280346E-04  2.1172954E-04
   0.00000  1.5561848E-03  2.4546989E-03  1.5594572E-03
   1.00000  7.7101839E-04  9.0262598E-04  1.0417540E-03
   2.00000  5.7935057E-04  7.2923276E-04  6.0492006E-04
   3.00000  7.4635646E-04  9.9415209E-04  6.8673689E-04
   4.00000  1.1197809E-03  1.5212741E-03  9.9241115E-04
   5.00000  1.8006015E-03  2.5083014E-03  1.8416004E-03
   5.20000  1.9782337E-03  2.8128144E-03  2.1545494E-03
   5.40000  2.1673355E-03  3.1725422E-03  2.5549732E-03
   5.60000  2.3660967E-03  3.6011101E-03  3.0783594E-03
   5.80000  2.5737035E-03  4.1191744E-03  3.7791814E-03
   6.00000  2.7952457E-03  4.7569327E-03  4.7323356E-03
   6.20000  3.0518796E-03  5.5667747E-03  6.0283587E-03
   6.40000  3.3880960E-03  6.6254382E-03  7.7557339E-03
   6.60000  3.8346429E-03  7.9873434E-03  9.9505790E-03
   6.80000  4.3489318E-03  9.5967032E-03  1.2328850E-02
   7.00000  4.8573607E-03  1.1305352E-02  1.3965377E-02
   7.20000  5.3006651E-03  1.2911214E-02  1.3963301E-02
   7.40000  5.6053810E-03  1.4054003E-02  1.2632618E-02
   7.60000  5.7414687E-03  1.4348483E-02  1.0983332E-02
   7.80000  5.8113434E-03  1.3855797E-02  9.5817738E-03
   8.00000  5.9715352E-03  1.3223293E-02  8.5767009E-03
   8.20000  6.3315306E-03  1.3106745E-02  7.9451419E-03
   8.40000  6.8924471E-03  1.3797233E-02  7.6351135E-03
   8.60000  7.6326519E-03  1.5306606E-02  7.5958833E-03
   8.80000  8.5574510E-03  1.7549895E-02  7.7956105E-03
   9.00000  9.6978708E-03  2.0389180E-02  8.2224699E-03
   9.20000  1.1087530E-02  2.3551097E-02  8.8756212E-03
   9.40000  1.2724636E-02  2.6551551E-02  9.7540954E-03
   9.60000  1.4546922E-02  2.8819117E-02  1.0856257E-02
   9.80000  1.6452213E-02  3.0042406E-02  1.2185324E-02
   10.0000  1.8438412E-02  3.0493877E-02  1.3773737E-02
   10.2500  2.0920758E-02  3.0798527E-02  1.6088772E-02
   10.5000  2.3663985E-02  3.1796047E-02  1.8830974E-02
   10.7500  2.7239236E-02  3.3966445E-02  2.2151289E-02
   11.0000  3.0750638E-02  3.6593904E-02  2.5874259E-02
   11.2500  3.4526200E-02  4.0040325E-02  3.0182646E-02
   11.5000  3.8231136E-02  4.3986568E-02  3.5044490E-02
   11.7500  4.1396870E-02  4.8187075E-02  3.9812697E-02
   12.0000  4.3435924E-02  5.2022147E-02  4.4469548E-02
   12.2500  4.4001447E-02  5.5363118E-02  4.8431705E-02
   12.5000  4.3295185E-02  5.7926942E-02  5.1043561E-02
   12.7500  4.1835584E-02  5.9528923E-02  5.2221663E-02
   13.0000  4.0164794E-02  6.0042075E-02  5.2174865E-02
   13.2500  3.8635711E-02  5.9429403E-02  5.1204651E-02
   13.5000  3.7393892E-02  5.7781793E-02  4.9600254E-02
   13.7500  3.6784388E-02  5.5123041E-02  4.7667356E-02
   14.0000  3.6085409E-02  5.2312547E-02  4.5419628E-02
   14.2500  3.5602518E-02  4.9250784E-02  4.3229990E-02
   14.5000  3.5302357E-02  4.6166530E-02  4.1220884E-02
   14.7500  3.5158732E-02  4.3226433E-02  3.9458348E-02
   15.0000  3.5147423E-02  4.0533918E-02  3.7967968E-02
   15.2500  3.5243481E-02  3.8138345E-02  3.6748084E-02
   15.5000  3.5424079E-02  3.6051974E-02  3.5785191E-02
   15.7500  3.5656878E-02  3.4258554E-02  3.5050530E-02
   16.0000  3.5921429E-02  3.2735001E-02  3.4520822E-02
   16.2500  3.6195906E-02  3.1451802E-02  3.4169838E-02
   16.5000  3.6461749E-02  3.0378758E-02  3.3972030E-02
   16.7500  3.6703086E-02  2.9487809E-02  3.3901909E-02
   17.0000  3.6909081E-02  2.8753742E-02  3.3934546E-02
   17.2500  3.7075301E-02  2.8154969E-02  3.4047150E-02
   17.5000  3.7207143E-02  2.7672479E-02  3.4220577E-02
   17.7500  3.7317001E-02  2.7292633E-02  3.4440731E-02
   18.0000  3.7424823E-02  2.7003869E-02  3.4700448E-02
   18.2500  3.7553729E-02  2.6796119E-02  3.4996582E-02
   18.5000  3.7726116E-02  2.6661538E-02  3.5331429E-02
   18.7500  3.7962636E-02  2.6593601E-02  3.5709568E-02
   19.0000  3.8279868E-02  2.6585628E-02  3.6136937E-02
   19.2500  3.8685653E-02  2.6629663E-02  3.6612174E-02
   19.5000  3.9184164E-02  2.6719033E-02  3.7133434E-02
   19.7500  3.9771163E-02  2.6846976E-02  3.7693911E-02
   20.0000  4.0435089E-02  2.7007126E-02  3.8281250E-02
   21.0000  4.3299590E-02  2.7895211E-02  4.0417759E-02
   22.0000  4.4600020E-02  2.9244435E-02  4.0739495E-02
   23.0000  4.3402210E-02  3.1151826E-02  3.8661767E-02
   24.0000  4.1400179E-02  3.3325554E-02  3.5949017E-02
   25.0000  3.9732054E-02  3.5194091E-02  3.4027579E-02
   26.0000  3.7853655E-02  3.5976000E-02  3.2763647E-02
   27.0000  3.6527130E-02  3.5793742E-02  3.2267885E-02
   28.0000  3.5136365E-02  3.4502661E-02  3.1877865E-02
   29.0000  3.3786502E-02  3.2612855E-02  3.1458216E-02
   30.0000  3.2447799E-02  3.0709238E-02  3.0998004E-02
   31.0000  3.0986842E-02  2.9166085E-02  3.0474255E-02
   32.0000  2.9351956E-02  2.8087106E-02  2.9859629E-02
   33.0000  2.7588564E-02  2.7405316E-02  2.9158619E-02
   34.0000  2.5786813E-02  2.7021817E-02  2.8418221E-02
   35.0000  2.4057572E-02  2.6837372E-02  2.7703407E-02
   36.0000  2.2515980E-02  2.6758183E-02  2.7069790E-02
   37.0000  2.1277911E-02  2.6681561E-02  2.6529912E-02
   38.0000  2.0455927E-02  2.6505107E-02  2.6044775E-02
   39.0000  2.0125437E-02  2.6154760E-02  2.5539560E-02
   40.0000  2.0267318E-02  2.5613620E-02  2.4944747E-02
