  7709.000   27  1  1  1.9222038E-02 -4.7057584E+00 -3.3323610E-01  1  1  7.5664406E+03  8.0000000E+03  0.0000000E+00  1.1792254E+00  1.0000000E+00  0.0000000E+00  = E_edge, Z, n_edge, j_edge, Abs_before_edge, VO_interstitial, E_cut, ninit, ninit1, Epsii, UnitCell_Volume, Surface_ref, f0_forward, natomsym_f, abs_u_iso
    Energy   (100,001)      (010,001)      (001,110)   
  -25.0000  3.8368653E-09  1.0481218E-09  9.4744770E-10
  -24.0000  9.8801952E-09  2.5427324E-09  2.2482742E-09
  -23.0000  2.9870130E-08  7.2209238E-09  6.1763369E-09
  -22.0000  1.1990778E-07  2.7415932E-08  2.2016467E-08
  -21.0000  9.6375254E-07  2.3458198E-07  1.5131486E-07
  -20.0000  1.3441397E-04  1.6633058E-06  2.4397378E-05
  -19.0000  2.3052306E-06  7.4407236E-06  1.3785244E-05
  -18.0000  1.2525712E-06  3.7356189E-07  5.2992338E-07
  -17.0000  1.4424421E-06  3.0569678E-07  4.8458112E-07
  -16.0000  3.0824923E-06  5.8138022E-07  1.4253964E-06
  -15.0000  1.9739718E-03  2.0616807E-03  2.0975657E-04
  -14.0000  2.9238361E-06  3.7487253E-06  4.2751770E-06
  -13.0000  1.6270814E-06  1.5929021E-06  2.5769626E-06
  -12.0000  8.5338216E-06  7.9925030E-06  4.2869320E-05
  -11.0000  1.8216892E-05  7.6803863E-06  7.7774390E-06
  -10.0000  1.7582777E-04  6.1332415E-05  1.3959065E-05
  -9.00000  9.8802127E-04  1.3915597E-04  3.8469049E-05
  -8.00000  6.9366774E-05  2.5762145E-05  9.9442215E-06
  -7.00000  1.0195864E-03  1.1140506E-04  3.7332065E-04
  -6.00000  3.4849425E-04  1.5651782E-04  2.3909945E-04
  -5.00000  2.6902425E-03  1.0395857E-03  1.7203567E-03
  -4.00000  2.5874514E-03  2.5840205E-03  2.3217593E-03
  -3.00000  2.3466588E-03  6.1430221E-03  1.9143880E-03
  -2.00000  6.7260945E-04  8.8505828E-04  5.7237701E-04
  -1.00000  3.4435089E-04  5.1836409E-04  2.1222981E-04
   0.00000  5.1162940E-03  7.9293556E-03  5.9091616E-03
   1.00000  6.3813224E-04  6.8938300E-04  7.4341876E-04
   2.00000  5.4050755E-04  6.6233522E-04  5.1009152E-04
   3.00000  7.1570466E-04  9.4419530E-04  5.8135494E-04
   4.00000  1.1019711E-03  1.4791675E-03  8.0257670E-04
   5.00000  1.8158451E-03  2.4022132E-03  1.3325659E-03
   5.20000  2.0085027E-03  2.6742246E-03  1.5074553E-03
   5.40000  2.2171449E-03  2.9905889E-03  1.7177680E-03
   5.60000  2.4391763E-03  3.3593701E-03  1.9721418E-03
   5.80000  2.6715515E-03  3.7896302E-03  2.2830258E-03
   6.00000  2.9131042E-03  4.2920214E-03  2.6694631E-03
   6.20000  3.1706360E-03  4.8780709E-03  3.1580354E-03
   6.40000  3.4732103E-03  5.5711539E-03  3.7865361E-03
   6.60000  3.8866031E-03  6.4193874E-03  4.6006112E-03
   6.80000  4.4883641E-03  7.4873505E-03  5.6399555E-03
   7.00000  5.2812101E-03  8.7826221E-03  6.9073539E-03
   7.20000  6.1791548E-03  1.0254842E-02  8.3413621E-03
   7.40000  7.1083533E-03  1.1914882E-02  9.7936634E-03
   7.60000  8.0380263E-03  1.3980728E-02  1.1112003E-02
   7.80000  8.9974869E-03  1.6587766E-02  1.2019975E-02
   8.00000  9.9987267E-03  1.9600511E-02  1.2309114E-02
   8.20000  1.0990015E-02  2.2477012E-02  1.2023650E-02
   8.40000  1.1885531E-02  2.4498346E-02  1.1483451E-02
   8.60000  1.2714599E-02  2.5470802E-02  1.1070682E-02
   8.80000  1.3684477E-02  2.6175564E-02  1.1040168E-02
   9.00000  1.4977079E-02  2.7658116E-02  1.1496775E-02
   9.20000  1.6574615E-02  3.0478439E-02  1.2468604E-02
   9.40000  1.8421699E-02  3.4727703E-02  1.3972462E-02
   9.60000  2.0623897E-02  4.0223808E-02  1.6022148E-02
   9.80000  2.3439418E-02  4.6450434E-02  1.8666663E-02
   10.0000  2.7002549E-02  5.2766675E-02  2.1887225E-02
   10.2500  3.2856119E-02  5.9394924E-02  2.6699219E-02
   10.5000  3.9246954E-02  6.4127738E-02  3.2110758E-02
   10.7500  4.5997552E-02  6.6345871E-02  3.8023577E-02
   11.0000  5.2158177E-02  6.6468726E-02  4.4203824E-02
   11.2500  5.6579330E-02  6.5399030E-02  5.0196340E-02
   11.5000  5.8359258E-02  6.3965199E-02  5.5260384E-02
   11.7500  5.7412660E-02  6.2312981E-02  5.8248860E-02
   12.0000  5.4439570E-02  6.0672169E-02  5.9597005E-02
   12.2500  5.0754301E-02  5.8593574E-02  5.9681953E-02
   12.5000  4.6989145E-02  5.5858636E-02  5.8427780E-02
   12.7500  4.3623723E-02  5.2544193E-02  5.6090247E-02
   13.0000  4.0824290E-02  4.8905663E-02  5.2964792E-02
   13.2500  3.8579606E-02  4.5228870E-02  4.9415706E-02
   13.5000  3.6814908E-02  4.1736527E-02  4.5802888E-02
   13.7500  3.5586743E-02  3.8755620E-02  4.2240888E-02
   14.0000  3.4482229E-02  3.6082176E-02  3.8786387E-02
   14.2500  3.3723251E-02  3.3749123E-02  3.6218700E-02
   14.5000  3.3226896E-02  3.1744560E-02  3.4110903E-02
   14.7500  3.2953608E-02  3.0040840E-02  3.2425647E-02
   15.0000  3.2863301E-02  2.8608602E-02  3.1112221E-02
   15.2500  3.2916284E-02  2.7419354E-02  3.0120594E-02
   15.5000  3.3076188E-02  2.6448629E-02  2.9407528E-02
   15.7500  3.3301169E-02  2.5667000E-02  2.8929070E-02
   16.0000  3.3556326E-02  2.5053114E-02  2.8655666E-02
   16.2500  3.3806317E-02  2.4585844E-02  2.8560813E-02
   16.5000  3.4018580E-02  2.4245084E-02  2.8620504E-02
   16.7500  3.4166295E-02  2.4013644E-02  2.8813029E-02
   17.0000  3.4233788E-02  2.3875765E-02  2.9117432E-02
   17.2500  3.4217185E-02  2.3817368E-02  2.9514359E-02
   17.5000  3.4125617E-02  2.3826546E-02  2.9987949E-02
   17.7500  3.3980208E-02  2.3892736E-02  3.0526956E-02
   18.0000  3.3808238E-02  2.4005870E-02  3.1124503E-02
   18.2500  3.3638255E-02  2.4156990E-02  3.1777855E-02
   18.5000  3.3496048E-02  2.4339799E-02  3.2489447E-02
   18.7500  3.3402477E-02  2.4548506E-02  3.3260299E-02
   19.0000  3.3372939E-02  2.4777746E-02  3.4091717E-02
   19.2500  3.3415919E-02  2.5023851E-02  3.4978965E-02
   19.5000  3.3538198E-02  2.5285611E-02  3.5915182E-02
   19.7500  3.3742053E-02  2.5563017E-02  3.6885303E-02
   20.0000  3.4024397E-02  2.5857570E-02  3.7865156E-02
   21.0000  3.5658362E-02  2.7273709E-02  4.1151960E-02
   22.0000  3.6852163E-02  2.9230143E-02  4.1617746E-02
   23.0000  3.6673678E-02  3.1681265E-02  3.9247174E-02
   24.0000  3.5933720E-02  3.4131147E-02  3.6496651E-02
   25.0000  3.4650724E-02  3.5602847E-02  3.4352333E-02
   26.0000  3.3668255E-02  3.5978496E-02  3.3217863E-02
   27.0000  3.2898480E-02  3.4806410E-02  3.2296934E-02
   28.0000  3.2794983E-02  3.2621302E-02  3.1351765E-02
   29.0000  3.3250128E-02  3.0331358E-02  3.0356825E-02
   30.0000  3.3644265E-02  2.8552335E-02  2.9341653E-02
   31.0000  3.3427764E-02  2.7382242E-02  2.8334778E-02
   32.0000  3.2466819E-02  2.6676026E-02  2.7386440E-02
   33.0000  3.0926752E-02  2.6281275E-02  2.6569866E-02
   34.0000  2.9043477E-02  2.6102150E-02  2.5967042E-02
   35.0000  2.7047453E-02  2.6068816E-02  2.5604413E-02
   36.0000  2.5124366E-02  2.6100719E-02  2.5412199E-02
   37.0000  2.3414444E-02  2.6085807E-02  2.5248999E-02
   38.0000  2.2004425E-02  2.5895782E-02  2.4968067E-02
   39.0000  2.0931553E-02  2.5449029E-02  2.4487353E-02
   40.0000  2.0186490E-02  2.4758471E-02  2.3808973E-02
