  7709.000   27  1  1  1.9222038E-02 -4.6101689E+00 -2.5774226E-01  1  1  7.5662117E+03  8.0000000E+03  0.0000000E+00  1.1792254E+00  1.0000000E+00  0.0000000E+00  = E_edge, Z, n_edge, j_edge, Abs_before_edge, VO_interstitial, E_cut, ninit, ninit1, Epsii, UnitCell_Volume, Surface_ref, f0_forward, natomsym_f, abs_u_iso
    Energy   (100,001)      (010,001)      (001,110)   
  -25.0000  4.4474536E-09  1.2718819E-09  7.4508137E-10
  -24.0000  1.1363656E-08  3.1330235E-09  1.6693325E-09
  -23.0000  3.3753790E-08  9.0008551E-09  4.1746449E-09
  -22.0000  1.3037291E-07  3.3937074E-08  1.2475003E-08
  -21.0000  9.6767335E-07  2.5393998E-07  5.6067134E-08
  -20.0000  5.0803108E-05  1.3502549E-05  1.6164856E-06
  -19.0000  2.3949273E-05  6.6799358E-06  3.3844841E-05
  -18.0000  3.7061861E-06  1.7186115E-06  1.9288083E-06
  -17.0000  3.6627291E-06  9.1410303E-07  7.0736992E-07
  -16.0000  8.2498341E-06  1.4658911E-06  8.9526081E-07
  -15.0000  1.5619183E-04  2.2007266E-05  6.5149112E-06
  -14.0000  8.9731228E-06  1.7076345E-05  6.4816162E-06
  -13.0000  9.5795075E-07  3.3103733E-06  4.9883192E-06
  -12.0000  9.8174924E-06  6.2073793E-05  1.5737118E-04
  -11.0000  1.2566278E-05  1.4187309E-05  2.0095118E-05
  -10.0000  1.4668081E-04  3.9325797E-05  2.9179896E-05
  -9.00000  4.9669525E-03  1.1985942E-03  1.2875644E-03
  -8.00000  3.4619388E-04  7.2855253E-05  2.2229244E-05
  -7.00000  2.1219276E-03  1.9016590E-04  2.6395540E-04
  -6.00000  1.0485496E-03  5.1339997E-04  2.1881510E-04
  -5.00000  4.8925225E-03  8.2596025E-03  6.5709827E-03
  -4.00000  4.7643150E-03  1.4521062E-03  3.4091595E-03
  -3.00000  4.6733792E-03  5.2866858E-02  6.0963404E-03
  -2.00000  8.7634183E-04  1.6998564E-03  1.2824257E-03
  -1.00000  5.6929723E-04  7.6564118E-04  5.0354880E-04
   0.00000  3.1697457E-03  3.4782459E-03  1.5433115E-03
   1.00000  5.9408356E-04  5.3317677E-04  5.9894265E-04
   2.00000  4.4850300E-04  6.4531554E-04  4.6849867E-04
   3.00000  5.8871283E-04  9.2642792E-04  6.3529492E-04
   4.00000  8.3763920E-04  1.4584257E-03  1.0729109E-03
   5.00000  1.1273577E-03  3.0852278E-03  2.4346610E-03
   5.20000  1.2786084E-03  3.7299033E-03  3.0872180E-03
   5.40000  1.4705017E-03  4.5669665E-03  4.0498844E-03
   5.60000  1.6976789E-03  5.5237682E-03  5.3990998E-03
   5.80000  1.9407810E-03  6.4062381E-03  6.9779956E-03
   6.00000  2.1907379E-03  7.1947377E-03  8.3412218E-03
   6.20000  2.4591365E-03  8.2208229E-03  9.2370645E-03
   6.40000  2.7628155E-03  9.7477506E-03  9.7293908E-03
   6.60000  3.1198106E-03  1.1680199E-02  9.7954820E-03
   6.80000  3.5395071E-03  1.3655159E-02  9.3468528E-03
   7.00000  4.0259098E-03  1.5308291E-02  8.4292118E-03
   7.20000  4.5509808E-03  1.6352131E-02  7.3840596E-03
   7.40000  5.1319896E-03  1.7137413E-02  6.5664004E-03
   7.60000  5.8178109E-03  1.8230556E-02  6.1791076E-03
   7.80000  6.6752267E-03  2.0102343E-02  6.2315034E-03
   8.00000  7.7696165E-03  2.3009804E-02  6.6559158E-03
   8.20000  9.1151756E-03  2.6809212E-02  7.3707878E-03
   8.40000  1.0551538E-02  3.0421711E-02  8.2700033E-03
   8.60000  1.1646870E-02  3.1592995E-02  9.2009707E-03
   8.80000  1.2052071E-02  2.8929023E-02  1.0067494E-02
   9.00000  1.2053489E-02  2.4246387E-02  1.0988107E-02
   9.20000  1.2233337E-02  2.0292519E-02  1.2198495E-02
   9.40000  1.2922424E-02  1.8198146E-02  1.3881640E-02
   9.60000  1.4223893E-02  1.7908140E-02  1.6177724E-02
   9.80000  1.6175855E-02  1.9082691E-02  1.9236264E-02
   10.0000  1.8814232E-02  2.1437369E-02  2.3244140E-02
   10.2500  2.3115634E-02  2.5780340E-02  2.9936445E-02
   10.5000  2.8457513E-02  3.1530145E-02  3.8893832E-02
   10.7500  3.4421551E-02  3.8589260E-02  5.0170545E-02
   11.0000  4.0013002E-02  4.6795715E-02  6.2572994E-02
   11.2500  4.3597699E-02  5.5469504E-02  7.3535852E-02
   11.5000  4.4401489E-02  6.3153906E-02  7.8896795E-02
   11.7500  4.2329531E-02  6.9163994E-02  7.7940613E-02
   12.0000  3.9448221E-02  7.2542493E-02  7.2674430E-02
   12.2500  3.7192907E-02  7.2434489E-02  6.5811412E-02
   12.5000  3.5978252E-02  6.9206838E-02  5.9110373E-02
   12.7500  3.5612587E-02  6.3978596E-02  5.3271341E-02
   13.0000  3.5734789E-02  5.7973107E-02  4.8399516E-02
   13.2500  3.6278142E-02  5.2578515E-02  4.4363573E-02
   13.5000  3.6635760E-02  4.7965787E-02  4.0875055E-02
   13.7500  3.7105753E-02  4.2540639E-02  3.7468176E-02
   14.0000  3.7195832E-02  3.8748623E-02  3.5002070E-02
   14.2500  3.7280358E-02  3.5580392E-02  3.2896355E-02
   14.5000  3.7393046E-02  3.2945013E-02  3.1108624E-02
   14.7500  3.7554651E-02  3.0756669E-02  2.9612018E-02
   15.0000  3.7773711E-02  2.8942963E-02  2.8385980E-02
   15.2500  3.8049542E-02  2.7447250E-02  2.7414737E-02
   15.5000  3.8374272E-02  2.6228100E-02  2.6685367E-02
   15.7500  3.8736451E-02  2.5249304E-02  2.6181021E-02
   16.0000  3.9118609E-02  2.4487507E-02  2.5886540E-02
   16.2500  3.9499180E-02  2.3922525E-02  2.5783872E-02
   16.5000  3.9859148E-02  2.3536696E-02  2.5852810E-02
   16.7500  4.0185881E-02  2.3314036E-02  2.6072357E-02
   17.0000  4.0480280E-02  2.3240172E-02  2.6421471E-02
   17.2500  4.0759107E-02  2.3301911E-02  2.6880933E-02
   17.5000  4.1051152E-02  2.3486251E-02  2.7433436E-02
   17.7500  4.1383828E-02  2.3779960E-02  2.8061036E-02
   18.0000  4.1775150E-02  2.4168677E-02  2.8745557E-02
   18.2500  4.2224334E-02  2.4638609E-02  2.9467263E-02
   18.5000  4.2711266E-02  2.5174822E-02  3.0205046E-02
   18.7500  4.3197787E-02  2.5761421E-02  3.0934770E-02
   19.0000  4.3635612E-02  2.6383042E-02  3.1633395E-02
   19.2500  4.3976524E-02  2.7023695E-02  3.2276147E-02
   19.5000  4.4179247E-02  2.7670329E-02  3.2843265E-02
   19.7500  4.4215490E-02  2.8312607E-02  3.3317554E-02
   20.0000  4.4073679E-02  2.8943989E-02  3.3686380E-02
   21.0000  4.2022639E-02  3.1351964E-02  3.4051348E-02
   22.0000  3.9250602E-02  3.3763937E-02  3.3221140E-02
   23.0000  3.7551901E-02  3.6089046E-02  3.2498693E-02
   24.0000  3.7033818E-02  3.7544487E-02  3.2444678E-02
   25.0000  3.6965343E-02  3.7486004E-02  3.2829831E-02
   26.0000  3.6696126E-02  3.6150172E-02  3.3283200E-02
   27.0000  3.5917110E-02  3.4337932E-02  3.3533516E-02
   28.0000  3.4530181E-02  3.2569082E-02  3.3384480E-02
   29.0000  3.2831578E-02  3.1221375E-02  3.3091513E-02
   30.0000  3.0745863E-02  3.0231344E-02  3.2556089E-02
   31.0000  2.8494804E-02  2.9474705E-02  3.1828969E-02
   32.0000  2.6322904E-02  2.8806250E-02  3.0983002E-02
   33.0000  2.4410015E-02  2.8141512E-02  3.0066952E-02
   34.0000  2.2852622E-02  2.7441948E-02  2.9113124E-02
   35.0000  2.1698111E-02  2.6665111E-02  2.8126527E-02
   36.0000  2.0976638E-02  2.5768440E-02  2.7096173E-02
   37.0000  2.0671159E-02  2.4733838E-02  2.6023714E-02
   38.0000  2.0661450E-02  2.3589412E-02  2.4940791E-02
   39.0000  2.0702561E-02  2.2406256E-02  2.3885395E-02
   40.0000  2.0545015E-02  2.1274344E-02  2.2858642E-02
