  7709.000   27  1  1  1.9222038E-02 -4.6696966E+00 -3.3545783E-01  1  1  7.5663587E+03  8.0000000E+03  0.0000000E+00  1.1792254E+00  1.0000000E+00  0.0000000E+00  = E_edge, Z, n_edge, j_edge, Abs_before_edge, VO_interstitial, E_cut, ninit, ninit1, Epsii, UnitCell_Volume, Surface_ref, f0_forward, natomsym_f, abs_u_iso
    Energy   (100,001)      (010,001)      (001,110)   
  -25.0000  6.1052158E-09  1.4734025E-09  8.3397552E-10
  -24.0000  1.7540430E-08  3.9551661E-09  2.1249559E-09
  -23.0000  6.4734273E-08  1.3444278E-08  6.8845825E-09
  -22.0000  4.3615268E-07  8.0931515E-08  4.1745198E-08
  -21.0000  1.2184567E-04  1.8019961E-05  1.3840529E-05
  -20.0000  1.2529810E-05  1.5379805E-06  1.3665506E-06
  -19.0000  1.4574119E-06  1.8892026E-06  3.4385241E-06
  -18.0000  1.2193547E-06  4.0272158E-07  3.0805707E-07
  -17.0000  1.8761852E-06  4.3802483E-07  2.6404613E-07
  -16.0000  9.2741161E-06  1.0112499E-06  7.3745734E-07
  -15.0000  6.0559093E-06  1.0392803E-05  4.7128919E-06
  -14.0000  4.9917813E-06  5.9360609E-06  6.8347063E-06
  -13.0000  2.0377657E-06  1.5875066E-06  1.8007592E-06
  -12.0000  6.8749075E-06  4.0765260E-06  8.2907200E-06
  -11.0000  3.7587674E-05  1.3761855E-05  1.6839827E-05
  -10.0000  1.9079272E-03  9.5387318E-04  4.2277606E-05
  -9.00000  7.0259278E-04  1.5798288E-05  6.9017474E-05
  -8.00000  4.1049411E-05  3.0756974E-05  1.6236934E-05
  -7.00000  1.9340344E-03  3.1693290E-04  2.3947369E-04
  -6.00000  3.6645039E-04  2.2186055E-04  3.7451658E-04
  -5.00000  1.0114133E+00  1.3598642E-02  1.0423205E+00
  -4.00000  9.7052678E-02  5.7004067E-03  5.8490638E-02
  -3.00000  6.4713369E-03  6.0568158E-02  2.9495975E-03
  -2.00000  1.9533077E-03  1.5991361E-03  2.0058830E-03
  -1.00000  4.6883928E-04  6.6200474E-04  2.9895481E-04
   0.00000  4.3172418E-03  5.7780989E-03  1.6602055E-03
   1.00000  5.3308297E-04  5.8100272E-04  6.3537029E-04
   2.00000  5.3532436E-04  6.0696648E-04  4.7890470E-04
   3.00000  7.4129274E-04  8.5165973E-04  5.7899018E-04
   4.00000  1.1820016E-03  1.3409467E-03  8.6669261E-04
   5.00000  2.0123155E-03  2.2684614E-03  1.5638205E-03
   5.20000  2.2400115E-03  2.5440947E-03  1.7848689E-03
   5.40000  2.4908012E-03  2.8615727E-03  2.0414860E-03
   5.60000  2.7661337E-03  3.2277875E-03  2.3384312E-03
   5.80000  3.0676697E-03  3.6515631E-03  2.6820853E-03
   6.00000  3.3991769E-03  4.1420905E-03  3.0794122E-03
   6.20000  3.7667993E-03  4.7113691E-03  3.5390529E-03
   6.40000  4.1798009E-03  5.3747207E-03  4.0708908E-03
   6.60000  4.6518296E-03  6.1512647E-03  4.6835458E-03
   6.80000  5.2041531E-03  7.0675303E-03  5.3846343E-03
   7.00000  5.8614159E-03  8.1479981E-03  6.1827285E-03
   7.20000  6.6908488E-03  9.4988115E-03  7.1047398E-03
   7.40000  7.7087353E-03  1.1176510E-02  8.2038007E-03
   7.60000  8.9204403E-03  1.3242263E-02  9.5390585E-03
   7.80000  1.0277735E-02  1.5675499E-02  1.1133856E-02
   8.00000  1.1656934E-02  1.8313067E-02  1.3003112E-02
   8.20000  1.2909981E-02  2.0822005E-02  1.5186109E-02
   8.40000  1.4040072E-02  2.2802445E-02  1.7595187E-02
   8.60000  1.5204588E-02  2.4044011E-02  1.9836358E-02
   8.80000  1.6688404E-02  2.4494449E-02  2.1515201E-02
   9.00000  1.8359558E-02  2.4514779E-02  2.2358140E-02
   9.20000  1.9775412E-02  2.4517497E-02  2.2433102E-02
   9.40000  2.0612648E-02  2.4832687E-02  2.2092722E-02
   9.60000  2.1096065E-02  2.5650066E-02  2.1920860E-02
   9.80000  2.1684718E-02  2.7023747E-02  2.2424392E-02
   10.0000  2.2675341E-02  2.8925145E-02  2.3824456E-02
   10.2500  2.4637374E-02  3.1926969E-02  2.6813119E-02
   10.5000  2.8148410E-02  3.5292409E-02  3.0949806E-02
   10.7500  3.1518748E-02  3.8952875E-02  3.5610273E-02
   11.0000  3.5414542E-02  4.2638890E-02  4.0164590E-02
   11.2500  3.9446251E-02  4.6202761E-02  4.4027175E-02
   11.5000  4.3005396E-02  4.9621604E-02  4.6792649E-02
   11.7500  4.5375982E-02  5.2871635E-02  4.8290108E-02
   12.0000  4.6007182E-02  5.6179271E-02  4.8285920E-02
   12.2500  4.5246085E-02  5.8391643E-02  4.7127332E-02
   12.5000  4.3505656E-02  5.9345076E-02  4.6293496E-02
   12.7500  4.1180001E-02  5.9141473E-02  4.5373906E-02
   13.0000  3.8968257E-02  5.7840445E-02  4.4441037E-02
   13.2500  3.7166844E-02  5.5691936E-02  4.3479422E-02
   13.5000  3.6006096E-02  5.2690134E-02  4.2423533E-02
   13.7500  3.5398988E-02  4.9752420E-02  4.1288410E-02
   14.0000  3.5118949E-02  4.6648342E-02  4.0349683E-02
   14.2500  3.4931489E-02  4.3755231E-02  3.9077718E-02
   14.5000  3.4947876E-02  4.1043867E-02  3.7898950E-02
   14.7500  3.5109329E-02  3.8576795E-02  3.6865143E-02
   15.0000  3.5367353E-02  3.6386978E-02  3.6005377E-02
   15.2500  3.5679453E-02  3.4486454E-02  3.5327978E-02
   15.5000  3.6015373E-02  3.2870200E-02  3.4831369E-02
   15.7500  3.6337729E-02  3.1519355E-02  3.4498760E-02
   16.0000  3.6626715E-02  3.0408642E-02  3.4315685E-02
   16.2500  3.6863684E-02  2.9509373E-02  3.4264227E-02
   16.5000  3.7033752E-02  2.8791024E-02  3.4325003E-02
   16.7500  3.7126758E-02  2.8224697E-02  3.4476821E-02
   17.0000  3.7139652E-02  2.7783183E-02  3.4698446E-02
   17.2500  3.7076872E-02  2.7442791E-02  3.4969494E-02
   17.5000  3.6952641E-02  2.7183100E-02  3.5273157E-02
   17.7500  3.6789338E-02  2.6987333E-02  3.5597992E-02
   18.0000  3.6612835E-02  2.6843784E-02  3.5938662E-02
   18.2500  3.6449627E-02  2.6744157E-02  3.6295235E-02
   18.5000  3.6322671E-02  2.6683871E-02  3.6670379E-02
   18.7500  3.6250068E-02  2.6663115E-02  3.7068399E-02
   19.0000  3.6244287E-02  2.6685500E-02  3.7492660E-02
   19.2500  3.6310889E-02  2.6754680E-02  3.7939241E-02
   19.5000  3.6452648E-02  2.6876337E-02  3.8401852E-02
   19.7500  3.6668174E-02  2.7055369E-02  3.8865550E-02
   20.0000  3.6953296E-02  2.7295329E-02  3.9310365E-02
   21.0000  3.8560597E-02  2.8893108E-02  4.0363983E-02
   22.0000  3.9811182E-02  3.1348040E-02  3.9156754E-02
   23.0000  3.9172112E-02  3.4089138E-02  3.6120688E-02
   24.0000  3.7040448E-02  3.6334129E-02  3.3336361E-02
   25.0000  3.4812820E-02  3.7456413E-02  3.1685953E-02
   26.0000  3.2915245E-02  3.6986396E-02  3.0696168E-02
   27.0000  3.2303602E-02  3.5405878E-02  3.0161202E-02
   28.0000  3.2412903E-02  3.3153172E-02  2.9619169E-02
   29.0000  3.2854139E-02  3.0983194E-02  2.9028597E-02
   30.0000  3.3125025E-02  2.9311338E-02  2.8414389E-02
   31.0000  3.2852132E-02  2.8180932E-02  2.7793799E-02
   32.0000  3.1954753E-02  2.7480718E-02  2.7200691E-02
   33.0000  3.0546687E-02  2.7071551E-02  2.6677443E-02
   34.0000  2.8809662E-02  2.6836417E-02  2.6271990E-02
   35.0000  2.6923529E-02  2.6667471E-02  2.6000025E-02
   36.0000  2.5037652E-02  2.6447227E-02  2.5819010E-02
   37.0000  2.3258107E-02  2.6066738E-02  2.5634454E-02
   38.0000  2.1669085E-02  2.5466015E-02  2.5340366E-02
   39.0000  2.0338042E-02  2.4650590E-02  2.4861670E-02
   40.0000  1.9313015E-02  2.3676262E-02  2.4174665E-02
