  7709.000   27  1  1  1.9222038E-02 -4.9402670E+00 -2.8823687E-01  1  1  7.5661606E+03  8.0000000E+03  0.0000000E+00  1.1792254E+00  1.0000000E+00  0.0000000E+00  = E_edge, Z, n_edge, j_edge, Abs_before_edge, VO_interstitial, E_cut, ninit, ninit1, Epsii, UnitCell_Volume, Surface_ref, f0_forward, natomsym_f, abs_u_iso
    Energy   (100,001)      (010,001)      (001,110)   
  -25.0000  5.7854214E-09  1.6292681E-09  8.4328414E-10
  -24.0000  1.5602566E-08  4.2571291E-09  1.9669431E-09
  -23.0000  5.0600241E-08  1.3510014E-08  5.2637835E-09
  -22.0000  2.3338865E-07  6.2947328E-08  1.8075605E-08
  -21.0000  3.5396435E-06  1.1302890E-06  1.3528006E-07
  -20.0000  3.1437658E-04  1.1318717E-05  2.9211132E-05
  -19.0000  4.2889098E-05  3.5090804E-04  1.1142304E-03
  -18.0000  2.2170281E-06  7.3074916E-07  7.8357656E-07
  -17.0000  3.1471573E-06  7.3027071E-07  5.1862169E-07
  -16.0000  1.1468106E-05  1.6295906E-06  9.9896525E-07
  -15.0000  9.2499054E-05  2.1921911E-05  8.0615505E-06
  -14.0000  3.6262920E-06  6.8996635E-06  5.3806480E-06
  -13.0000  1.2147837E-06  2.7023010E-06  4.5682486E-06
  -12.0000  2.4429386E-05  8.0024180E-05  3.4271968E-04
  -11.0000  1.8600572E-05  1.3021976E-05  1.2077554E-05
  -10.0000  4.0884377E-04  1.5734337E-04  1.3753274E-04
  -9.00000  5.5188229E-04  3.0613847E-03  1.5283486E-05
  -8.00000  1.7534658E-03  1.4499883E-02  4.2455535E-04
  -7.00000  4.4462217E-04  2.1850538E-04  1.4476113E-04
  -6.00000  1.5156751E-03  5.0096703E-04  1.8207643E-04
  -5.00000  1.2067467E-02  9.3511582E-03  7.2066209E-03
  -4.00000  3.5787699E-02  9.1364131E-03  3.2219370E-02
  -3.00000  8.8317525E-03  1.1249285E-01  1.0618697E-02
  -2.00000  1.0811122E-03  1.7310300E-03  1.5958180E-03
  -1.00000  5.7541878E-04  7.4788773E-04  4.9162018E-04
   0.00000  1.1368707E-03  1.4105424E-03  5.9570928E-04
   1.00000  6.4505196E-04  6.5697722E-04  7.5970262E-04
   2.00000  3.9301933E-04  6.0120129E-04  3.7854921E-04
   3.00000  5.2047066E-04  8.3461013E-04  4.7536822E-04
   4.00000  7.9061946E-04  1.2738464E-03  7.2104806E-04
   5.00000  1.2428416E-03  2.1269167E-03  1.3417727E-03
   5.20000  1.3456229E-03  2.4034874E-03  1.5541504E-03
   5.40000  1.4512948E-03  2.7415729E-03  1.8117896E-03
   5.60000  1.5738406E-03  3.1636120E-03  2.1243819E-03
   5.80000  1.7530052E-03  3.7015279E-03  2.5004581E-03
   6.00000  2.0531186E-03  4.3903941E-03  2.9408327E-03
   6.20000  2.5067443E-03  5.2546285E-03  3.4378116E-03
   6.40000  3.0456486E-03  6.3050658E-03  4.0004780E-03
   6.60000  3.5655835E-03  7.5600976E-03  4.6858666E-03
   6.80000  4.0397695E-03  9.0369474E-03  5.5943524E-03
   7.00000  4.4971565E-03  1.0853773E-02  6.8425491E-03
   7.20000  5.0190856E-03  1.3094780E-02  8.5257600E-03
   7.40000  5.6323891E-03  1.5848034E-02  1.0717084E-02
   7.60000  6.3707510E-03  1.9078795E-02  1.3119580E-02
   7.80000  7.2179263E-03  2.2363244E-02  1.4858840E-02
   8.00000  8.1449415E-03  2.4927629E-02  1.5056988E-02
   8.20000  9.2036962E-03  2.6553141E-02  1.4071737E-02
   8.40000  1.0517954E-02  2.7769879E-02  1.2965971E-02
   8.60000  1.2172582E-02  2.8952393E-02  1.2280654E-02
   8.80000  1.4109407E-02  2.9869068E-02  1.2058660E-02
   9.00000  1.6018736E-02  2.9830423E-02  1.2251529E-02
   9.20000  1.7409148E-02  2.8308532E-02  1.2866728E-02
   9.40000  1.8089925E-02  2.5818702E-02  1.3938776E-02
   9.60000  1.8471045E-02  2.3694756E-02  1.5492826E-02
   9.80000  1.9154813E-02  2.2897254E-02  1.7541846E-02
   10.0000  2.0511458E-02  2.3615358E-02  2.0089649E-02
   10.2500  2.3310421E-02  2.6318864E-02  2.3982744E-02
   10.5000  2.7205481E-02  3.0522869E-02  2.8686558E-02
   10.7500  3.1756793E-02  3.5713769E-02  3.4208318E-02
   11.0000  3.6179319E-02  4.1346334E-02  4.0446963E-02
   11.2500  3.9475589E-02  4.6861914E-02  4.7112036E-02
   11.5000  4.1353588E-02  5.1980821E-02  5.3881277E-02
   11.7500  4.0756765E-02  5.5997274E-02  5.9591183E-02
   12.0000  3.8764553E-02  5.9442074E-02  6.3908463E-02
   12.2500  3.6391855E-02  6.2038152E-02  6.5936156E-02
   12.5000  3.4455790E-02  6.3364892E-02  6.5360584E-02
   12.7500  3.3319663E-02  6.2989571E-02  6.2550546E-02
   13.0000  3.2905903E-02  6.0842630E-02  5.8376973E-02
   13.2500  3.3171473E-02  5.7731876E-02  5.4060762E-02
   13.5000  3.3570453E-02  5.3121191E-02  4.9078992E-02
   13.7500  3.4051639E-02  4.8986984E-02  4.4595825E-02
   14.0000  3.4009300E-02  4.4710063E-02  4.0945573E-02
   14.2500  3.3944630E-02  4.0774596E-02  3.7860595E-02
   14.5000  3.3919485E-02  3.7301122E-02  3.5263121E-02
   14.7500  3.3980858E-02  3.4323812E-02  3.3083804E-02
   15.0000  3.4152389E-02  3.1823487E-02  3.1267849E-02
   15.2500  3.4440555E-02  2.9755205E-02  2.9776859E-02
   15.5000  3.4834566E-02  2.8061637E-02  2.8575665E-02
   15.7500  3.5318661E-02  2.6690035E-02  2.7641338E-02
   16.0000  3.5871204E-02  2.5592711E-02  2.6953300E-02
   16.2500  3.6465419E-02  2.4732342E-02  2.6491411E-02
   16.5000  3.7068976E-02  2.4079132E-02  2.6235088E-02
   16.7500  3.7646970E-02  2.3611148E-02  2.6163256E-02
   17.0000  3.8167687E-02  2.3310537E-02  2.6253087E-02
   17.2500  3.8610857E-02  2.3161993E-02  2.6482619E-02
   17.5000  3.8972655E-02  2.3151944E-02  2.6831445E-02
   17.7500  3.9270150E-02  2.3267954E-02  2.7281490E-02
   18.0000  3.9533223E-02  2.3496081E-02  2.7817416E-02
   18.2500  3.9800228E-02  2.3821404E-02  2.8426314E-02
   18.5000  4.0104184E-02  2.4228307E-02  2.9096571E-02
   18.7500  4.0465382E-02  2.4700192E-02  2.9816565E-02
   19.0000  4.0883866E-02  2.5218436E-02  3.0568121E-02
   19.2500  4.1342659E-02  2.5765171E-02  3.1334072E-02
   19.5000  4.1810404E-02  2.6323961E-02  3.2092995E-02
   19.7500  4.2246980E-02  2.6880438E-02  3.2820810E-02
   20.0000  4.2609003E-02  2.7424100E-02  3.3489664E-02
   21.0000  4.2653141E-02  2.9430672E-02  3.5057210E-02
   22.0000  4.0504160E-02  3.1511644E-02  3.4441858E-02
   23.0000  3.8236584E-02  3.4057823E-02  3.2997619E-02
   24.0000  3.7160796E-02  3.6573310E-02  3.2352416E-02
   25.0000  3.6916152E-02  3.7988029E-02  3.2650184E-02
   26.0000  3.6855064E-02  3.7702392E-02  3.3392894E-02
   27.0000  3.6669111E-02  3.6165124E-02  3.4100944E-02
   28.0000  3.6099930E-02  3.4163018E-02  3.4247997E-02
   29.0000  3.5652489E-02  3.2535551E-02  3.4162479E-02
   30.0000  3.4842593E-02  3.1355425E-02  3.3686666E-02
   31.0000  3.3550677E-02  3.0581001E-02  3.2949566E-02
   32.0000  3.1869796E-02  3.0046260E-02  3.2075163E-02
   33.0000  3.0015309E-02  2.9602725E-02  3.1154441E-02
   34.0000  2.8156600E-02  2.9159405E-02  3.0213562E-02
   35.0000  2.6385433E-02  2.8664476E-02  2.9252690E-02
   36.0000  2.4750218E-02  2.8068416E-02  2.8252671E-02
   37.0000  2.3288176E-02  2.7322053E-02  2.7187483E-02
   38.0000  2.2032460E-02  2.6392401E-02  2.6039458E-02
   39.0000  2.0995568E-02  2.5299782E-02  2.4814713E-02
   40.0000  2.0145809E-02  2.4109422E-02  2.3568696E-02
