  7709.000   27  1  1  1.9222038E-02 -4.4628065E+00 -3.0082186E-01  1  1  7.5662710E+03  8.0000000E+03  0.0000000E+00  1.1792254E+00  1.0000000E+00  0.0000000E+00  = E_edge, Z, n_edge, j_edge, Abs_before_edge, VO_interstitial, E_cut, ninit, ninit1, Epsii, UnitCell_Volume, Surface_ref, f0_forward, natomsym_f, abs_u_iso
    Energy   (100,001)      (010,001)      (001,110)   
  -25.0000  5.5839068E-09  1.3985388E-09  8.0325194E-10
  -24.0000  1.4822655E-08  3.5886751E-09  1.8886857E-09
  -23.0000  4.6500825E-08  1.0967246E-08  5.1081928E-09
  -22.0000  1.9634034E-07  4.6250322E-08  1.7781277E-08
  -21.0000  1.7735022E-06  4.8245641E-07  1.2522690E-07
  -20.0000  2.6445091E-04  1.3208716E-05  1.3996778E-05
  -19.0000  4.9774455E-06  1.1460416E-05  3.4488778E-05
  -18.0000  2.6445170E-06  7.0589173E-07  8.8936827E-07
  -17.0000  3.4795014E-06  6.4858454E-07  5.7168407E-07
  -16.0000  9.9521074E-06  1.1532412E-06  1.0315877E-06
  -15.0000  4.7835927E-04  2.5476351E-05  8.5204122E-05
  -14.0000  1.2137298E-05  1.9659355E-05  1.7458394E-05
  -13.0000  1.1485170E-06  2.4441456E-06  4.2976225E-06
  -12.0000  9.9349094E-06  2.8176084E-05  9.2478668E-05
  -11.0000  1.8523554E-05  1.1351714E-05  2.2822987E-05
  -10.0000  2.7488127E-04  5.7544356E-05  3.3425403E-05
  -9.00000  1.9470032E-03  1.6067413E-03  2.0977074E-04
  -8.00000  1.1930803E-04  4.7926026E-05  1.4219734E-05
  -7.00000  1.9755074E-03  2.1547031E-04  2.6140357E-04
  -6.00000  6.6672158E-04  3.3047796E-04  1.7831227E-04
  -5.00000  1.9720756E-03  3.4706815E-04  1.9411549E-03
  -4.00000  2.4576973E-03  1.1996404E-03  1.6625056E-03
  -3.00000  1.7539630E-03  2.9097047E-03  1.7354999E-03
  -2.00000  1.4771415E-03  2.1019308E-03  3.1136263E-03
  -1.00000  5.4579937E-04  7.7741019E-04  4.5875798E-04
   0.00000  1.1563084E-03  2.0921995E-03  1.6310683E-03
   1.00000  5.1606885E-04  6.2952172E-04  5.1631491E-04
   2.00000  4.0229747E-04  6.2317929E-04  4.0001909E-04
   3.00000  5.3488116E-04  8.6216542E-04  5.2178418E-04
   4.00000  8.0945219E-04  1.3233147E-03  8.1338046E-04
   5.00000  1.2977238E-03  2.2560130E-03  1.5294848E-03
   5.20000  1.4209500E-03  2.5680472E-03  1.7723361E-03
   5.40000  1.5485388E-03  2.9558246E-03  2.0684747E-03
   5.60000  1.6781479E-03  3.4498468E-03  2.4345505E-03
   5.80000  1.8107908E-03  4.0972930E-03  2.8962186E-03
   6.00000  1.9602703E-03  4.9611184E-03  3.4936829E-03
   6.20000  2.1684411E-03  6.0702323E-03  4.2896099E-03
   6.40000  2.4741146E-03  7.4191290E-03  5.3776665E-03
   6.60000  2.8287584E-03  8.9393682E-03  6.9158072E-03
   6.80000  3.1524343E-03  1.0688248E-02  9.1424401E-03
   7.00000  3.4419784E-03  1.2825326E-02  1.2334309E-02
   7.20000  3.7396845E-03  1.5519238E-02  1.6514140E-02
   7.40000  4.0750668E-03  1.8769549E-02  2.0670828E-02
   7.60000  4.4654629E-03  2.2181886E-02  2.2409706E-02
   7.80000  4.9231884E-03  2.4794127E-02  2.0585170E-02
   8.00000  5.4645983E-03  2.5722058E-02  1.7016798E-02
   8.20000  6.1211730E-03  2.5360700E-02  1.3698412E-02
   8.40000  6.9371434E-03  2.5135461E-02  1.1331694E-02
   8.60000  7.9476579E-03  2.6205107E-02  9.8871914E-03
   8.80000  9.1227137E-03  2.8420185E-02  9.2020362E-03
   9.00000  1.0304516E-02  3.0719643E-02  9.1022292E-03
   9.20000  1.1201798E-02  3.1161638E-02  9.4734893E-03
   9.40000  1.1669979E-02  2.8714577E-02  1.0233952E-02
   9.60000  1.1959530E-02  2.4595996E-02  1.1346536E-02
   9.80000  1.2454012E-02  2.0708851E-02  1.2831157E-02
   10.0000  1.3384222E-02  1.8018307E-02  1.4744469E-02
   10.2500  1.5285254E-02  1.6492851E-02  1.7851427E-02
   10.5000  1.8062384E-02  1.6682525E-02  2.1909038E-02
   10.7500  2.1742891E-02  1.8259497E-02  2.7092611E-02
   11.0000  2.6261265E-02  2.1064122E-02  3.3516114E-02
   11.2500  3.1750451E-02  2.4962826E-02  4.1366733E-02
   11.5000  3.6518676E-02  3.0147033E-02  4.9177317E-02
   11.7500  3.9985435E-02  3.6811096E-02  5.5886047E-02
   12.0000  4.1597400E-02  4.5273179E-02  5.9487314E-02
   12.2500  4.1330503E-02  5.4377321E-02  5.9841653E-02
   12.5000  3.9779329E-02  6.3156257E-02  5.8390475E-02
   12.7500  3.8021761E-02  6.9611784E-02  5.5509654E-02
   13.0000  3.6592262E-02  7.2206777E-02  5.2093561E-02
   13.2500  3.5646938E-02  7.0832539E-02  4.8694755E-02
   13.5000  3.5141947E-02  6.6646527E-02  4.5578572E-02
   13.7500  3.4975189E-02  6.1111264E-02  4.2829803E-02
   14.0000  3.5140971E-02  5.4329294E-02  3.9896967E-02
   14.2500  3.5605335E-02  4.9546880E-02  3.8036935E-02
   14.5000  3.5933543E-02  4.5050129E-02  3.6173696E-02
   14.7500  3.6340495E-02  4.1197523E-02  3.4589027E-02
   15.0000  3.6817300E-02  3.7956031E-02  3.3257580E-02
   15.2500  3.7357118E-02  3.5260459E-02  3.2159149E-02
   15.5000  3.7956253E-02  3.3038023E-02  3.1279082E-02
   15.7500  3.8604624E-02  3.1216665E-02  3.0603259E-02
   16.0000  3.9293129E-02  2.9736815E-02  3.0122759E-02
   16.2500  4.0006933E-02  2.8548119E-02  2.9826332E-02
   16.5000  4.0724597E-02  2.7609684E-02  2.9699631E-02
   16.7500  4.1420642E-02  2.6887742E-02  2.9724819E-02
   17.0000  4.2069007E-02  2.6354237E-02  2.9880146E-02
   17.2500  4.2647251E-02  2.5985530E-02  3.0143240E-02
   17.5000  4.3145687E-02  2.5760250E-02  3.0493127E-02
   17.7500  4.3564039E-02  2.5659498E-02  3.0912373E-02
   18.0000  4.3912690E-02  2.5665999E-02  3.1386798E-02
   18.2500  4.4204955E-02  2.5763729E-02  3.1905491E-02
   18.5000  4.4456434E-02  2.5938021E-02  3.2459989E-02
   18.7500  4.4679058E-02  2.6176174E-02  3.3041908E-02
   19.0000  4.4880562E-02  2.6466129E-02  3.3642218E-02
   19.2500  4.5062803E-02  2.6798356E-02  3.4252034E-02
   19.5000  4.5220356E-02  2.7163913E-02  3.4855237E-02
   19.7500  4.5343524E-02  2.7556791E-02  3.5436290E-02
   20.0000  4.5417929E-02  2.7972836E-02  3.5976086E-02
   21.0000  4.4860330E-02  2.9857399E-02  3.7248722E-02
   22.0000  4.2728301E-02  3.2194788E-02  3.6480510E-02
   23.0000  4.0329642E-02  3.4834575E-02  3.4791957E-02
   24.0000  3.8749822E-02  3.6979411E-02  3.3858120E-02
   25.0000  3.7971958E-02  3.7723192E-02  3.3898525E-02
   26.0000  3.7585347E-02  3.6935896E-02  3.4290190E-02
   27.0000  3.6788136E-02  3.5299517E-02  3.4229340E-02
   28.0000  3.5881458E-02  3.3664094E-02  3.3956525E-02
   29.0000  3.4502799E-02  3.2270750E-02  3.3373620E-02
   30.0000  3.2762762E-02  3.1131782E-02  3.2651083E-02
   31.0000  3.0802468E-02  3.0189349E-02  3.1882121E-02
   32.0000  2.8792854E-02  2.9394787E-02  3.1092487E-02
   33.0000  2.6869823E-02  2.8706824E-02  3.0289672E-02
   34.0000  2.5107855E-02  2.8099526E-02  2.9481183E-02
   35.0000  2.3536778E-02  2.7555136E-02  2.8664541E-02
   36.0000  2.2181153E-02  2.7045393E-02  2.7828410E-02
   37.0000  2.1079709E-02  2.6537315E-02  2.6953314E-02
   38.0000  2.0283960E-02  2.5984197E-02  2.6020942E-02
   39.0000  1.9795117E-02  2.5315307E-02  2.5017905E-02
   40.0000  1.9492413E-02  2.4464799E-02  2.3929391E-02
