  7709.000   27  1  1  1.9222038E-02 -4.8210190E+00 -2.8440806E-01  1  1  7.5662882E+03  8.0000000E+03  0.0000000E+00  1.1792254E+00  1.0000000E+00  0.0000000E+00  = E_edge, Z, n_edge, j_edge, Abs_before_edge, VO_interstitial, E_cut, ninit, ninit1, Epsii, UnitCell_Volume, Surface_ref, f0_forward, natomsym_f, abs_u_iso
    Energy   (100,001)      (010,001)      (001,110)   
  -25.0000  4.4646034E-09  1.1512273E-09  7.5526152E-10
  -24.0000  1.1548047E-08  2.8645371E-09  1.7296811E-09
  -23.0000  3.4973997E-08  8.4157249E-09  4.4729057E-09
  -22.0000  1.3963481E-07  3.3510378E-08  1.4155254E-08
  -21.0000  1.1020502E-06  3.0484230E-07  7.0983997E-08
  -20.0000  1.8702368E-03  5.7399151E-05  9.0548659E-05
  -19.0000  1.2387047E-05  3.7474977E-05  8.4759217E-05
  -18.0000  1.9536645E-06  5.3941207E-07  7.3221740E-07
  -17.0000  2.2761459E-06  4.6181409E-07  4.5057771E-07
  -16.0000  5.4530730E-06  8.2475091E-07  6.8457575E-07
  -15.0000  6.8892537E-04  1.4645108E-04  2.0341426E-04
  -14.0000  2.5419771E-05  3.0138895E-05  4.6228219E-05
  -13.0000  1.5694512E-06  2.2174569E-06  3.6607568E-06
  -12.0000  9.1157943E-06  1.8648631E-05  7.1594762E-05
  -11.0000  2.1027967E-05  1.0568663E-05  1.2111562E-05
  -10.0000  2.9177734E-04  5.2784117E-05  2.1539429E-05
  -9.00000  1.0635001E-03  2.9379564E-04  2.9327158E-05
  -8.00000  1.1942213E-04  2.2517442E-05  1.2000998E-05
  -7.00000  2.0199988E-03  3.7361610E-04  1.6948140E-04
  -6.00000  4.7754126E-04  2.1538679E-04  1.9088382E-04
  -5.00000  7.5354145E-03  3.8157174E-03  1.5217533E-01
  -4.00000  3.0942240E-03  1.0250019E-03  2.2121942E-03
  -3.00000  6.9789278E-03  3.6631120E-03  4.0273577E-03
  -2.00000  2.7726840E-03  3.5421715E-03  3.1787414E-03
  -1.00000  6.6523707E-04  8.8818455E-04  5.9093544E-04
   0.00000  2.3460343E-03  3.3667513E-03  2.0614957E-03
   1.00000  4.7547567E-04  7.0032630E-04  3.2617914E-04
   2.00000  4.0174937E-04  6.2521089E-04  3.1576887E-04
   3.00000  5.6168970E-04  8.5609137E-04  4.4209625E-04
   4.00000  8.8691524E-04  1.3383640E-03  7.0264475E-04
   5.00000  1.4433502E-03  2.3590666E-03  1.3009502E-03
   5.20000  1.5781812E-03  2.6938014E-03  1.4956521E-03
   5.40000  1.7164634E-03  3.0990438E-03  1.7279010E-03
   5.60000  1.8570114E-03  3.5956699E-03  2.0075254E-03
   5.80000  2.0028734E-03  4.2145580E-03  2.3493735E-03
   6.00000  2.1692718E-03  5.0014265E-03  2.7762006E-03
   6.20000  2.4019762E-03  6.0187814E-03  3.3237309E-03
   6.40000  2.7958977E-03  7.3347562E-03  4.0512095E-03
   6.60000  3.4417799E-03  8.9777102E-03  5.0596282E-03
   6.80000  4.2451093E-03  1.0904836E-02  6.4957363E-03
   7.00000  4.9701042E-03  1.3100731E-02  8.5215811E-03
   7.20000  5.5660003E-03  1.5692626E-02  1.1222962E-02
   7.40000  6.1190220E-03  1.8759396E-02  1.4362694E-02
   7.60000  6.7214987E-03  2.2284744E-02  1.7032068E-02
   7.80000  7.4112571E-03  2.5635622E-02  1.8104698E-02
   8.00000  8.2165100E-03  2.8347415E-02  1.7431243E-02
   8.20000  9.1716528E-03  3.0443682E-02  1.5981997E-02
   8.40000  1.0304208E-02  3.2343142E-02  1.4723691E-02
   8.60000  1.1538265E-02  3.3940133E-02  1.4063864E-02
   8.80000  1.2593243E-02  3.4136104E-02  1.3957646E-02
   9.00000  1.3131203E-02  3.1813678E-02  1.4117313E-02
   9.20000  1.3181568E-02  2.7522502E-02  1.4321044E-02
   9.40000  1.3181332E-02  2.3078624E-02  1.4617721E-02
   9.60000  1.3546525E-02  1.9743397E-02  1.5189799E-02
   9.80000  1.4471243E-02  1.7801637E-02  1.6176877E-02
   10.0000  1.6017156E-02  1.7096017E-02  1.7654977E-02
   10.2500  1.8861250E-02  1.7624206E-02  2.0265220E-02
   10.5000  2.2742404E-02  1.9448653E-02  2.3809328E-02
   10.7500  2.7587902E-02  2.2419565E-02  2.8383446E-02
   11.0000  3.3080604E-02  2.6484238E-02  3.4030541E-02
   11.2500  3.8540473E-02  3.1626758E-02  4.0591279E-02
   11.5000  4.2993791E-02  3.7800854E-02  4.7489420E-02
   11.7500  4.5800852E-02  4.5493395E-02  5.2793418E-02
   12.0000  4.6540424E-02  5.1454692E-02  5.6814335E-02
   12.2500  4.5300274E-02  5.7692409E-02  5.7772338E-02
   12.5000  4.3431345E-02  6.2267474E-02  5.6564645E-02
   12.7500  4.1640927E-02  6.4288828E-02  5.4305224E-02
   13.0000  4.0221019E-02  6.3399561E-02  5.1751738E-02
   13.2500  3.9197163E-02  6.0075618E-02  4.9139578E-02
   13.5000  3.8486597E-02  5.5342912E-02  4.6495202E-02
   13.7500  3.8507853E-02  5.0840897E-02  4.4125607E-02
   14.0000  3.8061959E-02  4.6109097E-02  4.1323703E-02
   14.2500  3.7721114E-02  4.1903070E-02  3.8791243E-02
   14.5000  3.7481686E-02  3.8307111E-02  3.6576105E-02
   14.7500  3.7346767E-02  3.5297414E-02  3.4692958E-02
   15.0000  3.7315741E-02  3.2807860E-02  3.3133833E-02
   15.2500  3.7384670E-02  3.0765950E-02  3.1883596E-02
   15.5000  3.7537947E-02  2.9101068E-02  3.0918777E-02
   15.7500  3.7758113E-02  2.7755425E-02  3.0220653E-02
   16.0000  3.8017282E-02  2.6680567E-02  2.9768702E-02
   16.2500  3.8280851E-02  2.5837740E-02  2.9543494E-02
   16.5000  3.8511579E-02  2.5196070E-02  2.9524557E-02
   16.7500  3.8676313E-02  2.4730435E-02  2.9690050E-02
   17.0000  3.8752143E-02  2.4420238E-02  3.0015041E-02
   17.2500  3.8732609E-02  2.4247430E-02  3.0472208E-02
   17.5000  3.8628080E-02  2.4196108E-02  3.1033390E-02
   17.7500  3.8462022E-02  2.4252469E-02  3.1671141E-02
   18.0000  3.8263743E-02  2.4402208E-02  3.2358636E-02
   18.2500  3.8062860E-02  2.4633357E-02  3.3074197E-02
   18.5000  3.7883241E-02  2.4934614E-02  3.3799459E-02
   18.7500  3.7742654E-02  2.5296026E-02  3.4520707E-02
   19.0000  3.7648022E-02  2.5707361E-02  3.5222805E-02
   19.2500  3.7603691E-02  2.6161768E-02  3.5893522E-02
   19.5000  3.7608665E-02  2.6654338E-02  3.6519119E-02
   19.7500  3.7658365E-02  2.7182585E-02  3.7084759E-02
   20.0000  3.7744309E-02  2.7744165E-02  3.7571091E-02
   21.0000  3.8160318E-02  3.0316157E-02  3.8315027E-02
   22.0000  3.8009387E-02  3.3343570E-02  3.6954935E-02
   23.0000  3.7224814E-02  3.6364581E-02  3.5194426E-02
   24.0000  3.6325148E-02  3.8466574E-02  3.4470656E-02
   25.0000  3.5717033E-02  3.8912218E-02  3.4630181E-02
   26.0000  3.5642543E-02  3.7843212E-02  3.5015811E-02
   27.0000  3.5962380E-02  3.6037857E-02  3.5063311E-02
   28.0000  3.6259576E-02  3.4178826E-02  3.4571126E-02
   29.0000  3.6012316E-02  3.2528501E-02  3.3477699E-02
   30.0000  3.5436817E-02  3.1301577E-02  3.2349440E-02
   31.0000  3.4270295E-02  3.0339265E-02  3.1160773E-02
   32.0000  3.2689410E-02  2.9556357E-02  2.9994788E-02
   33.0000  3.0938781E-02  2.8897714E-02  2.8882968E-02
   34.0000  2.9190277E-02  2.8330778E-02  2.7825761E-02
   35.0000  2.7527943E-02  2.7826658E-02  2.6820659E-02
   36.0000  2.5956068E-02  2.7356602E-02  2.5856572E-02
   37.0000  2.4440269E-02  2.6884969E-02  2.4904662E-02
   38.0000  2.2958838E-02  2.6359198E-02  2.3935294E-02
   39.0000  2.1545988E-02  2.5716257E-02  2.2936205E-02
   40.0000  2.0277488E-02  2.4903828E-02  2.1920326E-02
