  7709.000   27  1  1  1.9222038E-02 -4.7458646E+00 -3.7419505E-01  1  1  7.5662283E+03  8.0000000E+03  0.0000000E+00  1.1792254E+00  1.0000000E+00  0.0000000E+00  = E_edge, Z, n_edge, j_edge, Abs_before_edge, VO_interstitial, E_cut, ninit, ninit1, Epsii, UnitCell_Volume, Surface_ref, f0_forward, natomsym_f, abs_u_iso
    Energy   (100,001)      (010,001)      (001,110)   
  -25.0000  4.9372651E-09  1.7389649E-09  7.5510990E-10
  -24.0000  1.3272593E-08  4.6874514E-09  1.7490178E-09
  -23.0000  4.3320017E-08  1.5775259E-08  4.6545835E-09
  -22.0000  2.1214930E-07  8.5673017E-08  1.6237664E-08
  -21.0000  9.6825133E-06  5.4802417E-06  2.9905343E-07
  -20.0000  9.5099934E-02  8.5225668E-03  2.9985941E-03
  -19.0000  3.8257952E-06  3.6569635E-06  1.4135921E-05
  -18.0000  1.6321764E-06  4.5605713E-07  6.7880059E-07
  -17.0000  1.8936964E-06  4.7078558E-07  4.2978169E-07
  -16.0000  4.2541413E-06  9.3799744E-07  7.8283045E-07
  -15.0000  4.9482252E-05  2.7014114E-05  5.0649583E-05
  -14.0000  9.4091568E-06  1.2628523E-05  1.2190608E-05
  -13.0000  1.6780011E-06  1.7994754E-06  2.2764781E-06
  -12.0000  6.5424752E-06  5.5100559E-06  9.5330832E-06
  -11.0000  3.3719100E-05  3.0462698E-05  4.0222098E-05
  -10.0000  1.3489820E-02  3.7871249E-03  6.1991050E-04
  -9.00000  8.7936485E-02  6.0903841E-02  4.9872894E-02
  -8.00000  5.4304355E-05  4.6230685E-05  2.4448075E-05
  -7.00000  9.4403100E-03  5.8450461E-04  4.2218147E-04
  -6.00000  7.4861162E-04  2.6531458E-04  1.6865468E-03
  -5.00000  8.3852677E-03  5.5961381E-02  6.3207478E-01
  -4.00000  2.6905751E-02  2.3490958E-03  3.0835921E-02
  -3.00000  2.8431854E-02  1.0722225E-01  1.0942662E-02
  -2.00000  2.1114961E-03  3.7101127E-03  2.6183183E-03
  -1.00000  5.8542579E-04  7.8378864E-04  3.4938948E-04
   0.00000  1.1985958E-03  2.9566722E-03  6.2910652E-04
   1.00000  6.0011290E-04  6.8165977E-04  6.9325129E-04
   2.00000  5.1211389E-04  6.1440004E-04  4.5710693E-04
   3.00000  7.0249373E-04  8.4436493E-04  5.6530565E-04
   4.00000  1.0917766E-03  1.3385325E-03  8.5686862E-04
   5.00000  1.7634304E-03  2.3288711E-03  1.5380653E-03
   5.20000  1.9371174E-03  2.6315474E-03  1.7559342E-03
   5.40000  2.1239079E-03  2.9852537E-03  2.0128488E-03
   5.60000  2.3239764E-03  3.4008847E-03  2.3167095E-03
   5.80000  2.5381610E-03  3.8922381E-03  2.6778612E-03
   6.00000  2.7700692E-03  4.4766089E-03  3.1091535E-03
   6.20000  3.0239143E-03  5.1803690E-03  3.6255956E-03
   6.40000  3.3162433E-03  6.0289609E-03  4.2506120E-03
   6.60000  3.6651516E-03  7.0616809E-03  5.0026428E-03
   6.80000  4.1049548E-03  8.3181996E-03  5.8969080E-03
   7.00000  4.6949640E-03  9.8377514E-03  6.9354286E-03
   7.20000  5.4609235E-03  1.1562582E-02  8.0863294E-03
   7.40000  6.3316036E-03  1.3309516E-02  9.2780505E-03
   7.60000  7.1428291E-03  1.4864817E-02  1.0410662E-02
   7.80000  7.7539659E-03  1.6149301E-02  1.1447802E-02
   8.00000  8.1329187E-03  1.7263877E-02  1.2567927E-02
   8.20000  8.3875385E-03  1.8432776E-02  1.3950054E-02
   8.40000  8.6710242E-03  1.9849506E-02  1.5431062E-02
   8.60000  9.1056654E-03  2.1608219E-02  1.6589838E-02
   8.80000  9.7796647E-03  2.3710042E-02  1.7071636E-02
   9.00000  1.0742155E-02  2.6175468E-02  1.6815493E-02
   9.20000  1.2009535E-02  2.8343724E-02  1.6255934E-02
   9.40000  1.3527040E-02  2.9748278E-02  1.5745039E-02
   9.60000  1.5190874E-02  2.9814292E-02  1.5542259E-02
   9.80000  1.6896929E-02  2.8480541E-02  1.5765209E-02
   10.0000  1.8614634E-02  2.6321604E-02  1.6469799E-02
   10.2500  2.0870914E-02  2.3616371E-02  1.8077547E-02
   10.5000  2.3425558E-02  2.1764455E-02  2.0510554E-02
   10.7500  2.6922314E-02  2.1886431E-02  2.4077162E-02
   11.0000  3.0357257E-02  2.1932742E-02  2.7943280E-02
   11.2500  3.4094561E-02  2.3054012E-02  3.2329001E-02
   11.5000  3.7780144E-02  2.5209157E-02  3.6974465E-02
   11.7500  4.0872958E-02  2.8480763E-02  4.1221173E-02
   12.0000  4.2721457E-02  3.2912428E-02  4.5041294E-02
   12.2500  4.3040588E-02  3.8426644E-02  4.7352508E-02
   12.5000  4.2167210E-02  4.4670471E-02  4.8686101E-02
   12.7500  4.0693339E-02  5.1062645E-02  4.8909054E-02
   13.0000  3.9180884E-02  5.6675382E-02  4.8337516E-02
   13.2500  3.7945590E-02  6.0543609E-02  4.7249162E-02
   13.5000  3.7080442E-02  6.2057113E-02  4.5826578E-02
   13.7500  3.6760573E-02  6.0555562E-02  4.4492832E-02
   14.0000  3.6676739E-02  5.7868260E-02  4.2522264E-02
   14.2500  3.6609858E-02  5.4383957E-02  4.0686487E-02
   14.5000  3.6684391E-02  5.0569980E-02  3.9040278E-02
   14.7500  3.6867373E-02  4.6829367E-02  3.7636968E-02
   15.0000  3.7133387E-02  4.3391081E-02  3.6495962E-02
   15.2500  3.7460252E-02  4.0355495E-02  3.5616372E-02
   15.5000  3.7817122E-02  3.7747696E-02  3.4975962E-02
   15.7500  3.8176503E-02  3.5550659E-02  3.4552321E-02
   16.0000  3.8508548E-02  3.3728552E-02  3.4318775E-02
   16.2500  3.8782593E-02  3.2239115E-02  3.4248950E-02
   16.5000  3.8970951E-02  3.1039300E-02  3.4318038E-02
   16.7500  3.9051834E-02  3.0089262E-02  3.4501252E-02
   17.0000  3.9012008E-02  2.9353331E-02  3.4774483E-02
   17.2500  3.8851932E-02  2.8800400E-02  3.5114636E-02
   17.5000  3.8585537E-02  2.8401828E-02  3.5499852E-02
   17.7500  3.8239883E-02  2.8133179E-02  3.5912007E-02
   18.0000  3.7850043E-02  2.7972745E-02  3.6337444E-02
   18.2500  3.7454644E-02  2.7901550E-02  3.6768464E-02
   18.5000  3.7088839E-02  2.7902895E-02  3.7200779E-02
   18.7500  3.6781035E-02  2.7962972E-02  3.7634831E-02
   19.0000  3.6553181E-02  2.8072431E-02  3.8074529E-02
   19.2500  3.6416603E-02  2.8222585E-02  3.8517602E-02
   19.5000  3.6378978E-02  2.8410385E-02  3.8964613E-02
   19.7500  3.6443081E-02  2.8634235E-02  3.9409414E-02
   20.0000  3.6609442E-02  2.8895920E-02  3.9841506E-02
   21.0000  3.8186167E-02  3.0371817E-02  4.1090307E-02
   22.0000  4.0255292E-02  3.2556348E-02  4.0636351E-02
   23.0000  4.0793852E-02  3.5099041E-02  3.8316812E-02
   24.0000  3.9655822E-02  3.7305147E-02  3.5708478E-02
   25.0000  3.8265048E-02  3.8543052E-02  3.4003068E-02
   26.0000  3.6760782E-02  3.8420028E-02  3.2934719E-02
   27.0000  3.6149291E-02  3.7460086E-02  3.2511783E-02
   28.0000  3.5910937E-02  3.5792021E-02  3.2175136E-02
   29.0000  3.5813214E-02  3.3798151E-02  3.1758902E-02
   30.0000  3.5489681E-02  3.1853430E-02  3.1227595E-02
   31.0000  3.4676369E-02  3.0214900E-02  3.0606592E-02
   32.0000  3.3363468E-02  2.8967460E-02  2.9936395E-02
   33.0000  3.1709598E-02  2.8061407E-02  2.9250773E-02
   34.0000  2.9892885E-02  2.7414343E-02  2.8571282E-02
   35.0000  2.8046698E-02  2.6935043E-02  2.7907664E-02
   36.0000  2.6258072E-02  2.6540580E-02  2.7260094E-02
   37.0000  2.4576055E-02  2.6155480E-02  2.6615674E-02
   38.0000  2.3026883E-02  2.5715244E-02  2.5942879E-02
   39.0000  2.1644106E-02  2.5180740E-02  2.5191304E-02
   40.0000  2.0478433E-02  2.4544958E-02  2.4311535E-02
