  7709.000   27  1  1  1.9222038E-02 -4.6907168E+00 -3.0682269E-01  1  1  7.5660769E+03  8.0000000E+03  0.0000000E+00  1.1792254E+00  1.0000000E+00  0.0000000E+00  = E_edge, Z, n_edge, j_edge, Abs_before_edge, VO_interstitial, E_cut, ninit, ninit1, Epsii, UnitCell_Volume, Surface_ref, f0_forward, natomsym_f, abs_u_iso
    Energy   (100,001)      (010,001)      (001,110)   
  -25.0000  5.1529311E-09  1.4773821E-09  8.3930948E-10
  -24.0000  1.4427318E-08  3.9260715E-09  2.1078240E-09
  -23.0000  5.0778920E-08  1.3035037E-08  6.5804537E-09
  -22.0000  2.9976075E-07  7.1945804E-08  3.4778068E-08
  -21.0000  3.2790103E-04  6.9481324E-05  4.2225497E-05
  -20.0000  1.1515537E-05  1.3552111E-06  1.7146250E-06
  -19.0000  1.3916518E-06  2.1262661E-06  3.3899411E-06
  -18.0000  1.0751702E-06  4.4534276E-07  3.1953415E-07
  -17.0000  1.5208385E-06  4.8095451E-07  2.7712077E-07
  -16.0000  5.3595319E-06  1.1854741E-06  8.8201937E-07
  -15.0000  6.1242154E-06  4.9927495E-06  2.7255416E-06
  -14.0000  5.7186094E-06  6.5521394E-06  8.5975273E-06
  -13.0000  1.8538981E-06  1.6161443E-06  2.1071018E-06
  -12.0000  8.5561045E-06  6.3744073E-06  2.1570885E-05
  -11.0000  2.5775627E-05  9.4013949E-06  1.7327248E-05
  -10.0000  1.2834515E-02  1.5859011E-02  1.0159794E-04
  -9.00000  1.6301950E-04  4.6460058E-04  1.4105410E-04
  -8.00000  4.3886059E-05  2.2689416E-05  1.5027897E-05
  -7.00000  5.5541950E-04  1.9250397E-04  1.1419376E-04
  -6.00000  2.5940873E-04  1.6203018E-04  1.4134139E-04
  -5.00000  4.1381375E-03  1.2624758E-03  3.2416563E-03
  -4.00000  5.4893765E-03  1.5326403E-03  8.8490517E-03
  -3.00000  2.4952842E-02  5.7983494E-02  8.9629576E-03
  -2.00000  2.1647727E-03  1.7196349E-03  2.5433165E-03
  -1.00000  5.1328270E-04  6.6387080E-04  3.1338771E-04
   0.00000  2.5636205E-03  4.8631246E-03  6.5057767E-03
   1.00000  5.1225817E-04  5.3941794E-04  4.9767921E-04
   2.00000  4.9041122E-04  5.7229603E-04  4.2408983E-04
   3.00000  6.6898056E-04  7.8781164E-04  5.1226407E-04
   4.00000  1.0618529E-03  1.2057391E-03  7.3627029E-04
   5.00000  1.8255311E-03  1.9762931E-03  1.2360121E-03
   5.20000  2.0412571E-03  2.2045746E-03  1.3898839E-03
   5.40000  2.2812859E-03  2.4683110E-03  1.5674027E-03
   5.60000  2.5463267E-03  2.7741248E-03  1.7719463E-03
   5.80000  2.8355551E-03  3.1304926E-03  2.0081750E-03
   6.00000  3.1471862E-03  3.5465563E-03  2.2810720E-03
   6.20000  3.4774721E-03  4.0345735E-03  2.5976161E-03
   6.40000  3.8201228E-03  4.6113307E-03  2.9670155E-03
   6.60000  4.1687929E-03  5.2992253E-03  3.4009733E-03
   6.80000  4.5304249E-03  6.1309150E-03  3.9149939E-03
   7.00000  4.9595410E-03  7.1580393E-03  4.5310886E-03
   7.20000  5.5748099E-03  8.4506623E-03  5.2869990E-03
   7.40000  6.4976254E-03  1.0072679E-02  6.2379529E-03
   7.60000  7.8082447E-03  1.2045252E-02  7.4204582E-03
   7.80000  9.4934960E-03  1.4546770E-02  8.9381010E-03
   8.00000  1.1509665E-02  1.7474953E-02  1.0815811E-02
   8.20000  1.3645036E-02  2.0455267E-02  1.3080324E-02
   8.40000  1.5537006E-02  2.2730096E-02  1.5780209E-02
   8.60000  1.6931652E-02  2.3583006E-02  1.9004935E-02
   8.80000  1.7837609E-02  2.3000258E-02  2.2768525E-02
   9.00000  1.8457219E-02  2.1900589E-02  2.6931642E-02
   9.20000  1.9127184E-02  2.1446546E-02  3.1158312E-02
   9.40000  2.0178500E-02  2.2126452E-02  3.4715730E-02
   9.60000  2.1788110E-02  2.3749714E-02  3.6701446E-02
   9.80000  2.3982007E-02  2.5993512E-02  3.6902142E-02
   10.0000  2.7100217E-02  2.8645877E-02  3.5854744E-02
   10.2500  3.1130474E-02  3.2527284E-02  3.5142687E-02
   10.5000  3.5772090E-02  3.7152609E-02  3.5952887E-02
   10.7500  4.0807306E-02  4.2316602E-02  3.8596051E-02
   11.0000  4.5831155E-02  4.7685562E-02  4.2711764E-02
   11.2500  5.0194296E-02  5.2905184E-02  4.7525961E-02
   11.5000  5.3144681E-02  5.7707831E-02  5.2056809E-02
   11.7500  5.4162213E-02  6.1899385E-02  5.5354107E-02
   12.0000  5.3257875E-02  6.5167401E-02  5.6774482E-02
   12.2500  5.1019884E-02  6.7341670E-02  5.6060976E-02
   12.5000  4.8156533E-02  6.7260082E-02  5.3506238E-02
   12.7500  4.5106338E-02  6.4858921E-02  5.0756164E-02
   13.0000  4.2200846E-02  6.1068210E-02  4.7799644E-02
   13.2500  3.9620349E-02  5.6493804E-02  4.4827166E-02
   13.5000  3.7466098E-02  5.1737369E-02  4.2009093E-02
   13.7500  3.5781279E-02  4.7200088E-02  3.9455196E-02
   14.0000  3.4519525E-02  4.2869095E-02  3.7081829E-02
   14.2500  3.3797158E-02  3.9583919E-02  3.5057564E-02
   14.5000  3.3406687E-02  3.6685933E-02  3.3524278E-02
   14.7500  3.3358488E-02  3.4257821E-02  3.2346121E-02
   15.0000  3.3577403E-02  3.2253362E-02  3.1487210E-02
   15.2500  3.3982595E-02  3.0625799E-02  3.0906039E-02
   15.5000  3.4499255E-02  2.9330479E-02  3.0564801E-02
   15.7500  3.5052021E-02  2.8322235E-02  3.0424114E-02
   16.0000  3.5584658E-02  2.7561799E-02  3.0457157E-02
   16.2500  3.6050468E-02  2.7013341E-02  3.0637177E-02
   16.5000  3.6417651E-02  2.6643045E-02  3.0941232E-02
   16.7500  3.6669288E-02  2.6418176E-02  3.1347735E-02
   17.0000  3.6804437E-02  2.6309328E-02  3.1834264E-02
   17.2500  3.6834978E-02  2.6287841E-02  3.2377594E-02
   17.5000  3.6782947E-02  2.6327041E-02  3.2956559E-02
   17.7500  3.6676040E-02  2.6402986E-02  3.3553266E-02
   18.0000  3.6542462E-02  2.6495563E-02  3.4154524E-02
   18.2500  3.6405562E-02  2.6590684E-02  3.4752468E-02
   18.5000  3.6282053E-02  2.6680984E-02  3.5343579E-02
   18.7500  3.6180594E-02  2.6764469E-02  3.5924352E-02
   19.0000  3.6105440E-02  2.6846138E-02  3.6492028E-02
   19.2500  3.6054602E-02  2.6933878E-02  3.7035212E-02
   19.5000  3.6024464E-02  2.7040273E-02  3.7540569E-02
   19.7500  3.6009829E-02  2.7178346E-02  3.7989374E-02
   20.0000  3.6003091E-02  2.7360259E-02  3.8356882E-02
   21.0000  3.5863045E-02  2.8686483E-02  3.8502943E-02
   22.0000  3.5178146E-02  3.1042229E-02  3.6433656E-02
   23.0000  3.4117149E-02  3.3969247E-02  3.4094089E-02
   24.0000  3.3040180E-02  3.6522440E-02  3.2839070E-02
   25.0000  3.1826266E-02  3.7578457E-02  3.2194330E-02
   26.0000  3.1461524E-02  3.7138784E-02  3.1916936E-02
   27.0000  3.1739276E-02  3.5321578E-02  3.1496718E-02
   28.0000  3.2373844E-02  3.2993211E-02  3.0856461E-02
   29.0000  3.2976525E-02  3.0916915E-02  3.0081510E-02
   30.0000  3.3245148E-02  2.9404198E-02  2.9278153E-02
   31.0000  3.2992236E-02  2.8393570E-02  2.8484877E-02
   32.0000  3.2181771E-02  2.7715973E-02  2.7737241E-02
   33.0000  3.0879906E-02  2.7225840E-02  2.7072010E-02
   34.0000  2.9234331E-02  2.6826825E-02  2.6522227E-02
   35.0000  2.7422324E-02  2.6439000E-02  2.6078930E-02
   36.0000  2.5594768E-02  2.5984068E-02  2.5667860E-02
   37.0000  2.3854274E-02  2.5386861E-02  2.5165428E-02
   38.0000  2.2270988E-02  2.4602765E-02  2.4467656E-02
   39.0000  2.0904780E-02  2.3643960E-02  2.3543863E-02
   40.0000  1.9799746E-02  2.2568587E-02  2.2445388E-02
