  7709.000   27  1  1  1.9222038E-02 -4.6063792E+00 -3.5054440E-01  1  1  7.5663465E+03  8.0000000E+03  0.0000000E+00  1.1792254E+00  1.0000000E+00  0.0000000E+00  = E_edge, Z, n_edge, j_edge, Abs_before_edge, VO_interstitial, E_cut, ninit, ninit1, Epsii, UnitCell_Volume, Surface_ref, f0_forward, natomsym_f, abs_u_iso
    Energy   (100,001)      (010,001)      (001,110)   
  -25.0000  3.8246025E-09  1.2840858E-09  7.8404712E-10
  -24.0000  9.7025891E-09  3.1476906E-09  1.8093503E-09
  -23.0000  2.8476462E-08  8.9698558E-09  4.7593463E-09
  -22.0000  1.0692358E-07  3.3296409E-08  1.5681905E-08
  -21.0000  6.9316653E-07  2.3581027E-07  8.7725348E-08
  -20.0000  9.0851528E-05  1.7495667E-05  1.1754982E-05
  -19.0000  2.0652176E-04  3.0116071E-02  7.7638742E-02
  -18.0000  1.9959094E-06  7.3392945E-07  9.3837472E-07
  -17.0000  2.0706039E-06  5.3995333E-07  5.3191280E-07
  -16.0000  3.8551976E-06  7.9704127E-07  9.4418108E-07
  -15.0000  4.4390123E-03  3.2196410E-02  1.0173136E-02
  -14.0000  7.9652270E-06  9.6262284E-06  5.9759633E-06
  -13.0000  1.2575891E-06  1.5335876E-06  2.6044273E-06
  -12.0000  4.7308793E-06  4.4171285E-06  1.1509136E-05
  -11.0000  1.9651036E-05  2.0447474E-05  3.8485511E-05
  -10.0000  1.8881687E-04  6.7150332E-05  1.3037533E-05
  -9.00000  2.0234139E-01  2.4262364E-02  2.7148015E-03
  -8.00000  1.2267366E-04  5.5358495E-05  9.5549721E-06
  -7.00000  1.2503461E-03  2.0417317E-03  1.2629132E-04
  -6.00000  7.2901418E-04  3.3077608E-04  5.2936937E-03
  -5.00000  1.3003203E-02  2.4429677E-03  1.5128287E-02
  -4.00000  2.2175538E-03  3.1288156E-03  2.9849608E-03
  -3.00000  2.0116016E-03  1.3431376E-02  8.7864105E-03
  -2.00000  8.5778982E-04  1.0542378E-03  9.7836634E-04
  -1.00000  4.3044279E-04  6.4652278E-04  2.3958516E-04
   0.00000  8.1296711E-04  1.2846571E-03  6.4571112E-04
   1.00000  9.0594849E-04  9.2847336E-04  1.2476171E-03
   2.00000  5.9576964E-04  7.0110944E-04  6.1284564E-04
   3.00000  7.5619019E-04  9.3503778E-04  6.7999559E-04
   4.00000  1.1213232E-03  1.4218501E-03  9.6402316E-04
   5.00000  1.7700017E-03  2.3409754E-03  1.7385046E-03
   5.20000  1.9407206E-03  2.6238054E-03  2.0150180E-03
   5.40000  2.1259064E-03  2.9574297E-03  2.3596674E-03
   5.60000  2.3263457E-03  3.3532855E-03  2.7941368E-03
   5.80000  2.5438422E-03  3.8264789E-03  3.3503427E-03
   6.00000  2.7823667E-03  4.3947073E-03  4.0714411E-03
   6.20000  3.0512467E-03  5.0835227E-03  5.0163804E-03
   6.40000  3.3707946E-03  5.9305264E-03  6.2567231E-03
   6.60000  3.7816100E-03  6.9828377E-03  7.8378797E-03
   6.80000  4.3361972E-03  8.2544381E-03  9.6212173E-03
   7.00000  5.0262868E-03  9.6156284E-03  1.1001981E-02
   7.20000  5.7182336E-03  1.0789047E-02  1.1227416E-02
   7.40000  6.2480529E-03  1.1541138E-02  1.0321623E-02
   7.60000  6.5916947E-03  1.1897444E-02  9.0006231E-03
   7.80000  6.8326225E-03  1.2094844E-02  7.8233511E-03
   8.00000  7.0752483E-03  1.2367232E-02  6.9810438E-03
   8.20000  7.3723060E-03  1.2838959E-02  6.4772177E-03
   8.40000  7.7680971E-03  1.3554294E-02  6.2670934E-03
   8.60000  8.2885163E-03  1.4571811E-02  6.3088369E-03
   8.80000  8.9641241E-03  1.5992325E-02  6.5777652E-03
   9.00000  9.8382205E-03  1.7916824E-02  7.0671593E-03
   9.20000  1.0963642E-02  2.0353364E-02  7.7839997E-03
   9.40000  1.2386064E-02  2.3106036E-02  8.7426751E-03
   9.60000  1.4111295E-02  2.5730055E-02  9.9631705E-03
   9.80000  1.6150181E-02  2.7731287E-02  1.1474642E-02
   10.0000  1.8253906E-02  2.8723071E-02  1.3284467E-02
   10.2500  2.0969176E-02  2.8946029E-02  1.6024556E-02
   10.5000  2.3835345E-02  2.8994664E-02  1.9356782E-02
   10.7500  2.7002288E-02  2.9697366E-02  2.3336038E-02
   11.0000  3.0884790E-02  3.1741259E-02  2.8018072E-02
   11.2500  3.4557587E-02  3.4016285E-02  3.3234841E-02
   11.5000  3.8103552E-02  3.7145274E-02  3.8805695E-02
   11.7500  4.0879182E-02  4.0900115E-02  4.3673197E-02
   12.0000  4.2601899E-02  4.5225423E-02  4.7996124E-02
   12.2500  4.2940815E-02  4.9841601E-02  5.0859553E-02
   12.5000  4.2193297E-02  5.4473663E-02  5.1994260E-02
   12.7500  4.0891335E-02  5.8651785E-02  5.1715786E-02
   13.0000  3.9501445E-02  6.1790785E-02  5.0511943E-02
   13.2500  3.8284012E-02  6.3369490E-02  4.8773892E-02
   13.5000  3.7485000E-02  6.3111785E-02  4.7050640E-02
   13.7500  3.6872235E-02  6.1125063E-02  4.4642943E-02
   14.0000  3.6529602E-02  5.7841384E-02  4.2425554E-02
   14.2500  3.6145620E-02  5.4226639E-02  4.0275062E-02
   14.5000  3.5887387E-02  5.0416745E-02  3.8337025E-02
   14.7500  3.5740820E-02  4.6718380E-02  3.6664397E-02
   15.0000  3.5695569E-02  4.3315086E-02  3.5278959E-02
   15.2500  3.5739877E-02  4.0295176E-02  3.4178005E-02
   15.5000  3.5861626E-02  3.7684612E-02  3.3345840E-02
   15.7500  3.6035735E-02  3.5468448E-02  3.2751611E-02
   16.0000  3.6244844E-02  3.3615978E-02  3.2369731E-02
   16.2500  3.6467115E-02  3.2087840E-02  3.2171630E-02
   16.5000  3.6679612E-02  3.0843330E-02  3.2129308E-02
   16.7500  3.6860303E-02  2.9843949E-02  3.2217353E-02
   17.0000  3.6990531E-02  2.9055751E-02  3.2410619E-02
   17.2500  3.7056877E-02  2.8447736E-02  3.2686351E-02
   17.5000  3.7054312E-02  2.7992802E-02  3.3024140E-02
   17.7500  3.6987931E-02  2.7667599E-02  3.3408223E-02
   18.0000  3.6871965E-02  2.7451567E-02  3.3828169E-02
   18.2500  3.6726323E-02  2.7326334E-02  3.4277479E-02
   18.5000  3.6573995E-02  2.7274169E-02  3.4754435E-02
   18.7500  3.6439448E-02  2.7280831E-02  3.5261549E-02
   19.0000  3.6345971E-02  2.7334342E-02  3.5804850E-02
   19.2500  3.6310812E-02  2.7422876E-02  3.6385607E-02
   19.5000  3.6350247E-02  2.7538091E-02  3.7007464E-02
   19.7500  3.6476107E-02  2.7673395E-02  3.7668791E-02
   20.0000  3.6697135E-02  2.7824720E-02  3.8363317E-02
   21.0000  3.8552760E-02  2.8586025E-02  4.1141199E-02
   22.0000  4.1166545E-02  2.9712889E-02  4.2506684E-02
   23.0000  4.2367721E-02  3.1301756E-02  4.0931511E-02
   24.0000  4.1504422E-02  3.3187126E-02  3.7669631E-02
   25.0000  3.9851322E-02  3.4949476E-02  3.5000529E-02
   26.0000  3.8165074E-02  3.6055423E-02  3.3466381E-02
   27.0000  3.6452802E-02  3.5901901E-02  3.2423450E-02
   28.0000  3.5626705E-02  3.4772567E-02  3.1854938E-02
   29.0000  3.5080734E-02  3.2890144E-02  3.1312677E-02
   30.0000  3.4411605E-02  3.0893376E-02  3.0748888E-02
   31.0000  3.3312243E-02  2.9237680E-02  3.0164214E-02
   32.0000  3.1760148E-02  2.8074992E-02  2.9571410E-02
   33.0000  2.9909534E-02  2.7352028E-02  2.8987459E-02
   34.0000  2.7946127E-02  2.6963114E-02  2.8432482E-02
   35.0000  2.6023956E-02  2.6799242E-02  2.7923085E-02
   36.0000  2.4255196E-02  2.6758692E-02  2.7473781E-02
   37.0000  2.2724553E-02  2.6735251E-02  2.7079142E-02
   38.0000  2.1503332E-02  2.6617530E-02  2.6697731E-02
   39.0000  2.0658176E-02  2.6305417E-02  2.6258383E-02
   40.0000  2.0234485E-02  2.5744504E-02  2.5685869E-02
