  7709.000   27  1  1  1.9222038E-02 -4.8136882E+00 -2.7116762E-01  1  1  7.5663798E+03  8.0000000E+03  0.0000000E+00  1.1792254E+00  1.0000000E+00  0.0000000E+00  = E_edge, Z, n_edge, j_edge, Abs_before_edge, VO_interstitial, E_cut, ninit, ninit1, Epsii, UnitCell_Volume, Surface_ref, f0_forward, natomsym_f, abs_u_iso
    Energy   (100,001)      (010,001)      (001,110)   
  -25.0000  5.9866210E-09  1.7509213E-09  8.2119913E-10
  -24.0000  1.6119117E-08  4.6376412E-09  1.9431200E-09
  -23.0000  5.1846547E-08  1.4908266E-08  5.3176829E-09
  -22.0000  2.3170259E-07  6.9684804E-08  1.9109186E-08
  -21.0000  2.7656111E-06  1.1174702E-06  1.7124098E-07
  -20.0000  5.5700668E-05  5.6704046E-06  2.5581341E-06
  -19.0000  3.6548153E-06  9.2027680E-06  1.8701674E-05
  -18.0000  2.3837098E-06  7.9387375E-07  8.3348392E-07
  -17.0000  3.1956560E-06  8.4091653E-07  5.1985900E-07
  -16.0000  8.9124810E-06  2.0964439E-06  8.8095417E-07
  -15.0000  2.7951275E-02  2.6491871E-04  2.5257301E-03
  -14.0000  3.8389328E-05  3.5063568E-05  5.4299883E-05
  -13.0000  1.5314625E-06  3.5034121E-06  4.7364834E-06
  -12.0000  2.5637416E-05  1.0834154E-04  2.2222023E-04
  -11.0000  2.6045806E-05  1.3155708E-05  1.9784719E-05
  -10.0000  1.0118679E-03  2.7098419E-04  1.6562663E-04
  -9.00000  6.0656711E-04  3.3183267E-04  2.2365818E-05
  -8.00000  1.3949301E-04  6.7530372E-05  1.2429000E-05
  -7.00000  1.8138561E-03  4.0720484E-04  2.3238119E-04
  -6.00000  8.5833616E-04  3.7050617E-04  1.9268154E-04
  -5.00000  1.0493356E-03  2.7681937E-04  6.3697967E-03
  -4.00000  1.2798552E-03  1.1161598E-03  9.2268699E-04
  -3.00000  4.6901926E-03  3.4776780E-03  5.4068719E-03
  -2.00000  1.6017236E-03  3.1823203E-03  2.1535987E-03
  -1.00000  7.5882255E-04  9.9559848E-04  7.3631842E-04
   0.00000  2.9280066E-03  2.7857322E-03  3.1476523E-03
   1.00000  4.9550149E-04  5.1812097E-04  3.9065243E-04
   2.00000  3.8035787E-04  5.8374448E-04  3.3665488E-04
   3.00000  5.2297512E-04  8.3529382E-04  4.8107955E-04
   4.00000  8.2062756E-04  1.3509596E-03  8.0573775E-04
   5.00000  1.3379917E-03  2.6093395E-03  1.6060590E-03
   5.20000  1.4672275E-03  3.0754183E-03  1.8839095E-03
   5.40000  1.6024331E-03  3.6802416E-03  2.2280936E-03
   5.60000  1.7439308E-03  4.4821829E-03  2.6601362E-03
   5.80000  1.9008151E-03  5.5649285E-03  3.2108921E-03
   6.00000  2.1096011E-03  7.0354928E-03  3.9254688E-03
   6.20000  2.4581320E-03  8.9822199E-03  4.8794756E-03
   6.40000  3.0383471E-03  1.1399520E-02  6.2134266E-03
   6.60000  3.7759919E-03  1.4151573E-02  8.1532140E-03
   6.80000  4.4387208E-03  1.7112695E-02  1.0933752E-02
   7.00000  4.9380529E-03  2.0353899E-02  1.4507063E-02
   7.20000  5.3583024E-03  2.4008398E-02  1.7991863E-02
   7.40000  5.8320189E-03  2.7735700E-02  1.9531178E-02
   7.60000  6.4211518E-03  3.0875330E-02  1.8292697E-02
   7.80000  7.1817367E-03  3.3203206E-02  1.5590371E-02
   8.00000  8.1746902E-03  3.5340719E-02  1.2961253E-02
   8.20000  9.4501628E-03  3.8099911E-02  1.1009353E-02
   8.40000  1.0942770E-02  4.1271538E-02  9.7627363E-03
   8.60000  1.2269390E-02  4.2675377E-02  9.0913159E-03
   8.80000  1.2829973E-02  3.9531289E-02  8.8754685E-03
   9.00000  1.2564581E-02  3.2508181E-02  9.0682731E-03
   9.20000  1.2085126E-02  2.5083515E-02  9.6898721E-03
   9.40000  1.1910447E-02  1.9320476E-02  1.0786520E-02
   9.60000  1.2229706E-02  1.5408647E-02  1.2420437E-02
   9.80000  1.3079871E-02  1.2919950E-02  1.4677599E-02
   10.0000  1.4474613E-02  1.1440930E-02  1.7669121E-02
   10.2500  1.7020113E-02  1.0598559E-02  2.2632395E-02
   10.5000  2.0480551E-02  1.0594634E-02  2.9135874E-02
   10.7500  2.4730692E-02  1.1278505E-02  3.7129063E-02
   11.0000  2.9292283E-02  1.2587474E-02  4.5962817E-02
   11.2500  3.3259218E-02  1.4505527E-02  5.4138979E-02
   11.5000  3.5857617E-02  1.7037349E-02  5.9820540E-02
   11.7500  3.6545664E-02  2.0297885E-02  6.1192559E-02
   12.0000  3.5904073E-02  2.4421830E-02  5.9508043E-02
   12.2500  3.4675621E-02  2.9534014E-02  5.6587057E-02
   12.5000  3.3642187E-02  3.5859128E-02  5.3103900E-02
   12.7500  3.3048666E-02  4.3301127E-02  4.9697598E-02
   13.0000  3.2906006E-02  5.1215407E-02  4.6599120E-02
   13.2500  3.3125814E-02  5.8234042E-02  4.3844806E-02
   13.5000  3.3602639E-02  6.2639908E-02  4.1418265E-02
   13.7500  3.5079173E-02  6.2740508E-02  3.9389262E-02
   14.0000  3.5842085E-02  5.9882971E-02  3.7437004E-02
   14.2500  3.6635360E-02  5.5255117E-02  3.5722507E-02
   14.5000  3.7439997E-02  5.0145709E-02  3.4229252E-02
   14.7500  3.8244981E-02  4.5339296E-02  3.2947151E-02
   15.0000  3.9045071E-02  4.1167098E-02  3.1871029E-02
   15.2500  3.9839325E-02  3.7694985E-02  3.1000484E-02
   15.5000  4.0622711E-02  3.4869914E-02  3.0332360E-02
   15.7500  4.1391710E-02  3.2602550E-02  2.9867664E-02
   16.0000  4.2134023E-02  3.0804268E-02  2.9602795E-02
   16.2500  4.2828468E-02  2.9398407E-02  2.9529500E-02
   16.5000  4.3447186E-02  2.8325718E-02  2.9634797E-02
   16.7500  4.3959788E-02  2.7538418E-02  2.9899963E-02
   17.0000  4.4341294E-02  2.6998299E-02  3.0300480E-02
   17.2500  4.4578922E-02  2.6674797E-02  3.0809872E-02
   17.5000  4.4673112E-02  2.6541800E-02  3.1399848E-02
   17.7500  4.4637448E-02  2.6575893E-02  3.2041922E-02
   18.0000  4.4493234E-02  2.6754942E-02  3.2710627E-02
   18.2500  4.4265633E-02  2.7058204E-02  3.3383159E-02
   18.5000  4.3976297E-02  2.7463066E-02  3.4038202E-02
   18.7500  4.3645365E-02  2.7947709E-02  3.4657943E-02
   19.0000  4.3286598E-02  2.8489335E-02  3.5222183E-02
   19.2500  4.2912760E-02  2.9067714E-02  3.5714741E-02
   19.5000  4.2531975E-02  2.9665804E-02  3.6119371E-02
   19.7500  4.2148851E-02  3.0269744E-02  3.6420477E-02
   20.0000  4.1765311E-02  3.0870341E-02  3.6605599E-02
   21.0000  4.0212438E-02  3.3197230E-02  3.6111169E-02
   22.0000  3.8663430E-02  3.5490692E-02  3.4434890E-02
   23.0000  3.7400182E-02  3.7567155E-02  3.3297151E-02
   24.0000  3.6536157E-02  3.8753371E-02  3.3186791E-02
   25.0000  3.6138765E-02  3.8609660E-02  3.3613057E-02
   26.0000  3.6242859E-02  3.7396327E-02  3.4066691E-02
   27.0000  3.6596135E-02  3.5718122E-02  3.4180550E-02
   28.0000  3.6534853E-02  3.3973393E-02  3.3684492E-02
   29.0000  3.6067512E-02  3.2546806E-02  3.2941980E-02
   30.0000  3.4902599E-02  3.1360852E-02  3.2007698E-02
   31.0000  3.3221322E-02  3.0353243E-02  3.1031431E-02
   32.0000  3.1331907E-02  2.9481179E-02  3.0097639E-02
   33.0000  2.9479579E-02  2.8703264E-02  2.9230898E-02
   34.0000  2.7793421E-02  2.7992827E-02  2.8453637E-02
   35.0000  2.6284321E-02  2.7321877E-02  2.7766182E-02
   36.0000  2.4893154E-02  2.6657060E-02  2.7161709E-02
   37.0000  2.3543836E-02  2.5953456E-02  2.6612554E-02
   38.0000  2.2199089E-02  2.5153661E-02  2.6058846E-02
   39.0000  2.0883142E-02  2.4216642E-02  2.5401133E-02
   40.0000  1.9661910E-02  2.3151557E-02  2.4507833E-02
