  7709.000   27  1  1  1.9222038E-02 -4.7690695E+00 -2.3200216E-01  1  1  7.5664150E+03  8.0000000E+03  0.0000000E+00  1.1792254E+00  1.0000000E+00  0.0000000E+00  = E_edge, Z, n_edge, j_edge, Abs_before_edge, VO_interstitial, E_cut, ninit, ninit1, Epsii, UnitCell_Volume, Surface_ref, f0_forward, natomsym_f, abs_u_iso
    Energy   (100,001)      (010,001)      (001,110)   
  -25.0000  5.3143887E-09  1.6769145E-09  7.9520663E-10
  -24.0000  1.4332086E-08  4.4347659E-09  1.8666299E-09
  -23.0000  4.6617913E-08  1.4372905E-08  5.0670357E-09
  -22.0000  2.1718297E-07  6.9973337E-08  1.8008329E-08
  -21.0000  3.4103626E-06  1.4801052E-06  1.3895123E-07
  -20.0000  2.2676376E-05  1.6896870E-06  3.0116134E-06
  -19.0000  2.4365252E-06  6.9923558E-06  2.1541559E-05
  -18.0000  1.6552046E-06  6.5020426E-07  5.3582818E-07
  -17.0000  2.3256384E-06  7.4510022E-07  3.5368880E-07
  -16.0000  8.1371228E-06  2.2645496E-06  6.2017671E-07
  -15.0000  2.0530048E-05  1.4743130E-05  4.7234980E-06
  -14.0000  6.1490361E-06  8.8318810E-06  9.4756952E-06
  -13.0000  1.6297833E-06  2.9613936E-06  4.0872578E-06
  -12.0000  3.5600617E-04  2.5082553E-03  3.5848151E-03
  -11.0000  2.2133231E-05  1.3366288E-05  8.8494303E-06
  -10.0000  1.4012362E-03  6.0803430E-04  4.7835061E-04
  -9.00000  3.3049772E-04  4.0341201E-03  6.3476234E-05
  -8.00000  4.9203431E-04  9.9108302E-04  5.0292632E-05
  -7.00000  3.5869818E-04  1.6307957E-03  1.4400637E-04
  -6.00000  1.5769961E-03  4.8553898E-04  2.6545798E-04
  -5.00000  1.2415836E-03  5.7710963E-03  3.9586873E-03
  -4.00000  4.5090191E-03  1.4820255E-03  4.1591350E-03
  -3.00000  6.5246203E-03  1.4902648E-02  5.9710345E-03
  -2.00000  1.1716719E-03  1.7152749E-03  1.3940093E-03
  -1.00000  5.8146856E-04  7.6399138E-04  5.0687763E-04
   0.00000  1.3698310E-02  1.0004853E-02  7.4423761E-03
   1.00000  3.7228850E-04  8.5844098E-04  3.7831341E-04
   2.00000  4.1392126E-04  6.7411295E-04  3.5770862E-04
   3.00000  6.1733922E-04  8.8393571E-04  4.9586733E-04
   4.00000  1.0241424E-03  1.3344456E-03  8.0494228E-04
   5.00000  1.7104395E-03  2.3130554E-03  1.5890056E-03
   5.20000  1.8562299E-03  2.6583413E-03  1.8642187E-03
   5.40000  2.0035970E-03  3.0968165E-03  2.2049064E-03
   5.60000  2.1962216E-03  3.6555172E-03  2.6321974E-03
   5.80000  2.5249823E-03  4.3437486E-03  3.1724664E-03
   6.00000  3.0861384E-03  5.2279285E-03  3.8595083E-03
   6.20000  3.9110353E-03  6.3360515E-03  4.7196204E-03
   6.40000  4.9360217E-03  7.7095249E-03  5.7826375E-03
   6.60000  6.0508374E-03  9.3826646E-03  7.0937169E-03
   6.80000  7.2037511E-03  1.1391501E-02  8.6974690E-03
   7.00000  8.4567347E-03  1.3796363E-02  1.0554464E-02
   7.20000  9.9740804E-03  1.6693403E-02  1.2407234E-02
   7.40000  1.2008443E-02  2.0156098E-02  1.3801230E-02
   7.60000  1.4901970E-02  2.4068820E-02  1.4425709E-02
   7.80000  1.8871618E-02  2.7900445E-02  1.4611837E-02
   8.00000  2.3326626E-02  3.0261276E-02  1.4835673E-02
   8.20000  2.5982702E-02  2.9220617E-02  1.5195071E-02
   8.40000  2.5257032E-02  2.5315234E-02  1.5524310E-02
   8.60000  2.2859582E-02  2.1519470E-02  1.5904348E-02
   8.80000  2.0839921E-02  1.9317818E-02  1.6508587E-02
   9.00000  1.9834397E-02  1.8592206E-02  1.7461967E-02
   9.20000  1.9817014E-02  1.8957649E-02  1.8910622E-02
   9.40000  2.0680930E-02  2.0178288E-02  2.1018919E-02
   9.60000  2.2376085E-02  2.2150520E-02  2.3939015E-02
   9.80000  2.4896349E-02  2.4828510E-02  2.7792901E-02
   10.0000  2.8221368E-02  2.8160581E-02  3.2666564E-02
   10.2500  3.3323498E-02  3.3062778E-02  4.0227425E-02
   10.5000  3.8866514E-02  3.8338800E-02  4.9237131E-02
   10.7500  4.3735896E-02  4.3291919E-02  5.9058561E-02
   11.0000  4.6793177E-02  4.7304139E-02  6.8375682E-02
   11.2500  4.7609514E-02  5.0256643E-02  7.5269355E-02
   11.5000  4.6829904E-02  5.2548340E-02  7.7719592E-02
   11.7500  4.4974047E-02  5.4678713E-02  7.5613803E-02
   12.0000  4.2802973E-02  5.6316828E-02  6.9560439E-02
   12.2500  4.0793375E-02  5.6755240E-02  6.2218371E-02
   12.5000  3.9245300E-02  5.6633734E-02  5.4992149E-02
   12.7500  3.8067579E-02  5.5056478E-02  4.8872211E-02
   13.0000  3.7167582E-02  5.2144548E-02  4.3946465E-02
   13.2500  3.6462059E-02  4.8384094E-02  4.0021931E-02
   13.5000  3.6493791E-02  4.4067518E-02  3.6608347E-02
   13.7500  3.5992380E-02  4.0990541E-02  3.3893605E-02
   14.0000  3.5605337E-02  3.7508866E-02  3.1697404E-02
   14.2500  3.5384353E-02  3.4492953E-02  2.9891198E-02
   14.5000  3.5315816E-02  3.1944116E-02  2.8416151E-02
   14.7500  3.5378360E-02  2.9824064E-02  2.7235316E-02
   15.0000  3.5547696E-02  2.8078929E-02  2.6322951E-02
   15.2500  3.5800925E-02  2.6654556E-02  2.5659976E-02
   15.5000  3.6111177E-02  2.5500156E-02  2.5225875E-02
   15.7500  3.6454451E-02  2.4576029E-02  2.5004861E-02
   16.0000  3.6801980E-02  2.3850937E-02  2.4978772E-02
   16.2500  3.7121656E-02  2.3301341E-02  2.5127882E-02
   16.5000  3.7381729E-02  2.2910018E-02  2.5431643E-02
   16.7500  3.7555955E-02  2.2664849E-02  2.5868701E-02
   17.0000  3.7632395E-02  2.2555801E-02  2.6416123E-02
   17.2500  3.7619891E-02  2.2575017E-02  2.7050498E-02
   17.5000  3.7544849E-02  2.2715296E-02  2.7748191E-02
   17.7500  3.7443463E-02  2.2968601E-02  2.8485224E-02
   18.0000  3.7350376E-02  2.3325213E-02  2.9236935E-02
   18.2500  3.7289192E-02  2.3774109E-02  2.9980232E-02
   18.5000  3.7265804E-02  2.4301352E-02  3.0691593E-02
   18.7500  3.7269912E-02  2.4890839E-02  3.1347103E-02
   19.0000  3.7281417E-02  2.5525855E-02  3.1926542E-02
   19.2500  3.7272937E-02  2.6189139E-02  3.2409904E-02
   19.5000  3.7220714E-02  2.6865886E-02  3.2783282E-02
   19.7500  3.7107623E-02  2.7545318E-02  3.3036594E-02
   20.0000  3.6925262E-02  2.8222591E-02  3.3166432E-02
   21.0000  3.5667925E-02  3.0966026E-02  3.2602609E-02
   22.0000  3.4340271E-02  3.3889525E-02  3.1294627E-02
   23.0000  3.3524870E-02  3.6475531E-02  3.0578769E-02
   24.0000  3.2994214E-02  3.7744264E-02  3.0728563E-02
   25.0000  3.2573699E-02  3.7327239E-02  3.1472874E-02
   26.0000  3.2404723E-02  3.5675322E-02  3.2469246E-02
   27.0000  3.2648526E-02  3.3661852E-02  3.3254531E-02
   28.0000  3.3154835E-02  3.1979045E-02  3.3443752E-02
   29.0000  3.3350467E-02  3.0756321E-02  3.2818495E-02
   30.0000  3.2963904E-02  3.0083814E-02  3.1852123E-02
   31.0000  3.1777981E-02  2.9622665E-02  3.0649768E-02
   32.0000  3.0078043E-02  2.9238558E-02  2.9415047E-02
   33.0000  2.8198477E-02  2.8870251E-02  2.8231114E-02
   34.0000  2.6360980E-02  2.8503291E-02  2.7130395E-02
   35.0000  2.4661936E-02  2.8128140E-02  2.6114862E-02
   36.0000  2.3131102E-02  2.7737994E-02  2.5166295E-02
   37.0000  2.1782364E-02  2.7325778E-02  2.4256281E-02
   38.0000  2.0636978E-02  2.6868315E-02  2.3357098E-02
   39.0000  1.9728497E-02  2.6321558E-02  2.2468510E-02
   40.0000  1.9088185E-02  2.5618421E-02  2.1632271E-02
