  7709.000   27  1  1  1.9222038E-02 -4.4596724E+00 -2.8984373E-01  1  1  7.5663430E+03  8.0000000E+03  0.0000000E+00  1.1792254E+00  1.0000000E+00  0.0000000E+00  = E_edge, Z, n_edge, j_edge, Abs_before_edge, VO_interstitial, E_cut, ninit, ninit1, Epsii, UnitCell_Volume, Surface_ref, f0_forward, natomsym_f, abs_u_iso
    Energy   (100,001)      (010,001)      (001,110)   
  -25.0000  5.1950862E-09  1.2158101E-09  8.7984385E-10
  -24.0000  1.3703550E-08  3.0105760E-09  2.0917233E-09
  -23.0000  4.2747045E-08  8.7610977E-09  5.7630832E-09
  -22.0000  1.8103796E-07  3.4423037E-08  2.0837042E-08
  -21.0000  1.8044452E-06  3.2414933E-07  1.6687620E-07
  -20.0000  2.5589585E-05  2.0887784E-06  4.0480540E-06
  -19.0000  5.4454376E-06  1.2171991E-05  4.8942045E-05
  -18.0000  3.3222744E-06  2.1269518E-06  1.2919169E-06
  -17.0000  3.5370603E-06  9.2969667E-07  5.4235731E-07
  -16.0000  9.3336354E-06  1.2569550E-06  8.1371105E-07
  -15.0000  1.3391804E-04  2.7763596E-05  5.0469103E-06
  -14.0000  1.1324657E-05  2.0985316E-05  9.9754357E-06
  -13.0000  1.1403173E-06  2.6824284E-06  5.0795718E-06
  -12.0000  1.1009720E-05  3.2786955E-05  1.0279845E-04
  -11.0000  1.9720380E-05  1.2748155E-05  2.5157458E-05
  -10.0000  3.6322190E-04  5.8411099E-05  2.7672687E-05
  -9.00000  1.3899767E-02  5.6148599E-04  6.1780890E-05
  -8.00000  2.2854900E-04  7.0611156E-05  2.5109186E-05
  -7.00000  2.8886767E-03  1.6754453E-02  8.7495094E-03
  -6.00000  1.1154111E-03  5.6488888E-04  2.2650324E-04
  -5.00000  1.7911869E-03  4.7145438E-04  4.7343770E-03
  -4.00000  1.4243505E-03  1.4616047E-03  1.1569851E-03
  -3.00000  2.0545996E-03  1.0778632E-02  3.2859107E-03
  -2.00000  1.1726268E-03  1.8780540E-03  1.6969398E-03
  -1.00000  5.0268111E-04  7.5061288E-04  4.7587608E-04
   0.00000  1.2397747E-03  2.0224033E-03  1.9243097E-03
   1.00000  6.7769764E-04  5.5905958E-04  6.3951462E-04
   2.00000  4.4647346E-04  6.4216190E-04  4.3994789E-04
   3.00000  5.9826145E-04  9.2498417E-04  5.8246471E-04
   4.00000  9.1782754E-04  1.4491517E-03  9.6648519E-04
   5.00000  1.3572401E-03  2.5641642E-03  2.1436440E-03
   5.20000  1.4913310E-03  2.9955134E-03  2.5554081E-03
   5.40000  1.6644440E-03  3.5621962E-03  3.0967130E-03
   5.60000  1.8698549E-03  4.3125792E-03  3.8535268E-03
   5.80000  2.1107497E-03  5.3119035E-03  4.9440776E-03
   6.00000  2.3863874E-03  6.5970351E-03  6.5316836E-03
   6.20000  2.6653642E-03  8.1161218E-03  8.7532692E-03
   6.40000  2.9156530E-03  9.7746598E-03  1.1327916E-02
   6.60000  3.1698624E-03  1.1598388E-02  1.3164417E-02
   6.80000  3.4802697E-03  1.3862537E-02  1.3552407E-02
   7.00000  3.8624045E-03  1.6646873E-02  1.3017567E-02
   7.20000  4.3297505E-03  1.9641435E-02  1.2271750E-02
   7.40000  4.8744174E-03  2.1979348E-02  1.1521570E-02
   7.60000  5.4971522E-03  2.2558937E-02  1.0513593E-02
   7.80000  6.2217155E-03  2.1631258E-02  9.2185856E-03
   8.00000  7.1100932E-03  2.0886642E-02  8.0460340E-03
   8.20000  8.1946674E-03  2.1457930E-02  7.3515540E-03
   8.40000  9.4992753E-03  2.3593090E-02  7.1353222E-03
   8.60000  1.0940781E-02  2.6791273E-02  7.3222402E-03
   8.80000  1.2266527E-02  2.9734316E-02  7.8275950E-03
   9.00000  1.3138552E-02  3.0605050E-02  8.5827158E-03
   9.20000  1.3478434E-02  2.8634946E-02  9.5662297E-03
   9.40000  1.3618216E-02  2.4991765E-02  1.0819697E-02
   9.60000  1.3971244E-02  2.1378306E-02  1.2420138E-02
   9.80000  1.4775177E-02  1.8733556E-02  1.4454345E-02
   10.0000  1.6116889E-02  1.7272401E-02  1.7014404E-02
   10.2500  1.8578832E-02  1.6957600E-02  2.1112331E-02
   10.5000  2.1883312E-02  1.8036124E-02  2.6403233E-02
   10.7500  2.5903854E-02  2.0264047E-02  3.3035250E-02
   11.0000  3.0344402E-02  2.3489991E-02  4.0932106E-02
   11.2500  3.4673570E-02  2.7632200E-02  4.9530620E-02
   11.5000  3.8206942E-02  3.2691370E-02  5.7279133E-02
   11.7500  4.0307945E-02  3.8528925E-02  6.2769118E-02
   12.0000  4.0651520E-02  4.4937256E-02  6.4921584E-02
   12.2500  3.9440848E-02  5.1078108E-02  6.3620605E-02
   12.5000  3.7618558E-02  5.7245997E-02  6.0286096E-02
   12.7500  3.5880983E-02  6.2002291E-02  5.6021204E-02
   13.0000  3.4612165E-02  6.4457304E-02  5.1765293E-02
   13.2500  3.3908195E-02  6.4262985E-02  4.7951945E-02
   13.5000  3.3685149E-02  6.1775394E-02  4.4679321E-02
   13.7500  3.3762879E-02  5.7895449E-02  4.1879672E-02
   14.0000  3.4231206E-02  5.3380548E-02  3.9129029E-02
   14.2500  3.4226573E-02  4.9034321E-02  3.7100136E-02
   14.5000  3.4704501E-02  4.4965458E-02  3.5316057E-02
   14.7500  3.5223888E-02  4.1368571E-02  3.3780006E-02
   15.0000  3.5782387E-02  3.8275524E-02  3.2470706E-02
   15.2500  3.6377488E-02  3.5656942E-02  3.1376059E-02
   15.5000  3.7002860E-02  3.3463145E-02  3.0489522E-02
   15.7500  3.7647095E-02  3.1638271E-02  2.9803977E-02
   16.0000  3.8293372E-02  3.0136672E-02  2.9314022E-02
   16.2500  3.8918276E-02  2.8918225E-02  2.9008858E-02
   16.5000  3.9497720E-02  2.7950085E-02  2.8873567E-02
   16.7500  4.0011342E-02  2.7203528E-02  2.8889377E-02
   17.0000  4.0448755E-02  2.6653394E-02  2.9034598E-02
   17.2500  4.0816154E-02  2.6278174E-02  2.9289114E-02
   17.5000  4.1135631E-02  2.6057013E-02  2.9633456E-02
   17.7500  4.1438893E-02  2.5971759E-02  3.0052539E-02
   18.0000  4.1758748E-02  2.6004454E-02  3.0534285E-02
   18.2500  4.2120230E-02  2.6138756E-02  3.1070600E-02
   18.5000  4.2536253E-02  2.6358418E-02  3.1653592E-02
   18.7500  4.3005114E-02  2.6647667E-02  3.2274659E-02
   19.0000  4.3511252E-02  2.6992196E-02  3.2922689E-02
   19.2500  4.4029032E-02  2.7379535E-02  3.3582644E-02
   19.5000  4.4523323E-02  2.7798254E-02  3.4232776E-02
   19.7500  4.4957802E-02  2.8240186E-02  3.4851052E-02
   20.0000  4.5298257E-02  2.8699697E-02  3.5411955E-02
   21.0000  4.5246665E-02  3.0704473E-02  3.6666202E-02
   22.0000  4.3090533E-02  3.3095507E-02  3.6117119E-02
   23.0000  4.0541105E-02  3.5712714E-02  3.4913452E-02
   24.0000  3.8676650E-02  3.7734661E-02  3.4318617E-02
   25.0000  3.7453856E-02  3.8287241E-02  3.4445873E-02
   26.0000  3.6581042E-02  3.7319779E-02  3.4737762E-02
   27.0000  3.5773695E-02  3.5617975E-02  3.4670715E-02
   28.0000  3.4811977E-02  3.3925947E-02  3.4131743E-02
   29.0000  3.3443846E-02  3.2411089E-02  3.3179387E-02
   30.0000  3.1882277E-02  3.1231505E-02  3.2289211E-02
   31.0000  3.0107130E-02  3.0252886E-02  3.1382696E-02
   32.0000  2.8318708E-02  2.9407439E-02  3.0478294E-02
   33.0000  2.6677051E-02  2.8646464E-02  2.9575361E-02
   34.0000  2.5256361E-02  2.7930798E-02  2.8685111E-02
   35.0000  2.4070341E-02  2.7222397E-02  2.7813969E-02
   36.0000  2.3095791E-02  2.6475267E-02  2.6966952E-02
   37.0000  2.2305025E-02  2.5646568E-02  2.6142107E-02
   38.0000  2.1675213E-02  2.4715173E-02  2.5327060E-02
   39.0000  2.1160576E-02  2.3684573E-02  2.4513639E-02
   40.0000  2.0660826E-02  2.2585815E-02  2.3702143E-02
