  7709.000   27  1  1  1.9222038E-02 -4.3878046E+00 -2.8258713E-01  1  1  7.5661159E+03  8.0000000E+03  0.0000000E+00  1.1792254E+00  1.0000000E+00  0.0000000E+00  = E_edge, Z, n_edge, j_edge, Abs_before_edge, VO_interstitial, E_cut, ninit, ninit1, Epsii, UnitCell_Volume, Surface_ref, f0_forward, natomsym_f, abs_u_iso
    Energy   (100,001)      (010,001)      (001,110)   
  -25.0000  5.0616060E-09  1.5111160E-09  7.8556606E-10
  -24.0000  1.3705212E-08  3.9997384E-09  1.8774714E-09
  -23.0000  4.5034287E-08  1.3036799E-08  5.2787276E-09
  -22.0000  2.1849971E-07  6.5637237E-08  2.0668684E-08
  -21.0000  6.2567989E-06  2.3698814E-06  4.2484466E-07
  -20.0000  9.9811068E-05  5.7871189E-06  8.4627531E-06
  -19.0000  1.2142601E-03  8.8886414E-04  6.5519417E-03
  -18.0000  1.6351788E-06  4.3513075E-07  5.7772442E-07
  -17.0000  2.1626907E-06  4.6114365E-07  4.4747527E-07
  -16.0000  5.9443443E-06  9.0106885E-07  1.0598528E-06
  -15.0000  2.3149089E-04  4.0749330E-05  9.5740417E-05
  -14.0000  5.0576423E-06  7.0868581E-06  6.9691250E-06
  -13.0000  1.2336021E-06  1.6358456E-06  2.7052346E-06
  -12.0000  7.1860517E-06  9.9719991E-06  2.8973845E-05
  -11.0000  2.1649195E-05  1.0548087E-05  1.5317010E-05
  -10.0000  8.5371130E-04  3.0273623E-04  6.3790264E-05
  -9.00000  6.2121961E-04  6.5092615E-04  3.0160142E-05
  -8.00000  4.4836482E-05  1.6447655E-05  8.6669124E-06
  -7.00000  5.9858319E-04  1.0974172E-04  7.0254135E-05
  -6.00000  4.4065035E-04  1.6017494E-04  2.1107727E-04
  -5.00000  2.2100651E-01  2.5545092E-01  3.3941947E-02
  -4.00000  2.5476182E-02  2.5241666E-03  1.7242582E-02
  -3.00000  4.8319315E-03  2.5091294E-02  2.0816576E-03
  -2.00000  8.6054243E-04  1.2072092E-03  1.0628690E-03
  -1.00000  4.4039337E-04  6.3763738E-04  2.4854335E-04
   0.00000  7.7831216E-04  7.8588751E-03  5.2899505E-03
   1.00000  5.7311811E-04  6.5036469E-04  6.6327661E-04
   2.00000  4.6926939E-04  6.0591459E-04  4.8249356E-04
   3.00000  6.1109813E-04  8.2298403E-04  5.6749939E-04
   4.00000  9.1952339E-04  1.2599086E-03  8.1342532E-04
   5.00000  1.4616328E-03  2.0487956E-03  1.3948134E-03
   5.20000  1.6018577E-03  2.2848162E-03  1.5819542E-03
   5.40000  1.7510314E-03  2.5609037E-03  1.8021587E-03
   5.60000  1.9072219E-03  2.8868787E-03  2.0610373E-03
   5.80000  2.0678884E-03  3.2764247E-03  2.3658553E-03
   6.00000  2.2301912E-03  3.7489178E-03  2.7262475E-03
   6.20000  2.3932723E-03  4.3328222E-03  3.1551221E-03
   6.40000  2.5628459E-03  5.0739069E-03  3.6718119E-03
   6.60000  2.7621032E-03  6.0386037E-03  4.3051804E-03
   6.80000  3.0395258E-03  7.2969859E-03  5.0944624E-03
   7.00000  3.4496611E-03  8.8927142E-03  6.0879761E-03
   7.20000  4.0320394E-03  1.0853494E-02  7.3204431E-03
   7.40000  4.7736233E-03  1.3090285E-02  8.7264676E-03
   7.60000  5.5753190E-03  1.5466864E-02  1.0159311E-02
   7.80000  6.3472011E-03  1.7775983E-02  1.1457957E-02
   8.00000  7.0981317E-03  1.9737218E-02  1.2631264E-02
   8.20000  7.8695255E-03  2.1129682E-02  1.3884574E-02
   8.40000  8.7001428E-03  2.2124444E-02  1.5578027E-02
   8.60000  9.6369617E-03  2.3152778E-02  1.8009455E-02
   8.80000  1.0679960E-02  2.4508174E-02  2.1127636E-02
   9.00000  1.1860282E-02  2.5740953E-02  2.4524874E-02
   9.20000  1.3061854E-02  2.6360033E-02  2.7180529E-02
   9.40000  1.4233473E-02  2.6268695E-02  2.8085142E-02
   9.60000  1.5481490E-02  2.6253019E-02  2.7165675E-02
   9.80000  1.7013262E-02  2.7251271E-02  2.5526961E-02
   10.0000  1.8990615E-02  2.9635986E-02  2.4444652E-02
   10.2500  2.2219950E-02  3.4393680E-02  2.4829564E-02
   10.5000  2.6373389E-02  4.0578062E-02  2.7334429E-02
   10.7500  3.1703554E-02  4.7077271E-02  3.1965383E-02
   11.0000  3.7491141E-02  5.4014140E-02  3.7825980E-02
   11.2500  4.3469824E-02  6.0334604E-02  4.4457298E-02
   11.5000  4.8541900E-02  6.5570813E-02  5.0750770E-02
   11.7500  5.1398421E-02  6.9517081E-02  5.5372829E-02
   12.0000  5.1426444E-02  7.1944236E-02  5.7432978E-02
   12.2500  4.9283956E-02  7.2385673E-02  5.6912689E-02
   12.5000  4.6429419E-02  7.0122959E-02  5.4924631E-02
   12.7500  4.3882216E-02  6.5662464E-02  5.1962944E-02
   13.0000  4.1567414E-02  5.9630163E-02  4.8975269E-02
   13.2500  3.9757494E-02  5.3476944E-02  4.5942451E-02
   13.5000  3.8380634E-02  4.7896117E-02  4.3026911E-02
   13.7500  3.7350909E-02  4.3128701E-02  4.0330150E-02
   14.0000  3.6605685E-02  3.9166079E-02  3.7915844E-02
   14.2500  3.6134820E-02  3.5835545E-02  3.5383913E-02
   14.5000  3.5993799E-02  3.3800383E-02  3.3485276E-02
   14.7500  3.5838922E-02  3.1683586E-02  3.2034475E-02
   15.0000  3.5871026E-02  2.9950840E-02  3.0892839E-02
   15.2500  3.6058594E-02  2.8541954E-02  3.0030110E-02
   15.5000  3.6367743E-02  2.7409365E-02  2.9415910E-02
   15.7500  3.6763570E-02  2.6516405E-02  2.9023723E-02
   16.0000  3.7198870E-02  2.5830203E-02  2.8823301E-02
   16.2500  3.7633047E-02  2.5326267E-02  2.8793041E-02
   16.5000  3.8023064E-02  2.4982653E-02  2.8908852E-02
   16.7500  3.8330944E-02  2.4778494E-02  2.9146012E-02
   17.0000  3.8530292E-02  2.4694773E-02  2.9481390E-02
   17.2500  3.8612340E-02  2.4712705E-02  2.9892204E-02
   17.5000  3.8588987E-02  2.4813482E-02  3.0360501E-02
   17.7500  3.8489633E-02  2.4978551E-02  3.0872360E-02
   18.0000  3.8354666E-02  2.5188417E-02  3.1419408E-02
   18.2500  3.8226419E-02  2.5425303E-02  3.1998283E-02
   18.5000  3.8141435E-02  2.5673440E-02  3.2608792E-02
   18.7500  3.8126546E-02  2.5921044E-02  3.3252048E-02
   19.0000  3.8197095E-02  2.6160044E-02  3.3928025E-02
   19.2500  3.8358971E-02  2.6387374E-02  3.4635165E-02
   19.5000  3.8606940E-02  2.6603872E-02  3.5362097E-02
   19.7500  3.8931640E-02  2.6816063E-02  3.6097372E-02
   20.0000  3.9315543E-02  2.7033546E-02  3.6820477E-02
   21.0000  4.0844601E-02  2.8182023E-02  3.9010859E-02
   22.0000  4.0730526E-02  3.0158711E-02  3.8839985E-02
   23.0000  3.8886258E-02  3.2845487E-02  3.6796069E-02
   24.0000  3.7074074E-02  3.5393974E-02  3.4927385E-02
   25.0000  3.5739414E-02  3.6735347E-02  3.3909653E-02
   26.0000  3.4360391E-02  3.6298550E-02  3.3210525E-02
   27.0000  3.3509503E-02  3.4799369E-02  3.2802893E-02
   28.0000  3.2926005E-02  3.2884650E-02  3.2335914E-02
   29.0000  3.2539639E-02  3.1075115E-02  3.1803339E-02
   30.0000  3.2044429E-02  2.9596655E-02  3.1227950E-02
   31.0000  3.1211936E-02  2.8502221E-02  3.0607837E-02
   32.0000  3.0037447E-02  2.7731727E-02  2.9941584E-02
   33.0000  2.8621523E-02  2.7179029E-02  2.9252148E-02
   34.0000  2.7080340E-02  2.6759023E-02  2.8566561E-02
   35.0000  2.5537483E-02  2.6406218E-02  2.7909248E-02
   36.0000  2.4115710E-02  2.6057624E-02  2.7272654E-02
   37.0000  2.2920740E-02  2.5644115E-02  2.6604345E-02
   38.0000  2.2022480E-02  2.5101671E-02  2.5824274E-02
   39.0000  2.1419578E-02  2.4401776E-02  2.4865046E-02
   40.0000  2.1015283E-02  2.3566838E-02  2.3712360E-02
