  7709.000   27  1  1  1.9222038E-02 -4.6351458E+00 -2.6801338E-01  1  1  7.5661852E+03  8.0000000E+03  0.0000000E+00  1.1792254E+00  1.0000000E+00  0.0000000E+00  = E_edge, Z, n_edge, j_edge, Abs_before_edge, VO_interstitial, E_cut, ninit, ninit1, Epsii, UnitCell_Volume, Surface_ref, f0_forward, natomsym_f, abs_u_iso
    Energy   (100,001)      (010,001)      (001,110)   
  -25.0000  5.7266791E-09  1.3695189E-09  9.8354271E-10
  -24.0000  1.5271451E-08  3.4611160E-09  2.3410337E-09
  -23.0000  4.8697175E-08  1.0473178E-08  6.4646368E-09
  -22.0000  2.1841866E-07  4.5212790E-08  2.3570481E-08
  -21.0000  3.1208376E-06  6.7595334E-07  2.2374740E-07
  -20.0000  1.9033677E-04  2.3633183E-06  2.7965118E-05
  -19.0000  3.6733597E-06  5.0881925E-06  1.2259621E-05
  -18.0000  2.7684005E-06  1.1275148E-06  9.5775647E-07
  -17.0000  3.3677006E-06  7.1166528E-07  5.7486023E-07
  -16.0000  9.6199508E-06  1.0564021E-06  1.0655157E-06
  -15.0000  1.3307366E-02  3.8947489E-03  1.6882658E-03
  -14.0000  4.6757379E-06  8.1709768E-06  5.7762801E-06
  -13.0000  1.4348281E-06  2.9308587E-06  5.9279794E-06
  -12.0000  7.4598886E-05  1.4569123E-04  8.8267241E-04
  -11.0000  2.1942735E-05  1.0041315E-05  1.5429545E-05
  -10.0000  6.7649998E-04  5.7699170E-05  2.2909316E-04
  -9.00000  2.8707492E-03  1.0131627E-03  8.0676696E-05
  -8.00000  8.2797197E-04  8.7410420E-04  5.7963078E-05
  -7.00000  9.2304967E-04  3.5360753E-04  1.4034371E-04
  -6.00000  9.7037802E-04  5.8835987E-04  2.2869941E-04
  -5.00000  9.0466490E-04  4.5542116E-04  1.4387337E-03
  -4.00000  6.1710637E-03  2.6572658E-03  4.2034041E-03
  -3.00000  1.5608549E-02  8.4092355E-02  1.6336550E-02
  -2.00000  9.1355650E-04  1.6287126E-03  1.1566326E-03
  -1.00000  5.0246766E-04  6.7975339E-04  4.6214203E-04
   0.00000  1.3325340E-03  2.3237368E-03  9.6564862E-04
   1.00000  6.4301506E-04  6.8294650E-04  8.7959892E-04
   2.00000  4.4104514E-04  6.7707567E-04  4.5121087E-04
   3.00000  5.8848089E-04  9.6049504E-04  5.5228085E-04
   4.00000  8.8349428E-04  1.4068605E-03  8.6379571E-04
   5.00000  1.4625606E-03  2.4318862E-03  1.7442170E-03
   5.20000  1.6866642E-03  2.7981671E-03  2.0911546E-03
   5.40000  1.9737835E-03  3.2571850E-03  2.5594288E-03
   5.60000  2.3542298E-03  3.8437726E-03  3.2045556E-03
   5.80000  2.8502282E-03  4.5927385E-03  4.0931598E-03
   6.00000  3.4157416E-03  5.5003442E-03  5.2646902E-03
   6.20000  3.9084066E-03  6.4727933E-03  6.6476861E-03
   6.40000  4.2406170E-03  7.3987501E-03  7.9921035E-03
   6.60000  4.5004679E-03  8.3740337E-03  8.9940087E-03
   6.80000  4.8190914E-03  9.7280035E-03  9.5576475E-03
   7.00000  5.2709501E-03  1.1761579E-02  9.7332698E-03
   7.20000  5.8591566E-03  1.4544024E-02  9.5894794E-03
   7.40000  6.5986607E-03  1.7926305E-02  9.1590768E-03
   7.60000  7.5244410E-03  2.1476700E-02  8.5489929E-03
   7.80000  8.7093583E-03  2.4472475E-02  7.8743039E-03
   8.00000  1.0265331E-02  2.6389058E-02  7.3037042E-03
   8.20000  1.2352920E-02  2.7513833E-02  7.0134696E-03
   8.40000  1.5031136E-02  2.8143656E-02  7.1123374E-03
   8.60000  1.8115472E-02  2.8415175E-02  7.5639557E-03
   8.80000  2.0783394E-02  2.7785961E-02  8.3036921E-03
   9.00000  2.1942217E-02  2.5951610E-02  9.2901463E-03
   9.20000  2.1524794E-02  2.3664579E-02  1.0561622E-02
   9.40000  2.0610294E-02  2.2038474E-02  1.2207837E-02
   9.60000  2.0168316E-02  2.1591925E-02  1.4319440E-02
   9.80000  2.0591344E-02  2.2345275E-02  1.6980796E-02
   10.0000  2.1933275E-02  2.4168629E-02  2.0285404E-02
   10.2500  2.4784212E-02  2.7751550E-02  2.5487552E-02
   10.5000  2.8651354E-02  3.2590924E-02  3.2084324E-02
   10.7500  3.3025043E-02  3.8518314E-02  4.0196960E-02
   11.0000  3.7159566E-02  4.5364547E-02  4.9617857E-02
   11.2500  4.0180964E-02  5.2656633E-02  5.9260831E-02
   11.5000  4.1402601E-02  6.0227529E-02  6.7667645E-02
   11.7500  4.0894555E-02  6.7021248E-02  7.3361011E-02
   12.0000  3.9043551E-02  7.1497980E-02  7.4517261E-02
   12.2500  3.7035183E-02  7.1877896E-02  7.1590130E-02
   12.5000  3.5484934E-02  6.9416278E-02  6.6616394E-02
   12.7500  3.4603536E-02  6.4529334E-02  6.0864280E-02
   13.0000  3.4442110E-02  5.9178528E-02  5.4927319E-02
   13.2500  3.4273332E-02  5.3312372E-02  4.9869383E-02
   13.5000  3.4300932E-02  4.8462797E-02  4.5335355E-02
   13.7500  3.4297434E-02  4.2806373E-02  4.0985565E-02
   14.0000  3.4151035E-02  3.8945549E-02  3.7894287E-02
   14.2500  3.4010931E-02  3.5718706E-02  3.5217278E-02
   14.5000  3.3912131E-02  3.3058988E-02  3.2938498E-02
   14.7500  3.3877936E-02  3.0873536E-02  3.1006792E-02
   15.0000  3.3922165E-02  2.9079754E-02  2.9385419E-02
   15.2500  3.4050711E-02  2.7609801E-02  2.8048186E-02
   15.5000  3.4265829E-02  2.6412103E-02  2.6975430E-02
   15.7500  3.4565772E-02  2.5442112E-02  2.6148844E-02
   16.0000  3.4941959E-02  2.4671606E-02  2.5551838E-02
   16.2500  3.5379178E-02  2.4079519E-02  2.5165275E-02
   16.5000  3.5855735E-02  2.3650065E-02  2.4968322E-02
   16.7500  3.6347217E-02  2.3370622E-02  2.4938907E-02
   17.0000  3.6835412E-02  2.3230511E-02  2.5054917E-02
   17.2500  3.7314330E-02  2.3219301E-02  2.5296009E-02
   17.5000  3.7791280E-02  2.3326367E-02  2.5643500E-02
   17.7500  3.8284726E-02  2.3540850E-02  2.6082563E-02
   18.0000  3.8813626E-02  2.3849994E-02  2.6600386E-02
   18.2500  3.9389514E-02  2.4240827E-02  2.7185324E-02
   18.5000  4.0007650E-02  2.4699026E-02  2.7826195E-02
   18.7500  4.0647113E-02  2.5208047E-02  2.8510611E-02
   19.0000  4.1274367E-02  2.5751918E-02  2.9227052E-02
   19.2500  4.1851607E-02  2.6313414E-02  2.9961086E-02
   19.5000  4.2343159E-02  2.6877925E-02  3.0700878E-02
   19.7500  4.2721211E-02  2.7433083E-02  3.1432181E-02
   20.0000  4.2967846E-02  2.7970764E-02  3.2139426E-02
   21.0000  4.2549946E-02  2.9957507E-02  3.4344012E-02
   22.0000  4.0410355E-02  3.2028068E-02  3.4772765E-02
   23.0000  3.8187695E-02  3.4436618E-02  3.3941816E-02
   24.0000  3.6929891E-02  3.6569017E-02  3.3353555E-02
   25.0000  3.6400953E-02  3.7420872E-02  3.3490949E-02
   26.0000  3.6018728E-02  3.6668919E-02  3.4003429E-02
   27.0000  3.5382727E-02  3.4967873E-02  3.4369124E-02
   28.0000  3.4480171E-02  3.3171588E-02  3.4341254E-02
   29.0000  3.3270236E-02  3.1626656E-02  3.3811001E-02
   30.0000  3.2016118E-02  3.0603935E-02  3.3216669E-02
   31.0000  3.0514534E-02  2.9931689E-02  3.2469091E-02
   32.0000  2.8899304E-02  2.9453706E-02  3.1647333E-02
   33.0000  2.7324685E-02  2.9052388E-02  3.0813824E-02
   34.0000  2.5889133E-02  2.8676895E-02  3.0008876E-02
   35.0000  2.4632643E-02  2.8294532E-02  2.9248392E-02
   36.0000  2.3571076E-02  2.7863561E-02  2.8523045E-02
   37.0000  2.2721412E-02  2.7328982E-02  2.7788987E-02
   38.0000  2.2103047E-02  2.6629118E-02  2.6986735E-02
   39.0000  2.1692533E-02  2.5732331E-02  2.6090467E-02
   40.0000  2.1383796E-02  2.4652439E-02  2.5123720E-02
