  7709.000   27  1  1  1.9222038E-02 -4.5001248E+00 -2.6637957E-01  1  1  7.5662962E+03  8.0000000E+03  0.0000000E+00  1.1792254E+00  1.0000000E+00  0.0000000E+00  = E_edge, Z, n_edge, j_edge, Abs_before_edge, VO_interstitial, E_cut, ninit, ninit1, Epsii, UnitCell_Volume, Surface_ref, f0_forward, natomsym_f, abs_u_iso
    Energy   (100,001)      (010,001)      (001,110)   
  -25.0000  4.5671982E-09  1.0905836E-09  7.1254529E-10
  -24.0000  1.1949780E-08  2.7075068E-09  1.6431187E-09
  -23.0000  3.6984177E-08  7.9592571E-09  4.3137692E-09
  -22.0000  1.5605261E-07  3.2162075E-08  1.4247744E-08
  -21.0000  1.6360957E-06  3.3756822E-07  9.2426870E-08
  -20.0000  1.6743536E-05  1.8868369E-06  1.1402606E-06
  -19.0000  8.3513133E-06  1.5754012E-05  4.8512338E-05
  -18.0000  2.2296930E-06  5.9205352E-07  8.5613312E-07
  -17.0000  2.5844822E-06  4.4926976E-07  5.1617472E-07
  -16.0000  6.6895187E-06  7.3040452E-07  9.1020692E-07
  -15.0000  2.0856253E-04  5.4336549E-05  7.7743300E-05
  -14.0000  1.9359725E-05  1.9997840E-05  2.8359189E-05
  -13.0000  1.3171249E-06  2.1541489E-06  3.4141109E-06
  -12.0000  1.4322937E-05  4.9085947E-05  8.4195008E-05
  -11.0000  1.9737471E-05  9.3920714E-06  1.6586183E-05
  -10.0000  2.7403581E-04  5.9495871E-05  2.2001842E-05
  -9.00000  6.8896231E-03  1.8606941E-03  8.6418245E-05
  -8.00000  9.7847168E-05  3.2220973E-05  5.9255414E-06
  -7.00000  1.8391547E-03  3.6150413E-04  2.1773254E-04
  -6.00000  9.8745742E-04  2.3605783E-04  2.7071318E-04
  -5.00000  2.3948394E-03  5.8707105E-04  3.9494808E-03
  -4.00000  3.2278551E-03  1.1183228E-03  2.0769105E-03
  -3.00000  2.7608438E-03  3.2660756E-03  1.8725009E-03
  -2.00000  2.0015291E-03  2.3899781E-03  2.1805330E-03
  -1.00000  5.0365297E-04  7.3173386E-04  4.7147505E-04
   0.00000  1.4262753E-03  1.1831868E-02  2.7153337E-03
   1.00000  4.8754178E-04  6.9409663E-04  5.3305545E-04
   2.00000  4.3502544E-04  6.4982726E-04  4.0060956E-04
   3.00000  6.0795588E-04  8.9228342E-04  5.2666019E-04
   4.00000  9.5938781E-04  1.3708548E-03  8.3905314E-04
   5.00000  1.5910622E-03  2.2993827E-03  1.6095367E-03
   5.20000  1.7590557E-03  2.6002458E-03  1.8666365E-03
   5.40000  1.9420675E-03  2.9641379E-03  2.1734725E-03
   5.60000  2.1380640E-03  3.4210767E-03  2.5425685E-03
   5.80000  2.3536689E-03  4.0060313E-03  2.9883553E-03
   6.00000  2.6095186E-03  4.7792644E-03  3.5325444E-03
   6.20000  2.9668053E-03  5.8220354E-03  4.2084814E-03
   6.40000  3.5351338E-03  7.2083004E-03  5.0688317E-03
   6.60000  4.3340495E-03  8.9375920E-03  6.1804815E-03
   6.80000  5.1628402E-03  1.0945648E-02  7.5873927E-03
   7.00000  5.8898341E-03  1.3208389E-02  9.2806321E-03
   7.20000  6.6202423E-03  1.5707172E-02  1.1145306E-02
   7.40000  7.4968351E-03  1.8227589E-02  1.2957213E-02
   7.60000  8.6268535E-03  2.0389311E-02  1.4488972E-02
   7.80000  1.0123069E-02  2.1904234E-02  1.5614985E-02
   8.00000  1.2145308E-02  2.2758073E-02  1.6120268E-02
   8.20000  1.4895677E-02  2.3289559E-02  1.5794195E-02
   8.40000  1.8425324E-02  2.3969001E-02  1.5140877E-02
   8.60000  2.2035833E-02  2.4728435E-02  1.4923718E-02
   8.80000  2.3973949E-02  2.4498419E-02  1.5251090E-02
   9.00000  2.3078398E-02  2.3337047E-02  1.5499214E-02
   9.20000  2.0579399E-02  2.2381322E-02  1.5523325E-02
   9.40000  1.8364594E-02  2.2453981E-02  1.5720667E-02
   9.60000  1.7209875E-02  2.3660014E-02  1.6418032E-02
   9.80000  1.7130963E-02  2.5895101E-02  1.7729758E-02
   10.0000  1.7965587E-02  2.9064570E-02  1.9672984E-02
   10.2500  2.0076991E-02  3.4195237E-02  2.2992858E-02
   10.5000  2.3151547E-02  4.0364923E-02  2.7329222E-02
   10.7500  2.6872394E-02  4.7151376E-02  3.2713221E-02
   11.0000  3.1076068E-02  5.3516370E-02  3.9128641E-02
   11.2500  3.4384199E-02  5.9730393E-02  4.6098416E-02
   11.5000  3.6668381E-02  6.4783628E-02  5.2923208E-02
   11.7500  3.7605842E-02  6.8045729E-02  5.8299166E-02
   12.0000  3.7515462E-02  6.8471581E-02  5.9933679E-02
   12.2500  3.6415948E-02  6.6378603E-02  5.9877995E-02
   12.5000  3.5199579E-02  6.2303241E-02  5.7789198E-02
   12.7500  3.4272572E-02  5.7233008E-02  5.4675818E-02
   13.0000  3.3757800E-02  5.2021526E-02  5.1275017E-02
   13.2500  3.3602231E-02  4.7178331E-02  4.7956983E-02
   13.5000  3.3690045E-02  4.2915489E-02  4.4859038E-02
   13.7500  3.4111965E-02  3.9725336E-02  4.1949401E-02
   14.0000  3.4462082E-02  3.6587911E-02  3.8759817E-02
   14.2500  3.4901700E-02  3.4005630E-02  3.6452502E-02
   14.5000  3.5142621E-02  3.1900678E-02  3.4463003E-02
   14.7500  3.5404826E-02  3.0143390E-02  3.2782498E-02
   15.0000  3.5700311E-02  2.8682732E-02  3.1399560E-02
   15.2500  3.6038069E-02  2.7476866E-02  3.0297533E-02
   15.5000  3.6420838E-02  2.6494424E-02  2.9457659E-02
   15.7500  3.6834489E-02  2.5706109E-02  2.8857756E-02
   16.0000  3.7262447E-02  2.5092294E-02  2.8478098E-02
   16.2500  3.7675299E-02  2.4636572E-02  2.8295646E-02
   16.5000  3.8039438E-02  2.4326380E-02  2.8286316E-02
   16.7500  3.8324282E-02  2.4149370E-02  2.8425010E-02
   17.0000  3.8511701E-02  2.4094324E-02  2.8686102E-02
   17.2500  3.8602797E-02  2.4150250E-02  2.9045810E-02
   17.5000  3.8619577E-02  2.4304935E-02  2.9483008E-02
   17.7500  3.8600101E-02  2.4544752E-02  2.9981841E-02
   18.0000  3.8586899E-02  2.4852877E-02  3.0529561E-02
   18.2500  3.8617975E-02  2.5211432E-02  3.1117831E-02
   18.5000  3.8719795E-02  2.5602177E-02  3.1740498E-02
   18.7500  3.8904850E-02  2.6008059E-02  3.2392088E-02
   19.0000  3.9171833E-02  2.6415841E-02  3.3064973E-02
   19.2500  3.9511592E-02  2.6818846E-02  3.3751566E-02
   19.5000  3.9905614E-02  2.7214259E-02  3.4438554E-02
   19.7500  4.0336853E-02  2.7605973E-02  3.5112741E-02
   20.0000  4.0784426E-02  2.8001569E-02  3.5755725E-02
   21.0000  4.2270170E-02  2.9815468E-02  3.7567476E-02
   22.0000  4.2323486E-02  3.2161347E-02  3.7398143E-02
   23.0000  4.0996634E-02  3.4499259E-02  3.6022163E-02
   24.0000  3.9289522E-02  3.5868729E-02  3.5043103E-02
   25.0000  3.7749060E-02  3.5724672E-02  3.4795536E-02
   26.0000  3.6519442E-02  3.4344352E-02  3.4761095E-02
   27.0000  3.5367123E-02  3.2522743E-02  3.4252910E-02
   28.0000  3.4729323E-02  3.1012346E-02  3.3506878E-02
   29.0000  3.4044650E-02  2.9937395E-02  3.2459473E-02
   30.0000  3.3017272E-02  2.9212540E-02  3.1279998E-02
   31.0000  3.1577748E-02  2.8698918E-02  3.0080537E-02
   32.0000  2.9872852E-02  2.8307176E-02  2.8925140E-02
   33.0000  2.8075592E-02  2.7991752E-02  2.7851666E-02
   34.0000  2.6304160E-02  2.7743103E-02  2.6899949E-02
   35.0000  2.4625393E-02  2.7541506E-02  2.6098442E-02
   36.0000  2.3090145E-02  2.7343477E-02  2.5452478E-02
   37.0000  2.1744239E-02  2.7072345E-02  2.4919384E-02
   38.0000  2.0625160E-02  2.6639457E-02  2.4430352E-02
   39.0000  1.9744430E-02  2.5974495E-02  2.3918265E-02
   40.0000  1.9085669E-02  2.5058232E-02  2.3344121E-02
