  7709.000   27  1  1  1.9222038E-02 -4.6912609E+00 -3.2349641E-01  1  1  7.5660356E+03  8.0000000E+03  0.0000000E+00  1.1792254E+00  1.0000000E+00  0.0000000E+00  = E_edge, Z, n_edge, j_edge, Abs_before_edge, VO_interstitial, E_cut, ninit, ninit1, Epsii, UnitCell_Volume, Surface_ref, f0_forward, natomsym_f, abs_u_iso
    Energy   (100,001)      (010,001)      (001,110)   
  -25.0000  5.0181755E-09  1.6609992E-09  7.5693345E-10
  -24.0000  1.3558928E-08  4.4447851E-09  1.7532251E-09
  -23.0000  4.4550235E-08  1.4748692E-08  4.6789291E-09
  -22.0000  2.1822247E-07  7.6895310E-08  1.6520169E-08
  -21.0000  6.9985676E-06  3.1370799E-06  2.6793603E-07
  -20.0000  1.1371763E-04  6.3570764E-06  3.9884978E-06
  -19.0000  2.5112394E-06  4.0932117E-06  1.3376499E-05
  -18.0000  1.5309771E-06  4.5523317E-07  4.7162230E-07
  -17.0000  1.9531612E-06  4.9996533E-07  3.3280888E-07
  -16.0000  5.1022873E-06  9.8632716E-07  5.7703942E-07
  -15.0000  1.4570454E-04  4.5983178E-05  1.9274792E-05
  -14.0000  4.4960830E-06  7.3307045E-06  6.3635784E-06
  -13.0000  1.4398614E-06  1.8157784E-06  2.6441782E-06
  -12.0000  6.8726468E-06  1.4754566E-05  3.2526797E-05
  -11.0000  2.3987133E-05  1.4829008E-05  2.4622993E-05
  -10.0000  2.3935589E-03  1.8790003E-03  2.2581213E-04
  -9.00000  9.2596426E-04  3.6063624E-05  1.1063945E-04
  -8.00000  2.1643892E-04  1.5260732E-04  1.9064355E-05
  -7.00000  6.2834653E-04  1.9435929E-04  4.5454569E-05
  -6.00000  3.9792830E-04  1.6434355E-04  2.1590329E-04
  -5.00000  3.2242181E-02  1.0408113E-03  1.5509633E-02
  -4.00000  5.3469747E-03  2.2513702E-03  8.0935447E-03
  -3.00000  6.9724384E-03  5.8838417E-02  3.3746242E-03
  -2.00000  3.4363191E-03  2.1767350E-03  3.1144227E-03
  -1.00000  5.9903533E-04  9.3939328E-04  3.8296959E-04
   0.00000  8.9083071E-04  1.1555312E-03  1.0054173E-03
   1.00000  5.2879331E-04  1.1132161E-03  7.4539351E-04
   2.00000  4.6684034E-04  6.2664954E-04  4.9711406E-04
   3.00000  6.1613318E-04  7.9194832E-04  5.7408398E-04
   4.00000  9.3737521E-04  1.1901516E-03  8.2157146E-04
   5.00000  1.5289458E-03  1.9227113E-03  1.4143717E-03
   5.20000  1.6832029E-03  2.1312177E-03  1.6009251E-03
   5.40000  1.8469139E-03  2.3669514E-03  1.8165735E-03
   5.60000  2.0178788E-03  2.6340069E-03  2.0647881E-03
   5.80000  2.1932968E-03  2.9383040E-03  2.3505065E-03
   6.00000  2.3704576E-03  3.2857707E-03  2.6792562E-03
   6.20000  2.5478327E-03  3.6864852E-03  3.0594901E-03
   6.40000  2.7291183E-03  4.1565145E-03  3.5023090E-03
   6.60000  2.9356118E-03  4.7208405E-03  4.0181799E-03
   6.80000  3.2276959E-03  5.4160618E-03  4.6119752E-03
   7.00000  3.7055225E-03  6.2911435E-03  5.2818789E-03
   7.20000  4.4401917E-03  7.3924191E-03  6.0401189E-03
   7.40000  5.3899785E-03  8.7265326E-03  6.9218966E-03
   7.60000  6.3829614E-03  1.0226344E-02  7.9541624E-03
   7.80000  7.2818136E-03  1.1808746E-02  9.1634945E-03
   8.00000  8.1069342E-03  1.3429048E-02  1.0563793E-02
   8.20000  8.9908370E-03  1.5046284E-02  1.2228001E-02
   8.40000  1.0063115E-02  1.6612978E-02  1.4342818E-02
   8.60000  1.1452605E-02  1.8167997E-02  1.7199835E-02
   8.80000  1.3290308E-02  1.9825218E-02  2.1030333E-02
   9.00000  1.5659577E-02  2.1622881E-02  2.5618894E-02
   9.20000  1.8450882E-02  2.3407591E-02  2.9713574E-02
   9.40000  2.1279969E-02  2.4630210E-02  3.1284856E-02
   9.60000  2.3577909E-02  2.4946759E-02  2.9585061E-02
   9.80000  2.5073844E-02  2.4435797E-02  2.6318269E-02
   10.0000  2.5965434E-02  2.3631786E-02  2.3462832E-02
   10.2500  2.6833663E-02  2.3078917E-02  2.1631085E-02
   10.5000  2.8006401E-02  2.3561321E-02  2.1741014E-02
   10.7500  2.9792829E-02  2.5171910E-02  2.3491407E-02
   11.0000  3.2246118E-02  2.7778364E-02  2.6653041E-02
   11.2500  3.6284928E-02  3.1414755E-02  3.1202246E-02
   11.5000  3.9252759E-02  3.5225045E-02  3.6753671E-02
   11.7500  4.1920352E-02  3.9308929E-02  4.3072452E-02
   12.0000  4.3552302E-02  4.3305479E-02  4.9671074E-02
   12.2500  4.4355754E-02  4.8062705E-02  5.5105371E-02
   12.5000  4.3817511E-02  5.2867546E-02  5.8768871E-02
   12.7500  4.2387615E-02  5.8229398E-02  5.9458573E-02
   13.0000  4.0587251E-02  6.2205901E-02  5.8274839E-02
   13.2500  3.8777271E-02  6.3950209E-02  5.5343573E-02
   13.5000  3.7175844E-02  6.2923754E-02  5.1548593E-02
   13.7500  3.5858488E-02  5.9656972E-02  4.7615688E-02
   14.0000  3.5076119E-02  5.4266896E-02  4.3692267E-02
   14.2500  3.4445612E-02  4.9578791E-02  4.0313311E-02
   14.5000  3.3785172E-02  4.5341278E-02  3.7646487E-02
   14.7500  3.3367702E-02  4.1562843E-02  3.5487106E-02
   15.0000  3.3173724E-02  3.8301619E-02  3.3777422E-02
   15.2500  3.3174390E-02  3.5542106E-02  3.2456915E-02
   15.5000  3.3336683E-02  3.3239398E-02  3.1471518E-02
   15.7500  3.3621369E-02  3.1339458E-02  3.0767818E-02
   16.0000  3.3990854E-02  2.9791020E-02  3.0305106E-02
   16.2500  3.4406598E-02  2.8545846E-02  3.0045698E-02
   16.5000  3.4831650E-02  2.7561471E-02  2.9957908E-02
   16.7500  3.5230954E-02  2.6800994E-02  3.0012571E-02
   17.0000  3.5574203E-02  2.6231416E-02  3.0183068E-02
   17.2500  3.5838905E-02  2.5823531E-02  3.0444252E-02
   17.5000  3.6013726E-02  2.5550396E-02  3.0772361E-02
   17.7500  3.6100656E-02  2.5387592E-02  3.1146221E-02
   18.0000  3.6116586E-02  2.5313539E-02  3.1549487E-02
   18.2500  3.6090028E-02  2.5310280E-02  3.1972630E-02
   18.5000  3.6055184E-02  2.5361603E-02  3.2410536E-02
   18.7500  3.6047499E-02  2.5453863E-02  3.2863168E-02
   19.0000  3.6098948E-02  2.5578137E-02  3.3336882E-02
   19.2500  3.6232583E-02  2.5727880E-02  3.3834743E-02
   19.5000  3.6462793E-02  2.5900376E-02  3.4362795E-02
   19.7500  3.6794282E-02  2.6095832E-02  3.4922276E-02
   20.0000  3.7222557E-02  2.6316692E-02  3.5509465E-02
   21.0000  3.9472737E-02  2.7529208E-02  3.7827622E-02
   22.0000  4.0773114E-02  2.9484747E-02  3.8738520E-02
   23.0000  3.9632135E-02  3.2395064E-02  3.7272590E-02
   24.0000  3.7606480E-02  3.5942624E-02  3.5005800E-02
   25.0000  3.6157546E-02  3.9064622E-02  3.3384735E-02
   26.0000  3.5359662E-02  4.0567136E-02  3.2503244E-02
   27.0000  3.4624423E-02  3.9879141E-02  3.1847660E-02
   28.0000  3.4452539E-02  3.7989909E-02  3.1470795E-02
   29.0000  3.4242856E-02  3.5575560E-02  3.1018822E-02
   30.0000  3.3878493E-02  3.3317708E-02  3.0545187E-02
   31.0000  3.3229419E-02  3.1534614E-02  3.0100991E-02
   32.0000  3.2243165E-02  3.0273540E-02  2.9689820E-02
   33.0000  3.0953069E-02  2.9434862E-02  2.9290328E-02
   34.0000  2.9422835E-02  2.8901665E-02  2.8901254E-02
   35.0000  2.7733444E-02  2.8569496E-02  2.8531099E-02
   36.0000  2.5993757E-02  2.8348143E-02  2.8180676E-02
   37.0000  2.4318414E-02  2.8146946E-02  2.7820755E-02
   38.0000  2.2818619E-02  2.7879235E-02  2.7390623E-02
   39.0000  2.1586977E-02  2.7484797E-02  2.6832325E-02
   40.0000  2.0682811E-02  2.6939051E-02  2.6116924E-02
