  7709.000   27  1  1  1.9222038E-02 -4.7520966E+00 -2.8070442E-01  1  1  7.5662644E+03  8.0000000E+03  0.0000000E+00  1.1792254E+00  1.0000000E+00  0.0000000E+00  = E_edge, Z, n_edge, j_edge, Abs_before_edge, VO_interstitial, E_cut, ninit, ninit1, Epsii, UnitCell_Volume, Surface_ref, f0_forward, natomsym_f, abs_u_iso
    Energy   (100,001)      (010,001)      (001,110)   
  -25.0000  5.8090011E-09  1.5257957E-09  8.4078361E-10
  -24.0000  1.5571587E-08  3.9702480E-09  1.9571489E-09
  -23.0000  4.9954454E-08  1.2504769E-08  5.2070096E-09
  -22.0000  2.2423545E-07  5.7153010E-08  1.7626531E-08
  -21.0000  2.8282659E-06  9.1009086E-07  1.2892631E-07
  -20.0000  4.3719311E-05  2.9181138E-06  1.8150710E-06
  -19.0000  3.6286319E-06  1.1663813E-05  1.8069929E-05
  -18.0000  2.0303243E-06  6.2567724E-07  6.4301858E-07
  -17.0000  2.6473747E-06  6.3138449E-07  4.3515539E-07
  -16.0000  6.9672274E-06  1.3203562E-06  6.6842927E-07
  -15.0000  1.0422842E-03  2.2346504E-05  2.8637454E-05
  -14.0000  1.6670568E-05  2.1986645E-05  2.1485429E-05
  -13.0000  1.4180920E-06  2.7556645E-06  4.2840843E-06
  -12.0000  8.1752606E-06  3.0774664E-05  9.2271913E-05
  -11.0000  2.8582260E-05  1.3616849E-05  1.4087556E-05
  -10.0000  6.9300563E-04  1.1243267E-04  4.6096676E-05
  -9.00000  1.1340636E-03  1.4973773E-04  1.7884863E-05
  -8.00000  1.4721741E-04  3.6408475E-05  1.0641555E-05
  -7.00000  2.0399075E-03  4.0275898E-04  4.9344468E-05
  -6.00000  9.6445839E-04  3.3531959E-04  3.6472933E-04
  -5.00000  2.0227789E-03  1.7779084E-03  2.0178308E-02
  -4.00000  2.5832288E-03  9.4510360E-04  1.8239467E-03
  -3.00000  1.3253504E-02  5.6930598E-03  8.9642916E-03
  -2.00000  1.9720476E-03  3.9985417E-03  2.8309975E-03
  -1.00000  7.0177693E-04  9.3068390E-04  6.5161327E-04
   0.00000  2.1127741E-03  1.5113868E-03  2.1108065E-03
   1.00000  9.7195218E-04  5.2651329E-04  8.8135297E-04
   2.00000  4.2723311E-04  5.3657857E-04  3.5802964E-04
   3.00000  5.5456898E-04  7.9442811E-04  4.5884944E-04
   4.00000  8.5634046E-04  1.3056963E-03  7.1396821E-04
   5.00000  1.3910825E-03  2.4452419E-03  1.3314250E-03
   5.20000  1.5270104E-03  2.8353985E-03  1.5393134E-03
   5.40000  1.6717865E-03  3.3118101E-03  1.7912545E-03
   5.60000  1.8284922E-03  3.9198695E-03  2.1014731E-03
   5.80000  2.0114720E-03  4.7039883E-03  2.4904309E-03
   6.00000  2.2608631E-03  5.7402924E-03  2.9897700E-03
   6.20000  2.6650278E-03  7.1225196E-03  3.6430365E-03
   6.40000  3.3298192E-03  8.9106597E-03  4.4997938E-03
   6.60000  4.1708401E-03  1.1035298E-02  5.6170902E-03
   6.80000  4.8716189E-03  1.3410998E-02  7.1087964E-03
   7.00000  5.3001650E-03  1.6168562E-02  9.1744584E-03
   7.20000  5.6277184E-03  1.9463292E-02  1.1885505E-02
   7.40000  6.0077078E-03  2.3138865E-02  1.4830043E-02
   7.60000  6.5166100E-03  2.6563750E-02  1.6778271E-02
   7.80000  7.2037380E-03  2.9006488E-02  1.6577389E-02
   8.00000  8.1014220E-03  3.0452179E-02  1.4696127E-02
   8.20000  9.2392689E-03  3.1772440E-02  1.2481712E-02
   8.40000  1.0625033E-02  3.3872572E-02  1.0711373E-02
   8.60000  1.2154484E-02  3.6865403E-02  9.5398367E-03
   8.80000  1.3496143E-02  3.9630989E-02  8.8847095E-03
   9.00000  1.4176859E-02  4.0175511E-02  8.6170995E-03
   9.20000  1.4036810E-02  3.7400337E-02  8.6509021E-03
   9.40000  1.3485822E-02  3.2362325E-02  8.9897914E-03
   9.60000  1.3089622E-02  2.6989719E-02  9.6846012E-03
   9.80000  1.3168837E-02  2.2475503E-02  1.0786593E-02
   10.0000  1.3813837E-02  1.9139382E-02  1.2344895E-02
   10.2500  1.5419964E-02  1.6476832E-02  1.5028878E-02
   10.5000  1.7903887E-02  1.5161834E-02  1.8680992E-02
   10.7500  2.1246203E-02  1.4921481E-02  2.3495223E-02
   11.0000  2.5336370E-02  1.5601429E-02  2.9638556E-02
   11.2500  2.9847897E-02  1.7146103E-02  3.7100682E-02
   11.5000  3.4142209E-02  1.9572014E-02  4.5440809E-02
   11.7500  3.7355624E-02  2.2945636E-02  5.3562281E-02
   12.0000  3.9061628E-02  2.7508252E-02  5.8322732E-02
   12.2500  3.8655514E-02  3.2940318E-02  6.1679584E-02
   12.5000  3.6905339E-02  3.8246406E-02  6.1525590E-02
   12.7500  3.4655152E-02  4.4427252E-02  5.9224073E-02
   13.0000  3.2622541E-02  5.0115067E-02  5.5792983E-02
   13.2500  3.1091356E-02  5.4364987E-02  5.2077393E-02
   13.5000  3.0124372E-02  5.6454348E-02  4.8528030E-02
   13.7500  2.9729151E-02  5.6285548E-02  4.5213379E-02
   14.0000  3.0095534E-02  5.3625512E-02  4.2072073E-02
   14.2500  3.0483093E-02  5.0540721E-02  3.9694744E-02
   14.5000  3.1088931E-02  4.7056751E-02  3.7677539E-02
   14.7500  3.1838337E-02  4.3602804E-02  3.5959674E-02
   15.0000  3.2681337E-02  4.0414060E-02  3.4493234E-02
   15.2500  3.3588236E-02  3.7588997E-02  3.3250099E-02
   15.5000  3.4535171E-02  3.5143709E-02  3.2210398E-02
   15.7500  3.5504574E-02  3.3058996E-02  3.1371156E-02
   16.0000  3.6474891E-02  3.1302711E-02  3.0731087E-02
   16.2500  3.7416881E-02  2.9842046E-02  3.0287580E-02
   16.5000  3.8292243E-02  2.8647265E-02  3.0034638E-02
   16.7500  3.9059333E-02  2.7693163E-02  2.9960494E-02
   17.0000  3.9679763E-02  2.6957483E-02  3.0047242E-02
   17.2500  4.0129140E-02  2.6419916E-02  3.0272163E-02
   17.5000  4.0404207E-02  2.6062601E-02  3.0609979E-02
   17.7500  4.0525938E-02  2.5868844E-02  3.1035287E-02
   18.0000  4.0533376E-02  2.5822474E-02  3.1523744E-02
   18.2500  4.0473495E-02  2.5907608E-02  3.2053963E-02
   18.5000  4.0391260E-02  2.6108795E-02  3.2608277E-02
   18.7500  4.0321880E-02  2.6410166E-02  3.3172749E-02
   19.0000  4.0289388E-02  2.6796526E-02  3.3734532E-02
   19.2500  4.0300934E-02  2.7252448E-02  3.4278116E-02
   19.5000  4.0358743E-02  2.7764143E-02  3.4791019E-02
   19.7500  4.0455314E-02  2.8319139E-02  3.5259091E-02
   20.0000  4.0578607E-02  2.8908069E-02  3.5666901E-02
   21.0000  4.1013715E-02  3.1498581E-02  3.6433957E-02
   22.0000  4.0713514E-02  3.4391820E-02  3.5738251E-02
   23.0000  3.9775699E-02  3.7299217E-02  3.4644286E-02
   24.0000  3.8921096E-02  3.9518336E-02  3.4275305E-02
   25.0000  3.8328570E-02  4.0346785E-02  3.4620958E-02
   26.0000  3.7916999E-02  3.9663176E-02  3.5174302E-02
   27.0000  3.7648712E-02  3.8047891E-02  3.5444832E-02
   28.0000  3.7433081E-02  3.6190779E-02  3.5164357E-02
   29.0000  3.7063344E-02  3.4479256E-02  3.4410954E-02
   30.0000  3.6107407E-02  3.2930432E-02  3.3263529E-02
   31.0000  3.4902636E-02  3.1702978E-02  3.2211269E-02
   32.0000  3.3367543E-02  3.0670338E-02  3.1188935E-02
   33.0000  3.1739270E-02  2.9784057E-02  3.0216719E-02
   34.0000  3.0183288E-02  2.8993406E-02  2.9298334E-02
   35.0000  2.8772571E-02  2.8240998E-02  2.8432451E-02
   36.0000  2.7504014E-02  2.7462824E-02  2.7618451E-02
   37.0000  2.6318331E-02  2.6598283E-02  2.6851771E-02
   38.0000  2.5129445E-02  2.5615536E-02  2.6133355E-02
   39.0000  2.3873072E-02  2.4516852E-02  2.5454929E-02
   40.0000  2.2567287E-02  2.3340481E-02  2.4806118E-02
