  7709.000   27  1  1  1.9222038E-02 -4.7707159E+00 -2.8992620E-01  1  1  7.5660511E+03  8.0000000E+03  0.0000000E+00  1.1792254E+00  1.0000000E+00  0.0000000E+00  = E_edge, Z, n_edge, j_edge, Abs_before_edge, VO_interstitial, E_cut, ninit, ninit1, Epsii, UnitCell_Volume, Surface_ref, f0_forward, natomsym_f, abs_u_iso
    Energy   (100,001)      (010,001)      (001,110)   
  -25.0000  4.9098868E-09  1.3023133E-09  9.2560422E-10
  -24.0000  1.3568028E-08  3.3615221E-09  2.3591416E-09
  -23.0000  4.6474493E-08  1.0637812E-08  7.4555656E-09
  -22.0000  2.5157222E-07  5.2515795E-08  3.7908384E-08
  -21.0000  1.9055867E-05  3.5974257E-06  3.0662013E-06
  -20.0000  9.2895476E-06  3.9905700E-07  2.8766514E-06
  -19.0000  1.5628370E-06  3.3900169E-06  6.2705749E-06
  -18.0000  1.0667517E-06  4.2624978E-07  3.4294154E-07
  -17.0000  1.4991142E-06  3.9610608E-07  3.3438333E-07
  -16.0000  5.5089500E-06  7.0702289E-07  1.3266575E-06
  -15.0000  5.0420611E-06  1.1226311E-05  8.7708877E-06
  -14.0000  8.5048172E-06  8.1924103E-06  1.0954722E-05
  -13.0000  1.9113451E-06  1.7414804E-06  2.1426814E-06
  -12.0000  6.5850517E-06  4.8310119E-06  1.4160248E-05
  -11.0000  2.7836567E-05  1.0507413E-05  1.3321308E-05
  -10.0000  2.1026889E-03  3.2159762E-03  2.7832465E-05
  -9.00000  2.4089274E-04  1.5823463E-04  2.6061059E-05
  -8.00000  3.8371641E-05  1.9385355E-05  8.9497233E-06
  -7.00000  6.1764730E-04  1.5464177E-04  1.9469977E-04
  -6.00000  2.8055218E-04  1.4527728E-04  1.7704794E-04
  -5.00000  4.3934251E-02  8.3933762E-03  1.6458523E-02
  -4.00000  5.7202969E-03  1.2904012E-03  8.7718198E-03
  -3.00000  1.1886013E-02  3.0153941E-02  6.6994813E-03
  -2.00000  1.3052005E-03  1.6142778E-03  1.1884812E-03
  -1.00000  4.3820263E-04  6.8928861E-04  2.6402096E-04
   0.00000  2.7367778E-03  7.9623143E-03  3.2036905E-03
   1.00000  7.1327407E-04  8.2467296E-04  1.2232580E-03
   2.00000  5.6795465E-04  6.5163784E-04  6.1356834E-04
   3.00000  7.4182063E-04  8.5396838E-04  6.3282367E-04
   4.00000  1.1568877E-03  1.2817418E-03  8.3552731E-04
   5.00000  1.9694761E-03  2.0096421E-03  1.3311450E-03
   5.20000  2.2018085E-03  2.2118972E-03  1.4850984E-03
   5.40000  2.4623519E-03  2.4396199E-03  1.6616882E-03
   5.60000  2.7527586E-03  2.6963358E-03  1.8624279E-03
   5.80000  3.0736741E-03  2.9864415E-03  2.0892481E-03
   6.00000  3.4250375E-03  3.3130564E-03  2.3423000E-03
   6.20000  3.8057290E-03  3.6804209E-03  2.6220616E-03
   6.40000  4.2139979E-03  4.0938195E-03  2.9286791E-03
   6.60000  4.6523651E-03  4.5490428E-03  3.2644219E-03
   6.80000  5.1517232E-03  5.0831644E-03  3.6335527E-03
   7.00000  5.7918232E-03  5.7161543E-03  4.0549079E-03
   7.20000  6.7033528E-03  6.4866891E-03  4.5623071E-03
   7.40000  8.0178746E-03  7.4267301E-03  5.1904608E-03
   7.60000  9.8441397E-03  8.5735845E-03  5.9628996E-03
   7.80000  1.2275528E-02  9.9761790E-03  6.8994936E-03
   8.00000  1.5368609E-02  1.1695397E-02  8.0296757E-03
   8.20000  1.9018961E-02  1.3771613E-02  9.4022157E-03
   8.40000  2.2818324E-02  1.6149090E-02  1.1089504E-02
   8.60000  2.6121617E-02  1.8651724E-02  1.3176676E-02
   8.80000  2.8297980E-02  2.1189083E-02  1.5747978E-02
   9.00000  2.8882791E-02  2.3994370E-02  1.8888426E-02
   9.20000  2.7892580E-02  2.7406488E-02  2.2639998E-02
   9.40000  2.6042307E-02  3.1440409E-02  2.6789244E-02
   9.60000  2.4277468E-02  3.5798859E-02  3.0596983E-02
   9.80000  2.3130637E-02  4.0083342E-02  3.3144071E-02
   10.0000  2.2799606E-02  4.4140080E-02  3.4018499E-02
   10.2500  2.3506494E-02  4.9029321E-02  3.3725332E-02
   10.5000  2.5327309E-02  5.3910299E-02  3.3688959E-02
   10.7500  2.8104650E-02  5.8596330E-02  3.5039270E-02
   11.0000  3.1662652E-02  6.2617943E-02  3.7891122E-02
   11.2500  3.5960913E-02  6.5770187E-02  4.1831698E-02
   11.5000  3.9899554E-02  6.7666501E-02  4.5945759E-02
   11.7500  4.3392859E-02  6.8511582E-02  4.9410723E-02
   12.0000  4.5877542E-02  6.8188267E-02  5.1586331E-02
   12.2500  4.7001213E-02  6.6562187E-02  5.2230164E-02
   12.5000  4.6883097E-02  6.3195552E-02  5.1350270E-02
   12.7500  4.5653954E-02  5.8686373E-02  4.9679051E-02
   13.0000  4.3937860E-02  5.3980236E-02  4.7989592E-02
   13.2500  4.1838500E-02  4.9345639E-02  4.5777107E-02
   13.5000  3.9617025E-02  4.5082003E-02  4.3240186E-02
   13.7500  3.7465490E-02  4.1107458E-02  4.0412090E-02
   14.0000  3.5494894E-02  3.7970134E-02  3.7879994E-02
   14.2500  3.4246267E-02  3.5511062E-02  3.5703852E-02
   14.5000  3.3158727E-02  3.3307919E-02  3.3776615E-02
   14.7500  3.2467515E-02  3.1474647E-02  3.2234558E-02
   15.0000  3.2128214E-02  2.9964443E-02  3.1055089E-02
   15.2500  3.2083533E-02  2.8738129E-02  3.0202580E-02
   15.5000  3.2260017E-02  2.7762234E-02  2.9628382E-02
   15.7500  3.2590587E-02  2.7008235E-02  2.9292086E-02
   16.0000  3.3008312E-02  2.6450357E-02  2.9152772E-02
   16.2500  3.3453161E-02  2.6063786E-02  2.9174170E-02
   16.5000  3.3873497E-02  2.5823902E-02  2.9324756E-02
   16.7500  3.4228719E-02  2.5706399E-02  2.9577438E-02
   17.0000  3.4491766E-02  2.5685759E-02  2.9907104E-02
   17.2500  3.4650250E-02  2.5736006E-02  3.0292794E-02
   17.5000  3.4706497E-02  2.5832184E-02  3.0717640E-02
   17.7500  3.4675989E-02  2.5949562E-02  3.1170100E-02
   18.0000  3.4583383E-02  2.6067211E-02  3.1645253E-02
   18.2500  3.4457094E-02  2.6167751E-02  3.2143563E-02
   18.5000  3.4326314E-02  2.6241527E-02  3.2671350E-02
   18.7500  3.4215147E-02  2.6285250E-02  3.3236628E-02
   19.0000  3.4143633E-02  2.6303069E-02  3.3847652E-02
   19.2500  3.4124506E-02  2.6304651E-02  3.4506289E-02
   19.5000  3.4166632E-02  2.6303959E-02  3.5214508E-02
   19.7500  3.4274600E-02  2.6316572E-02  3.5964912E-02
   20.0000  3.4449366E-02  2.6357315E-02  3.6743337E-02
   21.0000  3.5657918E-02  2.6999095E-02  3.9539232E-02
   22.0000  3.6585688E-02  2.8532253E-02  4.0000983E-02
   23.0000  3.5824718E-02  3.0687680E-02  3.7570976E-02
   24.0000  3.4068412E-02  3.2923737E-02  3.4520600E-02
   25.0000  3.2477345E-02  3.4604465E-02  3.2386883E-02
   26.0000  3.1448259E-02  3.5118514E-02  3.1177213E-02
   27.0000  3.0925924E-02  3.4134387E-02  3.0313154E-02
   28.0000  3.1398549E-02  3.2329390E-02  2.9722968E-02
   29.0000  3.2292831E-02  3.0297838E-02  2.9156594E-02
   30.0000  3.3163876E-02  2.8590634E-02  2.8613671E-02
   31.0000  3.3602191E-02  2.7394875E-02  2.8098194E-02
   32.0000  3.3393797E-02  2.6667713E-02  2.7653637E-02
   33.0000  3.2521831E-02  2.6301384E-02  2.7343787E-02
   34.0000  3.1092202E-02  2.6209758E-02  2.7219152E-02
   35.0000  2.9297611E-02  2.6304029E-02  2.7275287E-02
   36.0000  2.7366120E-02  2.6468726E-02  2.7434906E-02
   37.0000  2.5496603E-02  2.6561416E-02  2.7561602E-02
   38.0000  2.3832770E-02  2.6456577E-02  2.7519965E-02
   39.0000  2.2461093E-02  2.6105268E-02  2.7232216E-02
   40.0000  2.1422677E-02  2.5548265E-02  2.6688201E-02
