  7709.000   27  1  1  1.9222038E-02 -4.6613384E+00 -2.9292215E-01  1  1  7.5663207E+03  8.0000000E+03  0.0000000E+00  1.1792254E+00  1.0000000E+00  0.0000000E+00  = E_edge, Z, n_edge, j_edge, Abs_before_edge, VO_interstitial, E_cut, ninit, ninit1, Epsii, UnitCell_Volume, Surface_ref, f0_forward, natomsym_f, abs_u_iso
    Energy   (100,001)      (010,001)      (001,110)   
  -25.0000  4.3180987E-09  1.3357162E-09  8.2899325E-10
  -24.0000  1.1170709E-08  3.3176489E-09  1.9383921E-09
  -23.0000  3.3773868E-08  9.6584346E-09  5.2039240E-09
  -22.0000  1.3354939E-07  3.7388048E-08  1.7781360E-08
  -21.0000  9.8218765E-07  3.0352083E-07  1.0952300E-07
  -20.0000  5.8396768E-02  2.1417877E-04  5.8620562E-03
  -19.0000  8.4068326E-06  1.3783736E-05  3.3779191E-05
  -18.0000  1.9672313E-06  7.3705458E-07  7.5345704E-07
  -17.0000  2.3753486E-06  5.7873098E-07  5.2144517E-07
  -16.0000  5.5658808E-06  8.4866199E-07  1.0699587E-06
  -15.0000  7.9625421E-04  7.5378852E-04  7.0058579E-05
  -14.0000  5.4721355E-06  6.9776787E-06  4.8394826E-06
  -13.0000  1.1889150E-06  1.7336055E-06  3.6190653E-06
  -12.0000  5.5230752E-06  1.1040109E-05  4.3401518E-05
  -11.0000  1.5765142E-05  8.5588355E-06  2.4490192E-05
  -10.0000  1.6656115E-04  3.4792767E-05  2.0891406E-05
  -9.00000  5.6947816E-04  3.3067088E-04  3.1411877E-05
  -8.00000  9.4352859E-05  2.9989821E-05  1.9574638E-05
  -7.00000  1.0910051E-03  2.2332187E-04  3.8394482E-04
  -6.00000  4.9543356E-04  2.4892953E-04  2.3548165E-04
  -5.00000  9.5488241E-02  2.5603166E-03  5.8627447E-02
  -4.00000  2.3269433E-03  3.1254761E-03  2.9897038E-03
  -3.00000  1.8533564E-03  4.0158846E-03  1.2492069E-03
  -2.00000  7.1638828E-04  8.3904590E-04  6.2675577E-04
  -1.00000  4.0864978E-04  6.2806082E-04  2.4410723E-04
   0.00000  5.9445451E-04  1.2964374E-03  1.4582580E-03
   1.00000  8.2136874E-04  7.2417059E-04  9.0432469E-04
   2.00000  5.1822851E-04  6.3666567E-04  5.6907566E-04
   3.00000  6.3567458E-04  8.6757895E-04  6.3481160E-04
   4.00000  9.3306443E-04  1.2985899E-03  8.7737036E-04
   5.00000  1.5061117E-03  2.0143713E-03  1.4905189E-03
   5.20000  1.6591391E-03  2.2228476E-03  1.6955188E-03
   5.40000  1.8204881E-03  2.4652564E-03  1.9409892E-03
   5.60000  1.9852434E-03  2.7512794E-03  2.2360731E-03
   5.80000  2.1489177E-03  3.0973287E-03  2.5941264E-03
   6.00000  2.3166524E-03  3.5332790E-03  3.0352875E-03
   6.20000  2.5246075E-03  4.1016402E-03  3.5848652E-03
   6.40000  2.8367679E-03  4.8401862E-03  4.2777540E-03
   6.60000  3.2472912E-03  5.7451917E-03  5.1741798E-03
   6.80000  3.6753506E-03  6.7989526E-03  6.3891743E-03
   7.00000  4.0934850E-03  8.0210074E-03  8.0998053E-03
   7.20000  4.5302923E-03  9.4845687E-03  1.0544990E-02
   7.40000  5.0093661E-03  1.1240402E-02  1.3927742E-02
   7.60000  5.5445380E-03  1.3239168E-02  1.7902258E-02
   7.80000  6.1465295E-03  1.5225431E-02  2.0722337E-02
   8.00000  6.8179811E-03  1.6785239E-02  2.0347696E-02
   8.20000  7.5656540E-03  1.7679831E-02  1.7589933E-02
   8.40000  8.4300400E-03  1.8049227E-02  1.4680843E-02
   8.60000  9.4661145E-03  1.8363389E-02  1.2607051E-02
   8.80000  1.0791985E-02  1.8993252E-02  1.1396424E-02
   9.00000  1.2494234E-02  2.0040573E-02  1.0851827E-02
   9.20000  1.4606788E-02  2.1417967E-02  1.0845710E-02
   9.40000  1.7035012E-02  2.2812489E-02  1.1311450E-02
   9.60000  1.9449858E-02  2.3905636E-02  1.2208522E-02
   9.80000  2.1474174E-02  2.4813820E-02  1.3511908E-02
   10.0000  2.3094853E-02  2.6108059E-02  1.5241956E-02
   10.2500  2.5097229E-02  2.8884819E-02  1.8116492E-02
   10.5000  2.7717779E-02  3.2907071E-02  2.1950943E-02
   10.7500  3.1302654E-02  3.7781596E-02  2.6921866E-02
   11.0000  3.5844335E-02  4.3125569E-02  3.3147317E-02
   11.2500  4.0893650E-02  4.8589843E-02  4.0516676E-02
   11.5000  4.5426062E-02  5.3828492E-02  4.8390732E-02
   11.7500  4.8141111E-02  5.8266159E-02  5.5306614E-02
   12.0000  4.8273364E-02  6.2864803E-02  5.9579446E-02
   12.2500  4.6259224E-02  6.6438950E-02  6.1623157E-02
   12.5000  4.3306359E-02  6.8785688E-02  6.1067252E-02
   12.7500  4.0433634E-02  6.9210557E-02  5.8665112E-02
   13.0000  3.8112329E-02  6.7404171E-02  5.5235760E-02
   13.2500  3.6401738E-02  6.3751363E-02  5.1443919E-02
   13.5000  3.5184476E-02  5.9038764E-02  4.7719686E-02
   13.7500  3.4340951E-02  5.3880961E-02  4.3992660E-02
   14.0000  3.3822236E-02  4.8537205E-02  4.0733808E-02
   14.2500  3.3370798E-02  4.4323679E-02  3.8063090E-02
   14.5000  3.3092972E-02  4.0619405E-02  3.5826459E-02
   14.7500  3.2976860E-02  3.7436731E-02  3.3992465E-02
   15.0000  3.3005762E-02  3.4748465E-02  3.2521628E-02
   15.2500  3.3158915E-02  3.2510715E-02  3.1371734E-02
   15.5000  3.3414056E-02  3.0675104E-02  3.0505561E-02
   15.7500  3.3740439E-02  2.9190541E-02  2.9883063E-02
   16.0000  3.4112641E-02  2.8012718E-02  2.9472887E-02
   16.2500  3.4504095E-02  2.7100000E-02  2.9245034E-02
   16.5000  3.4889802E-02  2.6415623E-02  2.9171475E-02
   16.7500  3.5248290E-02  2.5925456E-02  2.9224437E-02
   17.0000  3.5562736E-02  2.5599799E-02  2.9377325E-02
   17.2500  3.5824038E-02  2.5411162E-02  2.9605682E-02
   17.5000  3.6035168E-02  2.5335120E-02  2.9889138E-02
   17.7500  3.6211477E-02  2.5348403E-02  3.0212119E-02
   18.0000  3.6377422E-02  2.5430126E-02  3.0564959E-02
   18.2500  3.6562006E-02  2.5562103E-02  3.0946058E-02
   18.5000  3.6793954E-02  2.5729190E-02  3.1358486E-02
   18.7500  3.7097159E-02  2.5918983E-02  3.1809297E-02
   19.0000  3.7488252E-02  2.6122457E-02  3.2309540E-02
   19.2500  3.7974907E-02  2.6332672E-02  3.2864012E-02
   19.5000  3.8555901E-02  2.6544364E-02  3.3479773E-02
   19.7500  3.9220745E-02  2.6754005E-02  3.4156359E-02
   20.0000  3.9949384E-02  2.6959990E-02  3.4886685E-02
   21.0000  4.2728637E-02  2.7793122E-02  3.7832878E-02
   22.0000  4.3101949E-02  2.9025246E-02  3.8873558E-02
   23.0000  4.0861068E-02  3.1122608E-02  3.7258186E-02
   24.0000  3.8424545E-02  3.3848098E-02  3.5154855E-02
   25.0000  3.6803445E-02  3.6314838E-02  3.3856114E-02
   26.0000  3.5919771E-02  3.7464199E-02  3.3188939E-02
   27.0000  3.5479250E-02  3.6877096E-02  3.2717252E-02
   28.0000  3.4904759E-02  3.5016004E-02  3.2052501E-02
   29.0000  3.4314363E-02  3.2859573E-02  3.1500350E-02
   30.0000  3.3331681E-02  3.0922115E-02  3.0929741E-02
   31.0000  3.1927717E-02  2.9473084E-02  3.0366055E-02
   32.0000  3.0212691E-02  2.8519349E-02  2.9812993E-02
   33.0000  2.8342236E-02  2.7936617E-02  2.9271037E-02
   34.0000  2.6455141E-02  2.7600845E-02  2.8772639E-02
   35.0000  2.4671812E-02  2.7419152E-02  2.8353474E-02
   36.0000  2.3111860E-02  2.7300540E-02  2.8029924E-02
   37.0000  2.1886007E-02  2.7137802E-02  2.7755567E-02
   38.0000  2.1093704E-02  2.6825943E-02  2.7429514E-02
   39.0000  2.0787857E-02  2.6287509E-02  2.6936820E-02
   40.0000  2.0910912E-02  2.5511006E-02  2.6194481E-02
