  7709.000   27  1  1  1.9222038E-02 -4.7215281E+00 -3.7554012E-01  1  1  7.5661521E+03  8.0000000E+03  0.0000000E+00  1.1792254E+00  1.0000000E+00  0.0000000E+00  = E_edge, Z, n_edge, j_edge, Abs_before_edge, VO_interstitial, E_cut, ninit, ninit1, Epsii, UnitCell_Volume, Surface_ref, f0_forward, natomsym_f, abs_u_iso
    Energy   (100,001)      (010,001)      (001,110)   
  -25.0000  4.5431003E-09  1.6549291E-09  6.8860620E-10
  -24.0000  1.2083743E-08  4.4461268E-09  1.5494096E-09
  -23.0000  3.8788301E-08  1.4863683E-08  3.9254809E-09
  -22.0000  1.8355426E-07  7.9060450E-08  1.2226335E-08
  -21.0000  5.9466591E-06  3.6251633E-06  8.8892322E-08
  -20.0000  7.2958477E-05  7.1501994E-06  2.5610656E-06
  -19.0000  4.0192431E-06  2.4316690E-06  8.2417016E-06
  -18.0000  1.6494984E-06  5.0893576E-07  7.4265115E-07
  -17.0000  1.8114451E-06  4.6366785E-07  4.0100217E-07
  -16.0000  3.6070634E-06  8.1647815E-07  6.1409463E-07
  -15.0000  9.7544034E-05  6.0451569E-05  3.3656044E-05
  -14.0000  7.4652668E-06  1.1946155E-05  8.6767214E-06
  -13.0000  1.5134577E-06  1.6685630E-06  2.3060240E-06
  -12.0000  5.2248957E-06  4.0775091E-06  8.8807311E-06
  -11.0000  3.6565481E-05  4.5348000E-05  2.5960924E-05
  -10.0000  3.3493678E-03  1.1918913E-03  1.4676503E-04
  -9.00000  6.4662461E-04  4.1394655E-05  1.6199258E-04
  -8.00000  6.3301354E-05  5.1604401E-05  1.2758119E-05
  -7.00000  1.6922553E-01  1.2750812E-03  3.5922764E-03
  -6.00000  8.0026866E-04  2.7777807E-04  2.8125455E-03
  -5.00000  4.6815765E-03  3.9084601E-03  5.2389009E-03
  -4.00000  1.3961638E-02  2.0249100E-03  2.2182144E-02
  -3.00000  7.3981881E-03  2.1445255E-02  7.1782880E-03
  -2.00000  2.8848420E-03  3.5372353E-03  3.0080630E-03
  -1.00000  5.9078629E-04  9.0304749E-04  3.1962681E-04
   0.00000  1.1765114E-03  1.3934298E-03  4.5914248E-04
   1.00000  6.4032947E-04  1.1920382E-03  1.0845028E-03
   2.00000  5.1853141E-04  6.9710050E-04  5.2104930E-04
   3.00000  6.9522620E-04  8.8881528E-04  5.9330133E-04
   4.00000  1.0702784E-03  1.3503409E-03  8.4646169E-04
   5.00000  1.7424140E-03  2.2461152E-03  1.4561477E-03
   5.20000  1.9186819E-03  2.5124748E-03  1.6535894E-03
   5.40000  2.1090390E-03  2.8198455E-03  1.8876948E-03
   5.60000  2.3137558E-03  3.1759720E-03  2.1667681E-03
   5.80000  2.5336632E-03  3.5903764E-03  2.5022625E-03
   6.00000  2.7716701E-03  4.0741970E-03  2.9091205E-03
   6.20000  3.0330724E-03  4.6427072E-03  3.4088058E-03
   6.40000  3.3273486E-03  5.3157937E-03  4.0302825E-03
   6.60000  3.6688590E-03  6.1109901E-03  4.8051726E-03
   6.80000  4.0851878E-03  7.0662501E-03  5.7689055E-03
   7.00000  4.6142475E-03  8.2142722E-03  6.9255309E-03
   7.20000  5.2409542E-03  9.5312740E-03  8.2130251E-03
   7.40000  5.8756838E-03  1.0904242E-02  9.5104391E-03
   7.60000  6.4225101E-03  1.2150134E-02  1.0635870E-02
   7.80000  6.8552661E-03  1.3165652E-02  1.1408066E-02
   8.00000  7.1992406E-03  1.4040265E-02  1.1925764E-02
   8.20000  7.5124240E-03  1.4990114E-02  1.2581522E-02
   8.40000  7.8774461E-03  1.6203630E-02  1.3632729E-02
   8.60000  8.3849838E-03  1.7760799E-02  1.4923101E-02
   8.80000  9.1172832E-03  1.9646080E-02  1.6009779E-02
   9.00000  1.0139034E-02  2.1787395E-02  1.6533704E-02
   9.20000  1.1484987E-02  2.4028593E-02  1.6513033E-02
   9.40000  1.3140191E-02  2.6028694E-02  1.6258970E-02
   9.60000  1.5013626E-02  2.7262205E-02  1.6085124E-02
   9.80000  1.6952058E-02  2.7301292E-02  1.6166984E-02
   10.0000  1.8824613E-02  2.6188259E-02  1.6585329E-02
   10.2500  2.1099765E-02  2.4001510E-02  1.7624430E-02
   10.5000  2.3904706E-02  2.3262953E-02  1.9697867E-02
   10.7500  2.6381231E-02  2.1754540E-02  2.2107130E-02
   11.0000  2.9083904E-02  2.1250958E-02  2.5116557E-02
   11.2500  3.2051533E-02  2.1863226E-02  2.8688612E-02
   11.5000  3.5228942E-02  2.3619287E-02  3.2764040E-02
   11.7500  3.8474107E-02  2.6563398E-02  3.7255143E-02
   12.0000  4.1423375E-02  3.0771433E-02  4.1621813E-02
   12.2500  4.3554999E-02  3.6088207E-02  4.5642475E-02
   12.5000  4.4816500E-02  4.1916198E-02  4.8899559E-02
   12.7500  4.4995769E-02  4.7875951E-02  5.0857199E-02
   13.0000  4.4333790E-02  5.3339202E-02  5.1475733E-02
   13.2500  4.3206874E-02  5.7264124E-02  5.1710879E-02
   13.5000  4.1975472E-02  5.9997920E-02  5.0341692E-02
   13.7500  4.0821485E-02  6.0905366E-02  4.8525577E-02
   14.0000  4.0092009E-02  5.9375071E-02  4.6446756E-02
   14.2500  3.9299976E-02  5.6934722E-02  4.4319144E-02
   14.5000  3.8692601E-02  5.3758616E-02  4.2276053E-02
   14.7500  3.8286284E-02  5.0261305E-02  4.0447988E-02
   15.0000  3.8056569E-02  4.6781876E-02  3.8883962E-02
   15.2500  3.7976286E-02  4.3531005E-02  3.7602036E-02
   15.5000  3.8007076E-02  4.0614873E-02  3.6590405E-02
   15.7500  3.8116244E-02  3.8070200E-02  3.5832884E-02
   16.0000  3.8271476E-02  3.5892193E-02  3.5305692E-02
   16.2500  3.8441794E-02  3.4054001E-02  3.4982821E-02
   16.5000  3.8598193E-02  3.2520227E-02  3.4838719E-02
   16.7500  3.8716224E-02  3.1253707E-02  3.4847230E-02
   17.0000  3.8776793E-02  3.0218744E-02  3.4982379E-02
   17.2500  3.8767742E-02  2.9381964E-02  3.5219708E-02
   17.5000  3.8685286E-02  2.8715020E-02  3.5533859E-02
   17.7500  3.8535630E-02  2.8192729E-02  3.5901808E-02
   18.0000  3.8333066E-02  2.7794320E-02  3.6304107E-02
   18.2500  3.8098635E-02  2.7502119E-02  3.6726812E-02
   18.5000  3.7856257E-02  2.7302133E-02  3.7160322E-02
   18.7500  3.7630298E-02  2.7183323E-02  3.7599690E-02
   19.0000  3.7442956E-02  2.7137691E-02  3.8044187E-02
   19.2500  3.7309629E-02  2.7158412E-02  3.8490403E-02
   19.5000  3.7243390E-02  2.7242000E-02  3.8936902E-02
   19.7500  3.7251225E-02  2.7385273E-02  3.9377390E-02
   20.0000  3.7335420E-02  2.7585156E-02  3.9801435E-02
   21.0000  3.8301971E-02  2.8908539E-02  4.0959864E-02
   22.0000  3.9300797E-02  3.0946571E-02  4.0254977E-02
   23.0000  3.8973321E-02  3.3435229E-02  3.7642096E-02
   24.0000  3.7941699E-02  3.5889162E-02  3.4916909E-02
   25.0000  3.7312644E-02  3.7705431E-02  3.3237393E-02
   26.0000  3.6420546E-02  3.8248647E-02  3.2204548E-02
   27.0000  3.5979170E-02  3.7928198E-02  3.1862733E-02
   28.0000  3.5418282E-02  3.6648496E-02  3.1606443E-02
   29.0000  3.4875271E-02  3.4747865E-02  3.1275628E-02
   30.0000  3.4299555E-02  3.2665648E-02  3.0828542E-02
   31.0000  3.3504210E-02  3.0801590E-02  3.0280153E-02
   32.0000  3.2373023E-02  2.9356448E-02  2.9660867E-02
   33.0000  3.0929405E-02  2.8329796E-02  2.8992728E-02
   34.0000  2.9268747E-02  2.7646247E-02  2.8301748E-02
   35.0000  2.7492585E-02  2.7208225E-02  2.7603631E-02
   36.0000  2.5698589E-02  2.6921623E-02  2.6911987E-02
   37.0000  2.3975612E-02  2.6698513E-02  2.6237138E-02
   38.0000  2.2405826E-02  2.6459637E-02  2.5576296E-02
   39.0000  2.1066336E-02  2.6159201E-02  2.4908580E-02
   40.0000  2.0021772E-02  2.5786043E-02  2.4205544E-02
