  7709.000   27  1  1  1.9222038E-02 -4.8286950E+00 -3.2643430E-01  1  1  7.5660387E+03  8.0000000E+03  0.0000000E+00  1.1792254E+00  1.0000000E+00  0.0000000E+00  = E_edge, Z, n_edge, j_edge, Abs_before_edge, VO_interstitial, E_cut, ninit, ninit1, Epsii, UnitCell_Volume, Surface_ref, f0_forward, natomsym_f, abs_u_iso
    Energy   (100,001)      (010,001)      (001,110)   
  -25.0000  4.2798171E-09  1.3157207E-09  7.8480497E-10
  -24.0000  1.1498898E-08  3.3765555E-09  1.9122518E-09
  -23.0000  3.7425934E-08  1.0506482E-08  5.5701350E-09
  -22.0000  1.7816656E-07  4.8543897E-08  2.3377648E-08
  -21.0000  3.9075016E-06  1.1892475E-06  4.5734424E-07
  -20.0000  2.2065870E-05  1.7736425E-06  4.0296402E-06
  -19.0000  4.9280917E-06  3.9658019E-05  4.0245502E-05
  -18.0000  1.1885806E-06  5.8745144E-07  3.8539188E-07
  -17.0000  1.5567080E-06  5.5344393E-07  3.2749861E-07
  -16.0000  4.9804959E-06  1.3720510E-06  1.1370484E-06
  -15.0000  5.5220668E-06  7.6456423E-06  7.1625103E-06
  -14.0000  9.2692391E-06  1.0082921E-05  1.3010709E-05
  -13.0000  1.7548184E-06  1.6907774E-06  2.0121591E-06
  -12.0000  6.7351934E-06  4.7181031E-06  1.2017011E-05
  -11.0000  2.4442940E-05  1.0249198E-05  1.4015067E-05
  -10.0000  6.7470955E-04  4.5524973E-03  1.3355749E-04
  -9.00000  7.5192538E-04  1.3714798E-05  1.0431319E-04
  -8.00000  2.7624903E-05  2.5226509E-05  6.8087802E-06
  -7.00000  4.9273646E-04  1.7808143E-04  8.9679530E-05
  -6.00000  2.2171118E-04  1.4896057E-04  1.5663667E-04
  -5.00000  1.9676613E-03  5.4088101E-04  1.3753000E-03
  -4.00000  4.4935854E-02  1.7174982E-03  5.4790101E-02
  -3.00000  1.2105389E-02  2.4665483E-02  6.1292962E-03
  -2.00000  2.0421198E-03  1.6214314E-03  1.9300328E-03
  -1.00000  5.3901148E-04  7.7437546E-04  3.1262517E-04
   0.00000  3.3206059E-03  5.4010107E-03  1.5332468E-03
   1.00000  4.7052566E-04  6.8756923E-04  5.0986885E-04
   2.00000  4.7675155E-04  6.1479734E-04  4.2669142E-04
   3.00000  6.5664645E-04  8.1114965E-04  5.2687942E-04
   4.00000  1.0396286E-03  1.2114651E-03  7.7569879E-04
   5.00000  1.7694712E-03  1.9598618E-03  1.3285506E-03
   5.20000  1.9721027E-03  2.1831082E-03  1.5010853E-03
   5.40000  2.1957228E-03  2.4416298E-03  1.7019093E-03
   5.60000  2.4404769E-03  2.7421362E-03  1.9354556E-03
   5.80000  2.7051523E-03  3.0934520E-03  2.2074616E-03
   6.00000  2.9851858E-03  3.5003877E-03  2.5208223E-03
   6.20000  3.2841166E-03  3.9843618E-03  2.8881908E-03
   6.40000  3.5963322E-03  4.5597572E-03  3.3147299E-03
   6.60000  3.9217440E-03  5.2522400E-03  3.8071724E-03
   6.80000  4.2729402E-03  6.0980410E-03  4.3711141E-03
   7.00000  4.7014262E-03  7.1566274E-03  5.0198985E-03
   7.20000  5.3029781E-03  8.4988555E-03  5.8060851E-03
   7.40000  6.1965615E-03  1.0205667E-02  6.8512886E-03
   7.60000  7.4671098E-03  1.2382656E-02  8.3326880E-03
   7.80000  9.1272297E-03  1.5120161E-02  1.0429809E-02
   8.00000  1.1070463E-02  1.8334470E-02  1.3265458E-02
   8.20000  1.2978329E-02  2.1477932E-02  1.6803700E-02
   8.40000  1.4428866E-02  2.3524944E-02  2.0713828E-02
   8.60000  1.5268153E-02  2.3690857E-02  2.4354070E-02
   8.80000  1.5662475E-02  2.2329581E-02  2.6955111E-02
   9.00000  1.6232019E-02  2.0543870E-02  2.8484559E-02
   9.20000  1.7181171E-02  1.9406122E-02  2.9104846E-02
   9.40000  1.8922794E-02  1.9649807E-02  3.0751134E-02
   9.60000  2.0763325E-02  2.0184093E-02  3.1021178E-02
   9.80000  2.3101891E-02  2.1665700E-02  3.1429114E-02
   10.0000  2.6000432E-02  2.3950128E-02  3.1854566E-02
   10.2500  3.0522531E-02  2.7726084E-02  3.2582588E-02
   10.5000  3.6109902E-02  3.2334724E-02  3.4142318E-02
   10.7500  4.2667135E-02  3.7585138E-02  3.6928236E-02
   11.0000  4.9774144E-02  4.3230363E-02  4.0815015E-02
   11.2500  5.6492729E-02  4.9010453E-02  4.5347513E-02
   11.5000  6.1398585E-02  5.4773504E-02  4.9905927E-02
   11.7500  6.3187779E-02  6.0437075E-02  5.3787893E-02
   12.0000  6.1606348E-02  6.5660325E-02  5.6324540E-02
   12.2500  5.7670980E-02  6.9918912E-02  5.6954675E-02
   12.5000  5.2848848E-02  7.0995964E-02  5.5527057E-02
   12.7500  4.8267000E-02  6.8415251E-02  5.3183805E-02
   13.0000  4.4106740E-02  6.3790772E-02  5.0254090E-02
   13.2500  4.0721814E-02  5.8124015E-02  4.7041054E-02
   13.5000  3.8126279E-02  5.2359566E-02  4.3929889E-02
   13.7500  3.6252558E-02  4.7190404E-02  4.1032856E-02
   14.0000  3.4931452E-02  4.2509312E-02  3.8161812E-02
   14.2500  3.4258072E-02  3.9016040E-02  3.5818840E-02
   14.5000  3.3894568E-02  3.6101076E-02  3.4113207E-02
   14.7500  3.3863496E-02  3.3738399E-02  3.2795601E-02
   15.0000  3.4074974E-02  3.1847795E-02  3.1819840E-02
   15.2500  3.4448257E-02  3.0356516E-02  3.1140616E-02
   15.5000  3.4901336E-02  2.9198130E-02  3.0709708E-02
   15.7500  3.5369667E-02  2.8317565E-02  3.0492610E-02
   16.0000  3.5798625E-02  2.7667885E-02  3.0458562E-02
   16.2500  3.6145680E-02  2.7208614E-02  3.0580855E-02
   16.5000  3.6380040E-02  2.6904191E-02  3.0836368E-02
   16.7500  3.6485326E-02  2.6724044E-02  3.1202508E-02
   17.0000  3.6462622E-02  2.6640291E-02  3.1656515E-02
   17.2500  3.6327993E-02  2.6626672E-02  3.2174710E-02
   17.5000  3.6110692E-02  2.6659443E-02  3.2736105E-02
   17.7500  3.5845743E-02  2.6717712E-02  3.3323099E-02
   18.0000  3.5567598E-02  2.6785064E-02  3.3922443E-02
   18.2500  3.5303853E-02  2.6850477E-02  3.4524983E-02
   18.5000  3.5073530E-02  2.6909434E-02  3.5124888E-02
   18.7500  3.4886161E-02  2.6965274E-02  3.5717774E-02
   19.0000  3.4742209E-02  2.7025681E-02  3.6290954E-02
   19.2500  3.4638190E-02  2.7102947E-02  3.6832305E-02
   19.5000  3.4567892E-02  2.7211262E-02  3.7323622E-02
   19.7500  3.4524671E-02  2.7364434E-02  3.7742594E-02
   20.0000  3.4501054E-02  2.7573562E-02  3.8066117E-02
   21.0000  3.4435412E-02  2.9061465E-02  3.8045149E-02
   22.0000  3.4054584E-02  3.1427681E-02  3.6139693E-02
   23.0000  3.3389097E-02  3.4011108E-02  3.4018035E-02
   24.0000  3.2470330E-02  3.5798845E-02  3.2528767E-02
   25.0000  3.2026642E-02  3.6742756E-02  3.1993742E-02
   26.0000  3.1743694E-02  3.6404923E-02  3.1778377E-02
   27.0000  3.1748987E-02  3.4957929E-02  3.1557272E-02
   28.0000  3.1974196E-02  3.2895394E-02  3.1117635E-02
   29.0000  3.2171398E-02  3.0849517E-02  3.0437296E-02
   30.0000  3.2091551E-02  2.9231638E-02  2.9584165E-02
   31.0000  3.1629767E-02  2.8109384E-02  2.8617134E-02
   32.0000  3.0798868E-02  2.7379470E-02  2.7591846E-02
   33.0000  2.9672547E-02  2.6920756E-02  2.6583051E-02
   34.0000  2.8340098E-02  2.6631581E-02  2.5649108E-02
   35.0000  2.6912542E-02  2.6429651E-02  2.4826469E-02
   36.0000  2.5475056E-02  2.6233573E-02  2.4105597E-02
   37.0000  2.4059000E-02  2.5960586E-02  2.3424377E-02
   38.0000  2.2675981E-02  2.5554638E-02  2.2705914E-02
   39.0000  2.1375406E-02  2.5007732E-02  2.1922127E-02
   40.0000  2.0238432E-02  2.4340470E-02  2.1127055E-02
