  7709.000   27  1  1  1.9222038E-02 -4.6626195E+00 -3.2216043E-01  1  1  7.5661646E+03  8.0000000E+03  0.0000000E+00  1.1792254E+00  1.0000000E+00  0.0000000E+00  = E_edge, Z, n_edge, j_edge, Abs_before_edge, VO_interstitial, E_cut, ninit, ninit1, Epsii, UnitCell_Volume, Surface_ref, f0_forward, natomsym_f, abs_u_iso
    Energy   (100,001)      (010,001)      (001,110)   
  -25.0000  4.8781749E-09  1.9656358E-09  7.2501479E-10
  -24.0000  1.3139313E-08  5.4095544E-09  1.6590776E-09
  -23.0000  4.2873338E-08  1.8671591E-08  4.2948917E-09
  -22.0000  2.0638149E-07  1.0378971E-07  1.3719956E-08
  -21.0000  6.1703062E-06  4.9675957E-06  8.7897108E-08
  -20.0000  5.8866465E-05  6.2787154E-06  1.6355952E-06
  -19.0000  6.1054413E-06  2.5656379E-06  1.3913655E-05
  -18.0000  1.6518316E-06  3.9960927E-07  6.5144905E-07
  -17.0000  1.9765566E-06  5.1547797E-07  5.0012601E-07
  -16.0000  4.8966643E-06  1.3257405E-06  1.0746722E-06
  -15.0000  3.5391773E-04  1.8347718E-04  5.2176596E-04
  -14.0000  1.4265179E-05  1.7007504E-05  2.0052337E-05
  -13.0000  1.4960446E-06  1.7780669E-06  2.4783452E-06
  -12.0000  6.1986417E-06  4.7859757E-06  1.0807570E-05
  -11.0000  3.2905046E-05  2.1191060E-05  3.2686844E-05
  -10.0000  2.0904874E-03  2.2286648E-04  2.6840014E-04
  -9.00000  3.0631235E-01  3.0568185E-01  3.2088370E-02
  -8.00000  5.9332141E-05  4.2790622E-05  7.5165526E-06
  -7.00000  8.0230912E-03  1.1848009E-03  6.5771884E-04
  -6.00000  4.9514666E-04  4.3119300E-04  7.9312662E-03
  -5.00000  2.5459142E-03  1.2534948E-03  4.9961425E-03
  -4.00000  6.5276939E-02  2.4895288E-03  6.9441914E-02
  -3.00000  1.1239758E-02  2.6874808E-02  5.5613387E-03
  -2.00000  1.5060817E-03  2.5182553E-03  1.9402956E-03
  -1.00000  6.7478878E-04  9.2606790E-04  3.8624041E-04
   0.00000  1.2421003E-03  3.3263943E-03  7.5722945E-04
   1.00000  6.5631720E-04  7.7204917E-04  5.4354818E-04
   2.00000  5.2897742E-04  6.4832231E-04  4.3645460E-04
   3.00000  7.1695612E-04  8.6421773E-04  5.6627030E-04
   4.00000  1.1056498E-03  1.3388364E-03  8.7273499E-04
   5.00000  1.7774558E-03  2.3133579E-03  1.5591843E-03
   5.20000  1.9521385E-03  2.6140141E-03  1.7774549E-03
   5.40000  2.1404233E-03  2.9660783E-03  2.0360789E-03
   5.60000  2.3420035E-03  3.3806180E-03  2.3447958E-03
   5.80000  2.5548637E-03  3.8684878E-03  2.7147751E-03
   6.00000  2.7832458E-03  4.4548746E-03  3.1667890E-03
   6.20000  3.0283415E-03  5.1642895E-03  3.7229595E-03
   6.40000  3.2968576E-03  6.0351907E-03  4.4147206E-03
   6.60000  3.6056287E-03  7.1163122E-03  5.2806268E-03
   6.80000  3.9957510E-03  8.4535501E-03  6.3638803E-03
   7.00000  4.5523213E-03  1.0060282E-02  7.6987083E-03
   7.20000  5.3111813E-03  1.1825661E-02  9.2470123E-03
   7.40000  6.1908397E-03  1.3630358E-02  1.0847388E-02
   7.60000  7.0334628E-03  1.5359997E-02  1.2259455E-02
   7.80000  7.6944337E-03  1.6892248E-02  1.3419661E-02
   8.00000  8.1406984E-03  1.8288657E-02  1.4658392E-02
   8.20000  8.4846321E-03  1.9824308E-02  1.6338671E-02
   8.40000  8.8767436E-03  2.1745773E-02  1.8370159E-02
   8.60000  9.4337409E-03  2.4114964E-02  2.0216962E-02
   8.80000  1.0222247E-02  2.6873105E-02  2.1250545E-02
   9.00000  1.1299171E-02  2.9295404E-02  2.1317382E-02
   9.20000  1.2610318E-02  3.0572882E-02  2.0690403E-02
   9.40000  1.4035839E-02  2.9921493E-02  1.9789934E-02
   9.60000  1.5470370E-02  2.7537182E-02  1.8984633E-02
   9.80000  1.6922268E-02  2.4495465E-02  1.8584387E-02
   10.0000  1.8486865E-02  2.1772215E-02  1.8778493E-02
   10.2500  2.0746754E-02  1.9419452E-02  1.9927722E-02
   10.5000  2.3446586E-02  1.8270976E-02  2.2019948E-02
   10.7500  2.6609713E-02  1.8150772E-02  2.4917388E-02
   11.0000  3.0500911E-02  1.9169005E-02  2.8872175E-02
   11.2500  3.4141224E-02  2.0549954E-02  3.2627272E-02
   11.5000  3.7512183E-02  2.2636946E-02  3.6450728E-02
   11.7500  4.0079984E-02  2.5408727E-02  4.0018720E-02
   12.0000  4.1438474E-02  2.9061944E-02  4.2845547E-02
   12.2500  4.1430257E-02  3.3728789E-02  4.4369838E-02
   12.5000  4.0363468E-02  3.9035140E-02  4.5652829E-02
   12.7500  3.8759556E-02  4.4970284E-02  4.6034087E-02
   13.0000  3.7159336E-02  5.0971695E-02  4.5677374E-02
   13.2500  3.5884110E-02  5.6132212E-02  4.4787523E-02
   13.5000  3.5323443E-02  5.9065505E-02  4.3786436E-02
   13.7500  3.5006260E-02  5.9825362E-02  4.2238773E-02
   14.0000  3.4942547E-02  5.8476615E-02  4.0864940E-02
   14.2500  3.5069442E-02  5.5641236E-02  3.9390840E-02
   14.5000  3.5316300E-02  5.2079857E-02  3.8098257E-02
   14.7500  3.5675112E-02  4.8344132E-02  3.7008973E-02
   15.0000  3.6110658E-02  4.4809170E-02  3.6143183E-02
   15.2500  3.6593591E-02  4.1658555E-02  3.5500455E-02
   15.5000  3.7098873E-02  3.8951673E-02  3.5070671E-02
   15.7500  3.7594895E-02  3.6678183E-02  3.4830229E-02
   16.0000  3.8057655E-02  3.4799995E-02  3.4759529E-02
   16.2500  3.8460776E-02  3.3269217E-02  3.4834985E-02
   16.5000  3.8781193E-02  3.2037306E-02  3.5033114E-02
   16.7500  3.9000530E-02  3.1059162E-02  3.5329801E-02
   17.0000  3.9109896E-02  3.0294401E-02  3.5699751E-02
   17.2500  3.9112704E-02  2.9707567E-02  3.6120044E-02
   17.5000  3.9024290E-02  2.9267812E-02  3.6568524E-02
   17.7500  3.8872028E-02  2.8949417E-02  3.7028238E-02
   18.0000  3.8689148E-02  2.8731310E-02  3.7486990E-02
   18.2500  3.8508782E-02  2.8596446E-02  3.7937322E-02
   18.5000  3.8360318E-02  2.8531986E-02  3.8375092E-02
   18.7500  3.8265233E-02  2.8528798E-02  3.8798602E-02
   19.0000  3.8238465E-02  2.8581959E-02  3.9206165E-02
   19.2500  3.8283846E-02  2.8688869E-02  3.9588785E-02
   19.5000  3.8403558E-02  2.8849396E-02  3.9939140E-02
   19.7500  3.8594038E-02  2.9064904E-02  4.0244455E-02
   20.0000  3.8849222E-02  2.9336477E-02  4.0489720E-02
   21.0000  4.0238598E-02  3.0980987E-02  4.0551483E-02
   22.0000  4.1019016E-02  3.3328168E-02  3.8826713E-02
   23.0000  4.0142186E-02  3.5798068E-02  3.6243815E-02
   24.0000  3.8572517E-02  3.7671578E-02  3.4195180E-02
   25.0000  3.7276559E-02  3.8462966E-02  3.3056267E-02
   26.0000  3.6386923E-02  3.8101428E-02  3.2516556E-02
   27.0000  3.5639517E-02  3.6739820E-02  3.2086159E-02
   28.0000  3.5377794E-02  3.4942536E-02  3.1808461E-02
   29.0000  3.5024737E-02  3.2969769E-02  3.1427814E-02
   30.0000  3.4306410E-02  3.1162037E-02  3.0926944E-02
   31.0000  3.3140069E-02  2.9703769E-02  3.0328493E-02
   32.0000  3.1651567E-02  2.8623238E-02  2.9671117E-02
   33.0000  3.0021310E-02  2.7856893E-02  2.8992165E-02
   34.0000  2.8407091E-02  2.7325442E-02  2.8320021E-02
   35.0000  2.6906309E-02  2.6950397E-02  2.7664305E-02
   36.0000  2.5550602E-02  2.6661034E-02  2.7013339E-02
   37.0000  2.4315890E-02  2.6386169E-02  2.6328736E-02
   38.0000  2.3158396E-02  2.6071874E-02  2.5558276E-02
   39.0000  2.2065469E-02  2.5686679E-02  2.4649565E-02
   40.0000  2.1071549E-02  2.5207548E-02  2.3577330E-02
