  7709.000   27  1  1  1.9222038E-02 -4.6110022E+00 -3.9393595E-01  1  1  7.5662438E+03  8.0000000E+03  0.0000000E+00  1.1792254E+00  1.0000000E+00  0.0000000E+00  = E_edge, Z, n_edge, j_edge, Abs_before_edge, VO_interstitial, E_cut, ninit, ninit1, Epsii, UnitCell_Volume, Surface_ref, f0_forward, natomsym_f, abs_u_iso
    Energy   (100,001)      (010,001)      (001,110)   
  -25.0000  5.5409403E-09  1.7682941E-09  8.9250913E-10
  -24.0000  1.5505977E-08  4.8023879E-09  2.2103204E-09
  -23.0000  5.4358048E-08  1.6459631E-08  6.7101141E-09
  -22.0000  3.2035592E-07  9.7002796E-08  3.3661605E-08
  -21.0000  3.5765233E-03  1.0550163E-03  3.8265489E-04
  -20.0000  3.7663642E-05  4.7609242E-06  4.0140934E-06
  -19.0000  2.8801670E-06  3.2926358E-06  1.6280211E-05
  -18.0000  1.4861984E-06  4.4803265E-07  4.6833924E-07
  -17.0000  2.0053566E-06  5.0577805E-07  3.9961044E-07
  -16.0000  5.6323834E-06  1.0641635E-06  1.0027272E-06
  -15.0000  1.0105026E-02  1.1759026E-02  1.2485007E-02
  -14.0000  5.5247466E-06  7.1002864E-06  6.9752741E-06
  -13.0000  1.4356930E-06  1.4494364E-06  2.3579774E-06
  -12.0000  5.0991848E-06  3.2000229E-06  8.7342352E-06
  -11.0000  4.6474802E-05  3.8882321E-05  4.4936720E-05
  -10.0000  9.7328252E-04  8.9060781E-04  2.7964252E-05
  -9.00000  8.7050786E-03  3.8836056E-04  1.1659080E-04
  -8.00000  3.3041053E-05  1.2198535E-04  4.4762001E-05
  -7.00000  3.9524745E-03  3.5493813E-04  5.8093157E-04
  -6.00000  5.4844831E-04  6.0749880E-04  1.6532997E-03
  -5.00000  4.0890707E-03  3.2164839E-03  2.4030156E-03
  -4.00000  4.3821186E-02  4.4998903E-02  7.0785664E-02
  -3.00000  4.6379891E-03  3.0039914E-02  3.2333918E-03
  -2.00000  1.5796342E-03  1.7443620E-03  2.1258338E-03
  -1.00000  5.4199831E-04  7.4337708E-04  2.4024592E-04
   0.00000  6.8928543E-04  1.3981445E-03  7.7817881E-04
   1.00000  7.3585344E-04  9.6563410E-04  1.0068026E-03
   2.00000  5.9615377E-04  7.3141416E-04  5.9043999E-04
   3.00000  7.7301277E-04  9.5148102E-04  6.4569753E-04
   4.00000  1.1774816E-03  1.4320159E-03  8.9498607E-04
   5.00000  1.9165834E-03  2.3031384E-03  1.4911062E-03
   5.20000  2.1114735E-03  2.5515681E-03  1.6773032E-03
   5.40000  2.3217601E-03  2.8318628E-03  1.8937625E-03
   5.60000  2.5467845E-03  3.1472228E-03  2.1456643E-03
   5.80000  2.7850962E-03  3.5009604E-03  2.4403115E-03
   6.00000  3.0361477E-03  3.8947182E-03  2.7853990E-03
   6.20000  3.2994035E-03  4.3303651E-03  3.1916118E-03
   6.40000  3.5754851E-03  4.8089758E-03  3.6710227E-03
   6.60000  3.8672860E-03  5.3314252E-03  4.2335987E-03
   6.80000  4.1824775E-03  5.9057233E-03  4.8848794E-03
   7.00000  4.5393789E-03  6.5697117E-03  5.6359946E-03
   7.20000  4.9401624E-03  7.3702238E-03  6.5279611E-03
   7.40000  5.3755108E-03  8.3425391E-03  7.6357423E-03
   7.60000  5.8426413E-03  9.5067169E-03  9.0321498E-03
   7.80000  6.3521760E-03  1.0885977E-02  1.0752465E-02
   8.00000  6.9254823E-03  1.2508485E-02  1.2738563E-02
   8.20000  7.5928455E-03  1.4419509E-02  1.4803790E-02
   8.40000  8.3741949E-03  1.6656115E-02  1.6579701E-02
   8.60000  9.2390979E-03  1.9172903E-02  1.7674890E-02
   8.80000  1.0099894E-02  2.1705029E-02  1.8025888E-02
   9.00000  1.0923183E-02  2.3819686E-02  1.7922832E-02
   9.20000  1.1840380E-02  2.5298368E-02  1.7602515E-02
   9.40000  1.3070919E-02  2.6334878E-02  1.7157037E-02
   9.60000  1.4744733E-02  2.7169834E-02  1.6748307E-02
   9.80000  1.6797010E-02  2.7774150E-02  1.6597456E-02
   10.0000  1.9070393E-02  2.7854205E-02  1.6850375E-02
   10.2500  2.1997198E-02  2.7386356E-02  1.7817383E-02
   10.5000  2.4978450E-02  2.6923628E-02  1.9482047E-02
   10.7500  2.8535741E-02  2.7756878E-02  2.1916600E-02
   11.0000  3.1980504E-02  2.8633035E-02  2.4693093E-02
   11.2500  3.5653160E-02  3.0567235E-02  2.7856551E-02
   11.5000  3.9408063E-02  3.3540228E-02  3.1310404E-02
   11.7500  4.2838380E-02  3.7499809E-02  3.4824532E-02
   12.0000  4.5627158E-02  4.2191144E-02  3.8396689E-02
   12.2500  4.6961549E-02  4.7469197E-02  4.1715204E-02
   12.5000  4.6823569E-02  5.2907852E-02  4.4115552E-02
   12.7500  4.5364029E-02  5.7359617E-02  4.5871371E-02
   13.0000  4.3078369E-02  6.0290639E-02  4.7077285E-02
   13.2500  4.0603760E-02  6.1372964E-02  4.7424023E-02
   13.5000  3.8388469E-02  6.0720631E-02  4.7002671E-02
   13.7500  3.6942008E-02  5.8352523E-02  4.6230506E-02
   14.0000  3.5656991E-02  5.5243242E-02  4.4826442E-02
   14.2500  3.4845286E-02  5.2132503E-02  4.3151112E-02
   14.5000  3.4395801E-02  4.8997123E-02  4.1503545E-02
   14.7500  3.4223763E-02  4.6006152E-02  4.0004551E-02
   15.0000  3.4256012E-02  4.3257124E-02  3.8716664E-02
   15.2500  3.4429566E-02  4.0795432E-02  3.7660768E-02
   15.5000  3.4691816E-02  3.8635076E-02  3.6832518E-02
   15.7500  3.4989683E-02  3.6767518E-02  3.6207724E-02
   16.0000  3.5289646E-02  3.5173622E-02  3.5764671E-02
   16.2500  3.5565693E-02  3.3826497E-02  3.5480407E-02
   16.5000  3.5800029E-02  3.2697120E-02  3.5333200E-02
   16.7500  3.5982611E-02  3.1753998E-02  3.5303970E-02
   17.0000  3.6109817E-02  3.0968140E-02  3.5374911E-02
   17.2500  3.6183469E-02  3.0311654E-02  3.5527181E-02
   17.5000  3.6211494E-02  2.9759328E-02  3.5742934E-02
   17.7500  3.6209180E-02  2.9290292E-02  3.6008178E-02
   18.0000  3.6198928E-02  2.8888385E-02  3.6311087E-02
   18.2500  3.6207697E-02  2.8541794E-02  3.6644314E-02
   18.5000  3.6264063E-02  2.8244136E-02  3.7007149E-02
   18.7500  3.6392730E-02  2.7991936E-02  3.7402104E-02
   19.0000  3.6612795E-02  2.7784462E-02  3.7833858E-02
   19.2500  3.6933468E-02  2.7620162E-02  3.8301154E-02
   19.5000  3.7355045E-02  2.7498220E-02  3.8802201E-02
   19.7500  3.7869120E-02  2.7418922E-02  3.9327823E-02
   20.0000  3.8458714E-02  2.7382354E-02  3.9864807E-02
   21.0000  4.0939322E-02  2.7667000E-02  4.1588148E-02
   22.0000  4.1860147E-02  2.8698064E-02  4.1151250E-02
   23.0000  4.0726026E-02  3.0466436E-02  3.8353344E-02
   24.0000  3.9222434E-02  3.2623591E-02  3.5242817E-02
   25.0000  3.8145057E-02  3.4621878E-02  3.3181493E-02
   26.0000  3.6719049E-02  3.5701098E-02  3.1919545E-02
   27.0000  3.5643646E-02  3.5851900E-02  3.1397413E-02
   28.0000  3.4486615E-02  3.4847678E-02  3.1018576E-02
   29.0000  3.3513507E-02  3.3171998E-02  3.0659374E-02
   30.0000  3.2772166E-02  3.1416588E-02  3.0308893E-02
   31.0000  3.2072376E-02  2.9968831E-02  2.9950033E-02
   32.0000  3.1216744E-02  2.8946630E-02  2.9552636E-02
   33.0000  3.0118729E-02  2.8290752E-02  2.9103116E-02
   34.0000  2.8790972E-02  2.7898538E-02  2.8619164E-02
   35.0000  2.7288702E-02  2.7687983E-02  2.8129984E-02
   36.0000  2.5704255E-02  2.7593522E-02  2.7659191E-02
   37.0000  2.4158095E-02  2.7535793E-02  2.7208899E-02
   38.0000  2.2781385E-02  2.7416558E-02  2.6750420E-02
   39.0000  2.1689795E-02  2.7147463E-02  2.6231629E-02
   40.0000  2.0948857E-02  2.6681048E-02  2.5598234E-02
