  7709.000   27  1  1  1.9222038E-02 -4.4564011E+00 -2.9757949E-01  1  1  7.5662431E+03  8.0000000E+03  0.0000000E+00  1.1792254E+00  1.0000000E+00  0.0000000E+00  = E_edge, Z, n_edge, j_edge, Abs_before_edge, VO_interstitial, E_cut, ninit, ninit1, Epsii, UnitCell_Volume, Surface_ref, f0_forward, natomsym_f, abs_u_iso
    Energy   (100,001)      (010,001)      (001,110)   
  -25.0000  5.4606219E-09  1.3825838E-09  6.8985775E-10
  -24.0000  1.4431357E-08  3.5302117E-09  1.5974773E-09
  -23.0000  4.5034981E-08  1.0745245E-08  4.2278288E-09
  -22.0000  1.8927488E-07  4.5407872E-08  1.4134752E-08
  -21.0000  1.7572267E-06  4.9627344E-07  8.3938849E-08
  -20.0000  3.4799281E-02  8.2717426E-04  2.9168848E-03
  -19.0000  6.2654679E-06  1.1585817E-05  1.9343266E-05
  -18.0000  2.4750404E-06  8.2593194E-07  9.9008859E-07
  -17.0000  3.1446958E-06  6.7097692E-07  5.1978180E-07
  -16.0000  7.8101440E-06  1.1629179E-06  8.7363966E-07
  -15.0000  4.3101237E-04  4.8163860E-05  5.6703239E-05
  -14.0000  1.2972728E-05  1.7835784E-05  1.8836531E-05
  -13.0000  1.1667879E-06  2.2827721E-06  3.6498607E-06
  -12.0000  6.0380310E-06  2.1706266E-05  4.2572051E-05
  -11.0000  1.9072352E-05  1.3592575E-05  2.6022778E-05
  -10.0000  3.5182618E-04  8.6304992E-05  2.7396440E-05
  -9.00000  1.0514782E-03  1.6143907E-04  6.2819561E-05
  -8.00000  1.2843411E-04  5.1008298E-05  1.0008889E-05
  -7.00000  4.1210647E-01  1.3994282E-02  2.1070870E-02
  -6.00000  1.6359818E-03  5.2424958E-04  2.7635864E-04
  -5.00000  8.8456358E-04  3.9998766E-04  6.1760381E-04
  -4.00000  2.2540377E-03  1.1207018E-03  1.7991579E-03
  -3.00000  2.1407898E-03  4.0899092E-03  2.4720283E-03
  -2.00000  1.0302868E-03  2.0169514E-03  2.3609860E-03
  -1.00000  5.5829791E-04  8.1120788E-04  5.3215986E-04
   0.00000  1.2387482E-03  2.9257779E-03  1.2446087E-03
   1.00000  6.3104281E-04  7.9069168E-04  4.7007121E-04
   2.00000  4.3063220E-04  6.6602286E-04  4.1490354E-04
   3.00000  5.6401769E-04  8.7933065E-04  5.6951042E-04
   4.00000  8.4150590E-04  1.3233679E-03  9.3517899E-04
   5.00000  1.3035232E-03  2.2505655E-03  1.8716414E-03
   5.20000  1.4128746E-03  2.5630516E-03  2.1943325E-03
   5.40000  1.5217446E-03  2.9505147E-03  2.5874054E-03
   5.60000  1.6256579E-03  3.4405556E-03  3.0695883E-03
   5.80000  1.7208740E-03  4.0597955E-03  3.6613807E-03
   6.00000  1.8096403E-03  4.8914978E-03  4.4153859E-03
   6.20000  1.9175987E-03  5.9769780E-03  5.3913338E-03
   6.40000  2.1057716E-03  7.3331220E-03  6.6974803E-03
   6.60000  2.4286653E-03  8.9504776E-03  8.4819610E-03
   6.80000  2.8671310E-03  1.0834370E-02  1.0867325E-02
   7.00000  3.3469912E-03  1.2939820E-02  1.3831830E-02
   7.20000  3.8208677E-03  1.5115154E-02  1.6948206E-02
   7.40000  4.2823817E-03  1.7065751E-02  1.9162286E-02
   7.60000  4.7461411E-03  1.8512890E-02  1.9336824E-02
   7.80000  5.2261940E-03  1.9414537E-02  1.7618447E-02
   8.00000  5.7517072E-03  2.0074179E-02  1.5334680E-02
   8.20000  6.3795318E-03  2.0943842E-02  1.3568412E-02
   8.40000  7.1812841E-03  2.2363366E-02  1.2731107E-02
   8.60000  8.2148893E-03  2.4414045E-02  1.2905001E-02
   8.80000  9.4583949E-03  2.6706098E-02  1.4031948E-02
   9.00000  1.0650603E-02  2.8215561E-02  1.5719867E-02
   9.20000  1.1452333E-02  2.7283541E-02  1.7321434E-02
   9.40000  1.1716750E-02  2.4170778E-02  1.8255423E-02
   9.60000  1.1794370E-02  2.0660481E-02  1.8761534E-02
   9.80000  1.2085165E-02  1.8145322E-02  1.9402483E-02
   10.0000  1.2778113E-02  1.6972763E-02  2.0530579E-02
   10.2500  1.4283485E-02  1.7176371E-02  2.2808455E-02
   10.5000  1.6515579E-02  1.8876788E-02  2.6099101E-02
   10.7500  1.9468119E-02  2.1819776E-02  3.0403606E-02
   11.0000  2.3060253E-02  2.5875758E-02  3.5662481E-02
   11.2500  2.7365246E-02  3.0991189E-02  4.2209178E-02
   11.5000  3.1240339E-02  3.7051787E-02  4.8291103E-02
   11.7500  3.4433149E-02  4.4020342E-02  5.3645207E-02
   12.0000  3.6551120E-02  5.1750640E-02  5.6918780E-02
   12.2500  3.7465702E-02  5.9080873E-02  5.7815099E-02
   12.5000  3.7467976E-02  6.4754449E-02  5.6305077E-02
   12.7500  3.7111997E-02  6.7906697E-02  5.3187739E-02
   13.0000  3.6755021E-02  6.8231643E-02  4.9501820E-02
   13.2500  3.6538962E-02  6.6116591E-02  4.5946641E-02
   13.5000  3.6477005E-02  6.2300567E-02  4.2800552E-02
   13.7500  3.6787919E-02  5.7213912E-02  4.0001105E-02
   14.0000  3.7097318E-02  5.2751641E-02  3.7590247E-02
   14.2500  3.7462114E-02  4.8128840E-02  3.5649310E-02
   14.5000  3.7632357E-02  4.3861308E-02  3.3869503E-02
   14.7500  3.7852312E-02  4.0122907E-02  3.2370483E-02
   15.0000  3.8129110E-02  3.6924965E-02  3.1130703E-02
   15.2500  3.8468126E-02  3.4232563E-02  3.0133183E-02
   15.5000  3.8874595E-02  3.1993738E-02  2.9363004E-02
   15.7500  3.9342451E-02  3.0149550E-02  2.8801007E-02
   16.0000  3.9867906E-02  2.8649281E-02  2.8432408E-02
   16.2500  4.0436930E-02  2.7447425E-02  2.8241393E-02
   16.5000  4.1026717E-02  2.6504963E-02  2.8209866E-02
   16.7500  4.1605900E-02  2.5789619E-02  2.8319244E-02
   17.0000  4.2140728E-02  2.5275500E-02  2.8550270E-02
   17.2500  4.2600184E-02  2.4940618E-02  2.8883237E-02
   17.5000  4.2963481E-02  2.4766016E-02  2.9299601E-02
   17.7500  4.3224419E-02  2.4735799E-02  2.9783901E-02
   18.0000  4.3393010E-02  2.4835177E-02  3.0322704E-02
   18.2500  4.3491523E-02  2.5049431E-02  3.0904918E-02
   18.5000  4.3549112E-02  2.5363359E-02  3.1521139E-02
   18.7500  4.3594504E-02  2.5760124E-02  3.2162687E-02
   19.0000  4.3651237E-02  2.6223033E-02  3.2820624E-02
   19.2500  4.3735499E-02  2.6734741E-02  3.3486821E-02
   19.5000  4.3850938E-02  2.7276681E-02  3.4146330E-02
   19.7500  4.3995154E-02  2.7832491E-02  3.4785374E-02
   20.0000  4.4157006E-02  2.8388563E-02  3.5386885E-02
   21.0000  4.4552748E-02  3.0470502E-02  3.7007131E-02
   22.0000  4.3636825E-02  3.2436546E-02  3.6742340E-02
   23.0000  4.1677067E-02  3.4496905E-02  3.5398108E-02
   24.0000  3.9868904E-02  3.6229487E-02  3.4430087E-02
   25.0000  3.8649400E-02  3.6855500E-02  3.4160004E-02
   26.0000  3.7887815E-02  3.6065801E-02  3.4262446E-02
   27.0000  3.7006407E-02  3.4323747E-02  3.4137598E-02
   28.0000  3.6295363E-02  3.2528149E-02  3.3883326E-02
   29.0000  3.5213389E-02  3.1072335E-02  3.3255569E-02
   30.0000  3.3650920E-02  3.0016634E-02  3.2392464E-02
   31.0000  3.1695811E-02  2.9263044E-02  3.1447479E-02
   32.0000  2.9568518E-02  2.8701866E-02  3.0522789E-02
   33.0000  2.7469827E-02  2.8259938E-02  2.9649828E-02
   34.0000  2.5519739E-02  2.7902418E-02  2.8825034E-02
   35.0000  2.3776829E-02  2.7615470E-02  2.8025383E-02
   36.0000  2.2271591E-02  2.7385050E-02  2.7220266E-02
   37.0000  2.1044944E-02  2.7185681E-02  2.6385211E-02
   38.0000  2.0151498E-02  2.6956078E-02  2.5506582E-02
   39.0000  1.9610672E-02  2.6582150E-02  2.4578038E-02
   40.0000  1.9346104E-02  2.5948683E-02  2.3593329E-02
