  7709.000   27  1  1  1.9222038E-02 -4.3459283E+00 -2.6569919E-01  1  1  7.5662563E+03  8.0000000E+03  0.0000000E+00  1.1792254E+00  1.0000000E+00  0.0000000E+00  = E_edge, Z, n_edge, j_edge, Abs_before_edge, VO_interstitial, E_cut, ninit, ninit1, Epsii, UnitCell_Volume, Surface_ref, f0_forward, natomsym_f, abs_u_iso
    Energy   (100,001)      (010,001)      (001,110)   
  -25.0000  4.6355687E-09  1.3701440E-09  6.5258552E-10
  -24.0000  1.2098034E-08  3.4936840E-09  1.4942435E-09
  -23.0000  3.7077045E-08  1.0581695E-08  3.8715679E-09
  -22.0000  1.5089314E-07  4.3872589E-08  1.2324458E-08
  -21.0000  1.2733406E-06  4.2927646E-07  6.2329702E-08
  -20.0000  1.5015064E-04  1.1766834E-05  8.7855764E-06
  -19.0000  7.7721601E-06  7.8692193E-06  2.2521191E-05
  -18.0000  2.3779935E-06  6.7626263E-07  8.2168741E-07
  -17.0000  2.8317810E-06  6.6165816E-07  4.9782891E-07
  -16.0000  7.0013058E-06  1.4235466E-06  8.7522046E-07
  -15.0000  3.1346743E-04  1.7550925E-05  6.2261560E-05
  -14.0000  1.0960632E-05  1.3712228E-05  1.6272010E-05
  -13.0000  1.2806224E-06  2.1315033E-06  3.6531897E-06
  -12.0000  6.4538069E-06  1.7376060E-05  4.2677996E-05
  -11.0000  1.6723483E-05  1.2555210E-05  2.1806847E-05
  -10.0000  2.6739853E-04  6.7198825E-05  1.7702228E-05
  -9.00000  5.7195226E-04  2.7023138E-04  1.9720724E-05
  -8.00000  1.1237113E-04  3.6244972E-05  8.1147726E-06
  -7.00000  3.0900187E-03  6.2020197E-04  3.3578164E-04
  -6.00000  7.1019893E-04  3.5417721E-04  1.5936076E-04
  -5.00000  8.1146033E-03  1.9639834E-03  6.9088868E-04
  -4.00000  2.2633511E-03  9.6245130E-04  1.4023912E-03
  -3.00000  2.8478641E-03  4.3509152E-03  2.9689556E-03
  -2.00000  9.7772597E-04  1.5016615E-03  1.4333948E-03
  -1.00000  5.0723343E-04  6.9022616E-04  4.1080977E-04
   0.00000  2.3394565E-03  1.2559684E-02  1.6856159E-03
   1.00000  4.5962407E-04  6.7438972E-04  4.3902024E-04
   2.00000  4.4522232E-04  6.7148077E-04  4.4352489E-04
   3.00000  6.0191902E-04  9.1446258E-04  6.1061991E-04
   4.00000  9.0954266E-04  1.3756389E-03  9.9908989E-04
   5.00000  1.4172167E-03  2.3253985E-03  1.9615967E-03
   5.20000  1.5348496E-03  2.6492779E-03  2.2900406E-03
   5.40000  1.6491179E-03  3.0565417E-03  2.6907701E-03
   5.60000  1.7536044E-03  3.5830784E-03  3.1840801E-03
   5.80000  1.8469142E-03  4.2826618E-03  3.7999657E-03
   6.00000  1.9526842E-03  5.2138181E-03  4.5865655E-03
   6.20000  2.1396273E-03  6.4014862E-03  5.6244382E-03
   6.40000  2.4775746E-03  7.8196363E-03  7.0186816E-03
   6.60000  2.9568065E-03  9.4971310E-03  8.9311580E-03
   6.80000  3.4973172E-03  1.1449189E-02  1.1477622E-02
   7.00000  4.0362287E-03  1.3693895E-02  1.4628897E-02
   7.20000  4.5828337E-03  1.6190489E-02  1.7894391E-02
   7.40000  5.1564098E-03  1.8698706E-02  2.0080525E-02
   7.60000  5.7784883E-03  2.0899419E-02  2.0130245E-02
   7.80000  6.4736592E-03  2.2642619E-02  1.8524609E-02
   8.00000  7.2979549E-03  2.4129000E-02  1.6711421E-02
   8.20000  8.3523707E-03  2.5665190E-02  1.5702485E-02
   8.40000  9.6367280E-03  2.6897627E-02  1.5831413E-02
   8.60000  1.0917672E-02  2.6424649E-02  1.6589523E-02
   8.80000  1.1752418E-02  2.3462260E-02  1.6930427E-02
   9.00000  1.2198183E-02  1.9999047E-02  1.6700731E-02
   9.20000  1.2737528E-02  1.8017465E-02  1.6698463E-02
   9.40000  1.3677583E-02  1.7741845E-02  1.7444718E-02
   9.60000  1.5132948E-02  1.8787816E-02  1.9054496E-02
   9.80000  1.7164612E-02  2.0853813E-02  2.1514973E-02
   10.0000  1.9822669E-02  2.3757768E-02  2.4799911E-02
   10.2500  2.4051614E-02  2.8348465E-02  3.0008724E-02
   10.5000  2.9152680E-02  3.3709705E-02  3.6290910E-02
   10.7500  3.4861624E-02  3.9197083E-02  4.3564651E-02
   11.0000  3.9955780E-02  4.4934327E-02  5.0516851E-02
   11.2500  4.3705294E-02  5.0464085E-02  5.6400147E-02
   11.5000  4.5595060E-02  5.5766526E-02  6.0020828E-02
   11.7500  4.5801745E-02  6.0781847E-02  6.0677937E-02
   12.0000  4.4978406E-02  6.5076556E-02  5.8719087E-02
   12.2500  4.3917232E-02  6.6845066E-02  5.4636900E-02
   12.5000  4.2768024E-02  6.7090363E-02  5.1147988E-02
   12.7500  4.1802072E-02  6.5051222E-02  4.7862141E-02
   13.0000  4.1069120E-02  6.1208337E-02  4.4913005E-02
   13.2500  4.0557690E-02  5.6355850E-02  4.2265147E-02
   13.5000  4.0227304E-02  5.1239881E-02  3.9868722E-02
   13.7500  4.0037432E-02  4.6373388E-02  3.7704483E-02
   14.0000  3.9972612E-02  4.2194731E-02  3.5378555E-02
   14.2500  3.9954934E-02  3.8669136E-02  3.3577271E-02
   14.5000  4.0017065E-02  3.5631838E-02  3.2154777E-02
   14.7500  4.0172093E-02  3.3115413E-02  3.1011961E-02
   15.0000  4.0408721E-02  3.1050161E-02  3.0132553E-02
   15.2500  4.0711747E-02  2.9369826E-02  2.9497460E-02
   15.5000  4.1061861E-02  2.8016331E-02  2.9086836E-02
   15.7500  4.1440225E-02  2.6944473E-02  2.8881617E-02
   16.0000  4.1810990E-02  2.6113665E-02  2.8858560E-02
   16.2500  4.2146001E-02  2.5495097E-02  2.8996513E-02
   16.5000  4.2416314E-02  2.5064135E-02  2.9272606E-02
   16.7500  4.2600082E-02  2.4800672E-02  2.9663032E-02
   17.0000  4.2688420E-02  2.4687752E-02  3.0144281E-02
   17.2500  4.2687734E-02  2.4709075E-02  3.0693171E-02
   17.5000  4.2617236E-02  2.4849307E-02  3.1288741E-02
   17.7500  4.2502196E-02  2.5091658E-02  3.1912691E-02
   18.0000  4.2368306E-02  2.5418561E-02  3.2550759E-02
   18.2500  4.2235884E-02  2.5811009E-02  3.3190224E-02
   18.5000  4.2116868E-02  2.6249546E-02  3.3820101E-02
   18.7500  4.2014459E-02  2.6714972E-02  3.4429526E-02
   19.0000  4.1925337E-02  2.7191566E-02  3.5008202E-02
   19.2500  4.1842709E-02  2.7668027E-02  3.5544203E-02
   19.5000  4.1754178E-02  2.8135832E-02  3.6019882E-02
   19.7500  4.1644598E-02  2.8593431E-02  3.6417883E-02
   20.0000  4.1497484E-02  2.9044360E-02  3.6718536E-02
   21.0000  4.0258485E-02  3.0922634E-02  3.6671832E-02
   22.0000  3.8108485E-02  3.3090920E-02  3.5083638E-02
   23.0000  3.6087695E-02  3.5099546E-02  3.3672139E-02
   24.0000  3.4777171E-02  3.6116171E-02  3.3155510E-02
   25.0000  3.4282468E-02  3.5719894E-02  3.3257411E-02
   26.0000  3.4146334E-02  3.4165209E-02  3.3288297E-02
   27.0000  3.4242607E-02  3.2407347E-02  3.3192604E-02
   28.0000  3.3891587E-02  3.0913492E-02  3.2673906E-02
   29.0000  3.2859448E-02  2.9838604E-02  3.1850467E-02
   30.0000  3.1176222E-02  2.9099672E-02  3.0882431E-02
   31.0000  2.9113683E-02  2.8561803E-02  2.9871672E-02
   32.0000  2.6983054E-02  2.8125187E-02  2.8869841E-02
   33.0000  2.4994489E-02  2.7739805E-02  2.7900905E-02
   34.0000  2.3257713E-02  2.7375780E-02  2.6969211E-02
   35.0000  2.1824395E-02  2.7007325E-02  2.6068927E-02
   36.0000  2.0722016E-02  2.6601281E-02  2.5172395E-02
   37.0000  1.9965979E-02  2.6120157E-02  2.4238669E-02
   38.0000  1.9525693E-02  2.5505089E-02  2.3233202E-02
   39.0000  1.9288289E-02  2.4693286E-02  2.2143738E-02
   40.0000  1.9075608E-02  2.3674702E-02  2.0989168E-02
