  7709.000   27  1  1  1.9222038E-02 -4.4216403E+00 -3.2650374E-01  1  1  7.5664666E+03  8.0000000E+03  0.0000000E+00  1.1792254E+00  1.0000000E+00  0.0000000E+00  = E_edge, Z, n_edge, j_edge, Abs_before_edge, VO_interstitial, E_cut, ninit, ninit1, Epsii, UnitCell_Volume, Surface_ref, f0_forward, natomsym_f, abs_u_iso
    Energy   (100,001)      (010,001)      (001,110)   
  -25.0000  3.9942886E-09  1.5657210E-09  6.6289614E-10
  -24.0000  1.0184072E-08  3.9892753E-09  1.4799606E-09
  -23.0000  3.0104221E-08  1.1996583E-08  3.6751656E-09
  -22.0000  1.1436017E-07  4.8362820E-08  1.0762598E-08
  -21.0000  7.6524603E-07  4.0242986E-07  4.3330202E-08
  -20.0000  1.4547995E-04  2.9597787E-05  1.6422560E-06
  -19.0000  2.4230602E-05  3.0523334E-05  1.3275759E-04
  -18.0000  2.5439658E-06  6.8472802E-07  1.1365836E-06
  -17.0000  2.5856491E-06  7.1623372E-07  6.0142503E-07
  -16.0000  5.3710791E-06  1.4735891E-06  8.9760451E-07
  -15.0000  2.5915657E-04  6.6341966E-06  2.6106288E-05
  -14.0000  6.5079451E-06  1.0915133E-05  7.1372113E-06
  -13.0000  1.0011897E-06  2.6620915E-06  3.5304872E-06
  -12.0000  7.7906625E-06  4.4037807E-05  8.0282536E-05
  -11.0000  1.5425484E-05  1.1415504E-05  1.5531068E-05
  -10.0000  1.9438689E-04  4.1885492E-05  2.4996666E-05
  -9.00000  1.1979638E-02  3.7066851E-02  3.1068655E-04
  -8.00000  1.2025346E-04  5.3735007E-05  9.0901205E-06
  -7.00000  9.5449483E-04  2.2966488E-04  1.2316758E-04
  -6.00000  7.6024682E-04  4.0265731E-04  2.2019436E-04
  -5.00000  6.7966279E-04  1.7673714E-04  1.8555358E-03
  -4.00000  9.5428314E-04  1.5143285E-03  6.8023634E-04
  -3.00000  1.0130794E-02  2.4849564E-02  9.8515167E-03
  -2.00000  7.5814201E-04  1.3399819E-03  9.5126369E-04
  -1.00000  4.6617621E-04  6.6208586E-04  3.6603276E-04
   0.00000  2.3009934E-03  7.9554107E-03  4.9779720E-03
   1.00000  3.9070635E-04  5.0051211E-04  4.1047301E-04
   2.00000  4.2377714E-04  6.0019235E-04  4.3357846E-04
   3.00000  5.8886321E-04  8.5748382E-04  6.0231824E-04
   4.00000  8.9257493E-04  1.3559292E-03  1.0093083E-03
   5.00000  1.3030056E-03  2.7859016E-03  2.2200979E-03
   5.20000  1.4246267E-03  3.4002333E-03  2.6789152E-03
   5.40000  1.6371236E-03  4.1065220E-03  3.1773774E-03
   5.60000  1.9364623E-03  4.9053134E-03  3.6968953E-03
   5.80000  2.2831737E-03  5.8191546E-03  4.2709571E-03
   6.00000  2.6515101E-03  6.7638781E-03  4.9803565E-03
   6.20000  3.0246501E-03  7.7046730E-03  5.9806037E-03
   6.40000  3.4049092E-03  8.7616602E-03  7.4512252E-03
   6.60000  3.8114077E-03  1.0077726E-02  9.5355732E-03
   6.80000  4.2662772E-03  1.1722007E-02  1.2231602E-02
   7.00000  4.7834166E-03  1.3667083E-02  1.5075797E-02
   7.20000  5.3683378E-03  1.5753341E-02  1.6925439E-02
   7.40000  5.9725593E-03  1.7733037E-02  1.6612302E-02
   7.60000  6.5705259E-03  1.9653738E-02  1.4576856E-02
   7.80000  7.1588550E-03  2.1972563E-02  1.2230546E-02
   8.00000  7.7644230E-03  2.5183875E-02  1.0431201E-02
   8.20000  8.4211881E-03  2.9176067E-02  9.3345414E-03
   8.40000  9.1494983E-03  3.2496760E-02  8.8617212E-03
   8.60000  9.9547571E-03  3.2459871E-02  8.9328451E-03
   8.80000  1.0891404E-02  2.8236044E-02  9.5179854E-03
   9.00000  1.2085777E-02  2.2606185E-02  1.0636917E-02
   9.20000  1.3654457E-02  1.8271736E-02  1.2353220E-02
   9.40000  1.5681746E-02  1.5939069E-02  1.4776438E-02
   9.60000  1.8249709E-02  1.5354669E-02  1.8062848E-02
   9.80000  2.1455364E-02  1.6141758E-02  2.2407100E-02
   10.0000  2.5514224E-02  1.8189348E-02  2.8088958E-02
   10.2500  3.1516327E-02  2.1525566E-02  3.7062894E-02
   10.5000  3.8310840E-02  2.6062114E-02  4.7919808E-02
   10.7500  4.4741045E-02  3.1516935E-02  5.9180401E-02
   11.0000  4.9035595E-02  3.7669477E-02  6.8018684E-02
   11.2500  5.0061950E-02  4.4373692E-02  7.1834319E-02
   11.5000  4.8429469E-02  5.1561832E-02  7.0451232E-02
   11.7500  4.5949189E-02  5.9403313E-02  6.5762322E-02
   12.0000  4.3478891E-02  6.6528211E-02  6.0072243E-02
   12.2500  4.1636336E-02  7.2143735E-02  5.4673707E-02
   12.5000  4.0418264E-02  7.4297064E-02  4.9896665E-02
   12.7500  3.9690808E-02  7.2239500E-02  4.5838392E-02
   13.0000  3.9325644E-02  6.6935016E-02  4.2445694E-02
   13.2500  3.9219611E-02  6.0170298E-02  3.9615495E-02
   13.5000  3.9291434E-02  5.3390099E-02  3.7246920E-02
   13.7500  3.9560070E-02  4.6825005E-02  3.5193562E-02
   14.0000  3.9950206E-02  4.2636614E-02  3.3374702E-02
   14.2500  4.0153057E-02  3.8611966E-02  3.1998695E-02
   14.5000  4.0404991E-02  3.5333479E-02  3.0901647E-02
   14.7500  4.0689804E-02  3.2677401E-02  3.0057894E-02
   15.0000  4.0987723E-02  3.0533397E-02  2.9444685E-02
   15.2500  4.1277707E-02  2.8810172E-02  2.9040958E-02
   15.5000  4.1536072E-02  2.7436556E-02  2.8828411E-02
   15.7500  4.1741326E-02  2.6358855E-02  2.8792269E-02
   16.0000  4.1860633E-02  2.5531156E-02  2.8912873E-02
   16.2500  4.1872321E-02  2.4922595E-02  2.9175434E-02
   16.5000  4.1761269E-02  2.4507549E-02  2.9561173E-02
   16.7500  4.1529007E-02  2.4265681E-02  3.0050572E-02
   17.0000  4.1195705E-02  2.4179023E-02  3.0622249E-02
   17.2500  4.0798135E-02  2.4232053E-02  3.1255262E-02
   17.5000  4.0381007E-02  2.4409548E-02  3.1929354E-02
   17.7500  3.9989897E-02  2.4694672E-02  3.2625589E-02
   18.0000  3.9661291E-02  2.5069631E-02  3.3326602E-02
   18.2500  3.9418474E-02  2.5515184E-02  3.4016224E-02
   18.5000  3.9271378E-02  2.6012160E-02  3.4677945E-02
   18.7500  3.9218071E-02  2.6542577E-02  3.5295277E-02
   19.0000  3.9247892E-02  2.7090665E-02  3.5850869E-02
   19.2500  3.9344025E-02  2.7646443E-02  3.6327979E-02
   19.5000  3.9484035E-02  2.8204399E-02  3.6706784E-02
   19.7500  3.9642372E-02  2.8765623E-02  3.6972024E-02
   20.0000  3.9791118E-02  2.9336047E-02  3.7110646E-02
   21.0000  3.9789939E-02  3.1849951E-02  3.6383501E-02
   22.0000  3.8619237E-02  3.4742349E-02  3.4609551E-02
   23.0000  3.7142115E-02  3.7282463E-02  3.3452239E-02
   24.0000  3.5654972E-02  3.8289527E-02  3.3030103E-02
   25.0000  3.5031497E-02  3.7804384E-02  3.3270603E-02
   26.0000  3.4945568E-02  3.6085698E-02  3.3431145E-02
   27.0000  3.4990496E-02  3.3971712E-02  3.3211955E-02
   28.0000  3.4615289E-02  3.2016502E-02  3.2612373E-02
   29.0000  3.3470402E-02  3.0419467E-02  3.1776184E-02
   30.0000  3.1591406E-02  2.9195812E-02  3.0835379E-02
   31.0000  2.9306269E-02  2.8256316E-02  2.9846955E-02
   32.0000  2.6944821E-02  2.7490110E-02  2.8844391E-02
   33.0000  2.4731451E-02  2.6806963E-02  2.7844349E-02
   34.0000  2.2790310E-02  2.6129923E-02  2.6855883E-02
   35.0000  2.1189966E-02  2.5395310E-02  2.5877206E-02
   36.0000  1.9967692E-02  2.4553504E-02  2.4877724E-02
   37.0000  1.9140579E-02  2.3585858E-02  2.3816239E-02
   38.0000  1.8672891E-02  2.2513942E-02  2.2654932E-02
   39.0000  1.8420753E-02  2.1393151E-02  2.1388982E-02
   40.0000  1.8173017E-02  2.0309774E-02  2.0068111E-02
