  7709.000   27  1  1  1.9222038E-02 -4.3864657E+00 -2.9144066E-01  1  1  7.5663480E+03  8.0000000E+03  0.0000000E+00  1.1792254E+00  1.0000000E+00  0.0000000E+00  = E_edge, Z, n_edge, j_edge, Abs_before_edge, VO_interstitial, E_cut, ninit, ninit1, Epsii, UnitCell_Volume, Surface_ref, f0_forward, natomsym_f, abs_u_iso
    Energy   (100,001)      (010,001)      (001,110)   
  -25.0000  4.3055055E-09  1.2897365E-09  8.9783097E-10
  -24.0000  1.1085914E-08  3.2347636E-09  2.0513741E-09
  -23.0000  3.3473170E-08  9.6167355E-09  5.2470248E-09
  -22.0000  1.3492172E-07  3.9170825E-08  1.6014728E-08
  -21.0000  1.2125598E-06  3.8507268E-07  6.9236180E-08
  -20.0000  1.2374481E-05  4.2055925E-06  5.6571018E-07
  -19.0000  1.6072012E-05  3.0959367E-06  1.5868987E-05
  -18.0000  2.8535462E-06  8.3635642E-07  1.2754995E-06
  -17.0000  2.9672756E-06  6.1447056E-07  7.7062786E-07
  -16.0000  7.9433610E-06  1.1519473E-06  1.2913759E-06
  -15.0000  3.9595605E-05  2.5733210E-05  1.4602889E-05
  -14.0000  1.7747753E-05  2.2704681E-05  2.4078196E-05
  -13.0000  1.4232410E-06  3.1867634E-06  6.6168765E-06
  -12.0000  2.1955768E-04  1.1491606E-03  2.6408823E-03
  -11.0000  1.6859096E-05  1.0116028E-05  1.2244123E-05
  -10.0000  1.8775579E-04  8.1505788E-05  4.4905352E-05
  -9.00000  2.6843222E-02  3.9549100E-03  1.3112265E-03
  -8.00000  1.7891004E-04  1.2135236E-04  1.7412215E-05
  -7.00000  3.4412917E-03  3.9949856E-04  4.7203636E-04
  -6.00000  1.1781000E-03  4.2400438E-04  2.9576703E-04
  -5.00000  1.2337640E-01  7.1045366E-04  2.3734214E-01
  -4.00000  1.2088215E-03  1.9771806E-03  6.7331906E-04
  -3.00000  3.5398514E-03  7.6002317E-03  3.1540627E-03
  -2.00000  1.0327794E-03  2.5105049E-03  1.6377977E-03
  -1.00000  5.2211638E-04  7.8094042E-04  4.9770288E-04
   0.00000  2.3461239E-03  2.3455089E-02  3.6371800E-03
   1.00000  4.9307904E-04  6.9693485E-04  5.2659236E-04
   2.00000  4.7123176E-04  7.1364751E-04  4.3419381E-04
   3.00000  6.8791643E-04  1.0201834E-03  6.0574643E-04
   4.00000  1.0918558E-03  1.6388477E-03  1.0503399E-03
   5.00000  1.7044056E-03  3.4164214E-03  2.5717771E-03
   5.20000  2.1190153E-03  4.1261068E-03  3.2252609E-03
   5.40000  2.6105760E-03  5.0511499E-03  4.1771935E-03
   5.60000  3.0850015E-03  6.0982942E-03  5.5671794E-03
   5.80000  3.5129072E-03  7.1533032E-03  7.3261346E-03
   6.00000  3.9313806E-03  8.2815148E-03  8.8184607E-03
   6.20000  4.3887486E-03  9.7457075E-03  9.3222120E-03
   6.40000  4.9147444E-03  1.1864992E-02  9.2046883E-03
   6.60000  5.5448528E-03  1.4773427E-02  9.3893682E-03
   6.80000  6.3098894E-03  1.7930561E-02  9.9159013E-03
   7.00000  7.2151917E-03  1.9896808E-02  9.9667829E-03
   7.20000  8.2769388E-03  1.9989310E-02  9.1111774E-03
   7.40000  9.5702291E-03  1.9425412E-02  7.9515228E-03
   7.60000  1.1226130E-02  1.9493074E-02  7.1257750E-03
   7.80000  1.3380589E-02  2.0616006E-02  6.8384858E-03
   8.00000  1.6070919E-02  2.2694279E-02  7.1012519E-03
   8.20000  1.9011167E-02  2.5216818E-02  7.8755926E-03
   8.40000  2.1330709E-02  2.7043799E-02  9.0095937E-03
   8.60000  2.1786811E-02  2.7040144E-02  1.0103633E-02
   8.80000  2.0797853E-02  2.5124747E-02  1.1063735E-02
   9.00000  1.9479404E-02  2.3122328E-02  1.1950076E-02
   9.20000  1.8831715E-02  2.2351822E-02  1.3019659E-02
   9.40000  1.9196676E-02  2.3251909E-02  1.4462008E-02
   9.60000  2.0570309E-02  2.5790844E-02  1.6383943E-02
   9.80000  2.2842430E-02  2.9767177E-02  1.8850639E-02
   10.0000  2.5829840E-02  3.4854136E-02  2.1902718E-02
   10.2500  3.0117700E-02  4.2026650E-02  2.6565675E-02
   10.5000  3.4250847E-02  4.8973724E-02  3.2144979E-02
   10.7500  3.7371496E-02  5.4631830E-02  3.8540832E-02
   11.0000  3.8933793E-02  5.8577065E-02  4.5489677E-02
   11.2500  3.9062823E-02  6.0330509E-02  5.2403371E-02
   11.5000  3.7481090E-02  6.1558827E-02  5.7820305E-02
   11.7500  3.5283763E-02  6.2070400E-02  5.9953679E-02
   12.0000  3.3033328E-02  6.1634832E-02  6.0147972E-02
   12.2500  3.1303616E-02  5.9936169E-02  5.8278613E-02
   12.5000  3.0293549E-02  5.6925019E-02  5.5331993E-02
   12.7500  2.9951221E-02  5.2972405E-02  5.2063269E-02
   13.0000  3.0114851E-02  4.8634654E-02  4.8869177E-02
   13.2500  3.0600103E-02  4.4385257E-02  4.5898842E-02
   13.5000  3.1245064E-02  4.0503634E-02  4.3182109E-02
   13.7500  3.2419242E-02  3.8315092E-02  4.0220015E-02
   14.0000  3.2998812E-02  3.4952515E-02  3.7418101E-02
   14.2500  3.3462939E-02  3.2542261E-02  3.5413391E-02
   14.5000  3.3862502E-02  3.0525638E-02  3.3681198E-02
   14.7500  3.4227622E-02  2.8854148E-02  3.2219747E-02
   15.0000  3.4586278E-02  2.7481635E-02  3.1023798E-02
   15.2500  3.4959566E-02  2.6366944E-02  3.0085491E-02
   15.5000  3.5358745E-02  2.5475834E-02  2.9394547E-02
   15.7500  3.5781293E-02  2.4782395E-02  2.8939919E-02
   16.0000  3.6210985E-02  2.4261899E-02  2.8705387E-02
   16.2500  3.6624988E-02  2.3898053E-02  2.8674825E-02
   16.5000  3.6996284E-02  2.3675564E-02  2.8827506E-02
   16.7500  3.7304658E-02  2.3581416E-02  2.9139537E-02
   17.0000  3.7542448E-02  2.3604693E-02  2.9586624E-02
   17.2500  3.7719886E-02  2.3733764E-02  3.0143362E-02
   17.5000  3.7859755E-02  2.3956346E-02  3.0785458E-02
   17.7500  3.7992901E-02  2.4260442E-02  3.1491321E-02
   18.0000  3.8149141E-02  2.4633443E-02  3.2242001E-02
   18.2500  3.8351829E-02  2.5062368E-02  3.3020999E-02
   18.5000  3.8613987E-02  2.5533860E-02  3.3813047E-02
   18.7500  3.8938962E-02  2.6034986E-02  3.4602865E-02
   19.0000  3.9321853E-02  2.6553944E-02  3.5372796E-02
   19.2500  3.9750529E-02  2.7081728E-02  3.6103748E-02
   19.5000  4.0207277E-02  2.7609736E-02  3.6773041E-02
   19.7500  4.0668448E-02  2.8134976E-02  3.7356130E-02
   20.0000  4.1107813E-02  2.8658183E-02  3.7827630E-02
   21.0000  4.2133622E-02  3.0824015E-02  3.8216029E-02
   22.0000  4.1675398E-02  3.3242488E-02  3.6637148E-02
   23.0000  4.0512339E-02  3.5415283E-02  3.5158833E-02
   24.0000  3.9297171E-02  3.6423846E-02  3.4823608E-02
   25.0000  3.8334876E-02  3.5938832E-02  3.5191298E-02
   26.0000  3.7686489E-02  3.4453067E-02  3.5377837E-02
   27.0000  3.6920555E-02  3.2646950E-02  3.4736660E-02
   28.0000  3.6224168E-02  3.1116546E-02  3.3790661E-02
   29.0000  3.5109469E-02  2.9980328E-02  3.2657289E-02
   30.0000  3.3508152E-02  2.9186221E-02  3.1500987E-02
   31.0000  3.1543998E-02  2.8605567E-02  3.0357649E-02
   32.0000  2.9436997E-02  2.8151710E-02  2.9229227E-02
   33.0000  2.7368879E-02  2.7794887E-02  2.8129994E-02
   34.0000  2.5446386E-02  2.7522696E-02  2.7089714E-02
   35.0000  2.3727796E-02  2.7308213E-02  2.6152477E-02
   36.0000  2.2266450E-02  2.7085215E-02  2.5347001E-02
   37.0000  2.1116804E-02  2.6756307E-02  2.4676195E-02
   38.0000  2.0296534E-02  2.6216205E-02  2.4124557E-02
   39.0000  1.9750199E-02  2.5421808E-02  2.3645083E-02
   40.0000  1.9373703E-02  2.4422247E-02  2.3152150E-02
