  7709.000   27  1  1  1.9222038E-02 -4.6349374E+00 -2.3556012E-01  1  1  7.5664357E+03  8.0000000E+03  0.0000000E+00  1.1792254E+00  1.0000000E+00  0.0000000E+00  = E_edge, Z, n_edge, j_edge, Abs_before_edge, VO_interstitial, E_cut, ninit, ninit1, Epsii, UnitCell_Volume, Surface_ref, f0_forward, natomsym_f, abs_u_iso
    Energy   (100,001)      (010,001)      (001,110)   
  -25.0000  4.9296776E-09  1.4615732E-09  7.7583757E-10
  -24.0000  1.3028061E-08  3.7702194E-09  1.7730662E-09
  -23.0000  4.1093812E-08  1.1778020E-08  4.5614109E-09
  -22.0000  1.8163276E-07  5.3522114E-08  1.4181618E-08
  -21.0000  2.4108898E-06  8.1920019E-07  6.4135962E-08
  -20.0000  1.2258888E-05  2.5411092E-06  1.3632149E-06
  -19.0000  5.1361191E-06  3.9409092E-06  9.5100967E-06
  -18.0000  2.7049365E-06  1.2567914E-06  1.0266759E-06
  -17.0000  3.1556724E-06  8.2698583E-07  4.9984990E-07
  -16.0000  1.1372844E-05  2.0891660E-06  7.0162009E-07
  -15.0000  9.8002626E-05  4.5097266E-05  2.4508635E-05
  -14.0000  6.1654393E-06  1.0964863E-05  8.9881501E-06
  -13.0000  1.4215913E-06  3.3083811E-06  5.7351225E-06
  -12.0000  3.0143709E-02  1.4843818E-01  2.8034877E-01
  -11.0000  1.4292143E-05  1.1287652E-05  1.2594913E-05
  -10.0000  2.5239917E-04  1.0263829E-04  7.4166718E-05
  -9.00000  9.2582515E-04  5.3465588E-04  1.8294758E-05
  -8.00000  8.3641030E-04  1.4117613E-03  1.2574938E-04
  -7.00000  4.4059287E-04  4.7051283E-04  8.5545710E-05
  -6.00000  1.0587925E-03  4.6875213E-04  1.4808796E-04
  -5.00000  3.5413328E-03  6.4152113E-03  1.1605441E-02
  -4.00000  6.7591478E-03  1.8336542E-03  4.7209774E-03
  -3.00000  3.8559229E-03  1.0972154E-02  4.1938319E-03
  -2.00000  1.0713209E-03  1.8202392E-03  1.3967875E-03
  -1.00000  5.8243965E-04  7.6476797E-04  5.4384250E-04
   0.00000  1.5320863E-02  8.5449106E-03  8.9828101E-03
   1.00000  3.9821032E-04  8.9341405E-04  3.8496744E-04
   2.00000  4.3256837E-04  7.4512661E-04  3.8130925E-04
   3.00000  6.3743799E-04  9.9258522E-04  5.5217589E-04
   4.00000  9.2937814E-04  1.4550617E-03  9.7860949E-04
   5.00000  1.5825051E-03  2.6491243E-03  2.1304789E-03
   5.20000  1.8973840E-03  3.0589965E-03  2.5802104E-03
   5.40000  2.3284798E-03  3.5768520E-03  3.1624204E-03
   5.60000  2.9174811E-03  4.2460104E-03  3.8946245E-03
   5.80000  3.6498106E-03  5.1010175E-03  4.7763182E-03
   6.00000  4.3942090E-03  6.1962280E-03  5.8419782E-03
   6.20000  5.0268478E-03  7.5056670E-03  7.2235552E-03
   6.40000  5.5407200E-03  8.9794784E-03  9.0796169E-03
   6.60000  6.0308807E-03  1.0624493E-02  1.1380624E-02
   6.80000  6.6281247E-03  1.2666564E-02  1.3677709E-02
   7.00000  7.4358853E-03  1.5490960E-02  1.5055782E-02
   7.20000  8.5575214E-03  1.9280367E-02  1.4831168E-02
   7.40000  1.0159746E-02  2.3736170E-02  1.3484122E-02
   7.60000  1.2533804E-02  2.8082107E-02  1.2077203E-02
   7.80000  1.5929444E-02  3.1277189E-02  1.1157280E-02
   8.00000  1.9907278E-02  3.2225417E-02  1.0900614E-02
   8.20000  2.2620173E-02  2.9941546E-02  1.1073695E-02
   8.40000  2.2336106E-02  2.5210322E-02  1.1347719E-02
   8.60000  2.0250866E-02  2.0810987E-02  1.1756524E-02
   8.80000  1.8389517E-02  1.8236651E-02  1.2546696E-02
   9.00000  1.7514145E-02  1.7340689E-02  1.3857298E-02
   9.20000  1.7654354E-02  1.7647163E-02  1.5742546E-02
   9.40000  1.8711827E-02  1.8840456E-02  1.8245035E-02
   9.60000  2.0625152E-02  2.0777475E-02  2.1418150E-02
   9.80000  2.3354476E-02  2.3391180E-02  2.5326585E-02
   10.0000  2.6821459E-02  2.6615862E-02  3.0040402E-02
   10.2500  3.1899793E-02  3.1332323E-02  3.7153671E-02
   10.5000  3.7161578E-02  3.6480238E-02  4.5637075E-02
   10.7500  4.1702557E-02  4.1625225E-02  5.5229533E-02
   11.0000  4.4737357E-02  4.6385152E-02  6.5111016E-02
   11.2500  4.5959423E-02  5.0482481E-02  7.3446478E-02
   11.5000  4.5726788E-02  5.4347341E-02  7.8269388E-02
   11.7500  4.4539102E-02  5.7262448E-02  7.8904832E-02
   12.0000  4.3099081E-02  5.9441296E-02  7.4702184E-02
   12.2500  4.1685766E-02  5.9490664E-02  6.8498461E-02
   12.5000  4.0749106E-02  5.8542383E-02  6.1564617E-02
   12.7500  4.0036471E-02  5.5970422E-02  5.5024505E-02
   13.0000  3.9435576E-02  5.3025017E-02  4.8760348E-02
   13.2500  3.8785607E-02  4.8726842E-02  4.3964867E-02
   13.5000  3.8227903E-02  4.4944351E-02  3.9677197E-02
   13.7500  3.7830243E-02  4.0392753E-02  3.6088202E-02
   14.0000  3.7236518E-02  3.6870312E-02  3.3368931E-02
   14.2500  3.6776311E-02  3.3892757E-02  3.1137064E-02
   14.5000  3.6451889E-02  3.1426538E-02  2.9322360E-02
   14.7500  3.6255963E-02  2.9409298E-02  2.7873080E-02
   15.0000  3.6176093E-02  2.7773129E-02  2.6749726E-02
   15.2500  3.6198327E-02  2.6456464E-02  2.5920425E-02
   15.5000  3.6305282E-02  2.5410337E-02  2.5359104E-02
   15.7500  3.6478217E-02  2.4593765E-02  2.5040658E-02
   16.0000  3.6692811E-02  2.3977588E-02  2.4942015E-02
   16.2500  3.6927060E-02  2.3540438E-02  2.5041145E-02
   16.5000  3.7165307E-02  2.3265818E-02  2.5314710E-02
   16.7500  3.7406061E-02  2.3140152E-02  2.5737873E-02
   17.0000  3.7662089E-02  2.3151196E-02  2.6283241E-02
   17.2500  3.7958173E-02  2.3288360E-02  2.6922660E-02
   17.5000  3.8315744E-02  2.3539334E-02  2.7625387E-02
   17.7500  3.8742468E-02  2.3891354E-02  2.8360215E-02
   18.0000  3.9223589E-02  2.4329561E-02  2.9095521E-02
   18.2500  3.9720836E-02  2.4836546E-02  2.9800351E-02
   18.5000  4.0181616E-02  2.5394383E-02  3.0448555E-02
   18.7500  4.0550526E-02  2.5985652E-02  3.1020377E-02
   19.0000  4.0783463E-02  2.6595074E-02  3.1503888E-02
   19.2500  4.0852374E-02  2.7209250E-02  3.1892691E-02
   19.5000  4.0750274E-02  2.7820549E-02  3.2185281E-02
   19.7500  4.0486756E-02  2.8427153E-02  3.2381647E-02
   20.0000  4.0082279E-02  2.9031277E-02  3.2483782E-02
   21.0000  3.7661965E-02  3.1546632E-02  3.2072475E-02
   22.0000  3.5367352E-02  3.4289335E-02  3.1123055E-02
   23.0000  3.4007121E-02  3.6601356E-02  3.0678410E-02
   24.0000  3.3305695E-02  3.7530442E-02  3.0973854E-02
   25.0000  3.2979676E-02  3.6788957E-02  3.1830176E-02
   26.0000  3.2963020E-02  3.4978072E-02  3.2868659E-02
   27.0000  3.3124849E-02  3.3027892E-02  3.3564769E-02
   28.0000  3.3162017E-02  3.1498989E-02  3.3603833E-02
   29.0000  3.2628327E-02  3.0408236E-02  3.2842702E-02
   30.0000  3.1557620E-02  2.9769758E-02  3.1827565E-02
   31.0000  2.9972071E-02  2.9279787E-02  3.0610748E-02
   32.0000  2.8169954E-02  2.8799882E-02  2.9359219E-02
   33.0000  2.6377795E-02  2.8289410E-02  2.8161511E-02
   34.0000  2.4710921E-02  2.7777160E-02  2.7055151E-02
   35.0000  2.3209173E-02  2.7310474E-02  2.6043387E-02
   36.0000  2.1887973E-02  2.6935203E-02  2.5098713E-02
   37.0000  2.0765903E-02  2.6668014E-02  2.4191979E-02
   38.0000  1.9862460E-02  2.6435727E-02  2.3301721E-02
   39.0000  1.9185343E-02  2.6067608E-02  2.2422977E-02
   40.0000  1.8734730E-02  2.5419071E-02  2.1591551E-02
