  7709.000   27  1  1  1.9222038E-02 -4.5412477E+00 -2.8654244E-01  1  1  7.5664529E+03  8.0000000E+03  0.0000000E+00  1.1792254E+00  1.0000000E+00  0.0000000E+00  = E_edge, Z, n_edge, j_edge, Abs_before_edge, VO_interstitial, E_cut, ninit, ninit1, Epsii, UnitCell_Volume, Surface_ref, f0_forward, natomsym_f, abs_u_iso
    Energy   (100,001)      (010,001)      (001,110)   
  -25.0000  5.4451103E-09  1.6418571E-09  8.9884632E-10
  -24.0000  1.4651170E-08  4.2889319E-09  2.1583006E-09
  -23.0000  4.7328256E-08  1.3553733E-08  6.0752664E-09
  -22.0000  2.1567901E-07  6.2183217E-08  2.3205882E-08
  -21.0000  2.9083916E-06  1.0187981E-06  2.4793590E-07
  -20.0000  3.9279204E-05  1.8311547E-06  4.7333246E-06
  -19.0000  2.7963794E-06  1.3920181E-05  1.7789387E-05
  -18.0000  1.8803880E-06  7.6802869E-07  5.7192962E-07
  -17.0000  2.5968107E-06  7.9752409E-07  4.4780516E-07
  -16.0000  8.0621462E-06  1.8329238E-06  1.0876905E-06
  -15.0000  7.3471418E-05  2.1392502E-05  1.4139947E-05
  -14.0000  4.2405798E-06  7.8492170E-06  5.8496132E-06
  -13.0000  1.3555075E-06  2.4037946E-06  4.0307504E-06
  -12.0000  2.3615402E-05  4.3185138E-05  2.9137610E-04
  -11.0000  2.3725051E-05  9.1154897E-06  1.1753879E-05
  -10.0000  5.8708120E-04  2.0571663E-04  5.1810434E-05
  -9.00000  2.9996683E-04  1.7890156E-04  3.1009878E-05
  -8.00000  1.1035894E-04  2.7804581E-04  4.7572356E-05
  -7.00000  7.2784860E-04  2.0792041E-04  1.5835486E-04
  -6.00000  5.0858582E-04  4.2183717E-04  1.5474627E-04
  -5.00000  9.1529213E-04  3.2147698E-04  1.9979525E-03
  -4.00000  1.6826506E-03  2.5507507E-03  1.5763901E-03
  -3.00000  3.6313955E-03  2.5033301E-02  3.3413347E-03
  -2.00000  8.6955120E-04  1.7049811E-03  1.0061594E-03
  -1.00000  4.8180657E-04  8.0317510E-04  3.5323118E-04
   0.00000  4.7245164E-03  1.5977230E-02  1.1476106E-02
   1.00000  4.2801913E-04  7.2288452E-04  4.4646772E-04
   2.00000  4.3210607E-04  6.1991675E-04  4.2295447E-04
   3.00000  6.1344538E-04  8.4296877E-04  5.5497409E-04
   4.00000  9.8014750E-04  1.3146083E-03  8.6809544E-04
   5.00000  1.6739488E-03  2.2821070E-03  1.6474672E-03
   5.20000  1.8732793E-03  2.5979128E-03  1.9172272E-03
   5.40000  2.1024410E-03  2.9834712E-03  2.2504131E-03
   5.60000  2.3730867E-03  3.4628495E-03  2.6682889E-03
   5.80000  2.7057375E-03  4.0737331E-03  3.2037205E-03
   6.00000  3.1192602E-03  4.8682493E-03  3.9058413E-03
   6.20000  3.5856892E-03  5.8844651E-03  4.8415691E-03
   6.40000  4.0274442E-03  7.1202024E-03  6.1174295E-03
   6.60000  4.4459904E-03  8.5710978E-03  7.9189362E-03
   6.80000  4.9223659E-03  1.0261198E-02  1.0502384E-02
   7.00000  5.5197621E-03  1.2180743E-02  1.3960847E-02
   7.20000  6.2764899E-03  1.4235483E-02  1.7743800E-02
   7.40000  7.2049994E-03  1.6210111E-02  2.0303027E-02
   7.60000  8.2931713E-03  1.7915320E-02  2.0304179E-02
   7.80000  9.5553935E-03  1.9323566E-02  1.8336281E-02
   8.00000  1.1039282E-02  2.0593474E-02  1.5901728E-02
   8.20000  1.2833124E-02  2.2083914E-02  1.3930703E-02
   8.40000  1.5019324E-02  2.3993198E-02  1.2686086E-02
   8.60000  1.7629854E-02  2.6133463E-02  1.2171673E-02
   8.80000  2.0282842E-02  2.7439062E-02  1.2229773E-02
   9.00000  2.2131895E-02  2.6702994E-02  1.2619089E-02
   9.20000  2.2878552E-02  2.4543980E-02  1.3255824E-02
   9.40000  2.3218985E-02  2.2817747E-02  1.4296405E-02
   9.60000  2.3856334E-02  2.2442053E-02  1.5911203E-02
   9.80000  2.5049171E-02  2.3363836E-02  1.8190421E-02
   10.0000  2.6823108E-02  2.5266608E-02  2.1183402E-02
   10.2500  2.9784410E-02  2.8590637E-02  2.5962374E-02
   10.5000  3.3388230E-02  3.2543848E-02  3.1840438E-02
   10.7500  3.7229074E-02  3.6659174E-02  3.8556512E-02
   11.0000  4.0597692E-02  4.0391683E-02  4.5522363E-02
   11.2500  4.2642323E-02  4.3312294E-02  5.1845455E-02
   11.5000  4.2852737E-02  4.5501003E-02  5.6662521E-02
   11.7500  4.1452586E-02  4.7659862E-02  5.9598430E-02
   12.0000  3.9457605E-02  5.0875498E-02  6.0045621E-02
   12.2500  3.7208845E-02  5.4328302E-02  5.9924577E-02
   12.5000  3.5213041E-02  5.7411359E-02  5.8289058E-02
   12.7500  3.3689106E-02  5.8837044E-02  5.5383770E-02
   13.0000  3.2675934E-02  5.7922100E-02  5.1678035E-02
   13.2500  3.2103290E-02  5.5053049E-02  4.7768647E-02
   13.5000  3.1846633E-02  5.1130037E-02  4.4098720E-02
   13.7500  3.1987059E-02  4.6586085E-02  4.0616330E-02
   14.0000  3.2699810E-02  4.2891888E-02  3.7704811E-02
   14.2500  3.2693822E-02  3.9509856E-02  3.5444943E-02
   14.5000  3.2795471E-02  3.6564588E-02  3.3620853E-02
   14.7500  3.3001507E-02  3.4052044E-02  3.2176779E-02
   15.0000  3.3304177E-02  3.1940429E-02  3.1060365E-02
   15.2500  3.3690331E-02  3.0187150E-02  3.0226059E-02
   15.5000  3.4144282E-02  2.8751207E-02  2.9636629E-02
   15.7500  3.4642418E-02  2.7591761E-02  2.9256639E-02
   16.0000  3.5160337E-02  2.6672715E-02  2.9060740E-02
   16.2500  3.5669462E-02  2.5961426E-02  2.9025190E-02
   16.5000  3.6142434E-02  2.5428087E-02  2.9127986E-02
   16.7500  3.6555299E-02  2.5045624E-02  2.9347724E-02
   17.0000  3.6894615E-02  2.4789246E-02  2.9662743E-02
   17.2500  3.7161724E-02  2.4638689E-02  3.0054940E-02
   17.5000  3.7372132E-02  2.4575713E-02  3.0509262E-02
   17.7500  3.7549875E-02  2.4584310E-02  3.1013696E-02
   18.0000  3.7723796E-02  2.4651200E-02  3.1560730E-02
   18.2500  3.7920830E-02  2.4765117E-02  3.2144884E-02
   18.5000  3.8160520E-02  2.4918093E-02  3.2762833E-02
   18.7500  3.8454179E-02  2.5104528E-02  3.3409439E-02
   19.0000  3.8804620E-02  2.5322163E-02  3.4078617E-02
   19.2500  3.9205927E-02  2.5570651E-02  3.4755585E-02
   19.5000  3.9646385E-02  2.5852115E-02  3.5425540E-02
   19.7500  4.0105890E-02  2.6169734E-02  3.6066923E-02
   20.0000  4.0557284E-02  2.6527563E-02  3.6652967E-02
   21.0000  4.1596434E-02  2.8446385E-02  3.7887574E-02
   22.0000  4.0368056E-02  3.1249722E-02  3.6840275E-02
   23.0000  3.8142786E-02  3.4612383E-02  3.4874350E-02
   24.0000  3.6646598E-02  3.7589002E-02  3.3504250E-02
   25.0000  3.5951830E-02  3.9111059E-02  3.2877489E-02
   26.0000  3.5774574E-02  3.8815239E-02  3.2586941E-02
   27.0000  3.5828932E-02  3.7258215E-02  3.2256088E-02
   28.0000  3.5731630E-02  3.5243153E-02  3.1770247E-02
   29.0000  3.5026009E-02  3.3206808E-02  3.1091535E-02
   30.0000  3.3827389E-02  3.1559599E-02  3.0529351E-02
   31.0000  3.2140857E-02  3.0304406E-02  2.9968384E-02
   32.0000  3.0243907E-02  2.9410187E-02  2.9404238E-02
   33.0000  2.8350347E-02  2.8784060E-02  2.8841298E-02
   34.0000  2.6581265E-02  2.8338069E-02  2.8290316E-02
   35.0000  2.5001950E-02  2.7982569E-02  2.7747385E-02
   36.0000  2.3627355E-02  2.7633906E-02  2.7179247E-02
   37.0000  2.2449596E-02  2.7232819E-02  2.6521841E-02
   38.0000  2.1454199E-02  2.6757400E-02  2.5707228E-02
   39.0000  2.0629418E-02  2.6209468E-02  2.4709437E-02
   40.0000  1.9946987E-02  2.5573330E-02  2.3566823E-02
