  7709.000   27  1  1  1.9222038E-02 -4.5081330E+00 -2.9518500E-01  1  1  7.5664077E+03  8.0000000E+03  0.0000000E+00  1.1792254E+00  1.0000000E+00  0.0000000E+00  = E_edge, Z, n_edge, j_edge, Abs_before_edge, VO_interstitial, E_cut, ninit, ninit1, Epsii, UnitCell_Volume, Surface_ref, f0_forward, natomsym_f, abs_u_iso
    Energy   (100,001)      (010,001)      (001,110)   
  -25.0000  4.0617810E-09  1.0269691E-09  9.0885431E-10
  -24.0000  1.0397111E-08  2.4669847E-09  2.1520625E-09
  -23.0000  3.1101568E-08  6.8869013E-09  5.8865787E-09
  -22.0000  1.2319443E-07  2.5360078E-08  2.0887931E-08
  -21.0000  1.0704051E-06  2.0878918E-07  1.5493586E-07
  -20.0000  1.1756096E-05  1.2447503E-06  2.4692603E-06
  -19.0000  7.3551183E-06  4.3656297E-06  8.5393995E-06
  -18.0000  2.6611627E-06  2.1802775E-06  1.7800169E-06
  -17.0000  2.5458306E-06  7.1283089E-07  5.5577001E-07
  -16.0000  5.4517977E-06  9.1333885E-07  9.2580305E-07
  -15.0000  2.8219314E-05  2.2500559E-05  9.2459053E-06
  -14.0000  1.1478548E-05  1.4825576E-05  8.1280651E-06
  -13.0000  1.4522509E-06  2.1176234E-06  4.1677019E-06
  -12.0000  1.5937196E-05  3.8667262E-05  1.1754026E-04
  -11.0000  1.6320591E-05  9.0115538E-06  2.2343184E-05
  -10.0000  1.8389814E-04  4.3219684E-05  1.8982162E-05
  -9.00000  6.0359926E-02  1.4310913E-03  2.0452632E-04
  -8.00000  2.0157478E-04  4.1976343E-05  1.4160592E-05
  -7.00000  3.0486526E-03  1.3681863E-02  4.0945110E-03
  -6.00000  5.7667578E-04  3.0302423E-04  2.6684737E-04
  -5.00000  6.3930771E-03  6.7639766E-04  4.2504298E-03
  -4.00000  1.7500304E-03  1.8813032E-03  1.2769717E-03
  -3.00000  2.3056685E-02  7.9735476E-02  1.5689997E-02
  -2.00000  9.2850721E-04  1.1898479E-03  1.0603032E-03
  -1.00000  4.5454613E-04  6.5487725E-04  3.7897113E-04
   0.00000  9.5152822E-04  2.0379695E-03  1.2591705E-03
   1.00000  4.5167208E-04  6.1280665E-04  4.6514421E-04
   2.00000  4.4079915E-04  6.3165538E-04  4.2010446E-04
   3.00000  6.1455301E-04  8.8948385E-04  5.5122386E-04
   4.00000  9.6213029E-04  1.3712855E-03  8.8110652E-04
   5.00000  1.5541963E-03  2.2646729E-03  1.8094482E-03
   5.20000  1.7247295E-03  2.6006389E-03  2.1093052E-03
   5.40000  1.9147721E-03  3.0256163E-03  2.5153778E-03
   5.60000  2.1209123E-03  3.5570618E-03  3.1011687E-03
   5.80000  2.3487682E-03  4.2308134E-03  3.9664431E-03
   6.00000  2.6159254E-03  5.0909780E-03  5.2454724E-03
   6.20000  2.9460572E-03  6.1478422E-03  7.0182508E-03
   6.40000  3.3423895E-03  7.3057227E-03  8.9712168E-03
   6.60000  3.7837389E-03  8.4288129E-03  1.0129093E-02
   6.80000  4.2493716E-03  9.6364618E-03  9.9358046E-03
   7.00000  4.7241582E-03  1.1159388E-02  9.0765386E-03
   7.20000  5.2260219E-03  1.3066116E-02  8.3102657E-03
   7.40000  5.7467049E-03  1.5308581E-02  7.9132760E-03
   7.60000  6.2880836E-03  1.7576006E-02  7.7556664E-03
   7.80000  6.8538427E-03  1.9356477E-02  7.6006427E-03
   8.00000  7.4635725E-03  2.0539958E-02  7.3909190E-03
   8.20000  8.1525089E-03  2.1577775E-02  7.2573293E-03
   8.40000  8.9582718E-03  2.3054909E-02  7.3028677E-03
   8.60000  9.8709246E-03  2.4951067E-02  7.6076206E-03
   8.80000  1.0862753E-02  2.6964884E-02  8.1778572E-03
   9.00000  1.1862910E-02  2.7974446E-02  9.0235200E-03
   9.20000  1.2866087E-02  2.6898800E-02  1.0138153E-02
   9.40000  1.4028733E-02  2.4223787E-02  1.1539871E-02
   9.60000  1.5568302E-02  2.1548190E-02  1.3306840E-02
   9.80000  1.7634512E-02  1.9950076E-02  1.5553235E-02
   10.0000  2.0317586E-02  1.9678293E-02  1.8401194E-02
   10.2500  2.4636928E-02  2.1004860E-02  2.2999765E-02
   10.5000  3.0267875E-02  2.3968014E-02  2.9176477E-02
   10.7500  3.6588282E-02  2.7774284E-02  3.6691857E-02
   11.0000  4.2980529E-02  3.2766263E-02  4.5509471E-02
   11.2500  4.8115134E-02  3.8849396E-02  5.4717006E-02
   11.5000  5.0805005E-02  4.5850698E-02  6.2433439E-02
   11.7500  5.0581033E-02  5.3745764E-02  6.7289418E-02
   12.0000  4.8322978E-02  6.2075475E-02  6.8074707E-02
   12.2500  4.5615050E-02  6.8864381E-02  6.5558130E-02
   12.5000  4.3172528E-02  7.2777727E-02  6.1822792E-02
   12.7500  4.1350874E-02  7.2934510E-02  5.7580930E-02
   13.0000  4.0108738E-02  6.9701919E-02  5.3457119E-02
   13.2500  3.9281701E-02  6.4342760E-02  4.9646117E-02
   13.5000  3.8701133E-02  5.8195143E-02  4.6168519E-02
   13.7500  3.8285050E-02  5.2800529E-02  4.2984589E-02
   14.0000  3.8133999E-02  4.7013208E-02  3.9391494E-02
   14.2500  3.7675158E-02  4.2621739E-02  3.6852468E-02
   14.5000  3.7295865E-02  3.8913639E-02  3.4700405E-02
   14.7500  3.7008307E-02  3.5825974E-02  3.2912013E-02
   15.0000  3.6817107E-02  3.3277319E-02  3.1457003E-02
   15.2500  3.6719767E-02  3.1188207E-02  3.0304220E-02
   15.5000  3.6709216E-02  2.9489423E-02  2.9425755E-02
   15.7500  3.6769924E-02  2.8115747E-02  2.8793465E-02
   16.0000  3.6883485E-02  2.7018935E-02  2.8386829E-02
   16.2500  3.7024939E-02  2.6158416E-02  2.8185042E-02
   16.5000  3.7166529E-02  2.5500453E-02  2.8166209E-02
   16.7500  3.7284441E-02  2.5018827E-02  2.8308975E-02
   17.0000  3.7363855E-02  2.4691680E-02  2.8590461E-02
   17.2500  3.7403354E-02  2.4499966E-02  2.8988375E-02
   17.5000  3.7415463E-02  2.4427672E-02  2.9482365E-02
   17.7500  3.7420163E-02  2.4460163E-02  3.0053049E-02
   18.0000  3.7441887E-02  2.4583905E-02  3.0684847E-02
   18.2500  3.7501809E-02  2.4785844E-02  3.1364804E-02
   18.5000  3.7614436E-02  2.5052534E-02  3.2082821E-02
   18.7500  3.7786020E-02  2.5371577E-02  3.2831322E-02
   19.0000  3.8016018E-02  2.5731190E-02  3.3604172E-02
   19.2500  3.8297389E-02  2.6118991E-02  3.4391540E-02
   19.5000  3.8619371E-02  2.6525413E-02  3.5183570E-02
   19.7500  3.8968199E-02  2.6941859E-02  3.5964989E-02
   20.0000  3.9327084E-02  2.7363472E-02  3.6717036E-02
   21.0000  4.0420108E-02  2.9132696E-02  3.8846283E-02
   22.0000  4.0089817E-02  3.1344098E-02  3.8457413E-02
   23.0000  3.8670163E-02  3.4136941E-02  3.6506398E-02
   24.0000  3.7241629E-02  3.6828059E-02  3.5113505E-02
   25.0000  3.5791044E-02  3.8118076E-02  3.4430906E-02
   26.0000  3.5261887E-02  3.7903291E-02  3.4470752E-02
   27.0000  3.5083636E-02  3.6252222E-02  3.4322881E-02
   28.0000  3.4933872E-02  3.4054915E-02  3.3772118E-02
   29.0000  3.4434261E-02  3.2032820E-02  3.2921264E-02
   30.0000  3.3340725E-02  3.0478677E-02  3.1948918E-02
   31.0000  3.1705080E-02  2.9374974E-02  3.0952334E-02
   32.0000  2.9784583E-02  2.8592661E-02  2.9962127E-02
   33.0000  2.7833771E-02  2.8007623E-02  2.8982598E-02
   34.0000  2.6008213E-02  2.7524552E-02  2.8016938E-02
   35.0000  2.4373879E-02  2.7065611E-02  2.7068147E-02
   36.0000  2.2941098E-02  2.6566425E-02  2.6126788E-02
   37.0000  2.1716416E-02  2.5972927E-02  2.5164139E-02
   38.0000  2.0730613E-02  2.5254661E-02  2.4136275E-02
   39.0000  2.0005642E-02  2.4406290E-02  2.3007765E-02
   40.0000  1.9498537E-02  2.3433202E-02  2.1784655E-02
