  7709.000   27  1  1  1.9222038E-02 -4.5987672E+00 -2.8598377E-01  1  1  7.5663532E+03  8.0000000E+03  0.0000000E+00  1.1792254E+00  1.0000000E+00  0.0000000E+00  = E_edge, Z, n_edge, j_edge, Abs_before_edge, VO_interstitial, E_cut, ninit, ninit1, Epsii, UnitCell_Volume, Surface_ref, f0_forward, natomsym_f, abs_u_iso
    Energy   (100,001)      (010,001)      (001,110)   
  -25.0000  5.6825113E-09  1.6846559E-09  7.5479644E-10
  -24.0000  1.5481455E-08  4.4928935E-09  1.7574607E-09
  -23.0000  5.1204069E-08  1.4742924E-08  4.6763195E-09
  -22.0000  2.4844410E-07  7.3627524E-08  1.5725024E-08
  -21.0000  5.3604845E-06  1.8922003E-06  1.0945853E-07
  -20.0000  1.1379361E-04  9.1715853E-06  7.0015303E-06
  -19.0000  5.4226290E-06  6.2984628E-06  1.8120899E-05
  -18.0000  2.0991457E-06  5.4004571E-07  6.2251252E-07
  -17.0000  3.0646991E-06  6.5431894E-07  4.9144845E-07
  -16.0000  1.3353140E-05  1.8785346E-06  1.1468529E-06
  -15.0000  4.6151032E-05  5.5149369E-05  3.8230920E-05
  -14.0000  7.9788044E-06  9.6745755E-06  1.2426077E-05
  -13.0000  1.2772785E-06  2.4009956E-06  4.3530910E-06
  -12.0000  8.3020452E-05  3.5278568E-04  9.0375506E-04
  -11.0000  1.6214246E-05  9.2707055E-06  1.0210733E-05
  -10.0000  3.1285002E-04  1.0208681E-04  8.7746600E-05
  -9.00000  6.7106670E-04  4.4187188E-04  8.4341477E-06
  -8.00000  1.3017770E-04  1.2745214E-04  2.4352268E-05
  -7.00000  4.2952352E-04  1.9552505E-04  7.1415426E-05
  -6.00000  1.0849505E-03  3.7217335E-04  1.4792582E-04
  -5.00000  1.8225491E-03  3.8150251E-03  1.1790380E-03
  -4.00000  3.1970389E-03  1.3810389E-03  2.5637443E-03
  -3.00000  6.5812392E-03  1.9328310E-02  9.9909301E-03
  -2.00000  8.1187624E-04  1.3337851E-03  9.7321763E-04
  -1.00000  4.7893886E-04  6.9682671E-04  4.1688642E-04
   0.00000  4.4956702E-03  2.6825288E-02  6.9232077E-03
   1.00000  3.7681279E-04  7.5212020E-04  4.4787398E-04
   2.00000  4.2690858E-04  7.2259279E-04  4.4393000E-04
   3.00000  6.1639492E-04  9.8870377E-04  6.0050684E-04
   4.00000  1.0109436E-03  1.4639015E-03  9.8210277E-04
   5.00000  1.6823259E-03  2.3962409E-03  1.9527527E-03
   5.20000  1.8139556E-03  2.7266202E-03  2.2882976E-03
   5.40000  1.9418710E-03  3.1494427E-03  2.7005450E-03
   5.60000  2.1222354E-03  3.6830919E-03  3.2084507E-03
   5.80000  2.4489262E-03  4.3583194E-03  3.8450886E-03
   6.00000  2.9889903E-03  5.2110524E-03  4.6427489E-03
   6.20000  3.7244328E-03  6.2983008E-03  5.6533664E-03
   6.40000  4.5762548E-03  7.6735228E-03  6.9613815E-03
   6.60000  5.4882652E-03  9.3701397E-03  8.6858669E-03
   6.80000  6.4986868E-03  1.1422926E-02  1.0957114E-02
   7.00000  7.7411384E-03  1.3884060E-02  1.3813642E-02
   7.20000  9.4656213E-03  1.6781683E-02  1.6951211E-02
   7.40000  1.2020863E-02  1.9892860E-02  1.9543596E-02
   7.60000  1.5878011E-02  2.2496554E-02  2.0632849E-02
   7.80000  2.1191999E-02  2.3573373E-02  2.0234722E-02
   8.00000  2.6213822E-02  2.2528269E-02  1.9204328E-02
   8.20000  2.6964157E-02  2.0302288E-02  1.8125853E-02
   8.40000  2.3370543E-02  1.8987352E-02  1.7376557E-02
   8.60000  1.9358227E-02  1.9185044E-02  1.7242939E-02
   8.80000  1.6756819E-02  2.0429466E-02  1.7723963E-02
   9.00000  1.5448128E-02  2.2426023E-02  1.8687366E-02
   9.20000  1.5305235E-02  2.5107001E-02  2.0305755E-02
   9.40000  1.6000711E-02  2.8497868E-02  2.2580263E-02
   9.60000  1.7453200E-02  3.2635969E-02  2.5613088E-02
   9.80000  1.9658241E-02  3.7526128E-02  2.9509283E-02
   10.0000  2.2628994E-02  4.3098413E-02  3.4363536E-02
   10.2500  2.7553609E-02  5.0693302E-02  4.2082176E-02
   10.5000  3.3063014E-02  5.8438396E-02  5.0972087E-02
   10.7500  3.8661510E-02  6.5438015E-02  6.0665286E-02
   11.0000  4.3472798E-02  7.0862003E-02  6.9664104E-02
   11.2500  4.6800345E-02  7.4090871E-02  7.5772199E-02
   11.5000  4.8395311E-02  7.4718300E-02  7.7200789E-02
   11.7500  4.8679200E-02  7.1799676E-02  7.3289008E-02
   12.0000  4.7793066E-02  6.7183087E-02  6.6836049E-02
   12.2500  4.6339903E-02  6.1471250E-02  5.9594545E-02
   12.5000  4.4675440E-02  5.5381742E-02  5.2761005E-02
   12.7500  4.3013481E-02  4.9630617E-02  4.6942830E-02
   13.0000  4.1485093E-02  4.4566182E-02  4.2211230E-02
   13.2500  4.0166652E-02  4.0269838E-02  3.8414995E-02
   13.5000  3.9092392E-02  3.6689830E-02  3.5361225E-02
   13.7500  3.8206936E-02  3.3680120E-02  3.2110511E-02
   14.0000  3.7576667E-02  3.1319073E-02  3.0184792E-02
   14.2500  3.7177147E-02  2.9380685E-02  2.8635342E-02
   14.5000  3.6975990E-02  2.7790342E-02  2.7407818E-02
   14.7500  3.6938728E-02  2.6488473E-02  2.6463525E-02
   15.0000  3.7033956E-02  2.5427757E-02  2.5773533E-02
   15.2500  3.7234170E-02  2.4572610E-02  2.5315243E-02
   15.5000  3.7515712E-02  2.3896527E-02  2.5069350E-02
   15.7500  3.7849682E-02  2.3376898E-02  2.5015472E-02
   16.0000  3.8208692E-02  2.3000503E-02  2.5133754E-02
   16.2500  3.8561411E-02  2.2757475E-02  2.5402841E-02
   16.5000  3.8878871E-02  2.2640011E-02  2.5800204E-02
   16.7500  3.9141960E-02  2.2641738E-02  2.6302485E-02
   17.0000  3.9349637E-02  2.2755972E-02  2.6886623E-02
   17.2500  3.9517901E-02  2.2975260E-02  2.7532008E-02
   17.5000  3.9674611E-02  2.3290180E-02  2.8219452E-02
   17.7500  3.9848245E-02  2.3687284E-02  2.8930809E-02
   18.0000  4.0057108E-02  2.4149896E-02  2.9649003E-02
   18.2500  4.0303099E-02  2.4658165E-02  3.0356178E-02
   18.5000  4.0572232E-02  2.5192251E-02  3.1033105E-02
   18.7500  4.0835066E-02  2.5732806E-02  3.1658601E-02
   19.0000  4.1056404E-02  2.6264330E-02  3.2212356E-02
   19.2500  4.1199790E-02  2.6775702E-02  3.2672722E-02
   19.5000  4.1235987E-02  2.7264883E-02  3.3024779E-02
   19.7500  4.1146726E-02  2.7735311E-02  3.3256851E-02
   20.0000  4.0929661E-02  2.8195129E-02  3.3364797E-02
   21.0000  3.9127769E-02  3.0138312E-02  3.2750462E-02
   22.0000  3.7095472E-02  3.2385424E-02  3.1573042E-02
   23.0000  3.5667190E-02  3.4273334E-02  3.1126045E-02
   24.0000  3.4594069E-02  3.4805454E-02  3.1567994E-02
   25.0000  3.3307073E-02  3.3722097E-02  3.2174797E-02
   26.0000  3.2291451E-02  3.2008503E-02  3.2833627E-02
   27.0000  3.1452036E-02  3.0452366E-02  3.3034613E-02
   28.0000  3.0832735E-02  2.9428020E-02  3.2717791E-02
   29.0000  3.0113573E-02  2.8899681E-02  3.1948195E-02
   30.0000  2.9006066E-02  2.8660318E-02  3.0880781E-02
   31.0000  2.7540291E-02  2.8505946E-02  2.9693531E-02
   32.0000  2.5920173E-02  2.8350261E-02  2.8514407E-02
   33.0000  2.4335201E-02  2.8184032E-02  2.7416591E-02
   34.0000  2.2912576E-02  2.8029879E-02  2.6439414E-02
   35.0000  2.1718895E-02  2.7883947E-02  2.5579152E-02
   36.0000  2.0778561E-02  2.7699000E-02  2.4795882E-02
   37.0000  2.0072956E-02  2.7390187E-02  2.4029333E-02
   38.0000  1.9547801E-02  2.6862706E-02  2.3225830E-02
   39.0000  1.9142298E-02  2.6065277E-02  2.2382428E-02
   40.0000  1.8840116E-02  2.5039864E-02  2.1551776E-02
