  7709.000   27  1  1  1.9222038E-02 -4.4574184E+00 -2.4713455E-01  1  1  7.5663140E+03  8.0000000E+03  0.0000000E+00  1.1792254E+00  1.0000000E+00  0.0000000E+00  = E_edge, Z, n_edge, j_edge, Abs_before_edge, VO_interstitial, E_cut, ninit, ninit1, Epsii, UnitCell_Volume, Surface_ref, f0_forward, natomsym_f, abs_u_iso
    Energy   (100,001)      (010,001)      (001,110)   
  -25.0000  5.4799071E-09  1.1298763E-09  8.9168835E-10
  -24.0000  1.4568502E-08  2.7875089E-09  2.1572337E-09
  -23.0000  4.6167418E-08  8.0977757E-09  6.1449385E-09
  -22.0000  2.0365320E-07  3.2071286E-08  2.4097826E-08
  -21.0000  2.4828259E-06  3.3730960E-07  2.7258250E-07
  -20.0000  1.4230201E-05  1.0413807E-06  2.5615747E-06
  -19.0000  6.9285480E-06  1.1790827E-05  4.2686004E-05
  -18.0000  3.0914122E-06  1.8733535E-06  1.3989961E-06
  -17.0000  3.3780992E-06  8.1417686E-07  5.5907407E-07
  -16.0000  8.3861105E-06  1.1382641E-06  8.8257734E-07
  -15.0000  2.7157510E-04  8.6584902E-06  1.3814807E-05
  -14.0000  1.5162395E-05  2.5708074E-05  1.5617509E-05
  -13.0000  1.1752437E-06  2.4889491E-06  4.7663927E-06
  -12.0000  8.0932964E-06  2.2538261E-05  7.4050995E-05
  -11.0000  2.0457145E-05  1.2824102E-05  2.1041237E-05
  -10.0000  3.5567757E-04  6.1110356E-05  2.4594945E-05
  -9.00000  1.6729874E-02  4.1892789E-04  6.5085140E-04
  -8.00000  2.4659349E-04  9.2474326E-05  1.8620083E-05
  -7.00000  4.2240006E-04  2.9096432E-03  1.2018719E-03
  -6.00000  1.2848279E-03  5.8752026E-04  2.7867207E-04
  -5.00000  2.5070183E-03  7.7711290E-04  1.0279205E-03
  -4.00000  2.0355997E-03  8.7560558E-04  1.2513636E-03
  -3.00000  3.5378074E-03  3.5491711E-03  4.3633844E-03
  -2.00000  1.3358070E-03  2.5295568E-03  2.5447973E-03
  -1.00000  5.5016520E-04  7.8732338E-04  5.6208413E-04
   0.00000  3.6964143E-03  8.8520400E-03  7.3285557E-03
   1.00000  7.8566027E-04  4.6866400E-04  6.8032359E-04
   2.00000  4.5376258E-04  6.1196697E-04  4.2759573E-04
   3.00000  6.0446331E-04  9.0968372E-04  5.8430716E-04
   4.00000  9.1781811E-04  1.4727483E-03  9.8677207E-04
   5.00000  1.3721726E-03  2.7863053E-03  2.1186232E-03
   5.20000  1.4950790E-03  3.2955833E-03  2.5134876E-03
   5.40000  1.6507293E-03  3.9679003E-03  3.0251300E-03
   5.60000  1.8357425E-03  4.8619406E-03  3.7322883E-03
   5.80000  2.0535184E-03  6.0416195E-03  4.7422719E-03
   6.00000  2.3126319E-03  7.6135958E-03  6.1774162E-03
   6.20000  2.6170497E-03  9.5649433E-03  8.1344600E-03
   6.40000  2.9495324E-03  1.1816278E-02  1.0455338E-02
   6.60000  3.3012099E-03  1.4411912E-02  1.2493291E-02
   6.80000  3.6716984E-03  1.7581483E-02  1.3546486E-02
   7.00000  4.0641776E-03  2.1174679E-02  1.3435166E-02
   7.20000  4.5112357E-03  2.4298161E-02  1.2381979E-02
   7.40000  5.0373948E-03  2.5961707E-02  1.0819545E-02
   7.60000  5.6758041E-03  2.5907574E-02  9.2371110E-03
   7.80000  6.4700866E-03  2.5046504E-02  7.9749065E-03
   8.00000  7.4777749E-03  2.4799014E-02  7.2103742E-03
   8.20000  8.7551222E-03  2.6050635E-02  6.9592026E-03
   8.40000  1.0298684E-02  2.8891470E-02  7.1612718E-03
   8.60000  1.1905558E-02  3.2365536E-02  7.7411229E-03
   8.80000  1.3070998E-02  3.4154803E-02  8.6052372E-03
   9.00000  1.3396863E-02  3.2234152E-02  9.6640192E-03
   9.20000  1.3216433E-02  2.7623304E-02  1.0925150E-02
   9.40000  1.3205786E-02  2.2959245E-02  1.2503358E-02
   9.60000  1.3733403E-02  1.9683147E-02  1.4532965E-02
   9.80000  1.4886963E-02  1.7983915E-02  1.7141502E-02
   10.0000  1.6667389E-02  1.7631292E-02  2.0456232E-02
   10.2500  1.9757749E-02  1.8711091E-02  2.5784451E-02
   10.5000  2.3735070E-02  2.1187015E-02  3.2593168E-02
   10.7500  2.8342483E-02  2.4900097E-02  4.0799489E-02
   11.0000  3.3012299E-02  2.9796552E-02  4.9740400E-02
   11.2500  3.6858629E-02  3.5854007E-02  5.7936509E-02
   11.5000  3.9040694E-02  4.2915810E-02  6.3214593E-02
   11.7500  3.9000320E-02  5.0594859E-02  6.4817749E-02
   12.0000  3.7313599E-02  5.7486470E-02  6.1979948E-02
   12.2500  3.4662078E-02  6.2874366E-02  5.7677504E-02
   12.5000  3.2269089E-02  6.4338035E-02  5.2534140E-02
   12.7500  3.0562726E-02  6.4365976E-02  4.8246466E-02
   13.0000  2.9710942E-02  6.2204276E-02  4.4719507E-02
   13.2500  2.9591700E-02  5.8616386E-02  4.1908831E-02
   13.5000  2.9998849E-02  5.4327021E-02  3.9657656E-02
   13.7500  3.0716545E-02  5.0683003E-02  3.7668640E-02
   14.0000  3.1646427E-02  4.6635765E-02  3.6032492E-02
   14.2500  3.2604261E-02  4.2921020E-02  3.4572428E-02
   14.5000  3.3531828E-02  3.9626079E-02  3.3252714E-02
   14.7500  3.4415299E-02  3.6772299E-02  3.2063844E-02
   15.0000  3.5260926E-02  3.4343126E-02  3.1011092E-02
   15.2500  3.6083822E-02  3.2303914E-02  3.0108861E-02
   15.5000  3.6897209E-02  3.0615906E-02  2.9371937E-02
   15.7500  3.7709031E-02  2.9236882E-02  2.8810401E-02
   16.0000  3.8514196E-02  2.8132911E-02  2.8429387E-02
   16.2500  3.9296499E-02  2.7274875E-02  2.8226458E-02
   16.5000  4.0031236E-02  2.6637958E-02  2.8191751E-02
   16.7500  4.0691710E-02  2.6198862E-02  2.8308285E-02
   17.0000  4.1260330E-02  2.5936778E-02  2.8556333E-02
   17.2500  4.1732481E-02  2.5833228E-02  2.8916882E-02
   17.5000  4.2119393E-02  2.5870609E-02  2.9372171E-02
   17.7500  4.2442950E-02  2.6030602E-02  2.9905738E-02
   18.0000  4.2730216E-02  2.6294622E-02  3.0504841E-02
   18.2500  4.3005885E-02  2.6644863E-02  3.1157370E-02
   18.5000  4.3286235E-02  2.7063404E-02  3.1851440E-02
   18.7500  4.3577483E-02  2.7532211E-02  3.2573162E-02
   19.0000  4.3876678E-02  2.8033679E-02  3.3305609E-02
   19.2500  4.4172850E-02  2.8553508E-02  3.4029898E-02
   19.5000  4.4446784E-02  2.9078647E-02  3.4720790E-02
   19.7500  4.4678822E-02  2.9600894E-02  3.5353344E-02
   20.0000  4.4846999E-02  3.0115254E-02  3.5902107E-02
   21.0000  4.4558522E-02  3.2096746E-02  3.6914223E-02
   22.0000  4.2844080E-02  3.4089152E-02  3.6187485E-02
   23.0000  4.0907603E-02  3.5974597E-02  3.5164895E-02
   24.0000  3.9499655E-02  3.7107710E-02  3.4849263E-02
   25.0000  3.8521219E-02  3.6956181E-02  3.5008499E-02
   26.0000  3.7669017E-02  3.5724287E-02  3.4993590E-02
   27.0000  3.6747047E-02  3.4113403E-02  3.4481793E-02
   28.0000  3.5621640E-02  3.2608392E-02  3.3605184E-02
   29.0000  3.4143395E-02  3.1317866E-02  3.2623725E-02
   30.0000  3.2219354E-02  3.0127486E-02  3.1545868E-02
   31.0000  3.0182036E-02  2.9149910E-02  3.0624609E-02
   32.0000  2.8190672E-02  2.8267782E-02  2.9725519E-02
   33.0000  2.6409002E-02  2.7451618E-02  2.8834193E-02
   34.0000  2.4900625E-02  2.6659600E-02  2.7946817E-02
   35.0000  2.3671079E-02  2.5840261E-02  2.7069295E-02
   36.0000  2.2698015E-02  2.4941653E-02  2.6218619E-02
   37.0000  2.1952727E-02  2.3938481E-02  2.5421813E-02
   38.0000  2.1392248E-02  2.2846051E-02  2.4707477E-02
   39.0000  2.0944693E-02  2.1718520E-02  2.4094737E-02
   40.0000  2.0507292E-02  2.0638032E-02  2.3556427E-02
