  7709.000   27  1  1  1.9222038E-02 -4.9212444E+00 -3.7762580E-01  1  1  7.5660720E+03  8.0000000E+03  0.0000000E+00  1.1792254E+00  1.0000000E+00  0.0000000E+00  = E_edge, Z, n_edge, j_edge, Abs_before_edge, VO_interstitial, E_cut, ninit, ninit1, Epsii, UnitCell_Volume, Surface_ref, f0_forward, natomsym_f, abs_u_iso
    Energy   (100,001)      (010,001)      (001,110)   
  -25.0000  4.3606784E-09  1.6951449E-09  7.6919960E-10
  -24.0000  1.1461008E-08  4.4622251E-09  1.7629370E-09
  -23.0000  3.5756002E-08  1.4274416E-08  4.5898471E-09
  -22.0000  1.5316132E-07  6.6724768E-08  1.4914947E-08
  -21.0000  1.7160690E-06  1.0807735E-06  8.6830683E-08
  -20.0000  2.9900739E-04  1.4106585E-05  2.2745993E-05
  -19.0000  8.5102971E-06  1.8443405E-05  5.7110760E-05
  -18.0000  1.6726620E-06  5.7793118E-07  6.2618417E-07
  -17.0000  2.0226180E-06  6.2453913E-07  4.0810800E-07
  -16.0000  5.0988148E-06  1.3446274E-06  6.8433394E-07
  -15.0000  3.5162164E-04  5.0106269E-05  4.9211999E-05
  -14.0000  4.0803542E-06  7.1911448E-06  5.9808021E-06
  -13.0000  1.2326363E-06  1.9116201E-06  2.8040222E-06
  -12.0000  5.0613512E-06  1.1284605E-05  2.7941702E-05
  -11.0000  1.7974327E-05  1.4986496E-05  1.6336252E-05
  -10.0000  3.5438152E-04  7.9682493E-05  5.5765574E-05
  -9.00000  6.2950456E-04  1.7939254E-04  9.1849705E-06
  -8.00000  4.8763855E-05  2.1980708E-05  8.3445162E-06
  -7.00000  6.0173191E-04  2.5462079E-04  4.9165639E-05
  -6.00000  3.9475373E-04  1.8279857E-04  2.2313837E-04
  -5.00000  4.0931335E-03  1.1054239E-03  1.5079125E-03
  -4.00000  4.5291002E-03  2.2885054E-03  7.6123356E-03
  -3.00000  9.5861648E-03  2.1914429E-02  4.7905083E-03
  -2.00000  2.7454906E-03  1.4992191E-03  2.9954244E-03
  -1.00000  5.6773138E-04  8.0993177E-04  3.4283996E-04
   0.00000  8.6822381E-04  7.2316183E-04  5.8702453E-04
   1.00000  4.6370861E-04  6.6418903E-04  6.1515726E-04
   2.00000  4.4904586E-04  5.9641434E-04  4.4346302E-04
   3.00000  6.0285320E-04  7.9542898E-04  5.2840427E-04
   4.00000  9.2468763E-04  1.1943366E-03  7.5866956E-04
   5.00000  1.5043583E-03  1.9232961E-03  1.2799014E-03
   5.20000  1.6531157E-03  2.1365474E-03  1.4394999E-03
   5.40000  1.8098286E-03  2.3815455E-03  1.6228979E-03
   5.60000  1.9719853E-03  2.6643569E-03  1.8333593E-03
   5.80000  2.1365051E-03  2.9936403E-03  2.0756739E-03
   6.00000  2.3013096E-03  3.3792660E-03  2.3550080E-03
   6.20000  2.4683328E-03  3.8373809E-03  2.6799991E-03
   6.40000  2.6511711E-03  4.3900020E-03  3.0629050E-03
   6.60000  2.8866835E-03  5.0606033E-03  3.5223675E-03
   6.80000  3.2264198E-03  5.8570337E-03  4.0827078E-03
   7.00000  3.6908096E-03  6.7842522E-03  4.7714734E-03
   7.20000  4.2581396E-03  7.8730787E-03  5.6222390E-03
   7.40000  4.9274483E-03  9.1866761E-03  6.6781855E-03
   7.60000  5.6847446E-03  1.0776841E-02  7.9851346E-03
   7.80000  6.4543930E-03  1.2668188E-02  9.5755542E-03
   8.00000  7.1854676E-03  1.4914211E-02  1.1437432E-02
   8.20000  7.9068304E-03  1.7295080E-02  1.3450993E-02
   8.40000  8.6128613E-03  1.9542007E-02  1.5370534E-02
   8.60000  9.2858051E-03  2.1439252E-02  1.7086687E-02
   8.80000  9.9536842E-03  2.3159770E-02  1.8893617E-02
   9.00000  1.0702930E-02  2.4967020E-02  2.1190992E-02
   9.20000  1.1626985E-02  2.6701843E-02  2.3855415E-02
   9.40000  1.2804045E-02  2.7731291E-02  2.5909806E-02
   9.60000  1.4296855E-02  2.7414029E-02  2.6164366E-02
   9.80000  1.6145845E-02  2.5701394E-02  2.4687933E-02
   10.0000  1.8451956E-02  2.5246989E-02  2.2599434E-02
   10.2500  2.1802312E-02  2.2446269E-02  2.1597035E-02
   10.5000  2.5758420E-02  2.0536918E-02  2.2466193E-02
   10.7500  3.0315580E-02  1.9978111E-02  2.5011178E-02
   11.0000  3.5406162E-02  2.0784814E-02  2.8947708E-02
   11.2500  4.0818302E-02  2.2835840E-02  3.4082644E-02
   11.5000  4.6090683E-02  2.6011832E-02  4.0253607E-02
   11.7500  5.0701627E-02  3.0173672E-02  4.7013738E-02
   12.0000  5.3397595E-02  3.5378894E-02  5.3447044E-02
   12.2500  5.3617650E-02  4.1731134E-02  5.8504962E-02
   12.5000  5.2077736E-02  4.9326863E-02  6.0449995E-02
   12.7500  4.9273272E-02  5.7512320E-02  6.0483364E-02
   13.0000  4.6154228E-02  6.5172696E-02  5.8247798E-02
   13.2500  4.3310584E-02  7.0449309E-02  5.4733673E-02
   13.5000  4.0976473E-02  7.1862096E-02  5.0845349E-02
   13.7500  3.9131156E-02  6.9025385E-02  4.7143259E-02
   14.0000  3.8146417E-02  6.2835495E-02  4.3555171E-02
   14.2500  3.7224739E-02  5.6900727E-02  4.0613009E-02
   14.5000  3.6671753E-02  5.1126711E-02  3.8177273E-02
   14.7500  3.6421866E-02  4.5994359E-02  3.6199224E-02
   15.0000  3.6409429E-02  4.1647198E-02  3.4622274E-02
   15.2500  3.6571350E-02  3.8061465E-02  3.3393599E-02
   15.5000  3.6841171E-02  3.5144915E-02  3.2461208E-02
   15.7500  3.7165322E-02  3.2792647E-02  3.1787244E-02
   16.0000  3.7496501E-02  3.0907881E-02  3.1340192E-02
   16.2500  3.7795660E-02  2.9410133E-02  3.1092478E-02
   16.5000  3.8032031E-02  2.8233578E-02  3.1020804E-02
   16.7500  3.8181153E-02  2.7325949E-02  3.1101835E-02
   17.0000  3.8226842E-02  2.6644650E-02  3.1311197E-02
   17.2500  3.8165481E-02  2.6154240E-02  3.1624109E-02
   17.5000  3.8007140E-02  2.5824043E-02  3.2014630E-02
   17.7500  3.7776065E-02  2.5628262E-02  3.2458821E-02
   18.0000  3.7507578E-02  2.5544353E-02  3.2936203E-02
   18.2500  3.7241223E-02  2.5551941E-02  3.3432336E-02
   18.5000  3.7014202E-02  2.5633635E-02  3.3938059E-02
   18.7500  3.6857369E-02  2.5775897E-02  3.4451050E-02
   19.0000  3.6789565E-02  2.5966274E-02  3.4967329E-02
   19.2500  3.6819468E-02  2.6195112E-02  3.5485639E-02
   19.5000  3.6944804E-02  2.6455867E-02  3.6001261E-02
   19.7500  3.7155801E-02  2.6744448E-02  3.6505620E-02
   20.0000  3.7435600E-02  2.7059004E-02  3.6984243E-02
   21.0000  3.8706437E-02  2.8594240E-02  3.8174351E-02
   22.0000  3.8891130E-02  3.0750542E-02  3.7250034E-02
   23.0000  3.7853292E-02  3.3679218E-02  3.5034588E-02
   24.0000  3.6742728E-02  3.6888022E-02  3.3590504E-02
   25.0000  3.5300860E-02  3.8996280E-02  3.3021732E-02
   26.0000  3.4524478E-02  3.9799074E-02  3.3316554E-02
   27.0000  3.4121356E-02  3.8862220E-02  3.3603868E-02
   28.0000  3.4102095E-02  3.6849240E-02  3.3603796E-02
   29.0000  3.4168201E-02  3.4549836E-02  3.3239616E-02
   30.0000  3.4006395E-02  3.2512010E-02  3.2582094E-02
   31.0000  3.3417153E-02  3.0971319E-02  3.1750063E-02
   32.0000  3.2371748E-02  2.9909858E-02  3.0824867E-02
   33.0000  3.0974064E-02  2.9200382E-02  2.9857979E-02
   34.0000  2.9353948E-02  2.8703944E-02  2.8874958E-02
   35.0000  2.7619141E-02  2.8316326E-02  2.7895069E-02
   36.0000  2.5871621E-02  2.7957641E-02  2.6926286E-02
   37.0000  2.4198048E-02  2.7548697E-02  2.5959815E-02
   38.0000  2.2665917E-02  2.7005546E-02  2.4967763E-02
   39.0000  2.1333153E-02  2.6266848E-02  2.3923741E-02
   40.0000  2.0243983E-02  2.5314983E-02  2.2821537E-02
