  7709.000   27  1  1  1.9222038E-02 -4.7343520E+00 -3.0473994E-01  1  1  7.5663489E+03  8.0000000E+03  0.0000000E+00  1.1792254E+00  1.0000000E+00  0.0000000E+00  = E_edge, Z, n_edge, j_edge, Abs_before_edge, VO_interstitial, E_cut, ninit, ninit1, Epsii, UnitCell_Volume, Surface_ref, f0_forward, natomsym_f, abs_u_iso
    Energy   (100,001)      (010,001)      (001,110)   
  -25.0000  5.1547368E-09  1.2795248E-09  8.8802328E-10
  -24.0000  1.3430477E-08  3.1734916E-09  2.0698016E-09
  -23.0000  4.1065398E-08  9.2758314E-09  5.5030650E-09
  -22.0000  1.6696221E-07  3.6840170E-08  1.8349720E-08
  -21.0000  1.4561597E-06  3.5857593E-07  1.0679806E-07
  -20.0000  6.6711269E-05  3.6218631E-06  8.0648060E-06
  -19.0000  4.5744611E-06  1.8274862E-05  4.9778029E-05
  -18.0000  3.0814642E-06  1.8251682E-06  1.3952336E-06
  -17.0000  3.2710528E-06  9.2508227E-07  6.1632609E-07
  -16.0000  7.3718316E-06  1.3578042E-06  8.8604872E-07
  -15.0000  1.6162504E-04  1.1251184E-05  1.1815438E-05
  -14.0000  8.9655066E-06  1.9404829E-05  9.5146883E-06
  -13.0000  1.3302439E-06  3.3233726E-06  6.3440021E-06
  -12.0000  1.1463561E-04  9.4849333E-05  1.8433534E-03
  -11.0000  2.0046160E-05  1.1296815E-05  1.4344319E-05
  -10.0000  3.7429589E-04  9.3412957E-05  3.5628373E-05
  -9.00000  1.4865963E-02  2.3614315E-04  1.1083438E-03
  -8.00000  2.7432699E-04  5.8354987E-05  1.8784115E-05
  -7.00000  3.1551759E-03  5.3650359E-04  5.9282071E-04
  -6.00000  6.9270749E-04  3.9342057E-04  2.2601144E-04
  -5.00000  1.5271251E-03  3.6317725E-04  6.1374826E-03
  -4.00000  1.9344424E-03  1.1923469E-03  1.2052829E-03
  -3.00000  8.0550286E-03  4.3909452E-03  6.5464750E-03
  -2.00000  2.5359837E-03  6.4412579E-03  4.7426399E-03
  -1.00000  6.7263484E-04  8.9681958E-04  6.3976012E-04
   0.00000  2.2651944E-03  1.6103747E-03  2.1710829E-03
   1.00000  6.5604653E-04  5.0697728E-04  4.3502328E-04
   2.00000  4.0944833E-04  5.6448607E-04  3.3184907E-04
   3.00000  5.5687515E-04  8.5094437E-04  4.8141675E-04
   4.00000  8.5767155E-04  1.4140265E-03  8.6575174E-04
   5.00000  1.4069171E-03  2.8148533E-03  2.0008746E-03
   5.20000  1.5762876E-03  3.3436152E-03  2.3022901E-03
   5.40000  1.7402439E-03  4.0080111E-03  2.7204170E-03
   5.60000  1.8976989E-03  4.8658435E-03  3.3447953E-03
   5.80000  2.0615138E-03  5.9961277E-03  4.2827526E-03
   6.00000  2.2589090E-03  7.4738037E-03  5.6648466E-03
   6.20000  2.5235795E-03  9.2629517E-03  7.5521790E-03
   6.40000  2.8620823E-03  1.1184812E-02  9.6225603E-03
   6.60000  3.2460779E-03  1.2973939E-02  1.0977360E-02
   6.80000  3.6287639E-03  1.4841516E-02  1.1027651E-02
   7.00000  3.9825222E-03  1.7231390E-02  1.0304875E-02
   7.20000  4.3382650E-03  2.0103010E-02  9.4200350E-03
   7.40000  4.6974427E-03  2.2916820E-02  8.5446232E-03
   7.60000  5.0344392E-03  2.5060218E-02  7.6951300E-03
   7.80000  5.3330730E-03  2.6328559E-02  6.8752274E-03
   8.00000  5.6137495E-03  2.7359861E-02  6.1716146E-03
   8.20000  5.9158174E-03  2.9154860E-02  5.6912689E-03
   8.40000  6.2648867E-03  3.2329412E-02  5.4733265E-03
   8.60000  6.6635718E-03  3.6840746E-02  5.5037535E-03
   8.80000  7.0954769E-03  4.1651200E-02  5.7549459E-03
   9.00000  7.5472911E-03  4.4423046E-02  6.2012631E-03
   9.20000  8.0531936E-03  4.2925026E-02  6.8329035E-03
   9.40000  8.7006513E-03  3.7621325E-02  7.6761107E-03
   9.60000  9.5731064E-03  3.1060717E-02  8.7898878E-03
   9.80000  1.0723832E-02  2.5200295E-02  1.0246448E-02
   10.0000  1.2197719E-02  2.0680264E-02  1.2127590E-02
   10.2500  1.4575623E-02  1.6805892E-02  1.5229460E-02
   10.5000  1.7650227E-02  1.4460054E-02  1.9388669E-02
   10.7500  2.1481953E-02  1.3233367E-02  2.4864618E-02
   11.0000  2.5967226E-02  1.2862962E-02  3.1823097E-02
   11.2500  3.0667750E-02  1.3217793E-02  4.0072925E-02
   11.5000  3.4767661E-02  1.4262522E-02  4.8391303E-02
   11.7500  3.7407933E-02  1.6208909E-02  5.5595667E-02
   12.0000  3.7990985E-02  1.8838622E-02  6.0069166E-02
   12.2500  3.6744755E-02  2.2451075E-02  6.1069268E-02
   12.5000  3.5107668E-02  2.7343754E-02  5.9662081E-02
   12.7500  3.3909023E-02  3.3646326E-02  5.7081670E-02
   13.0000  3.3452767E-02  4.1183540E-02  5.4222228E-02
   13.2500  3.3671709E-02  4.9142166E-02  5.1495834E-02
   13.5000  3.4340787E-02  5.5940381E-02  4.8980729E-02
   13.7500  3.6181901E-02  5.9636314E-02  4.6248916E-02
   14.0000  3.7032693E-02  5.9407538E-02  4.3728119E-02
   14.2500  3.7724102E-02  5.6432376E-02  4.1333818E-02
   14.5000  3.8252690E-02  5.2063817E-02  3.9101118E-02
   14.7500  3.8653276E-02  4.7404696E-02  3.7065475E-02
   15.0000  3.8972057E-02  4.3075299E-02  3.5250933E-02
   15.2500  3.9250848E-02  3.9322551E-02  3.3674648E-02
   15.5000  3.9520027E-02  3.6187255E-02  3.2341679E-02
   15.7500  3.9793878E-02  3.3622167E-02  3.1255653E-02
   16.0000  4.0068765E-02  3.1551921E-02  3.0413435E-02
   16.2500  4.0326997E-02  2.9900940E-02  2.9807594E-02
   16.5000  4.0541390E-02  2.8602671E-02  2.9424982E-02
   16.7500  4.0684322E-02  2.7602374E-02  2.9247903E-02
   17.0000  4.0739800E-02  2.6855385E-02  2.9256558E-02
   17.2500  4.0708834E-02  2.6325339E-02  2.9428781E-02
   17.5000  4.0610827E-02  2.5983082E-02  2.9741048E-02
   17.7500  4.0477735E-02  2.5803430E-02  3.0171152E-02
   18.0000  4.0347134E-02  2.5765421E-02  3.0698890E-02
   18.2500  4.0251960E-02  2.5850450E-02  3.1305626E-02
   18.5000  4.0215678E-02  2.6042450E-02  3.1974254E-02
   18.7500  4.0251864E-02  2.6326526E-02  3.2688231E-02
   19.0000  4.0362319E-02  2.6690468E-02  3.3432206E-02
   19.2500  4.0536461E-02  2.7121302E-02  3.4187694E-02
   19.5000  4.0759209E-02  2.7608250E-02  3.4937763E-02
   19.7500  4.1010845E-02  2.8141327E-02  3.5663015E-02
   20.0000  4.1268827E-02  2.8711679E-02  3.6342216E-02
   21.0000  4.1885194E-02  3.1258723E-02  3.8149455E-02
   22.0000  4.1071239E-02  3.4131062E-02  3.7892416E-02
   23.0000  3.9400100E-02  3.7161544E-02  3.6500890E-02
   24.0000  3.8132673E-02  3.9734402E-02  3.5537215E-02
   25.0000  3.7542304E-02  4.0993445E-02  3.5314115E-02
   26.0000  3.7488198E-02  4.0619235E-02  3.5478088E-02
   27.0000  3.7760916E-02  3.9076376E-02  3.5568156E-02
   28.0000  3.7967798E-02  3.7076264E-02  3.5282280E-02
   29.0000  3.7463536E-02  3.5020940E-02  3.4446864E-02
   30.0000  3.6467224E-02  3.3323661E-02  3.3567050E-02
   31.0000  3.4872458E-02  3.1912066E-02  3.2615854E-02
   32.0000  3.3011273E-02  3.0755233E-02  3.1676658E-02
   33.0000  3.1172695E-02  2.9782847E-02  3.0766460E-02
   34.0000  2.9514230E-02  2.8926868E-02  2.9876601E-02
   35.0000  2.8062911E-02  2.8112083E-02  2.8981332E-02
   36.0000  2.6768388E-02  2.7271891E-02  2.8063998E-02
   37.0000  2.5540267E-02  2.6361155E-02  2.7132353E-02
   38.0000  2.4292115E-02  2.5361850E-02  2.6213615E-02
   39.0000  2.2995862E-02  2.4286251E-02  2.5331670E-02
   40.0000  2.1695258E-02  2.3162220E-02  2.4450131E-02
