  7709.000   27  1  1  1.9222038E-02 -4.7412715E+00 -2.8115874E-01  1  1  7.5662626E+03  8.0000000E+03  0.0000000E+00  1.1792254E+00  1.0000000E+00  0.0000000E+00  = E_edge, Z, n_edge, j_edge, Abs_before_edge, VO_interstitial, E_cut, ninit, ninit1, Epsii, UnitCell_Volume, Surface_ref, f0_forward, natomsym_f, abs_u_iso
    Energy   (100,001)      (010,001)      (001,110)   
  -25.0000  5.2434863E-09  1.2799439E-09  9.1011682E-10
  -24.0000  1.3994685E-08  3.2280239E-09  2.1836555E-09
  -23.0000  4.4614940E-08  9.6856168E-09  6.1364778E-09
  -22.0000  1.9759319E-07  4.0383017E-08  2.3326091E-08
  -21.0000  2.2933482E-06  4.7029222E-07  2.3310631E-07
  -20.0000  8.3693371E-05  3.2293328E-06  1.0745167E-05
  -19.0000  2.6990424E-06  1.2285584E-05  2.0213125E-05
  -18.0000  1.9817700E-06  6.2817295E-07  5.9234574E-07
  -17.0000  2.8172201E-06  5.8612492E-07  4.4193307E-07
  -16.0000  1.0830127E-05  1.0522916E-06  9.1363661E-07
  -15.0000  6.4032806E-05  4.5533076E-05  2.2947680E-05
  -14.0000  3.9364806E-06  6.2081635E-06  6.0452404E-06
  -13.0000  1.1345589E-06  2.2120623E-06  4.4647644E-06
  -12.0000  3.9832432E-05  1.3647507E-04  5.2257122E-04
  -11.0000  1.5581203E-05  7.6940780E-06  1.1388961E-05
  -10.0000  1.9105982E-04  4.2076259E-05  4.1022669E-05
  -9.00000  3.2064459E-04  7.7051733E-04  1.9956408E-04
  -8.00000  5.2326596E-04  7.8411377E-04  4.3057594E-05
  -7.00000  5.3204802E-04  2.3672773E-04  9.1378998E-05
  -6.00000  4.5773055E-04  1.6959330E-04  1.2885080E-04
  -5.00000  2.2482771E-02  7.2116760E-02  1.9628342E-01
  -4.00000  1.5148443E-02  4.4419979E-03  1.1668380E-02
  -3.00000  8.3057522E-03  3.7391979E-02  8.4561704E-03
  -2.00000  8.4758943E-04  1.3521739E-03  9.2861774E-04
  -1.00000  4.8106239E-04  6.5127205E-04  4.0672278E-04
   0.00000  2.6147334E-03  1.1827472E-02  6.9327028E-03
   1.00000  4.1236886E-04  6.6845232E-04  5.0552606E-04
   2.00000  4.3562375E-04  6.6746707E-04  4.3309548E-04
   3.00000  6.1194226E-04  9.2728010E-04  5.4447704E-04
   4.00000  9.8791403E-04  1.3894581E-03  8.2483857E-04
   5.00000  1.6832672E-03  2.2462833E-03  1.5191267E-03
   5.20000  1.8551635E-03  2.5288055E-03  1.7557040E-03
   5.40000  2.0350401E-03  2.8824203E-03  2.0432037E-03
   5.60000  2.2484798E-03  3.3367094E-03  2.3929704E-03
   5.80000  2.5618548E-03  3.9298956E-03  2.8171554E-03
   6.00000  3.0293870E-03  4.6761851E-03  3.3305217E-03
   6.20000  3.6205488E-03  5.6231360E-03  3.9504685E-03
   6.40000  4.2388717E-03  6.7567265E-03  4.7256322E-03
   6.60000  4.8564512E-03  8.0952187E-03  5.7379528E-03
   6.80000  5.5242430E-03  9.6934220E-03  7.1008725E-03
   7.00000  6.3316326E-03  1.1650123E-02  8.9453783E-03
   7.20000  7.4039375E-03  1.4133519E-02  1.1370291E-02
   7.40000  8.8954918E-03  1.7352566E-02  1.4321666E-02
   7.60000  1.1050372E-02  2.1422330E-02  1.7284177E-02
   7.80000  1.4177999E-02  2.5800633E-02  1.9195534E-02
   8.00000  1.8407530E-02  2.8908376E-02  1.9238737E-02
   8.20000  2.2918924E-02  2.9126163E-02  1.7851711E-02
   8.40000  2.5425364E-02  2.6548534E-02  1.6162899E-02
   8.60000  2.4483439E-02  2.3315736E-02  1.4932755E-02
   8.80000  2.1559508E-02  2.1382965E-02  1.4421646E-02
   9.00000  1.8913712E-02  2.1075215E-02  1.4603925E-02
   9.20000  1.7281883E-02  2.2037078E-02  1.5454116E-02
   9.40000  1.6743411E-02  2.3957136E-02  1.6988650E-02
   9.60000  1.7210792E-02  2.6676677E-02  1.9265215E-02
   9.80000  1.8620587E-02  3.0133240E-02  2.2367284E-02
   10.0000  2.0956636E-02  3.4289752E-02  2.6398947E-02
   10.2500  2.5176412E-02  4.0373227E-02  3.2919877E-02
   10.5000  3.1249073E-02  4.6894297E-02  4.1401648E-02
   10.7500  3.7675467E-02  5.4320228E-02  5.1247415E-02
   11.0000  4.4120000E-02  6.1951859E-02  6.1615835E-02
   11.2500  4.9179402E-02  6.9096548E-02  7.0407082E-02
   11.5000  5.1620158E-02  7.5048441E-02  7.5058452E-02
   11.7500  5.1794723E-02  7.7150525E-02  7.4240792E-02
   12.0000  4.9728091E-02  7.5312003E-02  7.0511342E-02
   12.2500  4.6885353E-02  7.0062670E-02  6.4691229E-02
   12.5000  4.4035897E-02  6.3036561E-02  5.8343072E-02
   12.7500  4.1515893E-02  5.5807752E-02  5.2418103E-02
   13.0000  3.9429212E-02  4.9286820E-02  4.7304009E-02
   13.2500  3.7782425E-02  4.3786584E-02  4.3045653E-02
   13.5000  3.6557840E-02  3.9777910E-02  3.9076916E-02
   13.7500  3.5539850E-02  3.6093920E-02  3.5777727E-02
   14.0000  3.4944287E-02  3.3271137E-02  3.3403847E-02
   14.2500  3.4636911E-02  3.0997927E-02  3.1452517E-02
   14.5000  3.4563393E-02  2.9166033E-02  2.9852206E-02
   14.7500  3.4671220E-02  2.7689608E-02  2.8553930E-02
   15.0000  3.4914721E-02  2.6501537E-02  2.7524388E-02
   15.2500  3.5257382E-02  2.5552301E-02  2.6742102E-02
   15.5000  3.5665981E-02  2.4800138E-02  2.6189793E-02
   15.7500  3.6114055E-02  2.4218239E-02  2.5854707E-02
   16.0000  3.6573957E-02  2.3786026E-02  2.5721452E-02
   16.2500  3.7018786E-02  2.3488439E-02  2.5771896E-02
   16.5000  3.7424474E-02  2.3313703E-02  2.5983951E-02
   16.7500  3.7775148E-02  2.3250654E-02  2.6333276E-02
   17.0000  3.8070604E-02  2.3288796E-02  2.6793518E-02
   17.2500  3.8325867E-02  2.3416272E-02  2.7340142E-02
   17.5000  3.8565628E-02  2.3620653E-02  2.7951245E-02
   17.7500  3.8814776E-02  2.3888532E-02  2.8607341E-02
   18.0000  3.9089174E-02  2.4206486E-02  2.9291809E-02
   18.2500  3.9389160E-02  2.4560030E-02  2.9988194E-02
   18.5000  3.9701748E-02  2.4936999E-02  3.0680598E-02
   18.7500  4.0003115E-02  2.5326603E-02  3.1352564E-02
   19.0000  4.0265720E-02  2.5722134E-02  3.1987096E-02
   19.2500  4.0462459E-02  2.6120053E-02  3.2563260E-02
   19.5000  4.0571177E-02  2.6521496E-02  3.3063350E-02
   19.7500  4.0576418E-02  2.6931257E-02  3.3470105E-02
   20.0000  4.0472038E-02  2.7356971E-02  3.3768739E-02
   21.0000  3.9133037E-02  2.9397086E-02  3.3766853E-02
   22.0000  3.7372321E-02  3.2125849E-02  3.2544809E-02
   23.0000  3.6186659E-02  3.4855663E-02  3.1729369E-02
   24.0000  3.5370647E-02  3.6248070E-02  3.1930628E-02
   25.0000  3.4442987E-02  3.5738840E-02  3.2688937E-02
   26.0000  3.3002467E-02  3.4082122E-02  3.3111193E-02
   27.0000  3.1767433E-02  3.2378926E-02  3.3295775E-02
   28.0000  3.0822528E-02  3.0991522E-02  3.3023737E-02
   29.0000  3.0144730E-02  2.9994172E-02  3.2385265E-02
   30.0000  2.9408427E-02  2.9316325E-02  3.1464926E-02
   31.0000  2.8413113E-02  2.8805201E-02  3.0388011E-02
   32.0000  2.7181852E-02  2.8338624E-02  2.9284375E-02
   33.0000  2.5823681E-02  2.7869105E-02  2.8248736E-02
   34.0000  2.4456834E-02  2.7405533E-02  2.7347152E-02
   35.0000  2.3177421E-02  2.6957651E-02  2.6588681E-02
   36.0000  2.2053177E-02  2.6510970E-02  2.5926158E-02
   37.0000  2.1124221E-02  2.6025545E-02  2.5259276E-02
   38.0000  2.0390089E-02  2.5438050E-02  2.4486652E-02
   39.0000  1.9804608E-02  2.4685276E-02  2.3566109E-02
   40.0000  1.9323245E-02  2.3758996E-02  2.2536574E-02
