  7709.000   27  1  1  1.9222038E-02 -4.5769131E+00 -3.5980036E-01  1  1  7.5664411E+03  8.0000000E+03  0.0000000E+00  1.1792254E+00  1.0000000E+00  0.0000000E+00  = E_edge, Z, n_edge, j_edge, Abs_before_edge, VO_interstitial, E_cut, ninit, ninit1, Epsii, UnitCell_Volume, Surface_ref, f0_forward, natomsym_f, abs_u_iso
    Energy   (100,001)      (010,001)      (001,110)   
  -25.0000  3.6874618E-09  1.0364757E-09  7.7195393E-10
  -24.0000  9.3641184E-09  2.5218727E-09  1.7664093E-09
  -23.0000  2.7589356E-08  7.1496787E-09  4.5659852E-09
  -22.0000  1.0471014E-07  2.6559777E-08  1.4418410E-08
  -21.0000  7.0683856E-07  1.9258308E-07  7.0015930E-08
  -20.0000  1.4076951E-04  1.8994650E-05  8.4180971E-06
  -19.0000  1.1627239E-05  1.2362365E-05  3.6507550E-05
  -18.0000  1.7755111E-06  4.1206060E-07  7.3842239E-07
  -17.0000  1.8667766E-06  3.3643885E-07  5.3083434E-07
  -16.0000  3.6571277E-06  5.6099261E-07  1.0699391E-06
  -15.0000  4.7963334E-05  3.2174790E-04  9.2266124E-05
  -14.0000  4.5853611E-06  5.5889000E-06  5.4687393E-06
  -13.0000  1.2737207E-06  1.4240215E-06  2.5106300E-06
  -12.0000  4.9265287E-06  4.4374529E-06  1.4466101E-05
  -11.0000  1.7351760E-05  1.0193578E-05  2.3137035E-05
  -10.0000  1.5284361E-04  4.5342824E-05  9.8326374E-06
  -9.00000  7.5817950E-03  3.5948469E-03  5.8573852E-04
  -8.00000  9.1735434E-05  4.2804649E-05  7.3603300E-06
  -7.00000  4.5873833E-03  5.3418584E-04  7.8834927E-04
  -6.00000  6.2214733E-04  2.5386433E-04  2.5404691E-03
  -5.00000  3.5376723E-03  1.5826516E-03  4.5902467E-03
  -4.00000  3.1903008E-03  2.3952384E-03  2.9114606E-03
  -3.00000  1.8019489E-03  6.5171781E-03  9.7919225E-04
  -2.00000  6.3298489E-04  1.0115797E-03  5.4803755E-04
  -1.00000  3.7303476E-04  5.1664559E-04  2.1283422E-04
   0.00000  3.1078029E-03  4.1988892E-03  6.4199578E-03
   1.00000  6.1186500E-04  6.8320634E-04  6.2152714E-04
   2.00000  5.8940807E-04  7.1784761E-04  5.3158445E-04
   3.00000  7.9557546E-04  1.0383961E-03  6.5488889E-04
   4.00000  1.2185026E-03  1.6556081E-03  9.8521761E-04
   5.00000  1.9562427E-03  2.8468131E-03  1.8363742E-03
   5.20000  2.1465898E-03  3.2148220E-03  2.1396388E-03
   5.40000  2.3498287E-03  3.6468516E-03  2.5213139E-03
   5.60000  2.5646602E-03  4.1553978E-03  3.0097012E-03
   5.80000  2.7898163E-03  4.7550952E-03  3.6453350E-03
   6.00000  3.0270919E-03  5.4637076E-03  4.4818690E-03
   6.20000  3.2852890E-03  6.3101181E-03  5.5853681E-03
   6.40000  3.5911465E-03  7.3486148E-03  7.0180496E-03
   6.60000  3.9970841E-03  8.6625011E-03  8.7784355E-03
   6.80000  4.5470543E-03  1.0310920E-02  1.0624008E-02
   7.00000  5.2012900E-03  1.2220250E-02  1.1886980E-02
   7.20000  5.8157703E-03  1.4058660E-02  1.1961983E-02
   7.40000  6.3130973E-03  1.5430260E-02  1.1093462E-02
   7.60000  6.7130108E-03  1.6228600E-02  9.9279056E-03
   7.80000  7.0822425E-03  1.6679057E-02  8.9207523E-03
   8.00000  7.5129929E-03  1.7126953E-02  8.2373569E-03
   8.20000  8.0839186E-03  1.7878951E-02  7.9254568E-03
   8.40000  8.8517191E-03  1.9140366E-02  7.9489659E-03
   8.60000  9.8342404E-03  2.0993890E-02  8.2630769E-03
   8.80000  1.1073908E-02  2.3392002E-02  8.8712496E-03
   9.00000  1.2588413E-02  2.6165293E-02  9.7839735E-03
   9.20000  1.4345508E-02  2.9127839E-02  1.1017746E-02
   9.40000  1.6308568E-02  3.2320885E-02  1.2593426E-02
   9.60000  1.8532954E-02  3.5967151E-02  1.4544986E-02
   9.80000  2.1149220E-02  4.0127347E-02  1.6918837E-02
   10.0000  2.4290951E-02  4.4605824E-02  1.9762697E-02
   10.2500  2.9286594E-02  4.9625334E-02  2.4072119E-02
   10.5000  3.4977440E-02  5.4336949E-02  2.9196650E-02
   10.7500  4.1213548E-02  5.7879046E-02  3.5084253E-02
   11.0000  4.7131349E-02  6.0163960E-02  4.1382086E-02
   11.2500  5.1444627E-02  6.1452165E-02  4.7337615E-02
   11.5000  5.3145399E-02  6.1997916E-02  5.1787561E-02
   11.7500  5.1906737E-02  6.1777817E-02  5.4291028E-02
   12.0000  4.8862348E-02  6.1010186E-02  5.5154273E-02
   12.2500  4.5216588E-02  5.9525920E-02  5.4566192E-02
   12.5000  4.1913345E-02  5.7377601E-02  5.3068678E-02
   12.7500  3.9350762E-02  5.4712901E-02  5.1057915E-02
   13.0000  3.7546546E-02  5.1723106E-02  4.8782108E-02
   13.2500  3.6356932E-02  4.8595715E-02  4.6411450E-02
   13.5000  3.5800832E-02  4.5694452E-02  4.4270514E-02
   13.7500  3.5360825E-02  4.2997445E-02  4.1848084E-02
   14.0000  3.5098573E-02  4.0388241E-02  3.9788230E-02
   14.2500  3.4985154E-02  3.7999719E-02  3.7993496E-02
   14.5000  3.4985902E-02  3.5859113E-02  3.6482384E-02
   14.7500  3.5077158E-02  3.3974490E-02  3.5252984E-02
   15.0000  3.5239064E-02  3.2340409E-02  3.4292381E-02
   15.2500  3.5450870E-02  3.0942942E-02  3.3579569E-02
   15.5000  3.5696856E-02  2.9763046E-02  3.3094621E-02
   15.7500  3.5947372E-02  2.8775289E-02  3.2807211E-02
   16.0000  3.6185447E-02  2.7958730E-02  3.2695833E-02
   16.2500  3.6389016E-02  2.7290948E-02  3.2735615E-02
   16.5000  3.6538983E-02  2.6752036E-02  3.2901035E-02
   16.7500  3.6622848E-02  2.6323882E-02  3.3166019E-02
   17.0000  3.6638457E-02  2.5991462E-02  3.3507167E-02
   17.2500  3.6595132E-02  2.5741462E-02  3.3904544E-02
   17.5000  3.6511752E-02  2.5562986E-02  3.4343539E-02
   17.7500  3.6415170E-02  2.5446682E-02  3.4815548E-02
   18.0000  3.6334288E-02  2.5385589E-02  3.5316952E-02
   18.2500  3.6295525E-02  2.5375071E-02  3.5847395E-02
   18.5000  3.6320843E-02  2.5411522E-02  3.6408928E-02
   18.7500  3.6425755E-02  2.5492099E-02  3.7001993E-02
   19.0000  3.6621169E-02  2.5614813E-02  3.7624167E-02
   19.2500  3.6909431E-02  2.5777552E-02  3.8266098E-02
   19.5000  3.7291284E-02  2.5980573E-02  3.8916804E-02
   19.7500  3.7758467E-02  2.6222768E-02  3.9557396E-02
   20.0000  3.8295686E-02  2.6504533E-02  4.0162771E-02
   21.0000  4.0591600E-02  2.8036072E-02  4.1600368E-02
   22.0000  4.1556946E-02  3.0197777E-02  4.0386128E-02
   23.0000  4.0717895E-02  3.2675449E-02  3.7472711E-02
   24.0000  3.9134907E-02  3.4767310E-02  3.4949317E-02
   25.0000  3.6906980E-02  3.5579292E-02  3.3127781E-02
   26.0000  3.5148030E-02  3.5192165E-02  3.2028743E-02
   27.0000  3.3780007E-02  3.3643722E-02  3.1081821E-02
   28.0000  3.3031886E-02  3.1609640E-02  3.0236365E-02
   29.0000  3.2580114E-02  2.9713932E-02  2.9501436E-02
   30.0000  3.1875631E-02  2.8264616E-02  2.8815417E-02
   31.0000  3.0673323E-02  2.7290453E-02  2.8112024E-02
   32.0000  2.9067364E-02  2.6700418E-02  2.7406099E-02
   33.0000  2.7260642E-02  2.6388473E-02  2.6763157E-02
   34.0000  2.5437458E-02  2.6270822E-02  2.6269781E-02
   35.0000  2.3742192E-02  2.6260424E-02  2.5944215E-02
   36.0000  2.2283568E-02  2.6243218E-02  2.5709264E-02
   37.0000  2.1143456E-02  2.6079452E-02  2.5429735E-02
   38.0000  2.0372696E-02  2.5661244E-02  2.4976851E-02
   39.0000  1.9966215E-02  2.4957319E-02  2.4278010E-02
   40.0000  1.9836983E-02  2.4022373E-02  2.3336530E-02
