  7709.000   27  1  1  1.9222038E-02 -4.5388863E+00 -3.2025541E-01  1  1  7.5663469E+03  8.0000000E+03  0.0000000E+00  1.1792254E+00  1.0000000E+00  0.0000000E+00  = E_edge, Z, n_edge, j_edge, Abs_before_edge, VO_interstitial, E_cut, ninit, ninit1, Epsii, UnitCell_Volume, Surface_ref, f0_forward, natomsym_f, abs_u_iso
    Energy   (100,001)      (010,001)      (001,110)   
  -25.0000  3.4565374E-09  1.0670621E-09  6.8173176E-10
  -24.0000  8.7052821E-09  2.5816421E-09  1.5521240E-09
  -23.0000  2.5307632E-08  7.2219647E-09  3.9968967E-09
  -22.0000  9.3618194E-08  2.5945997E-08  1.2665050E-08
  -21.0000  5.8620003E-07  1.6737724E-07  6.4605459E-08
  -20.0000  3.3048586E-04  5.1065379E-04  1.0637765E-04
  -19.0000  1.7614236E-04  7.7156066E-04  1.7947982E-03
  -18.0000  1.7599615E-06  6.7586169E-07  6.6207126E-07
  -17.0000  1.7985135E-06  5.1743816E-07  3.9123079E-07
  -16.0000  3.3472836E-06  8.0959435E-07  6.1737745E-07
  -15.0000  1.1245355E-04  7.2912371E-05  7.0993005E-05
  -14.0000  8.5227723E-06  1.2656599E-05  1.0227450E-05
  -13.0000  1.2586763E-06  1.7099706E-06  2.2671051E-06
  -12.0000  4.3392199E-06  4.6739451E-06  1.1385735E-05
  -11.0000  1.7327863E-05  1.5860810E-05  1.9015941E-05
  -10.0000  1.4382929E-04  4.0571758E-05  9.0730663E-06
  -9.00000  4.5726076E-03  1.2276521E-03  4.6941606E-03
  -8.00000  8.5227887E-05  3.7628800E-05  1.1620005E-05
  -7.00000  6.5487833E-03  3.3010301E-04  1.6579213E-04
  -6.00000  1.2066320E-03  5.8244897E-04  6.2815972E-02
  -5.00000  3.3462675E-03  2.9829057E-04  1.1559562E-02
  -4.00000  4.0840132E-03  1.4482933E-03  3.0672415E-03
  -3.00000  8.4521589E-03  3.2748538E-02  3.9027550E-03
  -2.00000  1.3120249E-03  1.5381329E-03  1.2193151E-03
  -1.00000  4.7550121E-04  6.9436842E-04  3.0373124E-04
   0.00000  5.6067625E-03  9.3846998E-03  1.6346574E-03
   1.00000  4.7870474E-04  6.1531108E-04  5.6143899E-04
   2.00000  5.1547251E-04  6.3211311E-04  4.8271687E-04
   3.00000  7.2651424E-04  8.8172721E-04  6.2630886E-04
   4.00000  1.1486425E-03  1.3867609E-03  9.9732873E-04
   5.00000  1.8913604E-03  2.4112161E-03  1.9433054E-03
   5.20000  2.0885309E-03  2.7370424E-03  2.2779103E-03
   5.40000  2.3040426E-03  3.1263020E-03  2.6968894E-03
   5.60000  2.5398003E-03  3.5957970E-03  3.2294902E-03
   5.80000  2.7995043E-03  4.1693087E-03  3.9180130E-03
   6.00000  3.0927635E-03  4.8803266E-03  4.8199513E-03
   6.20000  3.4394461E-03  5.7800680E-03  6.0087707E-03
   6.40000  3.8734912E-03  6.9267636E-03  7.5549718E-03
   6.60000  4.4421412E-03  8.4024759E-03  9.4706086E-03
   6.80000  5.1351722E-03  1.0165327E-02  1.1554903E-02
   7.00000  5.8834979E-03  1.2047839E-02  1.3247503E-02
   7.20000  6.5976584E-03  1.3741054E-02  1.3772253E-02
   7.40000  7.2144741E-03  1.4949183E-02  1.2947375E-02
   7.60000  7.7372318E-03  1.5670015E-02  1.1447226E-02
   7.80000  8.2513356E-03  1.6258677E-02  1.0001849E-02
   8.00000  8.8778273E-03  1.7129856E-02  8.9515215E-03
   8.20000  9.7306285E-03  1.8498493E-02  8.3703723E-03
   8.40000  1.0923147E-02  2.0358900E-02  8.2375676E-03
   8.60000  1.2559946E-02  2.2487918E-02  8.5074477E-03
   8.80000  1.4596910E-02  2.4289880E-02  9.1123834E-03
   9.00000  1.6559508E-02  2.4981349E-02  9.9507732E-03
   9.20000  1.8108233E-02  2.4221847E-02  1.1030525E-02
   9.40000  1.9313745E-02  2.3185118E-02  1.2427667E-02
   9.60000  2.0605026E-02  2.2781415E-02  1.4253605E-02
   9.80000  2.2283585E-02  2.3272277E-02  1.6580759E-02
   10.0000  2.5071350E-02  2.4698488E-02  1.9728934E-02
   10.2500  2.8544797E-02  2.7060943E-02  2.4084837E-02
   10.5000  3.2865745E-02  3.0432259E-02  2.9287394E-02
   10.7500  3.7811475E-02  3.4580508E-02  3.5222308E-02
   11.0000  4.2824900E-02  3.9258519E-02  4.1590490E-02
   11.2500  4.6999159E-02  4.4254396E-02  4.7800798E-02
   11.5000  4.9410365E-02  4.9420422E-02  5.3016933E-02
   11.7500  5.0089717E-02  5.4676444E-02  5.5886424E-02
   12.0000  4.8771349E-02  5.9008343E-02  5.7605847E-02
   12.2500  4.6672145E-02  6.2287900E-02  5.7908508E-02
   12.5000  4.4494396E-02  6.3814174E-02  5.6972918E-02
   12.7500  4.2631803E-02  6.3400107E-02  5.5162592E-02
   13.0000  4.1182088E-02  6.1289173E-02  5.2779305E-02
   13.2500  4.0095544E-02  5.7998520E-02  5.0094457E-02
   13.5000  3.9287502E-02  5.4094408E-02  4.7347669E-02
   13.7500  3.8840389E-02  5.0198692E-02  4.4507646E-02
   14.0000  3.8344972E-02  4.6532130E-02  4.2062978E-02
   14.2500  3.7981903E-02  4.3152237E-02  3.9962023E-02
   14.5000  3.7736084E-02  4.0140662E-02  3.8215038E-02
   14.7500  3.7589477E-02  3.7522149E-02  3.6808126E-02
   15.0000  3.7520570E-02  3.5289538E-02  3.5713934E-02
   15.2500  3.7505693E-02  3.3417326E-02  3.4899462E-02
   15.5000  3.7523628E-02  3.1870969E-02  3.4334371E-02
   15.7500  3.7538446E-02  3.0609388E-02  3.3984068E-02
   16.0000  3.7529395E-02  2.9595374E-02  3.3823034E-02
   16.2500  3.7476519E-02  2.8793903E-02  3.3825581E-02
   16.5000  3.7366106E-02  2.8172159E-02  3.3964964E-02
   16.7500  3.7196404E-02  2.7700763E-02  3.4214506E-02
   17.0000  3.6978185E-02  2.7354414E-02  3.4548379E-02
   17.2500  3.6733829E-02  2.7112293E-02  3.4941638E-02
   17.5000  3.6493060E-02  2.6957536E-02  3.5375101E-02
   17.7500  3.6286269E-02  2.6875398E-02  3.5833144E-02
   18.0000  3.6139531E-02  2.6854869E-02  3.6305804E-02
   18.2500  3.6071841E-02  2.6888364E-02  3.6786558E-02
   18.5000  3.6094673E-02  2.6971671E-02  3.7271141E-02
   18.7500  3.6212201E-02  2.7102299E-02  3.7754899E-02
   19.0000  3.6424085E-02  2.7281307E-02  3.8231461E-02
   19.2500  3.6722942E-02  2.7510463E-02  3.8687527E-02
   19.5000  3.7101838E-02  2.7791958E-02  3.9108424E-02
   19.7500  3.7548648E-02  2.8128350E-02  3.9475185E-02
   20.0000  3.8045541E-02  2.8519688E-02  3.9765443E-02
   21.0000  3.9959215E-02  3.0604150E-02  3.9756234E-02
   22.0000  4.0262962E-02  3.3248383E-02  3.7714992E-02
   23.0000  3.8816597E-02  3.5785312E-02  3.5098602E-02
   24.0000  3.6677689E-02  3.7231885E-02  3.3080279E-02
   25.0000  3.5376771E-02  3.7651970E-02  3.2138356E-02
   26.0000  3.4469095E-02  3.6772414E-02  3.1616142E-02
   27.0000  3.3959601E-02  3.4946456E-02  3.1189141E-02
   28.0000  3.3675972E-02  3.2728367E-02  3.0711923E-02
   29.0000  3.3243041E-02  3.0648417E-02  3.0140852E-02
   30.0000  3.2332192E-02  2.8998978E-02  2.9450302E-02
   31.0000  3.0902023E-02  2.7823353E-02  2.8631554E-02
   32.0000  2.9141045E-02  2.7037226E-02  2.7725608E-02
   33.0000  2.7263708E-02  2.6520708E-02  2.6796653E-02
   34.0000  2.5424307E-02  2.6169421E-02  2.5932751E-02
   35.0000  2.3708817E-02  2.5888096E-02  2.5199832E-02
   36.0000  2.2167535E-02  2.5589253E-02  2.4611772E-02
   37.0000  2.0841812E-02  2.5200362E-02  2.4110324E-02
   38.0000  1.9783421E-02  2.4690014E-02  2.3593058E-02
   39.0000  1.9032418E-02  2.4057749E-02  2.2971550E-02
   40.0000  1.8574296E-02  2.3312108E-02  2.2215005E-02
