  7709.000   27  1  1  1.9222038E-02 -4.6715736E+00 -2.4257240E-01  1  1  7.5660430E+03  8.0000000E+03  0.0000000E+00  1.1792254E+00  1.0000000E+00  0.0000000E+00  = E_edge, Z, n_edge, j_edge, Abs_before_edge, VO_interstitial, E_cut, ninit, ninit1, Epsii, UnitCell_Volume, Surface_ref, f0_forward, natomsym_f, abs_u_iso
    Energy   (100,001)      (010,001)      (001,110)   
  -25.0000  5.4562637E-09  1.3392584E-09  9.0678076E-10
  -24.0000  1.4307927E-08  3.3444934E-09  2.1083575E-09
  -23.0000  4.4312786E-08  9.8477546E-09  5.6001650E-09
  -22.0000  1.8615854E-07  3.9311998E-08  1.8955444E-08
  -21.0000  1.8644198E-06  3.7664310E-07  1.3635975E-07
  -20.0000  1.6727843E-05  2.4823731E-06  1.6195136E-06
  -19.0000  1.6510701E-05  1.2872742E-05  5.3903683E-05
  -18.0000  3.3634680E-06  1.0746250E-06  1.3724548E-06
  -17.0000  3.8861812E-06  7.9222294E-07  7.4900153E-07
  -16.0000  1.0931151E-05  1.4296255E-06  1.2933752E-06
  -15.0000  1.0130065E-04  9.6869435E-06  1.0176080E-05
  -14.0000  6.9449443E-06  1.3270575E-05  7.5411020E-06
  -13.0000  1.0723267E-06  3.7008641E-06  6.5659183E-06
  -12.0000  2.0759652E-04  1.1867301E-03  3.2009397E-03
  -11.0000  1.7781896E-05  1.1525364E-05  1.6112677E-05
  -10.0000  2.7321307E-04  5.8963384E-05  4.8773702E-05
  -9.00000  5.1735883E-02  5.5654529E-03  3.9715999E-04
  -8.00000  4.3170695E-04  1.1666175E-04  4.8021581E-05
  -7.00000  1.2139878E-03  2.3485784E-04  1.2036126E-04
  -6.00000  1.4458852E-03  8.6924912E-04  2.8743657E-04
  -5.00000  5.9430251E-04  3.0477363E-04  8.6415723E-04
  -4.00000  2.4137427E-03  1.3783237E-03  1.7776513E-03
  -3.00000  3.5608825E-03  1.6434763E-02  3.1383630E-03
  -2.00000  9.4229958E-04  2.3603651E-03  1.4912537E-03
  -1.00000  5.6661611E-04  7.4808523E-04  5.2685261E-04
   0.00000  3.7208087E-03  5.6726346E-03  2.5522297E-03
   1.00000  7.1326513E-04  4.6149361E-04  6.7486627E-04
   2.00000  4.6508261E-04  6.3257330E-04  4.5220584E-04
   3.00000  6.1593015E-04  9.5663427E-04  6.2683750E-04
   4.00000  8.5300231E-04  1.6265413E-03  1.1070594E-03
   5.00000  1.2335144E-03  3.8773299E-03  2.6856639E-03
   5.20000  1.4535997E-03  4.8209206E-03  3.4616494E-03
   5.40000  1.7214234E-03  5.9771356E-03  4.5763543E-03
   5.60000  2.0060121E-03  7.1048596E-03  5.9989198E-03
   5.80000  2.2826602E-03  7.9711895E-03  7.4095741E-03
   6.00000  2.5543159E-03  8.8414593E-03  8.4952676E-03
   6.20000  2.8319969E-03  1.0231331E-02  9.2730633E-03
   6.40000  3.1362273E-03  1.2279425E-02  9.6918379E-03
   6.60000  3.4916756E-03  1.4652131E-02  9.4875542E-03
   6.80000  3.9205739E-03  1.6747881E-02  8.6201980E-03
   7.00000  4.4272649E-03  1.8142901E-02  7.4455080E-03
   7.20000  5.0159060E-03  1.9029624E-02  6.4501711E-03
   7.40000  5.7120335E-03  2.0060438E-02  5.9191101E-03
   7.60000  6.5832258E-03  2.1896408E-02  5.8815727E-03
   7.80000  7.7210717E-03  2.4982287E-02  6.2565455E-03
   8.00000  9.2033317E-03  2.9428331E-02  6.9510716E-03
   8.20000  1.0956941E-02  3.4415065E-02  7.8618821E-03
   8.40000  1.2510787E-02  3.7262377E-02  8.8263374E-03
   8.60000  1.3196025E-02  3.5046852E-02  9.6828519E-03
   8.80000  1.3141044E-02  2.9239586E-02  1.0527247E-02
   9.00000  1.3167092E-02  2.3928065E-02  1.1667749E-02
   9.20000  1.3799779E-02  2.1007143E-02  1.3351862E-02
   9.40000  1.5185682E-02  2.0428749E-02  1.5751489E-02
   9.60000  1.7365705E-02  2.1709902E-02  1.9045751E-02
   9.80000  2.0382336E-02  2.4465438E-02  2.3459985E-02
   10.0000  2.4265336E-02  2.8455747E-02  2.9260154E-02
   10.2500  3.0238614E-02  3.4960898E-02  3.8804538E-02
   10.5000  3.6862040E-02  4.2928093E-02  5.0781726E-02
   10.7500  4.2623111E-02  5.1955637E-02  6.3578958E-02
   11.0000  4.5467750E-02  6.1147121E-02  7.3522649E-02
   11.2500  4.4255544E-02  6.9205932E-02  7.7447319E-02
   11.5000  4.0430143E-02  7.3970291E-02  7.4516518E-02
   11.7500  3.6125591E-02  7.5135327E-02  6.8366061E-02
   12.0000  3.2959866E-02  7.2186479E-02  6.1492766E-02
   12.2500  3.1302878E-02  6.5902527E-02  5.5120763E-02
   12.5000  3.0740582E-02  5.9268625E-02  5.0105334E-02
   12.7500  3.1010076E-02  5.2769240E-02  4.6132262E-02
   13.0000  3.1758908E-02  4.7001162E-02  4.2972935E-02
   13.2500  3.2967011E-02  4.2858779E-02  4.0447870E-02
   13.5000  3.4247563E-02  3.8724979E-02  3.7868780E-02
   13.7500  3.5032939E-02  3.5494111E-02  3.5756264E-02
   14.0000  3.5641191E-02  3.2835389E-02  3.3806078E-02
   14.2500  3.6105300E-02  3.0640392E-02  3.2021500E-02
   14.5000  3.6471068E-02  2.8823476E-02  3.0420655E-02
   14.7500  3.6782358E-02  2.7319462E-02  2.9022710E-02
   15.0000  3.7074442E-02  2.6080016E-02  2.7841133E-02
   15.2500  3.7370510E-02  2.5071262E-02  2.6882398E-02
   15.5000  3.7682435E-02  2.4270432E-02  2.6149332E-02
   15.7500  3.8010910E-02  2.3657565E-02  2.5633803E-02
   16.0000  3.8345821E-02  2.3221781E-02  2.5326358E-02
   16.2500  3.8671311E-02  2.2951931E-02  2.5212206E-02
   16.5000  3.8972893E-02  2.2838016E-02  2.5274026E-02
   16.7500  3.9246685E-02  2.2870114E-02  2.5493289E-02
   17.0000  3.9505179E-02  2.3036490E-02  2.5851815E-02
   17.2500  3.9776751E-02  2.3325948E-02  2.6333024E-02
   17.5000  4.0095482E-02  2.3725093E-02  2.6920960E-02
   17.7500  4.0490554E-02  2.4218672E-02  2.7598758E-02
   18.0000  4.0973124E-02  2.4789602E-02  2.8347218E-02
   18.2500  4.1532094E-02  2.5419917E-02  2.9143887E-02
   18.5000  4.2134310E-02  2.6089134E-02  2.9962405E-02
   18.7500  4.2732081E-02  2.6777634E-02  3.0775866E-02
   19.0000  4.3270590E-02  2.7466992E-02  3.1557103E-02
   19.2500  4.3697653E-02  2.8139771E-02  3.2278100E-02
   19.5000  4.3973118E-02  2.8785300E-02  3.2917048E-02
   19.7500  4.4072820E-02  2.9397586E-02  3.3454927E-02
   20.0000  4.3989788E-02  2.9976813E-02  3.3878177E-02
   21.0000  4.2196951E-02  3.2106787E-02  3.4388240E-02
   22.0000  3.9736316E-02  3.4288817E-02  3.3654602E-02
   23.0000  3.8247583E-02  3.6248661E-02  3.3037914E-02
   24.0000  3.7765115E-02  3.7122623E-02  3.3078683E-02
   25.0000  3.7591549E-02  3.6571294E-02  3.3480111E-02
   26.0000  3.7142082E-02  3.5088344E-02  3.3786568E-02
   27.0000  3.6256267E-02  3.3390882E-02  3.3807656E-02
   28.0000  3.4987943E-02  3.1887089E-02  3.3596648E-02
   29.0000  3.3279455E-02  3.0624189E-02  3.3102820E-02
   30.0000  3.1261391E-02  2.9688012E-02  3.2520162E-02
   31.0000  2.9078227E-02  2.8872278E-02  3.1759748E-02
   32.0000  2.6978116E-02  2.8080225E-02  3.0865844E-02
   33.0000  2.5121145E-02  2.7271812E-02  2.9882117E-02
   34.0000  2.3585871E-02  2.6416952E-02  2.8848292E-02
   35.0000  2.2412397E-02  2.5473101E-02  2.7783612E-02
   36.0000  2.1627475E-02  2.4408353E-02  2.6714916E-02
   37.0000  2.1209375E-02  2.3235275E-02  2.5696657E-02
   38.0000  2.1047736E-02  2.2026829E-02  2.4797449E-02
   39.0000  2.0957405E-02  2.0885530E-02  2.4030854E-02
   40.0000  2.0765490E-02  1.9915707E-02  2.3327945E-02
