  7709.000   27  1  1  1.9222038E-02 -4.8307454E+00 -3.9277230E-01  1  1  7.5662793E+03  8.0000000E+03  0.0000000E+00  1.1792254E+00  1.0000000E+00  0.0000000E+00  = E_edge, Z, n_edge, j_edge, Abs_before_edge, VO_interstitial, E_cut, ninit, ninit1, Epsii, UnitCell_Volume, Surface_ref, f0_forward, natomsym_f, abs_u_iso
    Energy   (100,001)      (010,001)      (001,110)   
  -25.0000  4.0874801E-09  1.1647576E-09  8.4620027E-10
  -24.0000  1.0401088E-08  2.8495183E-09  1.9457143E-09
  -23.0000  3.0717442E-08  8.1335548E-09  5.0790567E-09
  -22.0000  1.1691081E-07  3.0538043E-08  1.6450283E-08
  -21.0000  7.8897836E-07  2.2949525E-07  8.7947344E-08
  -20.0000  4.7780841E-04  1.1862187E-05  4.2708663E-05
  -19.0000  4.2070519E-06  2.6101162E-05  6.9525193E-05
  -18.0000  1.7772371E-06  6.2953090E-07  7.7851407E-07
  -17.0000  1.8678223E-06  4.7769863E-07  4.6914744E-07
  -16.0000  3.3586817E-06  7.3836897E-07  7.4388366E-07
  -15.0000  1.4218517E-04  1.0723342E-03  3.2558854E-04
  -14.0000  6.6770282E-06  1.1219595E-05  6.5667852E-06
  -13.0000  1.3829174E-06  1.7333862E-06  2.6879035E-06
  -12.0000  5.3517628E-06  5.6767110E-06  1.5883455E-05
  -11.0000  2.2772216E-05  1.6902031E-05  2.6057875E-05
  -10.0000  2.5707442E-04  7.2686061E-05  1.3979895E-05
  -9.00000  9.2875871E-03  3.8734786E-04  4.6609674E-04
  -8.00000  1.4148162E-04  4.8754395E-05  1.2679635E-05
  -7.00000  4.1415412E-04  1.5822683E-03  5.1709569E-05
  -6.00000  8.2494792E-04  2.8062626E-04  3.1061324E-03
  -5.00000  3.3104166E-03  6.4101627E-03  2.6746051E-02
  -4.00000  3.1062963E-03  2.0774509E-03  3.2404717E-03
  -3.00000  6.9854744E-03  9.3372409E-02  3.3674697E-03
  -2.00000  2.0056232E-03  2.1278802E-03  2.4305460E-03
  -1.00000  5.2858126E-04  7.3909373E-04  3.5253694E-04
   0.00000  8.3153382E-04  1.5824264E-03  9.2458418E-04
   1.00000  5.9570438E-04  5.9475995E-04  5.3402806E-04
   2.00000  5.2926828E-04  6.4411433E-04  4.3641744E-04
   3.00000  7.3715487E-04  9.2646284E-04  5.5590792E-04
   4.00000  1.1585604E-03  1.5058770E-03  8.5462543E-04
   5.00000  1.8747613E-03  2.6842271E-03  1.6176769E-03
   5.20000  2.0557671E-03  3.0473716E-03  1.8880859E-03
   5.40000  2.2479430E-03  3.4716566E-03  2.2281767E-03
   5.60000  2.4507032E-03  3.9686237E-03  2.6635250E-03
   5.80000  2.6652162E-03  4.5510522E-03  3.2290772E-03
   6.00000  2.8969459E-03  5.2332699E-03  3.9677313E-03
   6.20000  3.1584141E-03  6.0312514E-03  4.9204287E-03
   6.40000  3.4745348E-03  6.9631950E-03  6.0933773E-03
   6.60000  3.8879333E-03  8.0624500E-03  7.4176745E-03
   6.80000  4.4447742E-03  9.3883710E-03  8.7347878E-03
   7.00000  5.1336151E-03  1.0985465E-02  9.8419080E-03
   7.20000  5.7900728E-03  1.2696090E-02  1.0440662E-02
   7.40000  6.2664776E-03  1.4198947E-02  1.0283769E-02
   7.60000  6.5541033E-03  1.5249570E-02  9.5671580E-03
   7.80000  6.7377506E-03  1.5898241E-02  8.6868100E-03
   8.00000  6.9063287E-03  1.6473090E-02  7.9211671E-03
   8.20000  7.1257811E-03  1.7222691E-02  7.3777593E-03
   8.40000  7.4368661E-03  1.8307174E-02  7.0603797E-03
   8.60000  7.8589406E-03  1.9835738E-02  6.9514163E-03
   8.80000  8.4038790E-03  2.1879229E-02  7.0381945E-03
   9.00000  9.0914035E-03  2.4390089E-02  7.3166343E-03
   9.20000  9.9561911E-03  2.7061224E-02  7.7882342E-03
   9.40000  1.1046340E-02  2.9274150E-02  8.4607013E-03
   9.60000  1.2406149E-02  3.0316875E-02  9.3505886E-03
   9.80000  1.4056026E-02  2.9874161E-02  1.0485185E-02
   10.0000  1.5993300E-02  2.8283446E-02  1.1899113E-02
   10.2500  1.8815509E-02  2.5766026E-02  1.4118532E-02
   10.5000  2.2105215E-02  2.3754887E-02  1.6912679E-02
   10.7500  2.6132432E-02  2.3859152E-02  2.0487418E-02
   11.0000  3.0404507E-02  2.3725724E-02  2.4700233E-02
   11.2500  3.4914548E-02  2.4787489E-02  2.9699151E-02
   11.5000  3.9214435E-02  2.7064679E-02  3.5145359E-02
   11.7500  4.2662380E-02  3.0436790E-02  4.0739481E-02
   12.0000  4.4702461E-02  3.4949074E-02  4.6145544E-02
   12.2500  4.4804736E-02  4.0269396E-02  5.0072252E-02
   12.5000  4.3407039E-02  4.6070027E-02  5.2204024E-02
   12.7500  4.1276682E-02  5.1758765E-02  5.2652498E-02
   13.0000  3.9136575E-02  5.6608685E-02  5.1878376E-02
   13.2500  3.7403469E-02  5.9926144E-02  5.0364269E-02
   13.5000  3.6347741E-02  6.0983661E-02  4.8947624E-02
   13.7500  3.5981343E-02  6.0197523E-02  4.6702755E-02
   14.0000  3.5609474E-02  5.7889889E-02  4.4413310E-02
   14.2500  3.5491001E-02  5.4716478E-02  4.2269653E-02
   14.5000  3.5552108E-02  5.1161194E-02  4.0349133E-02
   14.7500  3.5742730E-02  4.7586552E-02  3.8693503E-02
   15.0000  3.6029119E-02  4.4222333E-02  3.7314956E-02
   15.2500  3.6385038E-02  4.1189817E-02  3.6208087E-02
   15.5000  3.6777687E-02  3.8531814E-02  3.5350258E-02
   15.7500  3.7181698E-02  3.6247176E-02  3.4721407E-02
   16.0000  3.7569428E-02  3.4309568E-02  3.4298625E-02
   16.2500  3.7914304E-02  3.2682336E-02  3.4058459E-02
   16.5000  3.8191588E-02  3.1327146E-02  3.3978053E-02
   16.7500  3.8381029E-02  3.0207279E-02  3.4035089E-02
   17.0000  3.8468250E-02  2.9290362E-02  3.4207017E-02
   17.2500  3.8448394E-02  2.8548655E-02  3.4471559E-02
   17.5000  3.8325970E-02  2.7958488E-02  3.4806403E-02
   17.7500  3.8116800E-02  2.7499514E-02  3.5192353E-02
   18.0000  3.7844727E-02  2.7154924E-02  3.5615364E-02
   18.2500  3.7538488E-02  2.6910246E-02  3.6065084E-02
   18.5000  3.7227624E-02  2.6753480E-02  3.6537154E-02
   18.7500  3.6940818E-02  2.6674803E-02  3.7032652E-02
   19.0000  3.6698943E-02  2.6665940E-02  3.7550779E-02
   19.2500  3.6523334E-02  2.6721124E-02  3.8093434E-02
   19.5000  3.6429055E-02  2.6835486E-02  3.8659400E-02
   19.7500  3.6426043E-02  2.7005074E-02  3.9244454E-02
   20.0000  3.6520651E-02  2.7228273E-02  3.9839955E-02
   21.0000  3.7802319E-02  2.8632713E-02  4.1947044E-02
   22.0000  3.9616083E-02  3.0837651E-02  4.2349882E-02
   23.0000  4.0350830E-02  3.3653867E-02  4.0378171E-02
   24.0000  4.0066490E-02  3.6511413E-02  3.7770389E-02
   25.0000  3.9616997E-02  3.8608835E-02  3.6046882E-02
   26.0000  3.8552808E-02  3.9116430E-02  3.4831300E-02
   27.0000  3.7895391E-02  3.8436009E-02  3.4154055E-02
   28.0000  3.7222302E-02  3.6770458E-02  3.3431407E-02
   29.0000  3.6604548E-02  3.4710311E-02  3.2650434E-02
   30.0000  3.5860670E-02  3.2705346E-02  3.1848233E-02
   31.0000  3.4763502E-02  3.1008695E-02  3.1035524E-02
   32.0000  3.3270666E-02  2.9698606E-02  3.0225791E-02
   33.0000  3.1498803E-02  2.8738754E-02  2.9418973E-02
   34.0000  2.9605506E-02  2.8050837E-02  2.8620013E-02
   35.0000  2.7715728E-02  2.7544864E-02  2.7836589E-02
   36.0000  2.5906387E-02  2.7123918E-02  2.7070005E-02
   37.0000  2.4223391E-02  2.6696223E-02  2.6310428E-02
   38.0000  2.2691240E-02  2.6170872E-02  2.5518314E-02
   39.0000  2.1341000E-02  2.5476407E-02  2.4637487E-02
   40.0000  2.0213988E-02  2.4580246E-02  2.3617290E-02
