  7709.000   27  1  1  1.9222038E-02 -4.6347304E+00 -3.8322719E-01  1  1  7.5662634E+03  8.0000000E+03  0.0000000E+00  1.1792254E+00  1.0000000E+00  0.0000000E+00  = E_edge, Z, n_edge, j_edge, Abs_before_edge, VO_interstitial, E_cut, ninit, ninit1, Epsii, UnitCell_Volume, Surface_ref, f0_forward, natomsym_f, abs_u_iso
    Energy   (100,001)      (010,001)      (001,110)   
  -25.0000  3.8889678E-09  1.3846246E-09  8.1082448E-10
  -24.0000  9.8847803E-09  3.4207338E-09  1.8767656E-09
  -23.0000  2.9037426E-08  9.8324579E-09  4.9439244E-09
  -22.0000  1.0866331E-07  3.6774446E-08  1.6192630E-08
  -21.0000  6.8637694E-07  2.5790255E-07  8.6054536E-08
  -20.0000  7.7200503E-05  9.1771643E-05  8.1975804E-06
  -19.0000  4.6546337E-05  7.6540004E-04  2.3914539E-03
  -18.0000  2.1365604E-06  8.0979115E-07  9.1622333E-07
  -17.0000  2.2973526E-06  6.4640492E-07  5.8059725E-07
  -16.0000  4.4532026E-06  9.8335952E-07  1.0845557E-06
  -15.0000  1.8595178E-04  1.7712555E-03  8.4361346E-04
  -14.0000  8.8096940E-06  1.0266344E-05  6.8311747E-06
  -13.0000  1.2134729E-06  1.6767289E-06  3.1367963E-06
  -12.0000  5.3129284E-06  5.9581719E-06  1.8683477E-05
  -11.0000  1.7807009E-05  1.5704313E-05  3.2670235E-05
  -10.0000  1.6416123E-04  6.3876759E-05  1.3952477E-05
  -9.00000  3.0044754E-03  3.2754249E-04  9.1773851E-05
  -8.00000  1.3565751E-04  5.8327314E-05  1.2229756E-05
  -7.00000  1.6669858E-03  1.2369809E-03  1.8796822E-04
  -6.00000  6.9555516E-04  3.1003247E-04  1.7780465E-03
  -5.00000  2.8510388E-01  2.5592232E-02  8.3979778E-01
  -4.00000  2.4643764E-03  3.1419729E-03  2.6378348E-03
  -3.00000  2.8217620E-03  2.0318384E-02  1.3344013E-02
  -2.00000  8.5049800E-04  1.0816949E-03  8.2280126E-04
  -1.00000  4.5288391E-04  6.2906190E-04  2.5422159E-04
   0.00000  2.1277940E-03  4.2542842E-03  2.6368508E-03
   1.00000  7.1987529E-04  7.9894931E-04  8.9469724E-04
   2.00000  6.0296098E-04  7.2300152E-04  6.0219906E-04
   3.00000  7.9310481E-04  9.8001472E-04  7.0658445E-04
   4.00000  1.1869984E-03  1.4838477E-03  1.0343769E-03
   5.00000  1.8539243E-03  2.4496977E-03  1.8890500E-03
   5.20000  2.0264346E-03  2.7466277E-03  2.1917172E-03
   5.40000  2.2132405E-03  3.0958110E-03  2.5706107E-03
   5.60000  2.4151500E-03  3.5089209E-03  3.0524737E-03
   5.80000  2.6342406E-03  3.9994857E-03  3.6730750E-03
   6.00000  2.8754587E-03  4.5867610E-03  4.4815399E-03
   6.20000  3.1503553E-03  5.2980469E-03  5.5376621E-03
   6.40000  3.4873803E-03  6.1736648E-03  6.8970584E-03
   6.60000  3.9416376E-03  7.2580769E-03  8.5518283E-03
   6.80000  4.5617804E-03  8.5586351E-03  1.0271638E-02
   7.00000  5.2772672E-03  9.9505116E-03  1.1406218E-02
   7.20000  5.9157138E-03  1.1199328E-02  1.1349358E-02
   7.40000  6.3808412E-03  1.2113468E-02  1.0349131E-02
   7.60000  6.6841850E-03  1.2641934E-02  9.0891528E-03
   7.80000  6.8863218E-03  1.2943776E-02  8.0297651E-03
   8.00000  7.0990130E-03  1.3288312E-02  7.3053749E-03
   8.20000  7.4082579E-03  1.3907428E-02  6.9130140E-03
   8.40000  7.8607368E-03  1.4941056E-02  6.8119498E-03
   8.60000  8.4800732E-03  1.6473937E-02  6.9668291E-03
   8.80000  9.2908341E-03  1.8556948E-02  7.3602014E-03
   9.00000  1.0331141E-02  2.1152626E-02  7.9915479E-03
   9.20000  1.1644636E-02  2.3998800E-02  8.8706025E-03
   9.40000  1.3284380E-02  2.6512057E-02  1.0006590E-02
   9.60000  1.5118705E-02  2.7957864E-02  1.1409890E-02
   9.80000  1.7095270E-02  2.8059018E-02  1.3100309E-02
   10.0000  1.9174972E-02  2.7255608E-02  1.5111881E-02
   10.2500  2.1998719E-02  2.6113132E-02  1.8141776E-02
   10.5000  2.5229339E-02  2.5774009E-02  2.1806439E-02
   10.7500  2.9240817E-02  2.7208915E-02  2.6208960E-02
   11.0000  3.3225121E-02  2.8790439E-02  3.1136484E-02
   11.2500  3.7184782E-02  3.1407035E-02  3.6537441E-02
   11.5000  4.0529672E-02  3.4855309E-02  4.1997551E-02
   11.7500  4.2641986E-02  3.8964153E-02  4.6814350E-02
   12.0000  4.3304056E-02  4.3605123E-02  4.9453522E-02
   12.2500  4.2591869E-02  4.8664442E-02  5.1161604E-02
   12.5000  4.1165537E-02  5.3825428E-02  5.1319112E-02
   12.7500  3.9608074E-02  5.8554258E-02  5.0417812E-02
   13.0000  3.8264169E-02  6.2165921E-02  4.8941943E-02
   13.2500  3.7248676E-02  6.4042279E-02  4.7204860E-02
   13.5000  3.6623542E-02  6.3972602E-02  4.5467241E-02
   13.7500  3.6309003E-02  6.1659038E-02  4.3406299E-02
   14.0000  3.6077020E-02  5.8517023E-02  4.1448125E-02
   14.2500  3.5990534E-02  5.4712038E-02  3.9628660E-02
   14.5000  3.6021549E-02  5.0738861E-02  3.8010729E-02
   14.7500  3.6149965E-02  4.6938689E-02  3.6634073E-02
   15.0000  3.6358350E-02  4.3501077E-02  3.5515600E-02
   15.2500  3.6630067E-02  4.0503551E-02  3.4652734E-02
   15.5000  3.6949224E-02  3.7957864E-02  3.4032229E-02
   15.7500  3.7287360E-02  3.5833070E-02  3.3626312E-02
   16.0000  3.7627865E-02  3.4085516E-02  3.3411057E-02
   16.2500  3.7949565E-02  3.2666072E-02  3.3359548E-02
   16.5000  3.8234046E-02  3.1527244E-02  3.3446186E-02
   16.7500  3.8465570E-02  3.0625806E-02  3.3644128E-02
   17.0000  3.8633596E-02  2.9923552E-02  3.3928148E-02
   17.2500  3.8734656E-02  2.9388263E-02  3.4275285E-02
   17.5000  3.8773748E-02  2.8991283E-02  3.4667788E-02
   17.7500  3.8762700E-02  2.8708380E-02  3.5091619E-02
   18.0000  3.8719293E-02  2.8518510E-02  3.5539669E-02
   18.2500  3.8665768E-02  2.8404115E-02  3.6010413E-02
   18.5000  3.8623060E-02  2.8349063E-02  3.6504569E-02
   18.7500  3.8610840E-02  2.8341171E-02  3.7025287E-02
   19.0000  3.8646437E-02  2.8371239E-02  3.7577298E-02
   19.2500  3.8740391E-02  2.8430687E-02  3.8156381E-02
   19.5000  3.8902956E-02  2.8513779E-02  3.8758249E-02
   19.7500  3.9139103E-02  2.8616972E-02  3.9372758E-02
   20.0000  3.9448764E-02  2.8738244E-02  3.9981629E-02
   21.0000  4.1175979E-02  2.9420520E-02  4.1822052E-02
   22.0000  4.2333969E-02  3.0529652E-02  4.1351827E-02
   23.0000  4.1654221E-02  3.2073310E-02  3.8576659E-02
   24.0000  4.0047411E-02  3.3737311E-02  3.5657050E-02
   25.0000  3.8447732E-02  3.5049190E-02  3.3819466E-02
   26.0000  3.6739630E-02  3.5402672E-02  3.2663654E-02
   27.0000  3.5846553E-02  3.4936300E-02  3.2154323E-02
   28.0000  3.5265850E-02  3.3579756E-02  3.1731770E-02
   29.0000  3.4694217E-02  3.1793419E-02  3.1278700E-02
   30.0000  3.3776886E-02  3.0076334E-02  3.0780945E-02
   31.0000  3.2377702E-02  2.8731963E-02  3.0240676E-02
   32.0000  3.0605345E-02  2.7816041E-02  2.9674752E-02
   33.0000  2.8650599E-02  2.7249378E-02  2.9104134E-02
   34.0000  2.6683826E-02  2.6933223E-02  2.8554723E-02
   35.0000  2.4834996E-02  2.6768100E-02  2.8041300E-02
   36.0000  2.3197950E-02  2.6653982E-02  2.7569868E-02
   37.0000  2.1846217E-02  2.6484325E-02  2.7111174E-02
   38.0000  2.0852786E-02  2.6161351E-02  2.6604163E-02
   39.0000  2.0280847E-02  2.5622753E-02  2.5968977E-02
   40.0000  2.0138962E-02  2.4861844E-02  2.5144039E-02
