  7709.000   27  1  1  1.9222038E-02 -4.6913661E+00 -3.4120933E-01  1  1  7.5660764E+03  8.0000000E+03  0.0000000E+00  1.1792254E+00  1.0000000E+00  0.0000000E+00  = E_edge, Z, n_edge, j_edge, Abs_before_edge, VO_interstitial, E_cut, ninit, ninit1, Epsii, UnitCell_Volume, Surface_ref, f0_forward, natomsym_f, abs_u_iso
    Energy   (100,001)      (010,001)      (001,110)   
  -25.0000  4.3470148E-09  1.4431778E-09  7.2660843E-10
  -24.0000  1.1749180E-08  3.7690076E-09  1.7421856E-09
  -23.0000  3.8660065E-08  1.2043577E-08  4.9713097E-09
  -22.0000  1.8920994E-07  5.8471828E-08  2.0479904E-08
  -21.0000  5.2478734E-06  1.8489345E-06  4.9396194E-07
  -20.0000  1.8702035E-05  2.3239490E-06  2.2452064E-06
  -19.0000  1.8905960E-06  6.1409776E-06  1.5109410E-05
  -18.0000  1.1402733E-06  4.9023863E-07  3.5168744E-07
  -17.0000  1.5364710E-06  5.2697246E-07  2.6692286E-07
  -16.0000  5.0448867E-06  1.3141233E-06  6.4740985E-07
  -15.0000  5.1455814E-06  7.4469690E-06  3.0005948E-06
  -14.0000  4.2747061E-06  5.0724775E-06  6.3952809E-06
  -13.0000  1.6100923E-06  1.4504423E-06  1.9349110E-06
  -12.0000  5.2877185E-06  4.1519361E-06  1.0796322E-05
  -11.0000  1.9304489E-05  1.0086316E-05  1.1416564E-05
  -10.0000  1.0970145E-03  1.4785744E-03  2.7512424E-05
  -9.00000  5.8948422E-04  2.0912202E-05  4.2682188E-05
  -8.00000  4.6390050E-05  2.1251056E-05  9.7063869E-06
  -7.00000  5.8028168E-04  2.0914200E-04  9.3893792E-05
  -6.00000  2.4742891E-04  1.5646414E-04  1.6718515E-04
  -5.00000  1.3820059E-03  2.8819663E-04  1.1282167E-03
  -4.00000  9.2025255E-03  2.1174653E-03  1.9486842E-02
  -3.00000  7.9785157E-03  1.9850677E-02  3.4452106E-03
  -2.00000  1.9600698E-03  1.0379767E-03  1.7059387E-03
  -1.00000  4.9225246E-04  6.6781302E-04  2.8277648E-04
   0.00000  6.7029512E-03  1.3182490E-03  3.7925394E-03
   1.00000  4.7520140E-04  6.1068486E-04  5.8633902E-04
   2.00000  4.8667032E-04  5.9183559E-04  4.6012097E-04
   3.00000  6.5618146E-04  7.8651853E-04  5.4146781E-04
   4.00000  1.0209689E-03  1.1680073E-03  7.6307518E-04
   5.00000  1.7094581E-03  1.8499671E-03  1.2658666E-03
   5.20000  1.8983446E-03  2.0483234E-03  1.4223999E-03
   5.40000  2.1060912E-03  2.2757721E-03  1.6037053E-03
   5.60000  2.3330895E-03  2.5371572E-03  1.8132277E-03
   5.80000  2.5790781E-03  2.8387491E-03  2.0557789E-03
   6.00000  2.8436196E-03  3.1863851E-03  2.3362048E-03
   6.20000  3.1263634E-03  3.5878546E-03  2.6613387E-03
   6.40000  3.4275515E-03  4.0535998E-03  3.0403941E-03
   6.60000  3.7498007E-03  4.5970412E-03  3.4847013E-03
   6.80000  4.1027272E-03  5.2374343E-03  4.0081315E-03
   7.00000  4.5154806E-03  6.0073070E-03  4.6252901E-03
   7.20000  5.0405588E-03  6.9533124E-03  5.3528797E-03
   7.40000  5.7321745E-03  8.1222889E-03  6.2141174E-03
   7.60000  6.6130066E-03  9.5759201E-03  7.2493982E-03
   7.80000  7.6607406E-03  1.1387902E-02  8.5195265E-03
   8.00000  8.8592451E-03  1.3625304E-02  1.0093880E-02
   8.20000  1.0202809E-02  1.6229305E-02  1.2066229E-02
   8.40000  1.1676021E-02  1.8913390E-02  1.4456034E-02
   8.60000  1.3243310E-02  2.0992902E-02  1.7286866E-02
   8.80000  1.4901392E-02  2.1771010E-02  2.0462232E-02
   9.00000  1.6660756E-02  2.2241468E-02  2.3773891E-02
   9.20000  1.8559273E-02  2.1430224E-02  2.6979840E-02
   9.40000  2.0641270E-02  2.0942734E-02  2.9774574E-02
   9.60000  2.3004305E-02  2.1322205E-02  3.1747645E-02
   9.80000  2.5777852E-02  2.2575575E-02  3.2770378E-02
   10.0000  2.9082871E-02  2.4544889E-02  3.3309448E-02
   10.2500  3.4050321E-02  2.7881362E-02  3.4474367E-02
   10.5000  3.9889777E-02  3.2111808E-02  3.7133656E-02
   10.7500  4.6334374E-02  3.7093262E-02  4.1507862E-02
   11.0000  5.2845064E-02  4.2586036E-02  4.7227390E-02
   11.2500  5.8565748E-02  4.8321787E-02  5.3568817E-02
   11.5000  6.2412285E-02  5.4080402E-02  5.9530642E-02
   11.7500  6.3497090E-02  5.9681203E-02  6.3895763E-02
   12.0000  6.1692272E-02  6.4803751E-02  6.5587115E-02
   12.2500  5.8018276E-02  6.9231745E-02  6.3940422E-02
   12.5000  5.3438202E-02  7.0982045E-02  5.9875235E-02
   12.7500  4.8809977E-02  6.9707611E-02  5.5377893E-02
   13.0000  4.4621695E-02  6.6330958E-02  5.0802680E-02
   13.2500  4.1230999E-02  6.1462240E-02  4.6606247E-02
   13.5000  3.8647928E-02  5.6060010E-02  4.2996342E-02
   13.7500  3.6789689E-02  5.0795480E-02  3.9988059E-02
   14.0000  3.5357830E-02  4.5620937E-02  3.7386633E-02
   14.2500  3.4586115E-02  4.2160959E-02  3.4969279E-02
   14.5000  3.4237834E-02  3.8819972E-02  3.3376352E-02
   14.7500  3.4203560E-02  3.6030698E-02  3.2160105E-02
   15.0000  3.4393840E-02  3.3732583E-02  3.1264910E-02
   15.2500  3.4726063E-02  3.1862215E-02  3.0644128E-02
   15.5000  3.5130326E-02  3.0360449E-02  3.0261382E-02
   15.7500  3.5539678E-02  2.9169993E-02  3.0080857E-02
   16.0000  3.5907812E-02  2.8243422E-02  3.0077865E-02
   16.2500  3.6196775E-02  2.7539518E-02  3.0230140E-02
   16.5000  3.6381295E-02  2.7022861E-02  3.0516000E-02
   16.7500  3.6449720E-02  2.6662866E-02  3.0913108E-02
   17.0000  3.6403297E-02  2.6432129E-02  3.1397244E-02
   17.2500  3.6254999E-02  2.6306724E-02  3.1942708E-02
   17.5000  3.6028661E-02  2.6264215E-02  3.2524670E-02
   17.7500  3.5754964E-02  2.6284155E-02  3.3119513E-02
   18.0000  3.5465627E-02  2.6348461E-02  3.3709653E-02
   18.2500  3.5188563E-02  2.6442600E-02  3.4282604E-02
   18.5000  3.4944114E-02  2.6555091E-02  3.4831251E-02
   18.7500  3.4743617E-02  2.6678409E-02  3.5349235E-02
   19.0000  3.4590884E-02  2.6809736E-02  3.5832509E-02
   19.2500  3.4483558E-02  2.6949393E-02  3.6270768E-02
   19.5000  3.4416117E-02  2.7102400E-02  3.6654646E-02
   19.7500  3.4380366E-02  2.7274571E-02  3.6969274E-02
   20.0000  3.4365903E-02  2.7472994E-02  3.7196550E-02
   21.0000  3.4301879E-02  2.8663867E-02  3.6906691E-02
   22.0000  3.3928609E-02  3.0671913E-02  3.4914672E-02
   23.0000  3.2985191E-02  3.3067336E-02  3.2736639E-02
   24.0000  3.2543651E-02  3.5716848E-02  3.2008703E-02
   25.0000  3.1917753E-02  3.7351184E-02  3.1981851E-02
   26.0000  3.1337506E-02  3.7259630E-02  3.2025814E-02
   27.0000  3.1134192E-02  3.5572563E-02  3.1813196E-02
   28.0000  3.1281991E-02  3.3188337E-02  3.1256799E-02
   29.0000  3.1578125E-02  3.1010875E-02  3.0455853E-02
   30.0000  3.1743571E-02  2.9456041E-02  2.9542685E-02
   31.0000  3.1524334E-02  2.8514134E-02  2.8581922E-02
   32.0000  3.0820018E-02  2.8010607E-02  2.7605808E-02
   33.0000  2.9665868E-02  2.7758133E-02  2.6637301E-02
   34.0000  2.8182395E-02  2.7628757E-02  2.5726337E-02
   35.0000  2.6527748E-02  2.7518674E-02  2.4917718E-02
   36.0000  2.4861959E-02  2.7324718E-02  2.4228668E-02
   37.0000  2.3305338E-02  2.6943934E-02  2.3631127E-02
   38.0000  2.1942082E-02  2.6310369E-02  2.3073567E-02
   39.0000  2.0824617E-02  2.5422828E-02  2.2530608E-02
   40.0000  1.9977159E-02  2.4336941E-02  2.2027952E-02
