  7709.000   27  1  1  1.9222038E-02 -4.5801321E+00 -2.7139285E-01  1  1  7.5663177E+03  8.0000000E+03  0.0000000E+00  1.1792254E+00  1.0000000E+00  0.0000000E+00  = E_edge, Z, n_edge, j_edge, Abs_before_edge, VO_interstitial, E_cut, ninit, ninit1, Epsii, UnitCell_Volume, Surface_ref, f0_forward, natomsym_f, abs_u_iso
    Energy   (100,001)      (010,001)      (001,110)   
  -25.0000  4.4660716E-09  1.3069942E-09  7.2530121E-10
  -24.0000  1.1625394E-08  3.3022798E-09  1.6847412E-09
  -23.0000  3.5492682E-08  9.8700462E-09  4.4653752E-09
  -22.0000  1.4336543E-07  4.0057569E-08  1.4879287E-08
  -21.0000  1.1576271E-06  3.7211771E-07  8.7824127E-08
  -20.0000  2.7540412E-01  1.1787773E-02  1.7909017E-02
  -19.0000  3.8453040E-06  8.8963807E-06  1.8879007E-05
  -18.0000  2.0015799E-06  7.5330254E-07  7.3147375E-07
  -17.0000  2.4195912E-06  6.6658304E-07  4.3860434E-07
  -16.0000  5.9171283E-06  1.3476679E-06  7.1434350E-07
  -15.0000  7.4082692E-04  8.1981142E-06  9.0074110E-05
  -14.0000  1.8235587E-04  1.6287475E-04  2.9772231E-04
  -13.0000  1.3841473E-06  2.4352205E-06  3.3437462E-06
  -12.0000  1.1782772E-05  3.5554341E-05  7.2321218E-05
  -11.0000  1.9348395E-05  1.2158841E-05  2.2234972E-05
  -10.0000  3.1831654E-04  8.0996658E-05  2.3375253E-05
  -9.00000  8.6502551E-04  1.1475650E-04  1.4753208E-05
  -8.00000  1.0287243E-04  2.0549190E-05  9.7011415E-06
  -7.00000  5.1692771E-03  8.9095487E-04  7.6283521E-04
  -6.00000  4.9263419E-04  2.4288989E-04  1.7554137E-04
  -5.00000  8.9757453E-03  1.0917535E-03  1.7176213E-03
  -4.00000  2.0712650E-03  9.0219286E-04  1.2466565E-03
  -3.00000  1.3522226E-02  4.5997164E-03  1.2602400E-02
  -2.00000  1.7560772E-03  2.4195775E-03  2.2364708E-03
  -1.00000  6.5398522E-04  8.5872973E-04  5.9885253E-04
   0.00000  6.0075548E-03  7.8988585E-03  7.6419823E-03
   1.00000  3.8102114E-04  5.2422753E-04  3.0343740E-04
   2.00000  3.9089822E-04  5.8320617E-04  3.2992410E-04
   3.00000  5.5716728E-04  8.1639328E-04  4.7082131E-04
   4.00000  8.8609249E-04  1.2811870E-03  7.7271899E-04
   5.00000  1.4617140E-03  2.3518911E-03  1.4848821E-03
   5.20000  1.6072587E-03  2.7357502E-03  1.7259934E-03
   5.40000  1.7593606E-03  3.2228343E-03  2.0208572E-03
   5.60000  1.9167645E-03  3.8518310E-03  2.3861794E-03
   5.80000  2.0835578E-03  4.6786661E-03  2.8462816E-03
   6.00000  2.2823205E-03  5.7794725E-03  3.4379950E-03
   6.20000  2.5806541E-03  7.2335721E-03  4.2187267E-03
   6.40000  3.0910994E-03  9.0941495E-03  5.2829187E-03
   6.60000  3.8515785E-03  1.1349721E-02  6.7650483E-03
   6.80000  4.7008158E-03  1.3915803E-02  8.8174799E-03
   7.00000  5.4418175E-03  1.6766458E-02  1.1523346E-02
   7.20000  6.0792120E-03  2.0056723E-02  1.4628242E-02
   7.40000  6.7387285E-03  2.3816612E-02  1.7224029E-02
   7.60000  7.5153924E-03  2.7920765E-02  1.8204256E-02
   7.80000  8.5087427E-03  3.2009079E-02  1.7407166E-02
   8.00000  9.7921552E-03  3.5874275E-02  1.5731939E-02
   8.20000  1.1353695E-02  3.9060349E-02  1.4032864E-02
   8.40000  1.2906419E-02  3.9804367E-02  1.2649331E-02
   8.60000  1.3875196E-02  3.6042849E-02  1.1654815E-02
   8.80000  1.4043366E-02  2.8992667E-02  1.1132723E-02
   9.00000  1.3868135E-02  2.2129977E-02  1.1173271E-02
   9.20000  1.3869742E-02  1.7208107E-02  1.1817077E-02
   9.40000  1.4320686E-02  1.4176045E-02  1.3097314E-02
   9.60000  1.5338660E-02  1.2516272E-02  1.5073784E-02
   9.80000  1.6993584E-02  1.1815126E-02  1.7846313E-02
   10.0000  1.9346353E-02  1.1822790E-02  2.1544905E-02
   10.2500  2.3346870E-02  1.2635429E-02  2.7676214E-02
   10.5000  2.8733857E-02  1.4171920E-02  3.5749848E-02
   10.7500  3.4720898E-02  1.6511727E-02  4.5178254E-02
   11.0000  4.0459947E-02  1.9765821E-02  5.4865103E-02
   11.2500  4.4472404E-02  2.4064627E-02  6.2679697E-02
   11.5000  4.5845286E-02  2.9612945E-02  6.6749128E-02
   11.7500  4.5012708E-02  3.6648591E-02  6.6845346E-02
   12.0000  4.3517463E-02  4.5525921E-02  6.3729350E-02
   12.2500  4.1734004E-02  5.5145081E-02  5.9555237E-02
   12.5000  4.0199936E-02  6.3749299E-02  5.5380372E-02
   12.7500  3.9168317E-02  6.9126467E-02  5.1326990E-02
   13.0000  3.8598982E-02  6.9874169E-02  4.7685497E-02
   13.2500  3.8395354E-02  6.6525775E-02  4.4539903E-02
   13.5000  3.8446175E-02  6.0847220E-02  4.1839640E-02
   13.7500  3.8655197E-02  5.4531642E-02  3.9500687E-02
   14.0000  3.9309357E-02  4.8871840E-02  3.6853565E-02
   14.2500  3.9551551E-02  4.3982978E-02  3.5014935E-02
   14.5000  3.9836472E-02  3.9910811E-02  3.3474394E-02
   14.7500  4.0157548E-02  3.6587542E-02  3.2218185E-02
   15.0000  4.0506905E-02  3.3904089E-02  3.1231928E-02
   15.2500  4.0874532E-02  3.1750955E-02  3.0500271E-02
   15.5000  4.1248543E-02  3.0036372E-02  3.0008891E-02
   15.7500  4.1607679E-02  2.8682376E-02  2.9740007E-02
   16.0000  4.1929854E-02  2.7631444E-02  2.9678655E-02
   16.2500  4.2187300E-02  2.6839554E-02  2.9806341E-02
   16.5000  4.2353520E-02  2.6273004E-02  3.0101068E-02
   16.7500  4.2410967E-02  2.5905510E-02  3.0536703E-02
   17.0000  4.2355769E-02  2.5715994E-02  3.1084246E-02
   17.2500  4.2197874E-02  2.5684537E-02  3.1712849E-02
   17.5000  4.1958113E-02  2.5791428E-02  3.2390535E-02
   17.7500  4.1661829E-02  2.6016641E-02  3.3088349E-02
   18.0000  4.1334506E-02  2.6340801E-02  3.3781544E-02
   18.2500  4.0993556E-02  2.6741827E-02  3.4447503E-02
   18.5000  4.0651336E-02  2.7198353E-02  3.5067403E-02
   18.7500  4.0315484E-02  2.7691961E-02  3.5625330E-02
   19.0000  3.9991633E-02  2.8208010E-02  3.6107598E-02
   19.2500  3.9680652E-02  2.8735650E-02  3.6498166E-02
   19.5000  3.9383452E-02  2.9271733E-02  3.6784743E-02
   19.7500  3.9099901E-02  2.9816997E-02  3.6955649E-02
   20.0000  3.8827588E-02  3.0374669E-02  3.7002144E-02
   21.0000  3.7774977E-02  3.2811342E-02  3.6004219E-02
   22.0000  3.6696697E-02  3.5483250E-02  3.4211357E-02
   23.0000  3.5710909E-02  3.7717889E-02  3.3246474E-02
   24.0000  3.4950523E-02  3.8661424E-02  3.3277253E-02
   25.0000  3.4632276E-02  3.8078481E-02  3.3731044E-02
   26.0000  3.4638753E-02  3.6441269E-02  3.3928215E-02
   27.0000  3.5023651E-02  3.4615317E-02  3.3773248E-02
   28.0000  3.5139690E-02  3.2947340E-02  3.3116787E-02
   29.0000  3.4611912E-02  3.1577708E-02  3.2143658E-02
   30.0000  3.3356467E-02  3.0454592E-02  3.1049962E-02
   31.0000  3.1599270E-02  2.9488308E-02  2.9950035E-02
   32.0000  2.9666961E-02  2.8622666E-02  2.8894448E-02
   33.0000  2.7790742E-02  2.7812542E-02  2.7902987E-02
   34.0000  2.6075119E-02  2.7040182E-02  2.6988976E-02
   35.0000  2.4520802E-02  2.6287078E-02  2.6143926E-02
   36.0000  2.3076510E-02  2.5535673E-02  2.5331775E-02
   37.0000  2.1692840E-02  2.4759909E-02  2.4493795E-02
   38.0000  2.0377429E-02  2.3919923E-02  2.3557328E-02
   39.0000  1.9190927E-02  2.2983058E-02  2.2463563E-02
   40.0000  1.8208672E-02  2.1957882E-02  2.1214526E-02
