  7709.000   27  1  1  1.9222038E-02 -4.6824569E+00 -3.1030303E-01  1  1  7.5662091E+03  8.0000000E+03  0.0000000E+00  1.1792254E+00  1.0000000E+00  0.0000000E+00  = E_edge, Z, n_edge, j_edge, Abs_before_edge, VO_interstitial, E_cut, ninit, ninit1, Epsii, UnitCell_Volume, Surface_ref, f0_forward, natomsym_f, abs_u_iso
    Energy   (100,001)      (010,001)      (001,110)   
  -25.0000  5.5003840E-09  1.3141171E-09  9.1620191E-10
  -24.0000  1.4553510E-08  3.3074045E-09  2.2077182E-09
  -23.0000  4.5570790E-08  9.8946156E-09  6.1972674E-09
  -22.0000  1.9329460E-07  4.1144097E-08  2.2892426E-08
  -21.0000  1.8649310E-06  4.7408879E-07  1.7019317E-07
  -20.0000  3.5348143E-04  1.5415851E-06  6.2841016E-05
  -19.0000  5.8668709E-06  2.5293435E-05  6.7239942E-05
  -18.0000  2.2048680E-06  9.3654968E-07  8.6951692E-07
  -17.0000  2.8686037E-06  6.8566725E-07  5.3912339E-07
  -16.0000  7.8739754E-06  1.1452750E-06  1.0279887E-06
  -15.0000  1.5070692E-04  2.8453304E-05  6.4451240E-05
  -14.0000  7.8188280E-05  7.8612186E-05  1.3114806E-04
  -13.0000  1.3617227E-06  2.6884481E-06  4.4775477E-06
  -12.0000  1.6608839E-05  6.3637718E-05  1.1556601E-04
  -11.0000  2.2056066E-05  1.4015095E-05  3.3729121E-05
  -10.0000  3.9898775E-04  1.0994987E-04  5.5126247E-05
  -9.00000  1.0725675E-03  3.1803121E-04  1.4918358E-05
  -8.00000  1.4184019E-04  4.8883105E-05  8.4334555E-06
  -7.00000  1.6041806E-03  9.2707953E-04  4.4520861E-04
  -6.00000  1.2607118E-03  3.7297709E-04  2.6214177E-04
  -5.00000  3.7923620E-03  3.9083050E-03  9.3224161E-02
  -4.00000  2.6023629E-03  1.1164626E-03  2.0117063E-03
  -3.00000  3.0095788E-03  3.7340313E-03  2.0868542E-03
  -2.00000  1.1930773E-03  3.2133333E-03  2.4065770E-03
  -1.00000  6.2893293E-04  8.5088025E-04  5.9718136E-04
   0.00000  1.5353661E-03  3.3282396E-03  1.7720497E-03
   1.00000  1.3900267E-03  6.0051005E-04  6.6203632E-04
   2.00000  4.5394682E-04  5.9299124E-04  3.6311575E-04
   3.00000  5.7132216E-04  8.2065730E-04  4.9097277E-04
   4.00000  8.5219427E-04  1.2728479E-03  7.9301120E-04
   5.00000  1.3202644E-03  2.2184842E-03  1.5256294E-03
   5.20000  1.4319067E-03  2.5272042E-03  1.7646110E-03
   5.40000  1.5430487E-03  2.9068445E-03  2.0507226E-03
   5.60000  1.6514258E-03  3.3772649E-03  2.3941719E-03
   5.80000  1.7570963E-03  3.9727659E-03  2.8112292E-03
   6.00000  1.8707721E-03  4.7452471E-03  3.3250342E-03
   6.20000  2.0323371E-03  5.7621400E-03  3.9677783E-03
   6.40000  2.3278465E-03  7.0866219E-03  4.7860262E-03
   6.60000  2.8245431E-03  8.7231922E-03  5.8506537E-03
   6.80000  3.4150521E-03  1.0625651E-02  7.2675623E-03
   7.00000  3.9156994E-03  1.2799090E-02  9.1415360E-03
   7.20000  4.3138247E-03  1.5322898E-02  1.1490227E-02
   7.40000  4.6874249E-03  1.8097253E-02  1.4118030E-02
   7.60000  5.0988317E-03  2.0717167E-02  1.6470614E-02
   7.80000  5.5651876E-03  2.2605977E-02  1.7768289E-02
   8.00000  6.0631264E-03  2.3438813E-02  1.7490934E-02
   8.20000  6.5846683E-03  2.3494289E-02  1.6014320E-02
   8.40000  7.1815093E-03  2.3709989E-02  1.4274181E-02
   8.60000  7.9379904E-03  2.4859538E-02  1.3062146E-02
   8.80000  8.9136983E-03  2.7189733E-02  1.2709674E-02
   9.00000  1.0093540E-02  3.0335248E-02  1.3259984E-02
   9.20000  1.1316737E-02  3.3074804E-02  1.4512531E-02
   9.40000  1.2294370E-02  3.3574462E-02  1.5954787E-02
   9.60000  1.2892878E-02  3.1069575E-02  1.7053168E-02
   9.80000  1.3354383E-02  2.6921188E-02  1.7781329E-02
   10.0000  1.4045844E-02  2.3004060E-02  1.8526636E-02
   10.2500  1.5555506E-02  1.9771857E-02  2.0004249E-02
   10.5000  1.7896176E-02  1.8520324E-02  2.2374566E-02
   10.7500  2.1037923E-02  1.8924629E-02  2.5721084E-02
   11.0000  2.4804511E-02  2.0685897E-02  2.9993662E-02
   11.2500  2.8799876E-02  2.3617915E-02  3.4971575E-02
   11.5000  3.2388303E-02  2.7626084E-02  4.0186193E-02
   11.7500  3.4859476E-02  3.2782707E-02  4.4731700E-02
   12.0000  3.5930402E-02  3.9127727E-02  4.8120458E-02
   12.2500  3.5338522E-02  4.6259341E-02  4.9485670E-02
   12.5000  3.3610320E-02  5.3580040E-02  4.9126184E-02
   12.7500  3.1712984E-02  6.0406042E-02  4.7597875E-02
   13.0000  3.0219182E-02  6.5427623E-02  4.5572461E-02
   13.2500  2.9351949E-02  6.7478917E-02  4.3515643E-02
   13.5000  2.9073999E-02  6.6253390E-02  4.1631439E-02
   13.7500  2.9521007E-02  6.1974952E-02  3.9921137E-02
   14.0000  3.0615115E-02  5.7566015E-02  3.8772983E-02
   14.2500  3.1302627E-02  5.2230557E-02  3.7167799E-02
   14.5000  3.2043205E-02  4.7221483E-02  3.5649532E-02
   14.7500  3.2795238E-02  4.2825746E-02  3.4240494E-02
   15.0000  3.3542635E-02  3.9112746E-02  3.2968214E-02
   15.2500  3.4282031E-02  3.6045559E-02  3.1855138E-02
   15.5000  3.5019364E-02  3.3548337E-02  3.0918514E-02
   15.7500  3.5757148E-02  3.1535380E-02  3.0161905E-02
   16.0000  3.6495144E-02  2.9931719E-02  2.9585691E-02
   16.2500  3.7225721E-02  2.8673135E-02  2.9185335E-02
   16.5000  3.7929969E-02  2.7708605E-02  2.8950796E-02
   16.7500  3.8581148E-02  2.6996086E-02  2.8869163E-02
   17.0000  3.9149066E-02  2.6502015E-02  2.8924900E-02
   17.2500  3.9605662E-02  2.6199055E-02  2.9099634E-02
   17.5000  3.9934851E-02  2.6063081E-02  2.9375071E-02
   17.7500  4.0138101E-02  2.6073154E-02  2.9735718E-02
   18.0000  4.0235349E-02  2.6208321E-02  3.0168479E-02
   18.2500  4.0259563E-02  2.6447530E-02  3.0663881E-02
   18.5000  4.0248788E-02  2.6769435E-02  3.1215554E-02
   18.7500  4.0239174E-02  2.7150358E-02  3.1818884E-02
   19.0000  4.0262280E-02  2.7567976E-02  3.2471093E-02
   19.2500  4.0336203E-02  2.8000512E-02  3.3164718E-02
   19.5000  4.0474706E-02  2.8430548E-02  3.3893893E-02
   19.7500  4.0681456E-02  2.8844963E-02  3.4648523E-02
   20.0000  4.0953406E-02  2.9236073E-02  3.5413867E-02
   21.0000  4.2379965E-02  3.0623305E-02  3.8103676E-02
   22.0000  4.3055447E-02  3.2168329E-02  3.8788002E-02
   23.0000  4.2079117E-02  3.4149043E-02  3.7353399E-02
   24.0000  4.0436964E-02  3.6052217E-02  3.5922168E-02
   25.0000  3.9077334E-02  3.7069433E-02  3.5436451E-02
   26.0000  3.8351208E-02  3.6768097E-02  3.5537246E-02
   27.0000  3.8191289E-02  3.5444592E-02  3.5669915E-02
   28.0000  3.8231005E-02  3.3801171E-02  3.5477853E-02
   29.0000  3.7820800E-02  3.2269876E-02  3.4719291E-02
   30.0000  3.7131655E-02  3.1153791E-02  3.3881715E-02
   31.0000  3.5834421E-02  3.0307166E-02  3.2930577E-02
   32.0000  3.4097329E-02  2.9631524E-02  3.1979704E-02
   33.0000  3.2161608E-02  2.9051548E-02  3.1066431E-02
   34.0000  3.0213167E-02  2.8531985E-02  3.0196995E-02
   35.0000  2.8348825E-02  2.8050576E-02  2.9352788E-02
   36.0000  2.6596062E-02  2.7588768E-02  2.8503745E-02
   37.0000  2.4961057E-02  2.7120658E-02  2.7626307E-02
   38.0000  2.3472671E-02  2.6597420E-02  2.6707823E-02
   39.0000  2.2194041E-02  2.5945473E-02  2.5757430E-02
   40.0000  2.1186337E-02  2.5104893E-02  2.4791332E-02
