  7709.000   27  1  1  1.9222038E-02 -4.5209244E+00 -3.0079437E-01  1  1  7.5662673E+03  8.0000000E+03  0.0000000E+00  1.1792254E+00  1.0000000E+00  0.0000000E+00  = E_edge, Z, n_edge, j_edge, Abs_before_edge, VO_interstitial, E_cut, ninit, ninit1, Epsii, UnitCell_Volume, Surface_ref, f0_forward, natomsym_f, abs_u_iso
    Energy   (100,001)      (010,001)      (001,110)   
  -25.0000  4.5110551E-09  1.3180072E-09  9.0248182E-10
  -24.0000  1.1749938E-08  3.2698280E-09  2.1511197E-09
  -23.0000  3.5906903E-08  9.5095525E-09  5.9465231E-09
  -22.0000  1.4490107E-07  3.6866345E-08  2.1408715E-08
  -21.0000  1.1300722E-06  3.0805128E-07  1.4986402E-07
  -20.0000  7.4772300E-04  9.9863832E-06  1.1052594E-04
  -19.0000  8.0446036E-06  1.5439554E-03  1.7670621E-03
  -18.0000  1.9807873E-06  7.7475181E-07  7.2238986E-07
  -17.0000  2.4811232E-06  6.2833032E-07  6.0250034E-07
  -16.0000  6.3991990E-06  1.0227739E-06  1.9087225E-06
  -15.0000  1.3458377E-02  5.3543345E-04  2.5350666E-04
  -14.0000  5.0283468E-06  8.2346450E-06  6.5490610E-06
  -13.0000  1.2263674E-06  2.1823479E-06  4.1798592E-06
  -12.0000  2.3138361E-05  2.4304542E-05  1.0318325E-04
  -11.0000  1.8422263E-05  7.9302639E-06  1.6106884E-05
  -10.0000  1.8426947E-04  5.4359311E-05  2.4690188E-05
  -9.00000  1.2222491E-03  1.8576304E-04  1.5931169E-05
  -8.00000  7.1464269E-05  2.4600871E-05  1.6892156E-05
  -7.00000  8.6896935E-04  2.0383100E-04  1.2433759E-04
  -6.00000  3.8490476E-04  2.0418024E-04  1.9807587E-04
  -5.00000  8.3910490E-03  1.7297006E-03  7.4971203E-03
  -4.00000  4.7305191E-03  2.7017136E-03  4.0340866E-03
  -3.00000  2.9318064E-03  9.6788389E-03  1.8476664E-03
  -2.00000  8.0128580E-04  1.1659229E-03  7.9818430E-04
  -1.00000  4.7807167E-04  7.2902980E-04  2.8451276E-04
   0.00000  1.3755845E-03  1.0627765E-02  4.5837816E-03
   1.00000  7.8657618E-04  7.1454988E-04  6.6241657E-04
   2.00000  5.1204718E-04  6.4756625E-04  5.0507079E-04
   3.00000  6.5616581E-04  8.7469236E-04  6.1235343E-04
   4.00000  9.7909785E-04  1.3209556E-03  8.9986281E-04
   5.00000  1.5451921E-03  2.1306585E-03  1.5761006E-03
   5.20000  1.6869403E-03  2.3743848E-03  1.7958131E-03
   5.40000  1.8325540E-03  2.6604462E-03  2.0572665E-03
   5.60000  1.9778060E-03  3.0015786E-03  2.3702216E-03
   5.80000  2.1215420E-03  3.4200656E-03  2.7489264E-03
   6.00000  2.2769863E-03  3.9543900E-03  3.2150115E-03
   6.20000  2.4915038E-03  4.6600915E-03  3.8021431E-03
   6.40000  2.8297899E-03  5.5862958E-03  4.5659456E-03
   6.60000  3.2758147E-03  6.7278964E-03  5.5922263E-03
   6.80000  3.7388636E-03  8.0468347E-03  7.0009121E-03
   7.00000  4.1791554E-03  9.5499526E-03  8.9625714E-03
   7.20000  4.6257351E-03  1.1316440E-02  1.1709775E-02
   7.40000  5.1079697E-03  1.3348842E-02  1.5389942E-02
   7.60000  5.6401203E-03  1.5564302E-02  1.9776497E-02
   7.80000  6.2340025E-03  1.7581693E-02  2.3239802E-02
   8.00000  6.8683777E-03  1.8820933E-02  2.3518499E-02
   8.20000  7.5221858E-03  1.9030023E-02  2.0845711E-02
   8.40000  8.2225544E-03  1.8740649E-02  1.7654657E-02
   8.60000  9.0552633E-03  1.8815636E-02  1.5503873E-02
   8.80000  1.0140792E-02  1.9736641E-02  1.4732992E-02
   9.00000  1.1580737E-02  2.1489234E-02  1.5206089E-02
   9.20000  1.3440298E-02  2.3398944E-02  1.6622473E-02
   9.40000  1.5526681E-02  2.4758091E-02  1.8333229E-02
   9.60000  1.7555222E-02  2.5476442E-02  1.9741537E-02
   9.80000  1.9495886E-02  2.6356617E-02  2.0867591E-02
   10.0000  2.1589975E-02  2.8106302E-02  2.2133398E-02
   10.2500  2.4794019E-02  3.1689841E-02  2.4380654E-02
   10.5000  2.8884204E-02  3.6450700E-02  2.7539319E-02
   10.7500  3.3854010E-02  4.1812267E-02  3.1538597E-02
   11.0000  3.9335988E-02  4.7127303E-02  3.6090949E-02
   11.2500  4.4612346E-02  5.2001279E-02  4.0739079E-02
   11.5000  4.8129620E-02  5.5700789E-02  4.4373014E-02
   11.7500  4.9339077E-02  5.8726874E-02  4.6966384E-02
   12.0000  4.8422264E-02  6.1435646E-02  4.8563676E-02
   12.2500  4.6201595E-02  6.4180734E-02  4.8905412E-02
   12.5000  4.3223002E-02  6.5489182E-02  4.9305344E-02
   12.7500  4.0530034E-02  6.4835504E-02  4.9233751E-02
   13.0000  3.8427897E-02  6.2035446E-02  4.8510095E-02
   13.2500  3.6907131E-02  5.7691304E-02  4.7059681E-02
   13.5000  3.5828439E-02  5.2703345E-02  4.5022415E-02
   13.7500  3.5035229E-02  4.7756969E-02  4.2625503E-02
   14.0000  3.4622928E-02  4.3660380E-02  3.9996890E-02
   14.2500  3.4249903E-02  4.0081480E-02  3.7750433E-02
   14.5000  3.3985435E-02  3.6922126E-02  3.5663236E-02
   14.7500  3.3870755E-02  3.4291684E-02  3.3907011E-02
   15.0000  3.3891328E-02  3.2126719E-02  3.2475742E-02
   15.2500  3.4024455E-02  3.0364079E-02  3.1343832E-02
   15.5000  3.4243941E-02  2.8946135E-02  3.0480747E-02
   15.7500  3.4514437E-02  2.7819840E-02  2.9851579E-02
   16.0000  3.4804442E-02  2.6943181E-02  2.9427330E-02
   16.2500  3.5081630E-02  2.6278576E-02  2.9180752E-02
   16.5000  3.5314448E-02  2.5792603E-02  2.9085273E-02
   16.7500  3.5477897E-02  2.5454593E-02  2.9114987E-02
   17.0000  3.5559733E-02  2.5236790E-02  2.9245277E-02
   17.2500  3.5563958E-02  2.5113842E-02  2.9454054E-02
   17.5000  3.5513363E-02  2.5064086E-02  2.9724416E-02
   17.7500  3.5443921E-02  2.5069980E-02  3.0045478E-02
   18.0000  3.5398541E-02  2.5116858E-02  3.0412082E-02
   18.2500  3.5418001E-02  2.5193105E-02  3.0825434E-02
   18.5000  3.5535099E-02  2.5291323E-02  3.1291604E-02
   18.7500  3.5771326E-02  2.5406829E-02  3.1817399E-02
   19.0000  3.6135832E-02  2.5537567E-02  3.2409944E-02
   19.2500  3.6625272E-02  2.5682560E-02  3.3068400E-02
   19.5000  3.7228922E-02  2.5842532E-02  3.3791711E-02
   19.7500  3.7927829E-02  2.6020186E-02  3.4571910E-02
   20.0000  3.8696632E-02  2.6219441E-02  3.5394023E-02
   21.0000  4.1718591E-02  2.7357264E-02  3.8554919E-02
   22.0000  4.2607258E-02  2.9343399E-02  3.9788209E-02
   23.0000  4.0866771E-02  3.2185438E-02  3.8373839E-02
   24.0000  3.8654947E-02  3.5168018E-02  3.6306305E-02
   25.0000  3.7018488E-02  3.7195255E-02  3.4971280E-02
   26.0000  3.5905201E-02  3.7574036E-02  3.4268104E-02
   27.0000  3.4978615E-02  3.6426930E-02  3.3603336E-02
   28.0000  3.4508449E-02  3.4645120E-02  3.3127675E-02
   29.0000  3.3990833E-02  3.2733587E-02  3.2624489E-02
   30.0000  3.3172581E-02  3.1081332E-02  3.2084677E-02
   31.0000  3.1999250E-02  2.9845171E-02  3.1474044E-02
   32.0000  3.0598901E-02  2.8997386E-02  3.0773948E-02
   33.0000  2.9124928E-02  2.8432262E-02  3.0007900E-02
   34.0000  2.7691180E-02  2.8058331E-02  2.9228535E-02
   35.0000  2.6379168E-02  2.7793028E-02  2.8478836E-02
   36.0000  2.5239216E-02  2.7551944E-02  2.7770958E-02
   37.0000  2.4289002E-02  2.7242576E-02  2.7061018E-02
   38.0000  2.3517725E-02  2.6782601E-02  2.6263674E-02
   39.0000  2.2909241E-02  2.6127988E-02  2.5305387E-02
   40.0000  2.2423791E-02  2.5279271E-02  2.4161221E-02
