  7709.000   27  1  1  1.9222038E-02 -4.6996225E+00 -3.6293649E-01  1  1  7.5662953E+03  8.0000000E+03  0.0000000E+00  1.1792254E+00  1.0000000E+00  0.0000000E+00  = E_edge, Z, n_edge, j_edge, Abs_before_edge, VO_interstitial, E_cut, ninit, ninit1, Epsii, UnitCell_Volume, Surface_ref, f0_forward, natomsym_f, abs_u_iso
    Energy   (100,001)      (010,001)      (001,110)   
  -25.0000  4.3063932E-09  1.2913769E-09  7.7789812E-10
  -24.0000  1.1106733E-08  3.2055072E-09  1.7931728E-09
  -23.0000  3.3450964E-08  9.3426264E-09  4.7053441E-09
  -22.0000  1.3161458E-07  3.6349985E-08  1.5419178E-08
  -21.0000  9.6216071E-07  2.9956116E-07  8.5746652E-08
  -20.0000  9.8790593E-02  4.8282295E-04  6.9360188E-03
  -19.0000  5.2037169E-03  6.9680469E-03  2.8270500E-02
  -18.0000  2.0291315E-06  5.3836179E-07  7.7712816E-07
  -17.0000  2.3718198E-06  4.4982591E-07  5.3696188E-07
  -16.0000  5.4661998E-06  6.9953572E-07  1.0610319E-06
  -15.0000  4.3701494E-04  2.3123601E-04  1.4764725E-04
  -14.0000  4.6544753E-06  6.2578728E-06  5.1810103E-06
  -13.0000  1.3086883E-06  1.6531084E-06  3.2818794E-06
  -12.0000  7.8012631E-06  1.0675299E-05  4.3610325E-05
  -11.0000  1.7405828E-05  9.8797117E-06  1.5001379E-05
  -10.0000  2.0810178E-04  5.6065576E-05  2.0059698E-05
  -9.00000  9.9268774E-04  5.4113485E-04  3.6320331E-05
  -8.00000  8.0375217E-05  2.7047420E-05  9.6003343E-06
  -7.00000  1.6976271E-03  2.4092079E-04  3.5190472E-04
  -6.00000  5.6496495E-04  2.5610730E-04  2.2294206E-04
  -5.00000  1.4420006E-03  7.5268179E-04  9.8693316E-04
  -4.00000  2.5005468E-03  3.4721216E-03  3.3095820E-03
  -3.00000  1.8450145E-03  1.1699776E-02  8.2436213E-03
  -2.00000  6.5769171E-04  8.7846530E-04  6.5526123E-04
  -1.00000  3.8102374E-04  5.9211722E-04  2.2530853E-04
   0.00000  8.6786402E-04  1.3790287E-03  9.3488402E-04
   1.00000  7.4563545E-04  8.3325994E-04  1.0386072E-03
   2.00000  5.3071050E-04  6.7539674E-04  5.9889976E-04
   3.00000  6.5814423E-04  9.0963612E-04  6.6148688E-04
   4.00000  9.5657705E-04  1.3568979E-03  9.0787472E-04
   5.00000  1.4942209E-03  2.1050762E-03  1.5418418E-03
   5.20000  1.6331517E-03  2.3238337E-03  1.7574339E-03
   5.40000  1.7799094E-03  2.5783823E-03  2.0171453E-03
   5.60000  1.9327160E-03  2.8780288E-03  2.3308693E-03
   5.80000  2.0911770E-03  3.2372725E-03  2.7129280E-03
   6.00000  2.2595536E-03  3.6800257E-03  3.1843244E-03
   6.20000  2.4545066E-03  4.2467493E-03  3.7749894E-03
   6.40000  2.7149104E-03  4.9983377E-03  4.5267947E-03
   6.60000  3.0901097E-03  5.9843637E-03  5.4881117E-03
   6.80000  3.5916614E-03  7.2118993E-03  6.7153279E-03
   7.00000  4.1721934E-03  8.6691498E-03  8.2739386E-03
   7.20000  4.7863662E-03  1.0344110E-02  1.0203965E-02
   7.40000  5.4012631E-03  1.2109884E-02  1.2364070E-02
   7.60000  5.9937194E-03  1.3741976E-02  1.4239293E-02
   7.80000  6.5340004E-03  1.4993969E-02  1.5065506E-02
   8.00000  7.0191218E-03  1.5800156E-02  1.4535012E-02
   8.20000  7.4636869E-03  1.6335466E-02  1.3136842E-02
   8.40000  7.9328950E-03  1.6857795E-02  1.1647587E-02
   8.60000  8.4848045E-03  1.7552774E-02  1.0543770E-02
   8.80000  9.1688838E-03  1.8535087E-02  9.9912592E-03
   9.00000  1.0034577E-02  1.9878534E-02  9.9998888E-03
   9.20000  1.1133767E-02  2.1568701E-02  1.0533284E-02
   9.40000  1.2498139E-02  2.3446553E-02  1.1552844E-02
   9.60000  1.4110032E-02  2.5342400E-02  1.3029977E-02
   9.80000  1.5997459E-02  2.7398943E-02  1.4935112E-02
   10.0000  1.8062000E-02  3.0024792E-02  1.7332704E-02
   10.2500  2.1528507E-02  3.4601128E-02  2.1181514E-02
   10.5000  2.5347990E-02  3.9781084E-02  2.5840023E-02
   10.7500  2.9942730E-02  4.5534876E-02  3.1496907E-02
   11.0000  3.5242576E-02  5.1230315E-02  3.8210634E-02
   11.2500  4.0879766E-02  5.6311810E-02  4.5870473E-02
   11.5000  4.6124664E-02  6.0449493E-02  5.3901620E-02
   11.7500  5.0017564E-02  6.3621420E-02  6.0987090E-02
   12.0000  5.1668221E-02  6.5853431E-02  6.4856812E-02
   12.2500  5.1516383E-02  6.7214735E-02  6.5866927E-02
   12.5000  5.0068992E-02  6.7347857E-02  6.3915602E-02
   12.7500  4.8029164E-02  6.5903612E-02  6.0245566E-02
   13.0000  4.5848125E-02  6.2903973E-02  5.5912072E-02
   13.2500  4.3759443E-02  5.8795491E-02  5.1516079E-02
   13.5000  4.1873744E-02  5.4184453E-02  4.7357364E-02
   13.7500  4.0162736E-02  4.9540490E-02  4.3245921E-02
   14.0000  3.8933803E-02  4.5464445E-02  3.9799273E-02
   14.2500  3.7801476E-02  4.1799673E-02  3.6995894E-02
   14.5000  3.6946506E-02  3.8590198E-02  3.4670683E-02
   14.7500  3.6349004E-02  3.5822479E-02  3.2781421E-02
   15.0000  3.5979620E-02  3.3463074E-02  3.1278844E-02
   15.2500  3.5805154E-02  3.1471286E-02  3.0113548E-02
   15.5000  3.5792122E-02  2.9808819E-02  2.9241763E-02
   15.7500  3.5899356E-02  2.8433408E-02  2.8618797E-02
   16.0000  3.6092628E-02  2.7312497E-02  2.8212276E-02
   16.2500  3.6335545E-02  2.6415416E-02  2.7991362E-02
   16.5000  3.6593056E-02  2.5715488E-02  2.7928844E-02
   16.7500  3.6830422E-02  2.5189804E-02  2.7998893E-02
   17.0000  3.7016726E-02  2.4817694E-02  2.8178073E-02
   17.2500  3.7131933E-02  2.4580955E-02  2.8444133E-02
   17.5000  3.7169042E-02  2.4462935E-02  2.8777181E-02
   17.7500  3.7136228E-02  2.4448231E-02  2.9162804E-02
   18.0000  3.7055085E-02  2.4521464E-02  2.9590944E-02
   18.2500  3.6955178E-02  2.4668052E-02  3.0057257E-02
   18.5000  3.6868988E-02  2.4873672E-02  3.0562096E-02
   18.7500  3.6826030E-02  2.5124543E-02  3.1108803E-02
   19.0000  3.6850121E-02  2.5406945E-02  3.1703850E-02
   19.2500  3.6955984E-02  2.5707666E-02  3.2348917E-02
   19.5000  3.7152344E-02  2.6016262E-02  3.3047397E-02
   19.7500  3.7441566E-02  2.6324161E-02  3.3798228E-02
   20.0000  3.7820667E-02  2.6625059E-02  3.4594931E-02
   21.0000  3.9934929E-02  2.7755614E-02  3.7879910E-02
   22.0000  4.1461154E-02  2.9055541E-02  3.9738676E-02
   23.0000  4.0676755E-02  3.0934242E-02  3.8730230E-02
   24.0000  3.8714110E-02  3.3304360E-02  3.6438577E-02
   25.0000  3.6490111E-02  3.5264158E-02  3.4396320E-02
   26.0000  3.5251977E-02  3.6435051E-02  3.3505907E-02
   27.0000  3.4338932E-02  3.6001006E-02  3.2974415E-02
   28.0000  3.3698156E-02  3.4275884E-02  3.2403247E-02
   29.0000  3.3184052E-02  3.2093810E-02  3.1688089E-02
   30.0000  3.2489368E-02  3.0134670E-02  3.0900489E-02
   31.0000  3.1363402E-02  2.8699318E-02  3.0107681E-02
   32.0000  2.9814887E-02  2.7808912E-02  2.9346011E-02
   33.0000  2.8015688E-02  2.7337915E-02  2.8619479E-02
   34.0000  2.6155233E-02  2.7148650E-02  2.7948322E-02
   35.0000  2.4392324E-02  2.7117525E-02  2.7359727E-02
   36.0000  2.2857666E-02  2.7132118E-02  2.6875713E-02
   37.0000  2.1650956E-02  2.7071414E-02  2.6487084E-02
   38.0000  2.0841168E-02  2.6825480E-02  2.6129844E-02
   39.0000  2.0446234E-02  2.6327065E-02  2.5706210E-02
   40.0000  2.0412260E-02  2.5589016E-02  2.5137557E-02
