  7709.000   27  1  1  1.9222038E-02 -4.5266042E+00 -3.0135612E-01  1  1  7.5664793E+03  8.0000000E+03  0.0000000E+00  1.1792254E+00  1.0000000E+00  0.0000000E+00  = E_edge, Z, n_edge, j_edge, Abs_before_edge, VO_interstitial, E_cut, ninit, ninit1, Epsii, UnitCell_Volume, Surface_ref, f0_forward, natomsym_f, abs_u_iso
    Energy   (100,001)      (010,001)      (001,110)   
  -25.0000  3.5045528E-09  1.2003711E-09  7.1160133E-10
  -24.0000  8.8660634E-09  2.9471050E-09  1.6166992E-09
  -23.0000  2.5975287E-08  8.4312489E-09  4.1412464E-09
  -22.0000  9.7681894E-08  3.1556490E-08  1.2940122E-08
  -21.0000  6.4557624E-07  2.2767629E-07  6.2805601E-08
  -20.0000  9.1977714E-05  2.7159122E-05  5.2326148E-06
  -19.0000  1.0520328E-05  4.4273568E-05  6.3891063E-05
  -18.0000  1.6771113E-06  6.5174599E-07  6.1223434E-07
  -17.0000  1.7457903E-06  5.6710005E-07  4.0292654E-07
  -16.0000  3.3527112E-06  1.0067228E-06  7.1376129E-07
  -15.0000  3.7749346E-03  1.3554083E-02  1.1093745E-02
  -14.0000  4.6404932E-06  8.5881833E-06  6.3968491E-06
  -13.0000  1.3335519E-06  1.8625678E-06  2.4257988E-06
  -12.0000  4.4495440E-06  5.3917499E-06  1.2044791E-05
  -11.0000  2.2476124E-05  1.7356382E-05  2.5688270E-05
  -10.0000  1.6635083E-04  4.4698083E-05  1.5501439E-05
  -9.00000  9.6286994E-04  2.8304114E-04  1.5244241E-05
  -8.00000  8.5146569E-05  3.0788143E-05  1.2664523E-05
  -7.00000  4.8615374E-03  3.3777813E-04  8.7299630E-04
  -6.00000  4.0410577E-04  4.5518466E-04  1.3522441E-03
  -5.00000  1.1604912E-02  4.3386869E-04  4.6461644E-02
  -4.00000  2.4746218E-03  1.9442636E-03  2.0940080E-03
  -3.00000  9.6599125E-03  7.6130638E-02  3.6466320E-03
  -2.00000  1.0791860E-03  1.5165144E-03  9.9006632E-04
  -1.00000  4.8218597E-04  7.7794663E-04  3.1180101E-04
   0.00000  6.1243806E-03  1.5563076E-02  1.1111565E-02
   1.00000  4.7770703E-04  6.7244033E-04  4.6024455E-04
   2.00000  5.0611261E-04  6.5564652E-04  4.4992911E-04
   3.00000  7.1008349E-04  9.1071943E-04  6.0228439E-04
   4.00000  1.1193129E-03  1.4218909E-03  9.7731467E-04
   5.00000  1.8636351E-03  2.4333916E-03  1.9539860E-03
   5.20000  2.0605704E-03  2.7467626E-03  2.3054098E-03
   5.40000  2.2741407E-03  3.1155676E-03  2.7496584E-03
   5.60000  2.5077924E-03  3.5538001E-03  3.3218530E-03
   5.80000  2.7728610E-03  4.0845283E-03  4.0755197E-03
   6.00000  3.0964726E-03  4.7450182E-03  5.0886261E-03
   6.20000  3.5126540E-03  5.5919734E-03  6.4630169E-03
   6.40000  4.0113028E-03  6.6818028E-03  8.2978359E-03
   6.60000  4.5364793E-03  8.0504772E-03  1.0644046E-02
   6.80000  5.0737076E-03  9.7069548E-03  1.3309990E-02
   7.00000  5.6265382E-03  1.1578941E-02  1.5359141E-02
   7.20000  6.1807990E-03  1.3465357E-02  1.5543310E-02
   7.40000  6.7089740E-03  1.4938444E-02  1.3984324E-02
   7.60000  7.2288949E-03  1.5679111E-02  1.2066674E-02
   7.80000  7.7967333E-03  1.5875464E-02  1.0649757E-02
   8.00000  8.5014069E-03  1.6147312E-02  9.8967848E-03
   8.20000  9.4523045E-03  1.7000981E-02  9.7631350E-03
   8.40000  1.0780254E-02  1.8596450E-02  1.0200843E-02
   8.60000  1.2582412E-02  2.0800881E-02  1.1125913E-02
   8.80000  1.4812157E-02  2.3093675E-02  1.2335269E-02
   9.00000  1.7149604E-02  2.4587807E-02  1.3482314E-02
   9.20000  1.9236359E-02  2.4880350E-02  1.4386252E-02
   9.40000  2.1090294E-02  2.4597012E-02  1.5263491E-02
   9.60000  2.3016525E-02  2.4571356E-02  1.6446276E-02
   9.80000  2.5275681E-02  2.5181994E-02  1.8122726E-02
   10.0000  2.7990680E-02  2.6447504E-02  2.0345172E-02
   10.2500  3.2048291E-02  2.8762460E-02  2.3865604E-02
   10.5000  3.6710186E-02  3.1597348E-02  2.8114234E-02
   10.7500  4.1630126E-02  3.4630865E-02  3.2915010E-02
   11.0000  4.6179470E-02  3.7613815E-02  3.7996022E-02
   11.2500  4.9718289E-02  4.0332433E-02  4.3152369E-02
   11.5000  5.0803400E-02  4.3164660E-02  4.7411859E-02
   11.7500  5.0184186E-02  4.6782901E-02  5.0431032E-02
   12.0000  4.7717424E-02  5.0172351E-02  5.2769528E-02
   12.2500  4.4850065E-02  5.3600434E-02  5.4075769E-02
   12.5000  4.2265460E-02  5.6464548E-02  5.4409570E-02
   12.7500  4.0221129E-02  5.8071724E-02  5.3813063E-02
   13.0000  3.8706238E-02  5.8004404E-02  5.2377740E-02
   13.2500  3.7610489E-02  5.6323875E-02  5.0308750E-02
   13.5000  3.6940837E-02  5.3002561E-02  4.7710205E-02
   13.7500  3.6369291E-02  4.9769706E-02  4.5199756E-02
   14.0000  3.5893111E-02  4.6329980E-02  4.2795081E-02
   14.2500  3.5550862E-02  4.3016611E-02  4.0656408E-02
   14.5000  3.5319926E-02  3.9998113E-02  3.8838626E-02
   14.7500  3.5181397E-02  3.7348979E-02  3.7348921E-02
   15.0000  3.5115247E-02  3.5084013E-02  3.6169504E-02
   15.2500  3.5100026E-02  3.3184271E-02  3.5270475E-02
   15.5000  3.5118136E-02  3.1614946E-02  3.4621177E-02
   15.7500  3.5138636E-02  3.0330573E-02  3.4187632E-02
   16.0000  3.5145043E-02  2.9287597E-02  3.3945067E-02
   16.2500  3.5119979E-02  2.8444832E-02  3.3868304E-02
   16.5000  3.5050063E-02  2.7764563E-02  3.3932810E-02
   16.7500  3.4933127E-02  2.7215178E-02  3.4113818E-02
   17.0000  3.4779530E-02  2.6772024E-02  3.4385940E-02
   17.2500  3.4612889E-02  2.6418040E-02  3.4724872E-02
   17.5000  3.4467200E-02  2.6141349E-02  3.5109238E-02
   17.7500  3.4377308E-02  2.5934479E-02  3.5521137E-02
   18.0000  3.4373774E-02  2.5793352E-02  3.5947962E-02
   18.2500  3.4479599E-02  2.5716531E-02  3.6381987E-02
   18.5000  3.4706982E-02  2.5704441E-02  3.6819251E-02
   18.7500  3.5057255E-02  2.5757714E-02  3.7256285E-02
   19.0000  3.5525362E-02  2.5877688E-02  3.7691465E-02
   19.2500  3.6097109E-02  2.6064552E-02  3.8114930E-02
   19.5000  3.6756457E-02  2.6319027E-02  3.8517619E-02
   19.7500  3.7482015E-02  2.6641089E-02  3.8886029E-02
   20.0000  3.8247132E-02  2.7030083E-02  3.9203458E-02
   21.0000  4.0994516E-02  2.9209204E-02  3.9587923E-02
   22.0000  4.1545977E-02  3.2210256E-02  3.8138921E-02
   23.0000  3.9782672E-02  3.5497897E-02  3.5849799E-02
   24.0000  3.7557246E-02  3.8148574E-02  3.4103843E-02
   25.0000  3.5768638E-02  3.9304509E-02  3.3065118E-02
   26.0000  3.4524190E-02  3.8707996E-02  3.2334905E-02
   27.0000  3.3658843E-02  3.6722508E-02  3.1532245E-02
   28.0000  3.3309284E-02  3.4301456E-02  3.0898383E-02
   29.0000  3.2918226E-02  3.2047265E-02  3.0295228E-02
   30.0000  3.2189998E-02  3.0316865E-02  2.9646012E-02
   31.0000  3.1080065E-02  2.9128666E-02  2.8873136E-02
   32.0000  2.9723802E-02  2.8366950E-02  2.7973406E-02
   33.0000  2.8272178E-02  2.7898010E-02  2.7018495E-02
   34.0000  2.6836549E-02  2.7619046E-02  2.6110316E-02
   35.0000  2.5473738E-02  2.7427050E-02  2.5322975E-02
   36.0000  2.4194944E-02  2.7208267E-02  2.4667679E-02
   37.0000  2.2988396E-02  2.6858647E-02  2.4084093E-02
   38.0000  2.1854698E-02  2.6319303E-02  2.3477885E-02
   39.0000  2.0832117E-02  2.5583530E-02  2.2768471E-02
   40.0000  1.9964328E-02  2.4670411E-02  2.1921576E-02
