  7709.000   27  1  1  1.9222038E-02 -5.0925016E+00 -3.6972803E-01  1  1  7.5666663E+03  8.0000000E+03  0.0000000E+00  1.1792254E+00  1.0000000E+00  0.0000000E+00  = E_edge, Z, n_edge, j_edge, Abs_before_edge, VO_interstitial, E_cut, ninit, ninit1, Epsii, UnitCell_Volume, Surface_ref, f0_forward, natomsym_f, abs_u_iso
    Energy   (100,001)      (010,001)      (001,110)   
  -25.0000  1.4720892E-08  4.1740563E-10  1.3929945E-09
  -24.0000  5.3089596E-08  8.4167738E-10  4.5971384E-09
  -23.0000  3.6868678E-07  2.4654668E-09  3.3760294E-08
  -22.0000  4.0223286E-05  1.6982853E-07  5.7884805E-06
  -21.0000  9.0697379E-07  1.1825192E-08  2.9003975E-07
  -20.0000  4.5703713E-06  4.2518234E-08  1.5159968E-06
  -19.0000  1.6747588E-05  1.1890926E-07  4.4533511E-06
  -18.0000  6.9519604E-06  3.6369391E-06  3.8121635E-04
  -17.0000  5.7240194E-06  2.9250799E-07  1.4894774E-06
  -16.0000  1.9234732E-04  1.7347177E-06  6.6875276E-05
  -15.0000  2.3878566E-05  5.2271888E-03  6.9899336E-05
  -14.0000  6.1799139E-07  1.3886287E-05  1.8057401E-06
  -13.0000  3.5561537E-06  4.0951494E-06  4.6524273E-06
  -12.0000  2.3639296E-05  2.7678702E-06  1.9399275E-04
  -11.0000  1.2274198E-04  4.5635048E-05  1.1875668E-04
  -10.0000  1.4273189E-03  6.5257252E-05  2.4897547E-04
  -9.00000  1.2726764E-02  1.0463857E-04  3.1247067E-04
  -8.00000  1.7300169E-03  9.2642612E-04  4.0786681E-04
  -7.00000  1.6872853E-02  2.9402919E-03  5.0320417E-02
  -6.00000  1.7934542E-03  1.0157603E-04  1.5856949E-03
  -5.00000  1.5578409E-03  6.4796928E-04  7.3733142E-04
  -4.00000  7.7514079E-04  6.6356476E-03  1.2422931E-02
  -3.00000  6.1282671E-02  3.7056087E-02  2.3081420E-02
  -2.00000  1.2236924E-03  6.9725609E-03  2.7532455E-03
  -1.00000  4.6187046E-04  1.6111740E-03  2.6725582E-04
   0.00000  2.7276885E-02  4.2828931E-03  1.9043491E-02
   1.00000  7.1206324E-04  1.1161130E-03  4.3705130E-04
   2.00000  7.6166798E-04  1.3982182E-03  5.8139522E-04
   3.00000  9.4062558E-04  2.1195469E-03  1.3846144E-03
   4.00000  2.3653007E-03  3.1789968E-03  1.3569264E-03
   5.00000  3.1076821E-03  5.0826014E-03  1.5792633E-03
   5.20000  3.3038866E-03  5.6232345E-03  1.7178691E-03
   5.40000  3.5146344E-03  6.1896292E-03  1.8917228E-03
   5.60000  3.7381506E-03  6.7931329E-03  2.0986941E-03
   5.80000  3.9727841E-03  7.4451020E-03  2.3405842E-03
   6.00000  4.2196721E-03  8.1602575E-03  2.6226482E-03
   6.20000  4.4814623E-03  8.9537241E-03  2.9533844E-03
   6.40000  4.7648556E-03  9.8433931E-03  3.3458873E-03
   6.60000  5.0815954E-03  1.0857425E-02  3.8212613E-03
   6.80000  5.4356038E-03  1.2010370E-02  4.4088815E-03
   7.00000  5.8408156E-03  1.3327224E-02  5.1503678E-03
   7.20000  6.3168368E-03  1.4838859E-02  6.1049230E-03
   7.40000  6.8911444E-03  1.6582465E-02  7.3537239E-03
   7.60000  7.6146636E-03  1.8643016E-02  9.0032425E-03
   7.80000  8.5117911E-03  2.0974425E-02  1.1148302E-02
   8.00000  9.6444724E-03  2.3628800E-02  1.3827429E-02
   8.20000  1.1045632E-02  2.6571047E-02  1.6881937E-02
   8.40000  1.2695217E-02  2.9728037E-02  1.9846223E-02
   8.60000  1.4497189E-02  3.3065467E-02  2.2076720E-02
   8.80000  1.6305552E-02  3.6647039E-02  2.3201029E-02
   9.00000  1.7978873E-02  4.0551161E-02  2.3421791E-02
   9.20000  1.9420554E-02  4.4740621E-02  2.3289594E-02
   9.40000  2.0635780E-02  4.9191946E-02  2.3306676E-02
   9.60000  2.1752268E-02  5.4150514E-02  2.3745341E-02
   9.80000  2.2953666E-02  6.0135225E-02  2.4668107E-02
   10.0000  2.4387281E-02  6.7597225E-02  2.6000620E-02
   10.2500  2.6605485E-02  7.8604731E-02  2.7982312E-02
   10.5000  2.9141528E-02  8.8451137E-02  2.9906777E-02
   10.7500  3.1991701E-02  9.2409853E-02  3.1489390E-02
   11.0000  3.4753065E-02  8.8226966E-02  3.2792164E-02
   11.2500  3.7374890E-02  7.7836438E-02  3.4323186E-02
   11.5000  3.8756106E-02  6.6658703E-02  3.6041909E-02
   11.7500  3.9452286E-02  5.6080739E-02  3.7320158E-02
   12.0000  4.0032883E-02  4.7807186E-02  3.8405275E-02
   12.2500  4.0129606E-02  4.1046686E-02  3.9253139E-02
   12.5000  3.9979240E-02  3.5697634E-02  3.9665312E-02
   12.7500  3.9744805E-02  3.1449015E-02  3.9655998E-02
   13.0000  3.9558601E-02  2.8051235E-02  3.9308407E-02
   13.2500  3.9509898E-02  2.5323528E-02  3.8741283E-02
   13.5000  3.9649914E-02  2.3137958E-02  3.8076886E-02
   13.7500  4.0001452E-02  2.1397686E-02  3.7425490E-02
   14.0000  4.0592759E-02  2.0043540E-02  3.7008811E-02
   14.2500  4.1409330E-02  1.8980374E-02  3.6658970E-02
   14.5000  4.2423551E-02  1.8170313E-02  3.6543761E-02
   14.7500  4.3602928E-02  1.7569832E-02  3.6705403E-02
   15.0000  4.4895732E-02  1.7144948E-02  3.7175537E-02
   15.2500  4.6217836E-02  1.6860553E-02  3.7973818E-02
   15.5000  4.7471353E-02  1.6692852E-02  3.9110671E-02
   15.7500  4.8540303E-02  1.6618292E-02  4.0573829E-02
   16.0000  4.9309916E-02  1.6617689E-02  4.2322253E-02
   16.2500  4.9688070E-02  1.6675300E-02  4.4275855E-02
   16.5000  4.9619881E-02  1.6779064E-02  4.6313086E-02
   16.7500  4.9100570E-02  1.6922763E-02  4.8276465E-02
   17.0000  4.8168126E-02  1.7104078E-02  4.9994192E-02
   17.2500  4.6891988E-02  1.7324846E-02  5.1307745E-02
   17.5000  4.5354278E-02  1.7589338E-02  5.2100428E-02
   17.7500  4.3636461E-02  1.7902836E-02  5.2320807E-02
   18.0000  4.1812160E-02  1.8270532E-02  5.1986687E-02
   18.2500  3.9947549E-02  1.8695882E-02  5.1176479E-02
   18.5000  3.8101354E-02  1.9179781E-02  5.0004469E-02
   18.7500  3.6330715E-02  1.9720801E-02  4.8594468E-02
   19.0000  3.4682472E-02  2.0314664E-02  4.7063592E-02
   19.2500  3.3195373E-02  2.0956237E-02  4.5506072E-02
   19.5000  3.1896082E-02  2.1638638E-02  4.3992407E-02
   19.7500  3.0800220E-02  2.2356349E-02  4.2568811E-02
   20.0000  2.9911883E-02  2.3102873E-02  4.1263387E-02
   21.0000  2.8258515E-02  2.6281723E-02  3.7326291E-02
   22.0000  2.8900167E-02  2.9574394E-02  3.5004922E-02
   23.0000  3.0845380E-02  3.2718470E-02  3.3555655E-02
   24.0000  3.3256262E-02  3.5355126E-02  3.2437222E-02
   25.0000  3.5400075E-02  3.7074603E-02  3.1339836E-02
   26.0000  3.6612652E-02  3.7643815E-02  3.0086229E-02
   27.0000  3.6508197E-02  3.7208084E-02  2.8695752E-02
   28.0000  3.5249538E-02  3.6154217E-02  2.7417988E-02
   29.0000  3.3217713E-02  3.4681579E-02  2.6528216E-02
   30.0000  3.1340057E-02  3.3380824E-02  2.6145985E-02
   31.0000  2.9709844E-02  3.2202888E-02  2.6058082E-02
   32.0000  2.8419525E-02  3.1174301E-02  2.6112748E-02
   33.0000  2.7430610E-02  3.0273396E-02  2.6190967E-02
   34.0000  2.6656350E-02  2.9454120E-02  2.6201137E-02
   35.0000  2.5995202E-02  2.8666123E-02  2.6064202E-02
   36.0000  2.5359539E-02  2.7861262E-02  2.5698880E-02
   37.0000  2.4687139E-02  2.6998133E-02  2.5052454E-02
   38.0000  2.3954435E-02  2.6030653E-02  2.4142977E-02
   39.0000  2.3170793E-02  2.4921640E-02  2.3060500E-02
   40.0000  2.2352780E-02  2.3686157E-02  2.1949800E-02
