  7709.000   27  1  1  1.9222038E-02 -5.0230002E+00 -3.9178102E-01  1  1  7.5667220E+03  8.0000000E+03  0.0000000E+00  1.1792254E+00  1.0000000E+00  0.0000000E+00  = E_edge, Z, n_edge, j_edge, Abs_before_edge, VO_interstitial, E_cut, ninit, ninit1, Epsii, UnitCell_Volume, Surface_ref, f0_forward, natomsym_f, abs_u_iso
    Energy   (100,001)      (010,001)      (001,110)   
  -25.0000  1.0817560E-08  4.3653546E-10  1.1940582E-09
  -24.0000  3.1698088E-08  8.4492340E-10  3.0313721E-09
  -23.0000  1.2000373E-07  1.8213239E-09  9.8468321E-09
  -22.0000  8.6642514E-07  5.7241543E-09  6.7818805E-08
  -21.0000  2.9858498E-05  1.6441688E-07  5.1777383E-06
  -20.0000  9.4127093E-06  1.6850958E-07  4.2679781E-06
  -19.0000  2.8043717E-06  1.2432255E-07  8.3291331E-06
  -18.0000  3.5855179E-06  1.0175028E-07  1.5122262E-06
  -17.0000  5.1480745E-06  3.4449771E-07  5.8803776E-07
  -16.0000  1.6259806E-03  5.1637264E-05  4.8336398E-05
  -15.0000  1.0495828E-04  3.6173841E-03  1.4912921E-05
  -14.0000  7.1814181E-07  9.4698531E-06  1.6667732E-06
  -13.0000  3.3974067E-06  3.6770924E-06  4.8975130E-06
  -12.0000  4.0993978E-05  3.1591249E-06  1.6399903E-04
  -11.0000  1.1407209E-03  2.7549544E-05  3.8797764E-04
  -10.0000  7.2589553E-04  6.6833829E-05  4.9561589E-05
  -9.00000  1.7267152E-02  1.0911767E-04  9.2781628E-04
  -8.00000  3.7733298E-04  1.5070603E-04  1.0167902E-04
  -7.00000  4.5843953E-04  1.1601269E-04  3.6755842E-04
  -6.00000  6.9019381E-03  1.0751883E-04  2.5797537E-02
  -5.00000  2.0927219E-02  1.6740052E-03  1.6679393E-02
  -4.00000  1.1517823E-03  2.6287556E-03  9.6864698E-04
  -3.00000  7.2501146E-03  1.2327445E-02  8.4277426E-04
  -2.00000  1.0184368E-03  3.9252210E-03  1.4310793E-03
  -1.00000  7.5360912E-04  1.4904970E-03  4.6341270E-04
   0.00000  3.7426389E-03  1.6092763E-03  2.3709517E-03
   1.00000  9.6829495E-04  1.0300854E-03  5.1757242E-04
   2.00000  1.4614372E-03  1.2707720E-03  9.5517006E-04
   3.00000  1.4586150E-03  1.7343843E-03  1.0417715E-03
   4.00000  1.6967515E-03  2.5903382E-03  1.2771357E-03
   5.00000  2.3688349E-03  3.9207335E-03  2.1429271E-03
   5.20000  2.5557515E-03  4.2949176E-03  2.4938793E-03
   5.40000  2.7510913E-03  4.7203113E-03  2.9646579E-03
   5.60000  2.9578704E-03  5.2116195E-03  3.6146238E-03
   5.80000  3.1814184E-03  5.7916882E-03  4.5403195E-03
   6.00000  3.4295266E-03  6.4995770E-03  5.8930665E-03
   6.20000  3.7146423E-03  7.3674560E-03  7.8622771E-03
   6.40000  4.0488574E-03  8.4170488E-03  1.0518389E-02
   6.60000  4.4246418E-03  9.5481227E-03  1.3272842E-02
   6.80000  4.8078206E-03  1.0549900E-02  1.4736095E-02
   7.00000  5.1885850E-03  1.1438086E-02  1.4516238E-02
   7.20000  5.6079507E-03  1.2498615E-02  1.3761318E-02
   7.40000  6.1039543E-03  1.3940971E-02  1.3307028E-02
   7.60000  6.6963738E-03  1.5911115E-02  1.3276258E-02
   7.80000  7.3885681E-03  1.8483957E-02  1.3474692E-02
   8.00000  8.1846014E-03  2.1746081E-02  1.3776572E-02
   8.20000  9.0860326E-03  2.5780686E-02  1.4177366E-02
   8.40000  1.0083755E-02  3.0676137E-02  1.4744040E-02
   8.60000  1.1162984E-02  3.6578475E-02  1.5539509E-02
   8.80000  1.2330656E-02  4.3751400E-02  1.6557799E-02
   9.00000  1.3630920E-02  5.2459496E-02  1.7730814E-02
   9.20000  1.5133081E-02  6.2765044E-02  1.8987845E-02
   9.40000  1.6934412E-02  7.4406363E-02  2.0345152E-02
   9.60000  1.9022177E-02  8.6081053E-02  2.1760046E-02
   9.80000  2.1514972E-02  9.5923869E-02  2.3216509E-02
   10.0000  2.4153614E-02  1.0073504E-01  2.4599554E-02
   10.2500  2.8325514E-02  1.0191044E-01  2.7047359E-02
   10.5000  3.2897335E-02  9.5783284E-02  2.9657182E-02
   10.7500  3.7354955E-02  8.5139216E-02  3.2237385E-02
   11.0000  4.1197343E-02  7.2972766E-02  3.4909286E-02
   11.2500  4.4326426E-02  6.1375003E-02  3.7324750E-02
   11.5000  4.6325102E-02  5.1443230E-02  3.9675784E-02
   11.7500  4.7388883E-02  4.3313617E-02  4.1936030E-02
   12.0000  4.7654544E-02  3.6808355E-02  4.3886101E-02
   12.2500  4.7323979E-02  3.1673526E-02  4.5422108E-02
   12.5000  4.6628385E-02  2.7651582E-02  4.6441282E-02
   12.7500  4.5783890E-02  2.4519632E-02  4.6870784E-02
   13.0000  4.4857689E-02  2.2151142E-02  4.6672143E-02
   13.2500  4.4068600E-02  2.0250794E-02  4.5757273E-02
   13.5000  4.3583299E-02  1.8808533E-02  4.4836711E-02
   13.7500  4.3247813E-02  1.7662132E-02  4.3713600E-02
   14.0000  4.3088886E-02  1.6772733E-02  4.2685060E-02
   14.2500  4.3089858E-02  1.6087387E-02  4.1886249E-02
   14.5000  4.3226928E-02  1.5567688E-02  4.1407815E-02
   14.7500  4.3475037E-02  1.5185006E-02  4.1305521E-02
   15.0000  4.3808513E-02  1.4919554E-02  4.1610926E-02
   15.2500  4.4186499E-02  1.4753210E-02  4.2328350E-02
   15.5000  4.4576498E-02  1.4675261E-02  4.3444412E-02
   15.7500  4.4934551E-02  1.4676069E-02  4.4913959E-02
   16.0000  4.5208401E-02  1.4748579E-02  4.6647334E-02
   16.2500  4.5342993E-02  1.4887046E-02  4.8501988E-02
   16.5000  4.5282313E-02  1.5085933E-02  5.0283490E-02
   16.7500  4.4980884E-02  1.5340236E-02  5.1762653E-02
   17.0000  4.4411562E-02  1.5647213E-02  5.2722243E-02
   17.2500  4.3576536E-02  1.6006233E-02  5.3017097E-02
   17.5000  4.2509332E-02  1.6416908E-02  5.2612056E-02
   17.7500  4.1270547E-02  1.6879972E-02  5.1587235E-02
   18.0000  3.9938350E-02  1.7396279E-02  5.0100483E-02
   18.2500  3.8594739E-02  1.7965690E-02  4.8336859E-02
   18.5000  3.7313630E-02  1.8586712E-02  4.6462140E-02
   18.7500  3.6152156E-02  1.9256136E-02  4.4603675E-02
   19.0000  3.5150272E-02  1.9970149E-02  4.2844440E-02
   19.2500  3.4330968E-02  2.0723272E-02  4.1230429E-02
   19.5000  3.3702681E-02  2.1509912E-02  3.9779748E-02
   19.7500  3.3264102E-02  2.2324035E-02  3.8492469E-02
   20.0000  3.3006663E-02  2.3160164E-02  3.7359677E-02
   21.0000  3.3513512E-02  2.6616330E-02  3.4073187E-02
   22.0000  3.5720957E-02  3.0061855E-02  3.2119533E-02
   23.0000  3.8591228E-02  3.3324522E-02  3.0884185E-02
   24.0000  4.0686590E-02  3.6566020E-02  2.9892808E-02
   25.0000  4.0487242E-02  3.8571779E-02  2.9004144E-02
   26.0000  3.7659565E-02  3.9436900E-02  2.8013053E-02
   27.0000  3.3751675E-02  3.9075324E-02  2.6982541E-02
   28.0000  3.0272758E-02  3.7785201E-02  2.6176128E-02
   29.0000  2.7834001E-02  3.6042168E-02  2.5776136E-02
   30.0000  2.6369262E-02  3.4229361E-02  2.5723168E-02
   31.0000  2.5529092E-02  3.2539710E-02  2.5826133E-02
   32.0000  2.4997204E-02  3.1021340E-02  2.5924753E-02
   33.0000  2.4553108E-02  2.9633080E-02  2.5917601E-02
   34.0000  2.4063724E-02  2.8324176E-02  2.5736385E-02
   35.0000  2.3450632E-02  2.7056924E-02  2.5300698E-02
   36.0000  2.2699682E-02  2.5806971E-02  2.4540195E-02
   37.0000  2.1855413E-02  2.4552857E-02  2.3433413E-02
   38.0000  2.0993655E-02  2.3279098E-02  2.2056000E-02
   39.0000  2.0192133E-02  2.2007124E-02  2.0602017E-02
   40.0000  1.9505661E-02  2.0808451E-02  1.9345074E-02
