  7709.000   27  1  1  1.9222038E-02 -5.0679427E+00 -3.9472385E-01  1  1  7.5665445E+03  8.0000000E+03  0.0000000E+00  1.1792254E+00  1.0000000E+00  0.0000000E+00  = E_edge, Z, n_edge, j_edge, Abs_before_edge, VO_interstitial, E_cut, ninit, ninit1, Epsii, UnitCell_Volume, Surface_ref, f0_forward, natomsym_f, abs_u_iso
    Energy   (100,001)      (010,001)      (001,110)   
  -25.0000  7.1609841E-09  4.7059423E-10  8.8976834E-10
  -24.0000  1.9198232E-08  9.1817557E-10  2.0048712E-09
  -23.0000  6.1807230E-08  1.9948183E-09  5.0373614E-09
  -22.0000  2.8462827E-07  5.7451721E-09  1.5272149E-08
  -21.0000  4.7631180E-06  6.9176334E-08  9.6033973E-08
  -20.0000  2.6998709E-05  9.4225393E-08  5.9116513E-07
  -19.0000  7.0936211E-06  4.0979672E-07  3.4616943E-05
  -18.0000  3.7368272E-06  1.3890806E-07  2.3917613E-06
  -17.0000  8.3973231E-06  3.9863578E-07  7.9674605E-07
  -16.0000  7.4046832E-06  2.8267048E-06  7.8044797E-07
  -15.0000  5.8642934E-06  2.8221225E-04  3.2915576E-06
  -14.0000  6.9755659E-07  9.7098274E-06  1.2671547E-06
  -13.0000  2.9616331E-06  3.8858809E-06  3.3052017E-06
  -12.0000  1.5714624E-05  3.2376600E-06  3.2809797E-05
  -11.0000  6.1630889E-05  2.6955054E-05  1.0293583E-03
  -10.0000  1.7454586E-02  1.5324011E-04  2.3125845E-03
  -9.00000  3.4064879E-02  4.9203939E-02  2.5780851E-02
  -8.00000  3.0200276E-04  1.6042285E-04  4.9551689E-04
  -7.00000  7.8318497E-04  1.2160836E-03  3.1769145E-03
  -6.00000  1.5672221E-03  8.5342470E-05  2.9104372E-03
  -5.00000  1.0802338E-02  3.9636445E-04  1.1631037E-03
  -4.00000  1.1261490E-03  3.1094870E-03  7.6956510E-04
  -3.00000  1.3127265E-02  1.7987947E-02  1.4451592E-03
  -2.00000  8.8797755E-03  2.8627528E-03  6.5783195E-04
  -1.00000  3.6677994E-04  1.3696019E-03  1.9506257E-04
   0.00000  2.0353600E-03  1.2113220E-03  1.5258673E-03
   1.00000  5.0195412E-04  9.4139833E-04  3.1393236E-04
   2.00000  4.2886071E-04  1.0800380E-03  2.5103134E-04
   3.00000  6.3379795E-04  1.5086415E-03  3.4505319E-04
   4.00000  8.6392564E-04  2.4779525E-03  5.6700305E-04
   5.00000  1.4407333E-03  3.8701581E-03  1.0875281E-03
   5.20000  1.7637478E-03  4.1390169E-03  1.2581097E-03
   5.40000  2.1376464E-03  4.4132527E-03  1.4636202E-03
   5.60000  2.5345767E-03  4.7100740E-03  1.7113087E-03
   5.80000  2.9362855E-03  5.0490072E-03  2.0058598E-03
   6.00000  3.3398150E-03  5.4522754E-03  2.3499099E-03
   6.20000  3.7500820E-03  5.9414026E-03  2.7445433E-03
   6.40000  4.1741978E-03  6.5317024E-03  3.1933108E-03
   6.60000  4.6198077E-03  7.2282003E-03  3.7067531E-03
   6.80000  5.1043924E-03  8.0274145E-03  4.3011782E-03
   7.00000  5.6442448E-03  8.9324759E-03  4.9965438E-03
   7.20000  6.2503350E-03  9.9485403E-03  5.8015675E-03
   7.40000  6.9336846E-03  1.1086719E-02  6.6750638E-03
   7.60000  7.7000533E-03  1.2384041E-02  7.5010658E-03
   7.80000  8.5757536E-03  1.3835838E-02  8.1855680E-03
   8.00000  9.6647970E-03  1.5502655E-02  8.7618266E-03
   8.20000  1.1035155E-02  1.7414323E-02  9.3765951E-03
   8.40000  1.2800437E-02  1.9633004E-02  1.0184786E-02
   8.60000  1.4981389E-02  2.2226757E-02  1.1289666E-02
   8.80000  1.7450467E-02  2.5273101E-02  1.2757340E-02
   9.00000  1.9869450E-02  2.8825825E-02  1.4628078E-02
   9.20000  2.1801083E-02  3.2921534E-02  1.6920514E-02
   9.40000  2.3066259E-02  3.7613885E-02  1.9629100E-02
   9.60000  2.3806621E-02  4.2998980E-02  2.2722812E-02
   9.80000  2.4674737E-02  4.9421001E-02  2.6071790E-02
   10.0000  2.5811048E-02  5.6912662E-02  2.9551621E-02
   10.2500  2.7651456E-02  6.7261652E-02  3.3839888E-02
   10.5000  2.9923741E-02  7.7222993E-02  3.7990120E-02
   10.7500  3.1381106E-02  8.4255351E-02  4.1845883E-02
   11.0000  3.3949941E-02  8.6835506E-02  4.5321443E-02
   11.2500  3.6414649E-02  8.4928373E-02  4.8374342E-02
   11.5000  3.8637423E-02  7.9591323E-02  5.1129451E-02
   11.7500  4.0350006E-02  7.2431350E-02  5.3358993E-02
   12.0000  4.1478025E-02  6.4743295E-02  5.4883016E-02
   12.2500  4.2079780E-02  5.7300870E-02  5.5517628E-02
   12.5000  4.2112914E-02  5.0512341E-02  5.5350894E-02
   12.7500  4.1839632E-02  4.4486907E-02  5.3553183E-02
   13.0000  4.1727274E-02  3.9269317E-02  5.1391887E-02
   13.2500  4.1567065E-02  3.4828473E-02  4.8803774E-02
   13.5000  4.1361380E-02  3.1083845E-02  4.6065520E-02
   13.7500  4.1105167E-02  2.7943887E-02  4.3395130E-02
   14.0000  4.0808944E-02  2.5320312E-02  4.0943014E-02
   14.2500  4.0507294E-02  2.3135733E-02  3.8800388E-02
   14.5000  4.0249806E-02  2.1323796E-02  3.7014060E-02
   14.7500  4.0089062E-02  1.9828497E-02  3.5602305E-02
   15.0000  4.0072934E-02  1.8604612E-02  3.4566175E-02
   15.2500  4.0226833E-02  1.7607810E-02  3.3894371E-02
   15.5000  4.0565638E-02  1.6807321E-02  3.3573122E-02
   15.7500  4.1081527E-02  1.6175184E-02  3.3586207E-02
   16.0000  4.1748793E-02  1.5687863E-02  3.3915909E-02
   16.2500  4.2518845E-02  1.5326248E-02  3.4539148E-02
   16.5000  4.3323095E-02  1.5074499E-02  3.5423954E-02
   16.7500  4.4075078E-02  1.4920109E-02  3.6524940E-02
   17.0000  4.4675734E-02  1.4853266E-02  3.7778335E-02
   17.2500  4.5024166E-02  1.4865765E-02  3.9102354E-02
   17.5000  4.5031080E-02  1.4950000E-02  4.0402189E-02
   17.7500  4.4637507E-02  1.5100303E-02  4.1581778E-02
   18.0000  4.3831577E-02  1.5310970E-02  4.2559680E-02
   18.2500  4.2656242E-02  1.5577337E-02  4.3282278E-02
   18.5000  4.1201105E-02  1.5894672E-02  4.3727549E-02
   18.7500  3.9583107E-02  1.6257512E-02  4.3903086E-02
   19.0000  3.7924640E-02  1.6660597E-02  4.3838811E-02
   19.2500  3.6335165E-02  1.7100161E-02  4.3574469E-02
   19.5000  3.4898992E-02  1.7573247E-02  4.3156453E-02
   19.7500  3.3672217E-02  1.8077334E-02  4.2627781E-02
   20.0000  3.2683742E-02  1.8610295E-02  4.2027455E-02
   21.0000  3.1105167E-02  2.1021509E-02  3.9488747E-02
   22.0000  3.2463229E-02  2.3897933E-02  3.7423497E-02
   23.0000  3.5341120E-02  2.7260406E-02  3.5913365E-02
   24.0000  3.8439759E-02  3.0966188E-02  3.4546756E-02
   25.0000  4.0575232E-02  3.4641274E-02  3.2920829E-02
   26.0000  4.0209679E-02  3.8142449E-02  3.0698885E-02
   27.0000  3.7540931E-02  4.0011173E-02  2.8656231E-02
   28.0000  3.3718193E-02  4.0746853E-02  2.6918201E-02
   29.0000  3.0329118E-02  4.0477843E-02  2.5620430E-02
   30.0000  2.7971046E-02  3.9497330E-02  2.4786986E-02
   31.0000  2.6495944E-02  3.8135132E-02  2.4388826E-02
   32.0000  2.5606156E-02  3.6661301E-02  2.4299637E-02
   33.0000  2.5046587E-02  3.5221927E-02  2.4336536E-02
   34.0000  2.4641048E-02  3.3866602E-02  2.4364819E-02
   35.0000  2.4267950E-02  3.2585367E-02  2.4302368E-02
   36.0000  2.3840116E-02  3.1334559E-02  2.4098812E-02
   37.0000  2.3299580E-02  3.0054406E-02  2.3721838E-02
   38.0000  2.2642062E-02  2.8691869E-02  2.3165357E-02
   39.0000  2.1918299E-02  2.7211665E-02  2.2474672E-02
   40.0000  2.1191668E-02  2.5605974E-02  2.1760469E-02
