  7709.000   27  1  1  1.9222038E-02 -5.6563509E+00 -3.4734275E-01  1  1  7.5661771E+03  8.0000000E+03  0.0000000E+00  1.1792254E+00  1.0000000E+00  0.0000000E+00  = E_edge, Z, n_edge, j_edge, Abs_before_edge, VO_interstitial, E_cut, ninit, ninit1, Epsii, UnitCell_Volume, Surface_ref, f0_forward, natomsym_f, abs_u_iso
    Energy   (100,001)      (010,001)      (001,110)   
  -25.0000  9.8115063E-09  4.3693492E-10  1.4255583E-09
  -24.0000  2.7699121E-08  8.2677060E-10  3.4067263E-09
  -23.0000  1.0011344E-07  1.6791240E-09  9.7878134E-09
  -22.0000  6.9305873E-07  4.5127266E-09  5.1127219E-08
  -21.0000  2.1992690E-05  9.6936804E-08  2.2783299E-06
  -20.0000  1.7313386E-04  3.6192741E-08  3.2027574E-06
  -19.0000  7.6905725E-03  4.1518162E-04  2.6645884E-02
  -18.0000  5.2395074E-06  1.2209169E-07  2.3121167E-06
  -17.0000  7.6605137E-06  3.7697368E-07  1.4277679E-06
  -16.0000  1.3243108E-02  3.2231552E-05  1.1227193E-03
  -15.0000  1.0069404E-06  4.3300673E-04  2.9201025E-06
  -14.0000  8.3668695E-07  9.1596450E-06  1.8810266E-06
  -13.0000  3.1909419E-06  3.7848682E-06  5.7491728E-06
  -12.0000  1.6198316E-05  3.3313049E-06  2.3112448E-04
  -11.0000  1.9496601E-04  2.5087250E-04  1.7321722E-04
  -10.0000  2.3846584E-02  6.2422733E-04  2.1416177E-03
  -9.00000  2.0986304E-01  4.5497252E-04  5.1761980E-03
  -8.00000  7.1166804E-04  5.0996276E-05  1.3190469E-03
  -7.00000  6.6885001E-04  1.1316049E-04  6.9710142E-04
  -6.00000  1.9558264E-03  1.4817140E-04  1.2030831E-03
  -5.00000  9.4974413E-03  3.9999187E-03  3.8799587E-02
  -4.00000  1.3953375E-01  2.6388861E-02  3.0459376E-02
  -3.00000  2.4368581E-03  2.3664059E-02  8.2847159E-03
  -2.00000  1.4523126E-03  2.2633446E-02  1.1067900E-02
  -1.00000  4.4612510E-04  1.3542476E-03  2.6586826E-04
   0.00000  2.1672859E-03  1.1787044E-03  1.7084131E-03
   1.00000  9.9623181E-04  1.0217745E-03  6.4039585E-04
   2.00000  1.4252243E-03  1.2854073E-03  6.8796519E-04
   3.00000  1.4101923E-03  2.0746702E-03  1.7838611E-03
   4.00000  2.3797120E-03  3.4473992E-03  1.5661221E-03
   5.00000  3.5833286E-03  5.6182269E-03  2.1828929E-03
   5.20000  3.8005613E-03  6.2447302E-03  2.5805663E-03
   5.40000  4.0484763E-03  6.9776787E-03  3.0860640E-03
   5.60000  4.3507037E-03  7.8235179E-03  3.6815798E-03
   5.80000  4.7325109E-03  8.7691480E-03  4.3155109E-03
   6.00000  5.2066556E-03  9.8045610E-03  4.9071876E-03
   6.20000  5.7746860E-03  1.0908098E-02  5.4045295E-03
   6.40000  6.4206589E-03  1.2151674E-02  5.8214520E-03
   6.60000  7.1295172E-03  1.3597855E-02  6.2338600E-03
   6.80000  7.9103025E-03  1.5270789E-02  6.7216670E-03
   7.00000  8.7895780E-03  1.7104729E-02  7.3200445E-03
   7.20000  9.8090727E-03  1.8988537E-02  8.0089775E-03
   7.40000  1.1024493E-02  2.0880233E-02  8.7429663E-03
   7.60000  1.2498317E-02  2.2877660E-02  9.4915761E-03
   7.80000  1.4280780E-02  2.5192909E-02  1.0256124E-02
   8.00000  1.6371152E-02  2.8087264E-02  1.1058744E-02
   8.20000  1.8659016E-02  3.1846437E-02  1.1924738E-02
   8.40000  2.0854463E-02  3.6764211E-02  1.2870900E-02
   8.60000  2.2529060E-02  4.3208584E-02  1.3901720E-02
   8.80000  2.3387095E-02  5.1630943E-02  1.5021077E-02
   9.00000  2.3559435E-02  6.2534471E-02  1.6245503E-02
   9.20000  2.3519366E-02  7.6201619E-02  1.7606833E-02
   9.40000  2.3725957E-02  9.1929915E-02  1.9128205E-02
   9.60000  2.4399786E-02  1.0683353E-01  2.0771530E-02
   9.80000  2.5519337E-02  1.1580865E-01  2.2408802E-02
   10.0000  2.6846262E-02  1.1484406E-01  2.3821038E-02
   10.2500  2.8637757E-02  1.0191527E-01  2.5336165E-02
   10.5000  3.0349384E-02  8.5214725E-02  2.6654452E-02
   10.7500  3.1633462E-02  7.0516845E-02  2.7811596E-02
   11.0000  3.2436620E-02  5.8241364E-02  2.8819932E-02
   11.2500  3.2505438E-02  4.8141437E-02  3.0015934E-02
   11.5000  3.2677791E-02  3.9811771E-02  3.1208227E-02
   11.7500  3.2505949E-02  3.3218601E-02  3.2558534E-02
   12.0000  3.2306005E-02  2.8174224E-02  3.4149360E-02
   12.2500  3.2157568E-02  2.4572294E-02  3.5898330E-02
   12.5000  3.1946810E-02  2.2030760E-02  3.7607204E-02
   12.7500  3.1906260E-02  2.0100960E-02  3.9208674E-02
   13.0000  3.1655642E-02  1.8736268E-02  4.0646585E-02
   13.2500  3.1691740E-02  1.7643160E-02  4.1725557E-02
   13.5000  3.1770807E-02  1.6814839E-02  4.2558930E-02
   13.7500  3.1925567E-02  1.6186880E-02  4.3218966E-02
   14.0000  3.2190392E-02  1.5714661E-02  4.3792309E-02
   14.2500  3.2589571E-02  1.5366314E-02  4.4357920E-02
   14.5000  3.3133689E-02  1.5118829E-02  4.4983872E-02
   14.7500  3.3812233E-02  1.4952519E-02  4.5715126E-02
   15.0000  3.4605402E-02  1.4856908E-02  4.6583828E-02
   15.2500  3.5479957E-02  1.4825091E-02  4.7599349E-02
   15.5000  3.6393236E-02  1.4854700E-02  4.8741710E-02
   15.7500  3.7293458E-02  1.4946017E-02  4.9952539E-02
   16.0000  3.8128246E-02  1.5100699E-02  5.1135506E-02
   16.2500  3.8847717E-02  1.5321771E-02  5.2162470E-02
   16.5000  3.9409858E-02  1.5611715E-02  5.2896112E-02
   16.7500  3.9783691E-02  1.5971336E-02  5.3220595E-02
   17.0000  3.9947757E-02  1.6399186E-02  5.3072623E-02
   17.2500  3.9895238E-02  1.6892307E-02  5.2458018E-02
   17.5000  3.9640448E-02  1.7446595E-02  5.1442570E-02
   17.7500  3.9220114E-02  1.8056615E-02  5.0133290E-02
   18.0000  3.8695153E-02  1.8718299E-02  4.8653070E-02
   18.2500  3.8137313E-02  1.9427255E-02  4.7114171E-02
   18.5000  3.7618423E-02  2.0178888E-02  4.5603523E-02
   18.7500  3.7197469E-02  2.0968371E-02  4.4179320E-02
   19.0000  3.6915240E-02  2.1791538E-02  4.2875197E-02
   19.2500  3.6794716E-02  2.2644760E-02  4.1704328E-02
   19.5000  3.6843709E-02  2.3525202E-02  4.0665367E-02
   19.7500  3.7058535E-02  2.4429622E-02  3.9749059E-02
   20.0000  3.7427964E-02  2.5355365E-02  3.8942882E-02
   21.0000  4.0090074E-02  2.9203931E-02  3.6536515E-02
   22.0000  4.3576513E-02  3.3012210E-02  3.4905148E-02
   23.0000  4.6305534E-02  3.6250376E-02  3.3513239E-02
   24.0000  4.6784664E-02  3.8333709E-02  3.2021462E-02
   25.0000  4.4305808E-02  3.8889232E-02  3.0288567E-02
   26.0000  3.9567593E-02  3.8176193E-02  2.8432579E-02
   27.0000  3.4324540E-02  3.6788926E-02  2.6887795E-02
   28.0000  3.0112802E-02  3.5159703E-02  2.6064796E-02
   29.0000  2.7363160E-02  3.3502178E-02  2.5951953E-02
   30.0000  2.5803812E-02  3.1827464E-02  2.6283105E-02
   31.0000  2.5074876E-02  3.0430814E-02  2.6666047E-02
   32.0000  2.4756668E-02  2.9185388E-02  2.6934407E-02
   33.0000  2.4641242E-02  2.8043073E-02  2.7002860E-02
   34.0000  2.4574924E-02  2.6939192E-02  2.6838132E-02
   35.0000  2.4435506E-02  2.5819506E-02  2.6445758E-02
   36.0000  2.4139281E-02  2.4641943E-02  2.5879836E-02
   37.0000  2.3669183E-02  2.3382891E-02  2.5233505E-02
   38.0000  2.3071659E-02  2.2056353E-02  2.4606286E-02
   39.0000  2.2404452E-02  2.0741657E-02  2.4047690E-02
   40.0000  2.1701610E-02  1.9576625E-02  2.3522423E-02
