  7709.000   27  1  1  1.9222038E-02 -4.6334292E+00 -4.3992590E-01  1  1  7.5663164E+03  8.0000000E+03  0.0000000E+00  1.1792254E+00  1.0000000E+00  0.0000000E+00  = E_edge, Z, n_edge, j_edge, Abs_before_edge, VO_interstitial, E_cut, ninit, ninit1, Epsii, UnitCell_Volume, Surface_ref, f0_forward, natomsym_f, abs_u_iso
    Energy   (100,001)      (010,001)      (001,110)   
  -25.0000  2.0195555E-08  4.7307521E-10  1.4018160E-09
  -24.0000  7.0643634E-08  9.0278449E-10  3.3775953E-09
  -23.0000  4.2688454E-07  2.0032772E-09  9.6137193E-09
  -22.0000  6.0105042E-03  5.7253602E-06  1.9981694E-05
  -21.0000  2.0321903E-05  1.3917391E-08  2.1278167E-07
  -20.0000  1.3111111E-05  2.3202052E-06  2.4431912E-04
  -19.0000  2.5144390E-06  6.4578146E-08  3.1748365E-06
  -18.0000  2.8852362E-06  1.0922127E-07  6.8359778E-07
  -17.0000  5.7856070E-06  4.2204257E-07  6.0458739E-07
  -16.0000  1.7831690E-04  1.4314944E-05  7.6805314E-06
  -15.0000  1.0238705E-05  5.1597715E-04  5.9891079E-06
  -14.0000  1.0251655E-06  1.0051779E-05  1.9751627E-06
  -13.0000  4.5842302E-06  4.2089075E-06  8.3784255E-06
  -12.0000  4.4599974E-05  4.5932504E-06  8.2727026E-04
  -11.0000  3.2773847E-04  1.0214351E-04  1.1714337E-04
  -10.0000  1.9985149E-03  3.1130235E-04  1.0920108E-04
  -9.00000  2.1907824E-04  1.9727517E-05  7.6837094E-05
  -8.00000  1.6567417E-03  7.5977793E-05  3.1571557E-05
  -7.00000  5.2177195E-04  5.2593760E-04  1.8942372E-04
  -6.00000  1.0445036E-02  9.1832677E-04  1.2475718E-03
  -5.00000  4.4073229E-03  4.1288493E-04  2.4731198E-03
  -4.00000  2.6887657E-02  3.8016079E-02  4.0804309E-02
  -3.00000  2.2820933E-03  8.4682501E-03  3.8798949E-04
  -2.00000  1.2617195E-03  4.6935840E-03  1.3965604E-03
  -1.00000  4.1026220E-04  1.4115458E-03  1.8320451E-04
   0.00000  1.7671781E-03  1.2968223E-03  7.3943960E-04
   1.00000  7.0421196E-04  1.0100761E-03  4.1767928E-04
   2.00000  5.4740279E-04  1.2177254E-03  2.7521441E-04
   3.00000  7.7073066E-04  1.8568660E-03  4.7265034E-04
   4.00000  1.1361488E-03  2.9968802E-03  1.1889803E-03
   5.00000  1.4235486E-03  4.6334425E-03  2.5991937E-03
   5.20000  1.5435827E-03  5.0785556E-03  2.7118016E-03
   5.40000  1.6685945E-03  5.5813494E-03  2.8859647E-03
   5.60000  1.7970242E-03  6.1510334E-03  3.1343898E-03
   5.80000  1.9322815E-03  6.7987963E-03  3.4567452E-03
   6.00000  2.0809399E-03  7.5396829E-03  3.8494073E-03
   6.20000  2.2521153E-03  8.3919214E-03  4.3082466E-03
   6.40000  2.4569651E-03  9.3767792E-03  4.8321702E-03
   6.60000  2.7075897E-03  1.0518694E-02  5.4256858E-03
   6.80000  3.0184997E-03  1.1854943E-02  6.1093013E-03
   7.00000  3.4033007E-03  1.3412800E-02  6.8836553E-03
   7.20000  3.8752577E-03  1.5209447E-02  7.7360731E-03
   7.40000  4.4491343E-03  1.7261141E-02  8.6291593E-03
   7.60000  5.1296851E-03  1.9491242E-02  9.5162028E-03
   7.80000  5.9429044E-03  2.1906508E-02  1.0380083E-02
   8.00000  6.8748345E-03  2.4421174E-02  1.1260806E-02
   8.20000  7.9437289E-03  2.7108464E-02  1.2281634E-02
   8.40000  9.1508083E-03  3.0064538E-02  1.3577828E-02
   8.60000  1.0483260E-02  3.3399549E-02  1.5232708E-02
   8.80000  1.1909108E-02  3.7181961E-02  1.7236944E-02
   9.00000  1.3360181E-02  4.1370462E-02  1.9470222E-02
   9.20000  1.4712136E-02  4.5747105E-02  2.1664652E-02
   9.40000  1.5791558E-02  4.9909109E-02  2.3402663E-02
   9.60000  1.6476314E-02  5.3479243E-02  2.4362269E-02
   9.80000  1.6821202E-02  5.6444722E-02  2.4662627E-02
   10.0000  1.7024962E-02  5.9215228E-02  2.4788824E-02
   10.2500  1.7373377E-02  6.3196855E-02  2.5314827E-02
   10.5000  1.7928265E-02  6.8376463E-02  2.6208142E-02
   10.7500  1.9003737E-02  7.4485466E-02  2.7799538E-02
   11.0000  2.0553480E-02  8.0013748E-02  2.9428448E-02
   11.2500  2.2602952E-02  8.2926101E-02  3.1091921E-02
   11.5000  2.5059260E-02  8.1024948E-02  3.2517540E-02
   11.7500  2.7871373E-02  7.4158388E-02  3.3518153E-02
   12.0000  3.0064925E-02  6.4887368E-02  3.4839039E-02
   12.2500  3.2223077E-02  5.5008927E-02  3.6238620E-02
   12.5000  3.3495505E-02  4.6355828E-02  3.7707951E-02
   12.7500  3.4648452E-02  3.9381079E-02  3.9158657E-02
   13.0000  3.5425165E-02  3.3985292E-02  4.0487013E-02
   13.2500  3.5969260E-02  2.9860026E-02  4.1566809E-02
   13.5000  3.5798862E-02  2.6574293E-02  4.2204348E-02
   13.7500  3.6278667E-02  2.4273200E-02  4.2560357E-02
   14.0000  3.6492767E-02  2.2391967E-02  4.2773759E-02
   14.2500  3.7147108E-02  2.0936419E-02  4.2750492E-02
   14.5000  3.7923920E-02  1.9800148E-02  4.2646910E-02
   14.7500  3.8833819E-02  1.8909460E-02  4.2570121E-02
   15.0000  3.9877865E-02  1.8207585E-02  4.2601968E-02
   15.2500  4.1049957E-02  1.7650953E-02  4.2793271E-02
   15.5000  4.2339707E-02  1.7206250E-02  4.3159754E-02
   15.7500  4.3713238E-02  1.6845934E-02  4.3686456E-02
   16.0000  4.5143288E-02  1.6552819E-02  4.4332891E-02
   16.2500  4.6591834E-02  1.6314409E-02  4.5031770E-02
   16.5000  4.8017519E-02  1.6123663E-02  4.5699882E-02
   16.7500  4.9371939E-02  1.5978979E-02  4.6244789E-02
   17.0000  5.0594210E-02  1.5881651E-02  4.6579662E-02
   17.2500  5.1609035E-02  1.5834011E-02  4.6637325E-02
   17.5000  5.2332206E-02  1.5838594E-02  4.6386984E-02
   17.7500  5.2683012E-02  1.5896699E-02  4.5837662E-02
   18.0000  5.2606263E-02  1.6007941E-02  4.5036989E-02
   18.2500  5.2090759E-02  1.6170279E-02  4.4055770E-02
   18.5000  5.1175877E-02  1.6381022E-02  4.2973393E-02
   18.7500  4.9941728E-02  1.6636892E-02  4.1862041E-02
   19.0000  4.8492100E-02  1.6935045E-02  4.0779445E-02
   19.2500  4.6942230E-02  1.7273063E-02  3.9763131E-02
   19.5000  4.5392112E-02  1.7649098E-02  3.8837806E-02
   19.7500  4.3923152E-02  1.8061737E-02  3.8014835E-02
   20.0000  4.2594243E-02  1.8510554E-02  3.7297756E-02
   21.0000  3.9199306E-02  2.0675878E-02  3.5407693E-02
   22.0000  3.8704167E-02  2.3523622E-02  3.4688311E-02
   23.0000  3.9832196E-02  2.7202620E-02  3.4576390E-02
   24.0000  4.1049980E-02  3.1715729E-02  3.4585185E-02
   25.0000  4.1152696E-02  3.6590915E-02  3.4389465E-02
   26.0000  3.9505528E-02  4.0641000E-02  3.3800999E-02
   27.0000  3.6330962E-02  4.2664347E-02  3.2772299E-02
   28.0000  3.2719460E-02  4.2476276E-02  3.1448494E-02
   29.0000  2.9547549E-02  4.0641941E-02  2.9929558E-02
   30.0000  2.7717261E-02  3.8550819E-02  2.8970144E-02
   31.0000  2.6608645E-02  3.6520908E-02  2.8382470E-02
   32.0000  2.5950664E-02  3.4733518E-02  2.8100407E-02
   33.0000  2.5541754E-02  3.3192382E-02  2.8017399E-02
   34.0000  2.5259977E-02  3.1819014E-02  2.8028519E-02
   35.0000  2.5046630E-02  3.0519746E-02  2.8042991E-02
   36.0000  2.4869800E-02  2.9211579E-02  2.7970310E-02
   37.0000  2.4712070E-02  2.7853812E-02  2.7733469E-02
   38.0000  2.4543119E-02  2.6443778E-02  2.7279188E-02
   39.0000  2.4300002E-02  2.5013156E-02  2.6595603E-02
   40.0000  2.3883656E-02  2.3598223E-02  2.5711995E-02
