  7709.000   27  1  1  1.9222038E-02 -4.3792639E+00 -4.2824906E-01  1  1  7.5663201E+03  8.0000000E+03  0.0000000E+00  1.1792254E+00  1.0000000E+00  0.0000000E+00  = E_edge, Z, n_edge, j_edge, Abs_before_edge, VO_interstitial, E_cut, ninit, ninit1, Epsii, UnitCell_Volume, Surface_ref, f0_forward, natomsym_f, abs_u_iso
    Energy   (100,001)      (010,001)      (001,110)   
  -25.0000  6.3680700E-09  2.2258941E-10  8.8316480E-10
  -24.0000  1.9329291E-08  4.3139607E-10  2.4423806E-09
  -23.0000  7.6336285E-08  9.0643193E-10  8.7916751E-09
  -22.0000  5.6722877E-07  2.4489334E-09  6.5867930E-08
  -21.0000  8.1317845E-05  1.2113644E-07  5.0371196E-06
  -20.0000  6.1886453E-06  6.1257864E-07  3.1297870E-05
  -19.0000  1.3215630E-06  2.9792034E-08  9.1828960E-07
  -18.0000  1.2239552E-06  5.1914635E-08  3.1197784E-07
  -17.0000  1.7792178E-06  1.7899295E-07  3.0588510E-07
  -16.0000  4.3509392E-06  1.0876275E-06  7.1910131E-07
  -15.0000  3.8644781E-05  1.7692223E-04  3.7468867E-06
  -14.0000  8.6516169E-05  7.2722160E-06  7.8205459E-06
  -13.0000  4.3208945E-06  2.7527968E-06  1.2421708E-05
  -12.0000  3.0860517E-04  1.6284349E-05  7.1258101E-04
  -11.0000  5.8940367E-05  3.0309630E-06  1.8664151E-05
  -10.0000  5.1193620E-03  1.9061634E-05  1.2214166E-03
  -9.00000  3.7051213E-04  1.9636603E-04  6.4915221E-05
  -8.00000  3.8578559E-04  4.2877754E-05  1.1267584E-03
  -7.00000  2.7483856E-04  1.8684743E-04  7.5996261E-04
  -6.00000  6.9965251E-04  1.2503296E-04  5.7139139E-04
  -5.00000  1.2158744E-02  5.0594321E-04  1.3159564E-03
  -4.00000  3.4548253E-03  2.5570771E-03  1.8306789E-03
  -3.00000  5.3592319E-04  1.0663731E-02  1.5130569E-03
  -2.00000  5.9850125E-04  5.1211675E-03  2.0488040E-03
  -1.00000  4.0997555E-04  1.3035305E-03  2.6699518E-04
   0.00000  5.8655657E-03  1.3197851E-03  2.3049535E-03
   1.00000  6.7835517E-04  1.0677648E-03  4.0240812E-04
   2.00000  1.1014832E-03  1.3688340E-03  7.3556072E-04
   3.00000  1.9455678E-03  2.1911478E-03  2.4333810E-03
   4.00000  2.9921031E-03  3.6716419E-03  8.8321246E-03
   5.00000  3.3276049E-03  5.1845833E-03  4.2131759E-03
   5.20000  3.3825138E-03  5.5286926E-03  4.3579245E-03
   5.40000  3.4644492E-03  5.9385102E-03  4.6304822E-03
   5.60000  3.5839434E-03  6.4340324E-03  5.0210507E-03
   5.80000  3.7506879E-03  7.0290993E-03  5.5291423E-03
   6.00000  3.9721404E-03  7.7325215E-03  6.1598809E-03
   6.20000  4.2529987E-03  8.5532207E-03  6.9341075E-03
   6.40000  4.5963961E-03  9.5106995E-03  7.8830364E-03
   6.60000  5.0120370E-03  1.0624272E-02  9.0638459E-03
   6.80000  5.5116868E-03  1.1922523E-02  1.0526938E-02
   7.00000  6.1107858E-03  1.3428416E-02  1.2283511E-02
   7.20000  6.8255775E-03  1.5138195E-02  1.4238723E-02
   7.40000  7.6666453E-03  1.7004183E-02  1.6146733E-02
   7.60000  8.6377382E-03  1.9014678E-02  1.7681854E-02
   7.80000  9.6906858E-03  2.1040479E-02  1.8758884E-02
   8.00000  1.0779351E-02  2.3190909E-02  1.9493654E-02
   8.20000  1.1859055E-02  2.5572701E-02  2.0095456E-02
   8.40000  1.2928988E-02  2.8320623E-02  2.0604387E-02
   8.60000  1.4037131E-02  3.1621351E-02  2.0925279E-02
   8.80000  1.5229406E-02  3.5704132E-02  2.1016294E-02
   9.00000  1.6487114E-02  4.0799701E-02  2.0977584E-02
   9.20000  1.7720403E-02  4.7074879E-02  2.0963978E-02
   9.40000  1.8829613E-02  5.4567040E-02  2.1109075E-02
   9.60000  1.9813842E-02  6.3131611E-02  2.1419037E-02
   9.80000  2.0697509E-02  7.2140881E-02  2.2118352E-02
   10.0000  2.1636423E-02  8.0684808E-02  2.3163903E-02
   10.2500  2.3062716E-02  8.8692186E-02  2.4926727E-02
   10.5000  2.4885177E-02  9.1406536E-02  2.7106824E-02
   10.7500  2.7116648E-02  8.7917883E-02  2.9593250E-02
   11.0000  2.9954214E-02  7.9678802E-02  3.2409008E-02
   11.2500  3.2735997E-02  6.9444952E-02  3.5164509E-02
   11.5000  3.5375781E-02  5.9198890E-02  3.7588796E-02
   11.7500  3.7282882E-02  5.0414911E-02  4.0154383E-02
   12.0000  3.9218385E-02  4.3410654E-02  4.2048756E-02
   12.2500  4.0573828E-02  3.7872628E-02  4.3347972E-02
   12.5000  4.1354116E-02  3.3592708E-02  4.4117888E-02
   12.7500  4.1757196E-02  3.0194350E-02  4.4325649E-02
   13.0000  4.1691457E-02  2.7521152E-02  4.3951387E-02
   13.2500  4.1393543E-02  2.5617043E-02  4.3923077E-02
   13.5000  4.1441637E-02  2.3904926E-02  4.3436216E-02
   13.7500  4.1541899E-02  2.2535702E-02  4.2984129E-02
   14.0000  4.1723483E-02  2.1438030E-02  4.2654823E-02
   14.2500  4.1995572E-02  2.0558520E-02  4.2515990E-02
   14.5000  4.2353851E-02  1.9856275E-02  4.2619609E-02
   14.7500  4.2781382E-02  1.9300311E-02  4.3003244E-02
   15.0000  4.3261530E-02  1.8866684E-02  4.3691359E-02
   15.2500  4.3773650E-02  1.8536109E-02  4.4687037E-02
   15.5000  4.4294367E-02  1.8293357E-02  4.5962178E-02
   15.7500  4.4797501E-02  1.8125460E-02  4.7446951E-02
   16.0000  4.5253557E-02  1.8021067E-02  4.9016549E-02
   16.2500  4.5630249E-02  1.7971709E-02  5.0495232E-02
   16.5000  4.5894640E-02  1.7970649E-02  5.1671537E-02
   16.7500  4.6018653E-02  1.8014098E-02  5.2343586E-02
   17.0000  4.5983274E-02  1.8101125E-02  5.2371088E-02
   17.2500  4.5781750E-02  1.8232835E-02  5.1717037E-02
   17.5000  4.5425595E-02  1.8409898E-02  5.0454892E-02
   17.7500  4.4938019E-02  1.8634685E-02  4.8740117E-02
   18.0000  4.4356831E-02  1.8906710E-02  4.6759786E-02
   18.2500  4.3723584E-02  1.9224791E-02  4.4685312E-02
   18.5000  4.3081069E-02  1.9587248E-02  4.2651550E-02
   18.7500  4.2468707E-02  1.9991818E-02  4.0748362E-02
   19.0000  4.1918894E-02  2.0436152E-02  3.9026697E-02
   19.2500  4.1455550E-02  2.0917851E-02  3.7507882E-02
   19.5000  4.1094372E-02  2.1434391E-02  3.6194039E-02
   19.7500  4.0843259E-02  2.1984675E-02  3.5075143E-02
   20.0000  4.0701555E-02  2.2568708E-02  3.4134739E-02
   21.0000  4.1033440E-02  2.5225493E-02  3.1783702E-02
   22.0000  4.1997792E-02  2.8345349E-02  3.0889158E-02
   23.0000  4.2327493E-02  3.1764973E-02  3.0647711E-02
   24.0000  4.0827576E-02  3.4921250E-02  3.0448165E-02
   25.0000  3.7258298E-02  3.7083557E-02  2.9907352E-02
   26.0000  3.2970411E-02  3.7892013E-02  2.8959782E-02
   27.0000  2.9440364E-02  3.7600609E-02  2.7803274E-02
   28.0000  2.6909174E-02  3.6570443E-02  2.6647274E-02
   29.0000  2.5419288E-02  3.5549888E-02  2.5996441E-02
   30.0000  2.4556902E-02  3.4554864E-02  2.5748372E-02
   31.0000  2.4120321E-02  3.3600333E-02  2.5769069E-02
   32.0000  2.3916993E-02  3.2643491E-02  2.5891781E-02
   33.0000  2.3798206E-02  3.1629903E-02  2.5991698E-02
   34.0000  2.3652504E-02  3.0515403E-02  2.5998467E-02
   35.0000  2.3387798E-02  2.9263728E-02  2.5859742E-02
   36.0000  2.2937360E-02  2.7857330E-02  2.5525877E-02
   37.0000  2.2280196E-02  2.6312830E-02  2.4956920E-02
   38.0000  2.1468793E-02  2.4688762E-02  2.4169411E-02
   39.0000  2.0623464E-02  2.3081054E-02  2.3246050E-02
   40.0000  1.9874872E-02  2.1584293E-02  2.2328601E-02
