  7709.000   27  1  1  1.9222038E-02 -5.5419282E+00 -3.8007036E-01  1  1  7.5664493E+03  8.0000000E+03  0.0000000E+00  1.1792254E+00  1.0000000E+00  0.0000000E+00  = E_edge, Z, n_edge, j_edge, Abs_before_edge, VO_interstitial, E_cut, ninit, ninit1, Epsii, UnitCell_Volume, Surface_ref, f0_forward, natomsym_f, abs_u_iso
    Energy   (100,001)      (010,001)      (001,110)   
  -25.0000  1.8850125E-08  5.8209742E-10  1.7323130E-09
  -24.0000  6.2348494E-08  1.1368080E-09  4.4212355E-09
  -23.0000  3.0964314E-07  2.4210913E-09  1.3653978E-08
  -22.0000  9.2985369E-06  7.4955105E-09  8.5177398E-08
  -21.0000  1.3106589E-05  3.1225783E-08  5.3495156E-07
  -20.0000  2.0866678E-05  1.7162084E-05  1.1337722E-03
  -19.0000  1.5184114E-06  6.4962202E-08  7.3787540E-07
  -18.0000  1.6131164E-06  1.4788410E-07  4.2208330E-07
  -17.0000  2.5840059E-06  5.7794465E-07  4.8695162E-07
  -16.0000  1.0273716E-05  5.9608181E-06  2.0948298E-06
  -15.0000  2.1381683E-05  2.9445990E-04  1.1052494E-05
  -14.0000  1.3237766E-06  7.1790573E-06  4.3924886E-06
  -13.0000  7.3717087E-04  5.2955726E-05  1.9082394E-02
  -12.0000  1.9594015E-05  3.5196093E-06  1.1543155E-05
  -11.0000  5.9997839E-02  3.7530269E-03  3.8969029E-02
  -10.0000  1.0645019E-02  1.6904729E-04  6.0358762E-04
  -9.00000  4.8127962E-04  2.6588995E-05  2.5633368E-05
  -8.00000  3.6545828E-03  4.8074873E-04  4.8574508E-05
  -7.00000  5.3863647E-03  2.9623805E-04  5.3560328E-03
  -6.00000  2.4646659E-03  4.6383375E-03  3.4303643E-03
  -5.00000  1.2103644E-03  1.4042823E-03  2.7905324E-02
  -4.00000  2.3494070E-02  2.0881451E-02  2.7994238E-03
  -3.00000  2.8343787E-03  7.2648649E-03  1.1139592E-03
  -2.00000  2.0449770E-03  2.0661670E-02  1.2105266E-02
  -1.00000  3.9916613E-04  1.3370772E-03  3.1347201E-04
   0.00000  1.8207998E-02  1.4720373E-03  1.1124292E-02
   1.00000  9.0060153E-04  1.0257707E-03  4.7928702E-04
   2.00000  8.0786843E-04  1.3414476E-03  4.2359702E-04
   3.00000  1.3126028E-03  2.3231080E-03  6.7167233E-04
   4.00000  2.3974533E-03  3.2724193E-03  1.2543353E-03
   5.00000  2.6808599E-03  4.4123662E-03  2.6619435E-03
   5.20000  2.8071778E-03  4.7657205E-03  3.2263785E-03
   5.40000  2.9935592E-03  5.1837365E-03  3.9826010E-03
   5.60000  3.2579975E-03  5.6886324E-03  5.0022605E-03
   5.80000  3.6182759E-03  6.3078662E-03  6.3751960E-03
   6.00000  4.0886755E-03  7.0754770E-03  8.2034641E-03
   6.20000  4.6866945E-03  7.9859094E-03  1.0583245E-02
   6.40000  5.4374557E-03  9.0261460E-03  1.3532905E-02
   6.60000  6.3769986E-03  1.0108142E-02  1.6816094E-02
   6.80000  7.5620700E-03  1.1093261E-02  1.9774653E-02
   7.00000  9.0711407E-03  1.1941670E-02  2.1698675E-02
   7.20000  1.0997171E-02  1.2877857E-02  2.2818841E-02
   7.40000  1.3451962E-02  1.4244633E-02  2.4336782E-02
   7.60000  1.6424270E-02  1.6278454E-02  2.7166483E-02
   7.80000  1.9753759E-02  1.9129120E-02  3.1371645E-02
   8.00000  2.2822497E-02  2.2813693E-02  3.5690494E-02
   8.20000  2.4696438E-02  2.7011044E-02  3.8023118E-02
   8.40000  2.4983364E-02  3.1168861E-02  3.7460524E-02
   8.60000  2.4280496E-02  3.5170862E-02  3.5130823E-02
   8.80000  2.3460043E-02  3.9517704E-02  3.2581019E-02
   9.00000  2.3073645E-02  4.4856493E-02  3.0739314E-02
   9.20000  2.3313930E-02  5.1585240E-02  3.0013155E-02
   9.40000  2.3970651E-02  5.9547625E-02  3.0454135E-02
   9.60000  2.5237112E-02  6.8381507E-02  3.1935939E-02
   9.80000  2.6806757E-02  7.6970441E-02  3.4315945E-02
   10.0000  2.8487199E-02  8.3834603E-02  3.7174632E-02
   10.2500  3.0336477E-02  8.8327349E-02  4.0902970E-02
   10.5000  3.1861446E-02  8.7792805E-02  4.3124976E-02
   10.7500  3.2915915E-02  8.3658179E-02  4.3738544E-02
   11.0000  3.3196258E-02  7.6803404E-02  4.2639116E-02
   11.2500  3.3706439E-02  6.9761408E-02  4.1298213E-02
   11.5000  3.4080834E-02  6.2127661E-02  3.9662703E-02
   11.7500  3.4409579E-02  5.4331231E-02  3.8070833E-02
   12.0000  3.4393881E-02  4.7153143E-02  3.6674723E-02
   12.2500  3.4876090E-02  4.0685594E-02  3.5270851E-02
   12.5000  3.5120604E-02  3.5200016E-02  3.4286749E-02
   12.7500  3.4784362E-02  3.0914593E-02  3.3911607E-02
   13.0000  3.4788883E-02  2.7421440E-02  3.2966052E-02
   13.2500  3.4657858E-02  2.4658472E-02  3.2206598E-02
   13.5000  3.4459287E-02  2.2479602E-02  3.1575268E-02
   13.7500  3.4246635E-02  2.0756602E-02  3.1104227E-02
   14.0000  3.4080458E-02  1.9391388E-02  3.0820436E-02
   14.2500  3.4016188E-02  1.8310250E-02  3.0744739E-02
   14.5000  3.4099969E-02  1.7458087E-02  3.0893129E-02
   14.7500  3.4357405E-02  1.6791546E-02  3.1271389E-02
   15.0000  3.4803843E-02  1.6278775E-02  3.1880393E-02
   15.2500  3.5440235E-02  1.5894923E-02  3.2710893E-02
   15.5000  3.6252017E-02  1.5619958E-02  3.3737055E-02
   15.7500  3.7209414E-02  1.5438104E-02  3.4914502E-02
   16.0000  3.8267162E-02  1.5336912E-02  3.6178406E-02
   16.2500  3.9362987E-02  1.5306537E-02  3.7442867E-02
   16.5000  4.0418673E-02  1.5338621E-02  3.8612749E-02
   16.7500  4.1344486E-02  1.5425935E-02  3.9595752E-02
   17.0000  4.2048743E-02  1.5562539E-02  4.0321432E-02
   17.2500  4.2451266E-02  1.5743669E-02  4.0751711E-02
   17.5000  4.2500575E-02  1.5965058E-02  4.0883406E-02
   17.7500  4.2185953E-02  1.6223841E-02  4.0745911E-02
   18.0000  4.1542131E-02  1.6518213E-02  4.0388447E-02
   18.2500  4.0637136E-02  1.6847519E-02  3.9865216E-02
   18.5000  3.9562146E-02  1.7211170E-02  3.9230915E-02
   18.7500  3.8415486E-02  1.7609683E-02  3.8533863E-02
   19.0000  3.7285268E-02  1.8043557E-02  3.7812771E-02
   19.2500  3.6243550E-02  1.8515140E-02  3.7096729E-02
   19.5000  3.5342195E-02  1.9025806E-02  3.6407885E-02
   19.7500  3.4615069E-02  1.9578420E-02  3.5762758E-02
   20.0000  3.4082361E-02  2.0175924E-02  3.5171659E-02
   21.0000  3.3970878E-02  2.3045923E-02  3.3415206E-02
   22.0000  3.6414662E-02  2.6653116E-02  3.2390373E-02
   23.0000  3.9027111E-02  3.0773308E-02  3.1444462E-02
   24.0000  3.8854068E-02  3.5022012E-02  3.0241397E-02
   25.0000  3.5670335E-02  3.8702594E-02  2.8862740E-02
   26.0000  3.2155850E-02  4.0988702E-02  2.7569313E-02
   27.0000  2.9861510E-02  4.1475583E-02  2.6661978E-02
   28.0000  2.8335352E-02  4.0492551E-02  2.6184591E-02
   29.0000  2.7133818E-02  3.8752605E-02  2.5960882E-02
   30.0000  2.6285701E-02  3.6560936E-02  2.5927166E-02
   31.0000  2.5639403E-02  3.4805311E-02  2.6118960E-02
   32.0000  2.5196230E-02  3.3283206E-02  2.6358917E-02
   33.0000  2.4892387E-02  3.1973033E-02  2.6523638E-02
   34.0000  2.4656069E-02  3.0802423E-02  2.6538239E-02
   35.0000  2.4439327E-02  2.9679205E-02  2.6384660E-02
   36.0000  2.4239308E-02  2.8521839E-02  2.6098401E-02
   37.0000  2.4101646E-02  2.7269641E-02  2.5756060E-02
   38.0000  2.4087296E-02  2.5886888E-02  2.5438714E-02
   39.0000  2.4206959E-02  2.4387950E-02  2.5185464E-02
   40.0000  2.4377889E-02  2.2843125E-02  2.4993819E-02
