  7709.000   27  1  1  1.9222038E-02 -4.8166398E+00 -3.9735762E-01  1  1  7.5666119E+03  8.0000000E+03  0.0000000E+00  1.1792254E+00  1.0000000E+00  0.0000000E+00  = E_edge, Z, n_edge, j_edge, Abs_before_edge, VO_interstitial, E_cut, ninit, ninit1, Epsii, UnitCell_Volume, Surface_ref, f0_forward, natomsym_f, abs_u_iso
    Energy   (100,001)      (010,001)      (001,110)   
  -25.0000  2.2253606E-08  4.6591421E-10  1.8581610E-09
  -24.0000  9.1010473E-08  8.8464440E-10  6.2059467E-09
  -23.0000  1.1801531E-06  2.2369248E-09  7.4670801E-08
  -22.0000  2.1200781E-06  5.9234417E-09  2.8149452E-07
  -21.0000  1.2442084E-04  4.0847490E-08  3.1618426E-06
  -20.0000  2.9631027E-06  4.2755775E-08  2.3268054E-06
  -19.0000  1.9964825E-06  4.7552898E-08  1.2169530E-06
  -18.0000  2.0247134E-06  1.0392891E-07  4.0069638E-07
  -17.0000  3.5549029E-06  3.7298040E-07  3.8902094E-07
  -16.0000  1.9369199E-05  2.4819648E-06  1.2411914E-06
  -15.0000  1.8700424E-05  2.0015211E-02  2.3828885E-04
  -14.0000  6.9273200E-07  9.5360675E-06  2.4951402E-06
  -13.0000  7.8250053E-05  4.7919255E-06  6.1764506E-04
  -12.0000  1.2468998E-02  4.4518994E-03  2.0289226E-01
  -11.0000  1.9358554E-04  5.8071142E-05  1.0032111E-04
  -10.0000  1.7953659E-03  2.3346985E-03  1.0783088E-03
  -9.00000  3.3455950E-04  1.5501855E-05  1.7290908E-05
  -8.00000  1.0472971E-03  2.9237098E-05  8.2533359E-05
  -7.00000  6.5965077E-04  3.0087962E-04  4.5151858E-04
  -6.00000  2.9848511E-03  8.8549398E-05  1.2584668E-03
  -5.00000  3.2178429E-03  4.2415698E-04  3.2801719E-03
  -4.00000  4.6654434E-03  5.6064399E-03  7.2644121E-04
  -3.00000  1.2143236E-03  7.6693784E-03  4.8387742E-04
  -2.00000  6.9935851E-04  3.6509954E-03  1.0607550E-03
  -1.00000  5.4437407E-04  1.3430907E-03  2.5428597E-04
   0.00000  4.9794471E-03  1.3805528E-03  3.5450392E-03
   1.00000  5.1619959E-04  1.0482524E-03  5.6074547E-04
   2.00000  6.1741237E-04  1.3607604E-03  1.5506650E-03
   3.00000  8.1459093E-04  2.0397775E-03  2.6564639E-03
   4.00000  1.1435610E-03  3.0559446E-03  2.9581031E-03
   5.00000  1.9022064E-03  4.9869201E-03  4.0133677E-03
   5.20000  2.0977076E-03  5.5393247E-03  4.4793232E-03
   5.40000  2.3011164E-03  6.1630944E-03  5.0415821E-03
   5.60000  2.5132422E-03  6.8459034E-03  5.6394453E-03
   5.80000  2.7381402E-03  7.5632204E-03  6.1527174E-03
   6.00000  2.9831828E-03  8.3082615E-03  6.4803827E-03
   6.20000  3.2593205E-03  9.1152199E-03  6.6497648E-03
   6.40000  3.5849421E-03  1.0048502E-02  6.8035928E-03
   6.60000  3.9812879E-03  1.1132845E-02  7.1120354E-03
   6.80000  4.4849255E-03  1.2381113E-02  7.7220282E-03
   7.00000  5.1564954E-03  1.3804640E-02  8.7572751E-03
   7.20000  6.0997999E-03  1.5470801E-02  1.0324095E-02
   7.40000  7.4750041E-03  1.7445223E-02  1.2509639E-02
   7.60000  9.5666976E-03  1.9746400E-02  1.5492103E-02
   7.80000  1.2609756E-02  2.2511439E-02  1.9276460E-02
   8.00000  1.6133733E-02  2.5742512E-02  2.3703818E-02
   8.20000  1.8388602E-02  2.9304361E-02  2.8340346E-02
   8.40000  1.8722429E-02  3.3075593E-02  3.2618010E-02
   8.60000  1.8540858E-02  3.7132013E-02  3.6076575E-02
   8.80000  1.8819509E-02  4.1757510E-02  3.8629923E-02
   9.00000  1.9723062E-02  4.7342227E-02  4.0483580E-02
   9.20000  2.1186663E-02  5.4235379E-02  4.1847697E-02
   9.40000  2.3148906E-02  6.2645496E-02  4.2807028E-02
   9.60000  2.5596030E-02  7.2472531E-02  4.3281754E-02
   9.80000  2.8536285E-02  8.3087866E-02  4.3434161E-02
   10.0000  3.1385156E-02  9.2658215E-02  4.3186484E-02
   10.2500  3.6242198E-02  1.0022976E-01  4.2284950E-02
   10.5000  4.1170248E-02  9.9072693E-02  4.0938235E-02
   10.7500  4.5599168E-02  8.9772454E-02  4.0380067E-02
   11.0000  4.8669228E-02  7.6389206E-02  4.0558739E-02
   11.2500  4.9189282E-02  6.2893110E-02  4.1985927E-02
   11.5000  4.8752425E-02  5.1518361E-02  4.2884666E-02
   11.7500  4.7188948E-02  4.2555731E-02  4.3617291E-02
   12.0000  4.5335755E-02  3.5716514E-02  4.3854191E-02
   12.2500  4.3183873E-02  3.0665273E-02  4.3629313E-02
   12.5000  4.1242842E-02  2.6913432E-02  4.2884236E-02
   12.7500  3.9599090E-02  2.4153326E-02  4.1980123E-02
   13.0000  3.8372337E-02  2.2029340E-02  4.0717162E-02
   13.2500  3.7356169E-02  2.0474854E-02  3.9288748E-02
   13.5000  3.6782924E-02  1.9205626E-02  3.8124555E-02
   13.7500  3.6577146E-02  1.8177906E-02  3.6956766E-02
   14.0000  3.6670965E-02  1.7343621E-02  3.6367719E-02
   14.2500  3.7049365E-02  1.6667620E-02  3.6036246E-02
   14.5000  3.7694569E-02  1.6116388E-02  3.5946715E-02
   14.7500  3.8581459E-02  1.5665993E-02  3.6066179E-02
   15.0000  3.9670695E-02  1.5302319E-02  3.6354102E-02
   15.2500  4.0903131E-02  1.5016368E-02  3.6763626E-02
   15.5000  4.2176030E-02  1.4801826E-02  3.7237204E-02
   15.7500  4.3372991E-02  1.4657253E-02  3.7720335E-02
   16.0000  4.4355747E-02  1.4583319E-02  3.8159543E-02
   16.2500  4.4991921E-02  1.4581664E-02  3.8507669E-02
   16.5000  4.5183546E-02  1.4653157E-02  3.8726402E-02
   16.7500  4.4893877E-02  1.4796921E-02  3.8788906E-02
   17.0000  4.4157277E-02  1.5010690E-02  3.8685209E-02
   17.2500  4.3071302E-02  1.5290834E-02  3.8422932E-02
   17.5000  4.1769150E-02  1.5631214E-02  3.8023855E-02
   17.7500  4.0392246E-02  1.6025668E-02  3.7522146E-02
   18.0000  3.9065283E-02  1.6468435E-02  3.6956524E-02
   18.2500  3.7884472E-02  1.6953710E-02  3.6363591E-02
   18.5000  3.6915146E-02  1.7476959E-02  3.5774123E-02
   18.7500  3.6193851E-02  1.8034536E-02  3.5211351E-02
   19.0000  3.5738347E-02  1.8624071E-02  3.4691056E-02
   19.2500  3.5546884E-02  1.9244145E-02  3.4221555E-02
   19.5000  3.5609901E-02  1.9894139E-02  3.3806948E-02
   19.7500  3.5912907E-02  2.0573885E-02  3.3449307E-02
   20.0000  3.6438303E-02  2.1284024E-02  3.3148371E-02
   21.0000  4.0320497E-02  2.4462639E-02  3.2441147E-02
   22.0000  4.5286737E-02  2.8247265E-02  3.2300969E-02
   23.0000  4.6934971E-02  3.2596725E-02  3.2322565E-02
   24.0000  4.2267605E-02  3.7022299E-02  3.2110882E-02
   25.0000  3.4453926E-02  4.0634867E-02  3.1294964E-02
   26.0000  2.8987278E-02  4.1779201E-02  3.0162488E-02
   27.0000  2.5868891E-02  4.1003100E-02  2.8885710E-02
   28.0000  2.4326840E-02  3.9098700E-02  2.7754497E-02
   29.0000  2.3613993E-02  3.6851643E-02  2.6957960E-02
   30.0000  2.3299547E-02  3.4731086E-02  2.6515715E-02
   31.0000  2.3165366E-02  3.2897642E-02  2.6316952E-02
   32.0000  2.3093885E-02  3.1349810E-02  2.6224262E-02
   33.0000  2.3000325E-02  3.0010646E-02  2.6112279E-02
   34.0000  2.2832910E-02  2.8785635E-02  2.5893817E-02
   35.0000  2.2564498E-02  2.7586504E-02  2.5515546E-02
   36.0000  2.2197016E-02  2.6356415E-02  2.4950436E-02
   37.0000  2.1754223E-02  2.5075230E-02  2.4183682E-02
   38.0000  2.1269529E-02  2.3747625E-02  2.3226688E-02
   39.0000  2.0782883E-02  2.2405479E-02  2.2164055E-02
   40.0000  2.0321166E-02  2.1092212E-02  2.1173058E-02
