  7709.000   27  1  1  1.9222038E-02 -5.0006938E+00 -5.2599473E-01  1  1  7.5667965E+03  8.0000000E+03  0.0000000E+00  1.1792254E+00  1.0000000E+00  0.0000000E+00  = E_edge, Z, n_edge, j_edge, Abs_before_edge, VO_interstitial, E_cut, ninit, ninit1, Epsii, UnitCell_Volume, Surface_ref, f0_forward, natomsym_f, abs_u_iso
    Energy   (100,001)      (010,001)      (001,110)   
  -25.0000  1.4807439E-08  5.4377209E-10  1.7307791E-09
  -24.0000  4.9708677E-08  1.0585211E-09  5.1567406E-09
  -23.0000  2.8768667E-07  2.4582345E-09  2.9213519E-08
  -22.0000  8.6380006E-06  3.1114161E-08  1.3646695E-06
  -21.0000  2.2541282E-05  2.0184754E-08  2.1253933E-06
  -20.0000  2.3484967E-06  1.8513702E-06  6.8163918E-05
  -19.0000  7.0653397E-06  2.0497757E-07  5.2174576E-06
  -18.0000  2.0440544E-06  1.3323458E-07  6.8631335E-07
  -17.0000  2.5127098E-06  4.5582591E-07  5.5249087E-07
  -16.0000  5.8680381E-06  3.2460555E-06  1.2277074E-06
  -15.0000  1.7211389E-03  3.6258231E-02  2.7376589E-04
  -14.0000  9.7649787E-07  8.7483293E-06  2.0190084E-06
  -13.0000  7.5809159E-06  4.3254154E-06  6.4269261E-06
  -12.0000  5.4743869E-05  4.0510527E-06  1.4477180E-04
  -11.0000  8.3837644E-03  3.5560889E-05  2.3475606E-04
  -10.0000  5.2597099E-02  2.1543711E-04  6.5141896E-04
  -9.00000  3.8228616E-04  2.9549314E-05  2.5234123E-04
  -8.00000  9.5872020E-04  2.5969882E-04  5.6108829E-04
  -7.00000  7.7717091E-04  8.1150282E-05  2.1144923E-04
  -6.00000  1.8134491E-02  1.9167483E-04  2.7862883E-03
  -5.00000  4.3811174E-03  1.9480119E-03  6.0655982E-03
  -4.00000  2.8360312E-03  7.6183286E-03  6.3540600E-03
  -3.00000  2.2493019E-03  7.4007388E-03  2.9443775E-03
  -2.00000  2.3721892E-03  4.0424227E-03  1.1620356E-03
  -1.00000  6.8933204E-04  1.4670741E-03  2.5367744E-04
   0.00000  2.6975283E-03  1.3269283E-03  1.8965733E-03
   1.00000  6.7609540E-04  1.1198056E-03  3.0590769E-04
   2.00000  9.7263054E-04  1.3271928E-03  4.3049199E-04
   3.00000  1.5402743E-03  1.9156513E-03  7.6496744E-04
   4.00000  2.1429577E-03  2.9087282E-03  1.5715821E-03
   5.00000  2.8287573E-03  4.0767745E-03  3.0795352E-03
   5.20000  3.0290352E-03  4.3853719E-03  3.4938593E-03
   5.40000  3.2510900E-03  4.7392001E-03  3.9879467E-03
   5.60000  3.5008910E-03  5.1462131E-03  4.5952132E-03
   5.80000  3.7864686E-03  5.6121522E-03  5.3583222E-03
   6.00000  4.1176634E-03  6.1405803E-03  6.3316053E-03
   6.20000  4.5066073E-03  6.7333983E-03  7.5838714E-03
   6.40000  4.9701307E-03  7.3965471E-03  9.2008202E-03
   6.60000  5.5260049E-03  8.1359994E-03  1.1277123E-02
   6.80000  6.1968400E-03  8.9585873E-03  1.3887845E-02
   7.00000  7.0055047E-03  9.8720557E-03  1.7024116E-02
   7.20000  7.9696016E-03  1.0883440E-02  2.0488165E-02
   7.40000  9.0992271E-03  1.1996474E-02  2.3821539E-02
   7.60000  1.0408664E-02  1.3213888E-02  2.6421605E-02
   7.80000  1.1941582E-02  1.4574199E-02  2.7846370E-02
   8.00000  1.3748559E-02  1.6046027E-02  2.8265353E-02
   8.20000  1.5866413E-02  1.7694807E-02  2.8030363E-02
   8.40000  1.8214911E-02  1.9581265E-02  2.7557619E-02
   8.60000  2.0737424E-02  2.1791678E-02  2.7142220E-02
   8.80000  2.3192667E-02  2.4458845E-02  2.6242909E-02
   9.00000  2.5670603E-02  2.7655140E-02  2.5954425E-02
   9.20000  2.8208730E-02  3.1649594E-02  2.6032479E-02
   9.40000  3.0146403E-02  3.6464911E-02  2.6131300E-02
   9.60000  3.3271099E-02  4.2169612E-02  2.6686110E-02
   9.80000  3.6923069E-02  4.8834853E-02  2.7283939E-02
   10.0000  4.0928652E-02  5.6422695E-02  2.7843002E-02
   10.2500  4.5877819E-02  6.6757873E-02  2.8509289E-02
   10.5000  4.9965126E-02  7.6723943E-02  2.9403586E-02
   10.7500  5.2231445E-02  8.4072441E-02  3.1105646E-02
   11.0000  5.3182240E-02  8.6785252E-02  3.3511309E-02
   11.2500  5.2770071E-02  8.4246374E-02  3.6624606E-02
   11.5000  5.1298320E-02  7.7700224E-02  4.0073781E-02
   11.7500  4.9167188E-02  6.8951160E-02  4.3659439E-02
   12.0000  4.6674906E-02  6.0281576E-02  4.6840074E-02
   12.2500  4.4153888E-02  5.2346987E-02  4.8463977E-02
   12.5000  4.1806012E-02  4.5662650E-02  4.8585086E-02
   12.7500  3.9959344E-02  4.0028305E-02  4.8128934E-02
   13.0000  3.8571986E-02  3.5421994E-02  4.7048103E-02
   13.2500  3.7630421E-02  3.1682737E-02  4.5718000E-02
   13.5000  3.6799318E-02  2.8677021E-02  4.4307455E-02
   13.7500  3.6622265E-02  2.6223062E-02  4.3172977E-02
   14.0000  3.6587038E-02  2.4211032E-02  4.2303072E-02
   14.2500  3.6858954E-02  2.2584143E-02  4.1693461E-02
   14.5000  3.7257719E-02  2.1251141E-02  4.1341657E-02
   14.7500  3.7721863E-02  2.0156639E-02  4.1232900E-02
   15.0000  3.8200947E-02  1.9258977E-02  4.1354379E-02
   15.2500  3.8641196E-02  1.8519955E-02  4.1694299E-02
   15.5000  3.9011477E-02  1.7915723E-02  4.2239766E-02
   15.7500  3.9284377E-02  1.7425857E-02  4.2968482E-02
   16.0000  3.9438611E-02  1.7034612E-02  4.3849070E-02
   16.2500  3.9458668E-02  1.6729756E-02  4.4827236E-02
   16.5000  3.9334899E-02  1.6502731E-02  4.5824446E-02
   16.7500  3.9064824E-02  1.6348162E-02  4.6738984E-02
   17.0000  3.8651980E-02  1.6262436E-02  4.7453096E-02
   17.2500  3.8108487E-02  1.6243793E-02  4.7857653E-02
   17.5000  3.7455549E-02  1.6292055E-02  4.7877025E-02
   17.7500  3.6723005E-02  1.6406492E-02  4.7487713E-02
   18.0000  3.5948123E-02  1.6584456E-02  4.6726322E-02
   18.2500  3.5170385E-02  1.6822910E-02  4.5672656E-02
   18.5000  3.4427969E-02  1.7117742E-02  4.4428017E-02
   18.7500  3.3755807E-02  1.7462708E-02  4.3091067E-02
   19.0000  3.3180529E-02  1.7852513E-02  4.1744706E-02
   19.2500  3.2722219E-02  1.8281634E-02  4.0449083E-02
   19.5000  3.2392447E-02  1.8745699E-02  3.9240640E-02
   19.7500  3.2197332E-02  1.9240567E-02  3.8139746E-02
   20.0000  3.2138265E-02  1.9763286E-02  3.7153604E-02
   21.0000  3.3177489E-02  2.2086202E-02  3.4256829E-02
   22.0000  3.5814771E-02  2.4771697E-02  3.2534310E-02
   23.0000  3.9077731E-02  2.7894829E-02  3.1354831E-02
   24.0000  4.1176248E-02  3.2079601E-02  3.0181889E-02
   25.0000  4.0706842E-02  3.5343387E-02  2.9036780E-02
   26.0000  3.7783012E-02  3.7749670E-02  2.7778723E-02
   27.0000  3.3933985E-02  3.9046831E-02  2.6461244E-02
   28.0000  3.0278836E-02  3.9345956E-02  2.5231059E-02
   29.0000  2.7401644E-02  3.8951336E-02  2.4259561E-02
   30.0000  2.5461596E-02  3.8179383E-02  2.3634049E-02
   31.0000  2.4302154E-02  3.7258385E-02  2.3327139E-02
   32.0000  2.3648661E-02  3.6296403E-02  2.3242503E-02
   33.0000  2.3246965E-02  3.5324354E-02  2.3271185E-02
   34.0000  2.2917814E-02  3.4322026E-02  2.3320064E-02
   35.0000  2.2552250E-02  3.3254762E-02  2.3317707E-02
   36.0000  2.2102811E-02  3.2084860E-02  2.3207703E-02
   37.0000  2.1568020E-02  3.0779723E-02  2.2941367E-02
   38.0000  2.0989676E-02  2.9321901E-02  2.2524895E-02
   39.0000  2.0451071E-02  2.7719616E-02  2.2012975E-02
   40.0000  1.9998553E-02  2.6027892E-02  2.1520066E-02
