  7709.000   27  1  1  1.9222038E-02 -4.7380078E+00 -3.6695885E-01  1  1  7.5666144E+03  8.0000000E+03  0.0000000E+00  1.1792254E+00  1.0000000E+00  0.0000000E+00  = E_edge, Z, n_edge, j_edge, Abs_before_edge, VO_interstitial, E_cut, ninit, ninit1, Epsii, UnitCell_Volume, Surface_ref, f0_forward, natomsym_f, abs_u_iso
    Energy   (100,001)      (010,001)      (001,110)   
  -25.0000  8.5496063E-09  4.7594132E-10  1.0242717E-09
  -24.0000  2.2252058E-08  8.9758494E-10  2.4062381E-09
  -23.0000  6.7500828E-08  1.8019939E-09  6.5363887E-09
  -22.0000  2.6774934E-07  4.1131584E-09  2.3379516E-08
  -21.0000  2.0832404E-06  1.5918153E-08  1.7922866E-07
  -20.0000  6.7177165E-05  4.5004738E-07  9.0805479E-06
  -19.0000  1.4316979E-05  1.2229307E-07  5.9046466E-06
  -18.0000  6.7973139E-06  5.8226672E-07  2.0654784E-05
  -17.0000  9.2444628E-06  4.6254637E-07  2.4903043E-06
  -16.0000  2.9588655E-05  3.2911041E-06  1.3867988E-06
  -15.0000  7.2280110E-04  2.3726779E-02  4.4986600E-04
  -14.0000  4.6321897E-04  1.0734366E-05  6.1581456E-06
  -13.0000  2.1299102E-06  4.3505335E-06  4.3879070E-06
  -12.0000  5.8918873E-06  3.5547257E-06  2.4087888E-05
  -11.0000  1.7294332E-04  2.3404801E-05  8.6200531E-04
  -10.0000  1.8133704E-03  5.8432343E-05  7.9212315E-04
  -9.00000  3.1359644E-03  4.6985067E-05  1.9531439E-04
  -8.00000  6.2740827E-04  7.4962527E-05  4.4884665E-04
  -7.00000  1.3143090E-03  9.7495710E-04  1.1674877E-04
  -6.00000  5.6035415E-03  5.2241008E-03  1.0594036E-02
  -5.00000  1.4743158E-02  1.7817350E-03  6.6782700E-02
  -4.00000  1.7455666E-02  3.9637202E-03  3.9639233E-03
  -3.00000  1.2528274E-03  1.2982767E-02  1.4111311E-03
  -2.00000  1.5177594E-03  2.1028381E-02  1.1487241E-02
  -1.00000  4.6542950E-04  1.5268041E-03  2.9149626E-04
   0.00000  3.8283027E-03  2.9848426E-03  1.5848946E-03
   1.00000  1.1453048E-03  1.3896745E-03  9.3588783E-04
   2.00000  9.3681064E-04  1.4222825E-03  6.1314816E-04
   3.00000  1.4451427E-03  2.1872746E-03  9.6482319E-04
   4.00000  1.9241047E-03  3.6539914E-03  2.1064262E-03
   5.00000  2.5936344E-03  7.6139769E-03  8.0420551E-03
   5.20000  2.8628021E-03  8.1129340E-03  7.9145504E-03
   5.40000  3.1580354E-03  7.9076868E-03  6.8609230E-03
   5.60000  3.4553088E-03  7.8860853E-03  6.6194155E-03
   5.80000  3.7116405E-03  8.3046846E-03  7.1725062E-03
   6.00000  3.9071375E-03  8.8894251E-03  7.8217613E-03
   6.20000  4.0771638E-03  9.3852196E-03  8.2066885E-03
   6.40000  4.2748117E-03  9.7614286E-03  8.3129745E-03
   6.60000  4.5105585E-03  1.0085081E-02  8.2052530E-03
   6.80000  4.7732408E-03  1.0443303E-02  7.9230191E-03
   7.00000  5.0485241E-03  1.0885714E-02  7.5313942E-03
   7.20000  5.3269992E-03  1.1460343E-02  7.1329418E-03
   7.40000  5.6107298E-03  1.2195412E-02  6.8160294E-03
   7.60000  5.9077372E-03  1.3112833E-02  6.6315320E-03
   7.80000  6.2268525E-03  1.4210133E-02  6.5748178E-03
   8.00000  6.5736823E-03  1.5560177E-02  6.6779939E-03
   8.20000  6.9565345E-03  1.7169345E-02  6.9067322E-03
   8.40000  7.3798535E-03  1.9107322E-02  7.2342060E-03
   8.60000  7.8473592E-03  2.1429200E-02  7.6735653E-03
   8.80000  8.3617127E-03  2.4214560E-02  8.2510598E-03
   9.00000  8.9242641E-03  2.7556495E-02  9.0086455E-03
   9.20000  9.5321329E-03  3.1548826E-02  1.0000696E-02
   9.40000  1.0183760E-02  3.6275741E-02  1.1279665E-02
   9.60000  1.0879516E-02  4.1784018E-02  1.2887938E-02
   9.80000  1.1656414E-02  4.8094969E-02  1.4800503E-02
   10.0000  1.2477144E-02  5.5026633E-02  1.7070100E-02
   10.2500  1.3722126E-02  6.4200001E-02  2.0245135E-02
   10.5000  1.5330054E-02  7.3208881E-02  2.3589047E-02
   10.7500  1.7457894E-02  8.0864466E-02  2.6850541E-02
   11.0000  2.0159831E-02  8.5717006E-02  2.9833875E-02
   11.2500  2.3064778E-02  8.6598156E-02  3.2064326E-02
   11.5000  2.6154117E-02  8.3016242E-02  3.4102750E-02
   11.7500  2.8411928E-02  7.6683661E-02  3.5362441E-02
   12.0000  2.9525497E-02  6.8839197E-02  3.6293912E-02
   12.2500  2.9908854E-02  6.0707020E-02  3.6430340E-02
   12.5000  2.9757799E-02  5.3037181E-02  3.6267384E-02
   12.7500  2.9434916E-02  4.6240942E-02  3.6034228E-02
   13.0000  2.8617332E-02  4.0435231E-02  3.5984291E-02
   13.2500  2.8584279E-02  3.5590368E-02  3.5999282E-02
   13.5000  2.8771229E-02  3.1623939E-02  3.6158358E-02
   13.7500  2.9176868E-02  2.8399268E-02  3.6447415E-02
   14.0000  2.9784568E-02  2.5786855E-02  3.6846579E-02
   14.2500  3.0571939E-02  2.3674093E-02  3.7337702E-02
   14.5000  3.1515127E-02  2.1968260E-02  3.7910516E-02
   14.7500  3.2587740E-02  2.0591850E-02  3.8560219E-02
   15.0000  3.3764613E-02  1.9486218E-02  3.9284983E-02
   15.2500  3.5019900E-02  1.8605994E-02  4.0082983E-02
   15.5000  3.6324370E-02  1.7909167E-02  4.0949040E-02
   15.7500  3.7656099E-02  1.7369572E-02  4.1873135E-02
   16.0000  3.8992923E-02  1.6964875E-02  4.2831703E-02
   16.2500  4.0314408E-02  1.6677560E-02  4.3785553E-02
   16.5000  4.1601164E-02  1.6494082E-02  4.4684167E-02
   16.7500  4.2832843E-02  1.6402749E-02  4.5467653E-02
   17.0000  4.3989626E-02  1.6394411E-02  4.6079130E-02
   17.2500  4.5049337E-02  1.6460553E-02  4.6475026E-02
   17.5000  4.5989091E-02  1.6593391E-02  4.6635295E-02
   17.7500  4.6786942E-02  1.6785423E-02  4.6567673E-02
   18.0000  4.7423219E-02  1.7030270E-02  4.6302185E-02
   18.2500  4.7885790E-02  1.7322079E-02  4.5884368E-02
   18.5000  4.8172439E-02  1.7657460E-02  4.5364296E-02
   18.7500  4.8294821E-02  1.8032980E-02  4.4788436E-02
   19.0000  4.8277580E-02  1.8447154E-02  4.4196115E-02
   19.2500  4.8155129E-02  1.8899434E-02  4.3613988E-02
   19.5000  4.7969783E-02  1.9389243E-02  4.3060481E-02
   19.7500  4.7764864E-02  1.9915718E-02  4.2544794E-02
   20.0000  4.7580578E-02  2.0477688E-02  4.2068967E-02
   21.0000  4.7553273E-02  2.3065065E-02  4.0496383E-02
   22.0000  4.8879092E-02  2.6075641E-02  3.9192176E-02
   23.0000  5.0430074E-02  2.9283199E-02  3.7914952E-02
   24.0000  5.0291464E-02  3.2369926E-02  3.6520328E-02
   25.0000  4.7469570E-02  3.4971687E-02  3.4915271E-02
   26.0000  4.2567298E-02  3.6800794E-02  3.3126382E-02
   27.0000  3.7005481E-02  3.7717007E-02  3.1315628E-02
   28.0000  3.2074038E-02  3.7815322E-02  2.9694211E-02
   29.0000  2.8369057E-02  3.7343213E-02  2.8428345E-02
   30.0000  2.5886030E-02  3.6566253E-02  2.7568407E-02
   31.0000  2.4383855E-02  3.5434120E-02  2.7019337E-02
   32.0000  2.3623537E-02  3.4518577E-02  2.6833172E-02
   33.0000  2.3301440E-02  3.3581974E-02  2.6810709E-02
   34.0000  2.3278524E-02  3.2608812E-02  2.6869346E-02
   35.0000  2.3444702E-02  3.1559776E-02  2.6927248E-02
   36.0000  2.3694943E-02  3.0407051E-02  2.6901640E-02
   37.0000  2.3896594E-02  2.9138500E-02  2.6724061E-02
   38.0000  2.3909782E-02  2.7770784E-02  2.6371321E-02
   39.0000  2.3647089E-02  2.6326545E-02  2.5878172E-02
   40.0000  2.3139465E-02  2.4826254E-02  2.5288840E-02
