  7709.000   27  1  1  1.9222038E-02 -5.5847793E+00 -3.8324302E-01  1  1  7.5660940E+03  8.0000000E+03  0.0000000E+00  1.1792254E+00  1.0000000E+00  0.0000000E+00  = E_edge, Z, n_edge, j_edge, Abs_before_edge, VO_interstitial, E_cut, ninit, ninit1, Epsii, UnitCell_Volume, Surface_ref, f0_forward, natomsym_f, abs_u_iso
    Energy   (100,001)      (010,001)      (001,110)   
  -25.0000  8.1706363E-09  4.9359806E-10  1.6631720E-09
  -24.0000  2.2227018E-08  9.4380215E-10  4.1152459E-09
  -23.0000  7.5028462E-08  1.9728822E-09  1.2129381E-08
  -22.0000  4.3043690E-07  5.7517955E-09  5.4446812E-08
  -21.0000  2.4782680E-05  2.8413915E-07  3.5739086E-06
  -20.0000  1.0567783E-04  5.6294618E-08  5.1568793E-05
  -19.0000  3.4300278E-06  9.7191474E-08  1.7900133E-05
  -18.0000  2.7889338E-06  1.1995646E-07  1.6483775E-06
  -17.0000  2.7716304E-06  4.1476877E-07  8.2569988E-07
  -16.0000  5.4982963E-06  2.7976585E-06  1.4638649E-06
  -15.0000  4.4648802E-05  1.9956447E-03  9.7689038E-05
  -14.0000  3.6980143E-06  9.6259556E-06  7.0972010E-06
  -13.0000  5.8690575E-05  3.9759486E-06  8.3100394E-05
  -12.0000  1.5039011E-05  3.7358977E-06  7.7680382E-05
  -11.0000  1.7334510E-05  5.3632685E-06  4.6616818E-05
  -10.0000  1.6322426E-04  9.7777608E-05  3.4982336E-04
  -9.00000  2.0110878E-01  1.5919275E-03  2.2277070E-03
  -8.00000  7.8109813E-02  7.3034629E-04  1.4318080E-01
  -7.00000  4.9518949E-02  5.3052348E-05  4.7245637E-03
  -6.00000  1.3272909E-03  1.9920582E-04  1.3243454E-03
  -5.00000  3.5733830E-03  6.6947341E-03  6.4791741E-03
  -4.00000  8.3504305E-03  1.1904034E-02  6.2367925E-03
  -3.00000  9.7491196E-03  8.5471776E-03  2.7716650E-03
  -2.00000  2.6357420E-03  1.6237996E-02  9.5377462E-03
  -1.00000  5.2921722E-04  1.5002860E-03  3.1344202E-04
   0.00000  3.7759767E-02  1.5143346E-03  2.6400182E-02
   1.00000  8.3058560E-04  1.1533905E-03  4.8961812E-04
   2.00000  1.2997246E-03  1.4940967E-03  5.5437133E-04
   3.00000  2.0759124E-03  2.2761301E-03  1.1568632E-03
   4.00000  1.4646706E-03  3.5341672E-03  2.0067312E-03
   5.00000  2.6504272E-03  5.8855150E-03  4.4651147E-03
   5.20000  3.0568774E-03  6.4866624E-03  4.8696895E-03
   5.40000  3.5745288E-03  7.0499965E-03  5.0017116E-03
   5.60000  4.2067269E-03  7.5592895E-03  4.8957715E-03
   5.80000  4.8988031E-03  8.0688472E-03  4.7061433E-03
   6.00000  5.5651968E-03  8.5905663E-03  4.5929700E-03
   6.20000  6.1534203E-03  9.1939494E-03  4.6297744E-03
   6.40000  6.7095475E-03  9.9341729E-03  4.8368668E-03
   6.60000  7.3190839E-03  1.0867379E-02  5.2267844E-03
   6.80000  8.0295139E-03  1.2015927E-02  5.8164853E-03
   7.00000  8.8572726E-03  1.3404162E-02  6.6459966E-03
   7.20000  9.8067215E-03  1.5050818E-02  7.7742729E-03
   7.40000  1.0882871E-02  1.6973899E-02  9.2817485E-03
   7.60000  1.2091872E-02  1.9190227E-02  1.1255680E-02
   7.80000  1.3423084E-02  2.1713237E-02  1.3730589E-02
   8.00000  1.4806547E-02  2.4558805E-02  1.6546486E-02
   8.20000  1.6071751E-02  2.7767256E-02  1.9171526E-02
   8.40000  1.7010607E-02  3.1449373E-02  2.0819111E-02
   8.60000  1.7608331E-02  3.5809829E-02  2.1072648E-02
   8.80000  1.8059351E-02  4.1129127E-02  2.0381610E-02
   9.00000  1.8626929E-02  4.7640536E-02  1.9476759E-02
   9.20000  1.9568226E-02  5.5272338E-02  1.8941358E-02
   9.40000  2.0909917E-02  6.3973497E-02  1.8943570E-02
   9.60000  2.2557789E-02  7.3254487E-02  1.9764337E-02
   9.80000  2.4762653E-02  8.2499642E-02  2.0865852E-02
   10.0000  2.7368180E-02  9.0254945E-02  2.2344016E-02
   10.2500  3.1396192E-02  9.5763083E-02  2.4844741E-02
   10.5000  3.6048142E-02  9.4473521E-02  2.7742302E-02
   10.7500  4.0978550E-02  8.6678077E-02  3.0714519E-02
   11.0000  4.5573011E-02  7.5328318E-02  3.3480610E-02
   11.2500  4.8920541E-02  6.3597543E-02  3.5638622E-02
   11.5000  5.0586621E-02  5.3368487E-02  3.7662561E-02
   11.7500  5.0201413E-02  4.5133539E-02  3.8662175E-02
   12.0000  4.8642435E-02  3.8721556E-02  3.9768036E-02
   12.2500  4.6331358E-02  3.3759863E-02  4.0437076E-02
   12.5000  4.3761554E-02  2.9979055E-02  4.0542411E-02
   12.7500  4.1531935E-02  2.7046671E-02  4.0474285E-02
   13.0000  3.9510748E-02  2.4632853E-02  4.0169569E-02
   13.2500  3.7862804E-02  2.2704950E-02  3.9759670E-02
   13.5000  3.6584080E-02  2.1155518E-02  3.9353744E-02
   13.7500  3.5648132E-02  1.9905415E-02  3.9041513E-02
   14.0000  3.5019878E-02  1.8895801E-02  3.8889828E-02
   14.2500  3.4662659E-02  1.8081291E-02  3.8942751E-02
   14.5000  3.4541722E-02  1.7429423E-02  3.9229006E-02
   14.7500  3.4622513E-02  1.6908823E-02  3.9760570E-02
   15.0000  3.4876982E-02  1.6501805E-02  4.0543573E-02
   15.2500  3.5277310E-02  1.6193744E-02  4.1568079E-02
   15.5000  3.5792366E-02  1.5974208E-02  4.2810309E-02
   15.7500  3.6384364E-02  1.5836047E-02  4.4226465E-02
   16.0000  3.7002490E-02  1.5772883E-02  4.5746573E-02
   16.2500  3.7581603E-02  1.5779427E-02  4.7276744E-02
   16.5000  3.8045067E-02  1.5851156E-02  4.8705266E-02
   16.7500  3.8314761E-02  1.5984008E-02  4.9915864E-02
   17.0000  3.8327319E-02  1.6174046E-02  5.0808125E-02
   17.2500  3.8050703E-02  1.6416658E-02  5.1311908E-02
   17.5000  3.7495711E-02  1.6707903E-02  5.1399721E-02
   17.7500  3.6715082E-02  1.7044784E-02  5.1087734E-02
   18.0000  3.5789393E-02  1.7425595E-02  5.0426634E-02
   18.2500  3.4813132E-02  1.7850050E-02  4.9486732E-02
   18.5000  3.3875626E-02  1.8319306E-02  4.8347407E-02
   18.7500  3.3049306E-02  1.8834870E-02  4.7084264E-02
   19.0000  3.2386352E-02  1.9399202E-02  4.5761456E-02
   19.2500  3.1918817E-02  2.0015877E-02  4.4430754E-02
   19.5000  3.1661147E-02  2.0687646E-02  4.3132972E-02
   19.7500  3.1615501E-02  2.1416964E-02  4.1896431E-02
   20.0000  3.1773941E-02  2.2204746E-02  4.0738916E-02
   21.0000  3.4090287E-02  2.5904851E-02  3.7022477E-02
   22.0000  3.7784919E-02  3.0176290E-02  3.4610688E-02
   23.0000  4.0652172E-02  3.4394059E-02  3.2979046E-02
   24.0000  4.1174727E-02  3.7928261E-02  3.1612591E-02
   25.0000  3.9470060E-02  4.0174892E-02  3.0265040E-02
   26.0000  3.6577910E-02  4.0755886E-02  2.8956285E-02
   27.0000  3.3510884E-02  3.9844618E-02  2.7808607E-02
   28.0000  3.0646661E-02  3.7807532E-02  2.6848438E-02
   29.0000  2.8695802E-02  3.5702351E-02  2.6273073E-02
   30.0000  2.7279843E-02  3.3702823E-02  2.5932258E-02
   31.0000  2.6312383E-02  3.1950696E-02  2.5752084E-02
   32.0000  2.5682575E-02  3.0463066E-02  2.5645268E-02
   33.0000  2.5280790E-02  2.9207884E-02  2.5542780E-02
   34.0000  2.5003546E-02  2.8129181E-02  2.5380341E-02
   35.0000  2.4763471E-02  2.7154704E-02  2.5087407E-02
   36.0000  2.4487655E-02  2.6212407E-02  2.4596532E-02
   37.0000  2.4110813E-02  2.5231840E-02  2.3882185E-02
   38.0000  2.3570907E-02  2.4139869E-02  2.3021446E-02
   39.0000  2.2838245E-02  2.2959488E-02  2.2203312E-02
   40.0000  2.2006727E-02  2.1721557E-02  2.1615625E-02
