  7709.000   27  1  1  1.9222038E-02 -5.1341538E+00 -4.0614445E-01  1  1  7.5666124E+03  8.0000000E+03  0.0000000E+00  1.1792254E+00  1.0000000E+00  0.0000000E+00  = E_edge, Z, n_edge, j_edge, Abs_before_edge, VO_interstitial, E_cut, ninit, ninit1, Epsii, UnitCell_Volume, Surface_ref, f0_forward, natomsym_f, abs_u_iso
    Energy   (100,001)      (010,001)      (001,110)   
  -25.0000  1.2883920E-08  6.0152096E-10  2.0670302E-09
  -24.0000  3.7560541E-08  1.1863025E-09  5.8449164E-09
  -23.0000  1.4048619E-07  2.7069953E-09  2.2285557E-08
  -22.0000  1.0275402E-06  1.2550028E-08  1.8812086E-07
  -21.0000  1.4690621E-05  5.6487051E-08  4.2337149E-06
  -20.0000  1.0924016E-05  2.8520427E-08  7.3464964E-06
  -19.0000  1.1348534E-05  1.1877463E-07  4.7116501E-05
  -18.0000  6.7980122E-06  2.6115779E-07  1.0072205E-05
  -17.0000  2.3737509E-05  8.7516848E-07  1.6476379E-06
  -16.0000  2.4925381E-05  6.6931755E-06  3.1345772E-06
  -15.0000  2.1507023E-05  4.2814277E-04  1.6959669E-05
  -14.0000  3.1895337E-06  7.4831017E-06  3.4899231E-06
  -13.0000  2.2001509E-06  4.0454467E-06  1.0076620E-05
  -12.0000  3.0698890E-04  4.6782327E-06  2.0355451E-03
  -11.0000  1.0221851E-03  2.6895552E-04  1.8899324E-04
  -10.0000  7.3929256E-04  1.2165557E-04  2.2480875E-04
  -9.00000  1.1041801E-03  4.9546222E-05  1.0791059E-04
  -8.00000  2.1359927E-03  3.7401493E-04  1.5794170E-03
  -7.00000  4.0479577E-03  3.7044804E-03  6.8153890E-03
  -6.00000  4.6724819E-03  1.0001651E-03  8.3762306E-04
  -5.00000  1.2358697E-02  2.2874232E-03  1.1418968E-02
  -4.00000  3.6128330E-03  9.5365406E-03  5.5406450E-03
  -3.00000  2.9368019E-03  2.0035566E-02  1.0692806E-02
  -2.00000  7.8238454E-04  1.2344150E-02  4.1624676E-03
  -1.00000  4.2090028E-04  1.4279840E-03  3.4881517E-04
   0.00000  6.6506736E-03  1.4256683E-03  6.7831765E-03
   1.00000  1.0997518E-03  1.0847951E-03  9.5530765E-04
   2.00000  1.1694655E-03  1.4138319E-03  1.4072083E-03
   3.00000  1.4865930E-03  2.2499845E-03  4.1331690E-03
   4.00000  2.4451330E-03  3.9107061E-03  6.4881675E-03
   5.00000  2.9262531E-03  4.9730210E-03  5.2216278E-03
   5.20000  2.9834443E-03  5.3093789E-03  5.3015297E-03
   5.40000  3.0578280E-03  5.7141389E-03  5.1333011E-03
   5.60000  3.1811264E-03  6.2001055E-03  4.8720277E-03
   5.80000  3.3516479E-03  6.7888752E-03  4.7495169E-03
   6.00000  3.5625134E-03  7.4716167E-03  4.8698658E-03
   6.20000  3.8123121E-03  8.2380067E-03  5.2546386E-03
   6.40000  4.1015816E-03  9.0777879E-03  5.9095209E-03
   6.60000  4.4356914E-03  9.9877277E-03  6.8355406E-03
   6.80000  4.8271498E-03  1.1000625E-02  8.0310097E-03
   7.00000  5.2801134E-03  1.2135054E-02  9.4059603E-03
   7.20000  5.8033296E-03  1.3445301E-02  1.0848458E-02
   7.40000  6.3959905E-03  1.4959249E-02  1.2190722E-02
   7.60000  7.0520939E-03  1.6679865E-02  1.3279184E-02
   7.80000  7.7684591E-03  1.8602422E-02  1.4044501E-02
   8.00000  8.5529240E-03  2.0740577E-02  1.4534195E-02
   8.20000  9.4271281E-03  2.3142005E-02  1.4885718E-02
   8.40000  1.0417516E-02  2.5887456E-02  1.5259146E-02
   8.60000  1.1540752E-02  2.9097779E-02  1.5775831E-02
   8.80000  1.2781551E-02  3.2928348E-02  1.6484393E-02
   9.00000  1.4074802E-02  3.7593234E-02  1.7336960E-02
   9.20000  1.5298133E-02  4.3294593E-02  1.8249605E-02
   9.40000  1.6290784E-02  5.0347811E-02  1.8964674E-02
   9.60000  1.6936783E-02  5.8785878E-02  1.9429212E-02
   9.80000  1.7240553E-02  6.8335421E-02  1.9639802E-02
   10.0000  1.7403004E-02  7.8125650E-02  1.9592655E-02
   10.2500  1.7528558E-02  8.8670634E-02  1.9665111E-02
   10.5000  1.7985217E-02  9.4070177E-02  1.9788531E-02
   10.7500  1.8783110E-02  9.2129545E-02  2.0562500E-02
   11.0000  2.0153378E-02  8.5749304E-02  2.1553778E-02
   11.2500  2.1883231E-02  7.6115370E-02  2.2825643E-02
   11.5000  2.3815181E-02  6.5712513E-02  2.4313415E-02
   11.7500  2.5780786E-02  5.6137034E-02  2.5956574E-02
   12.0000  2.7613070E-02  4.8089196E-02  2.7690574E-02
   12.2500  2.9238501E-02  4.1528459E-02  2.9456543E-02
   12.5000  3.0593962E-02  3.6306655E-02  3.1178327E-02
   12.7500  3.1682180E-02  3.2173294E-02  3.2779679E-02
   13.0000  3.2463665E-02  2.8881654E-02  3.3858796E-02
   13.2500  3.3072982E-02  2.6699002E-02  3.5603223E-02
   13.5000  3.3547834E-02  2.4552713E-02  3.6439206E-02
   13.7500  3.3893522E-02  2.2810540E-02  3.6969748E-02
   14.0000  3.4143504E-02  2.1384614E-02  3.7250320E-02
   14.2500  3.4330615E-02  2.0209762E-02  3.7367909E-02
   14.5000  3.4489296E-02  1.9238284E-02  3.7423940E-02
   14.7500  3.4653354E-02  1.8435454E-02  3.7518275E-02
   15.0000  3.4856428E-02  1.7776889E-02  3.7739549E-02
   15.2500  3.5113080E-02  1.7243058E-02  3.8158510E-02
   15.5000  3.5445071E-02  1.6820949E-02  3.8831748E-02
   15.7500  3.5863897E-02  1.6499795E-02  3.9796221E-02
   16.0000  3.6376212E-02  1.6271877E-02  4.1066846E-02
   16.2500  3.6983094E-02  1.6130180E-02  4.2631096E-02
   16.5000  3.7677442E-02  1.6068783E-02  4.4436292E-02
   16.7500  3.8446949E-02  1.6082693E-02  4.6384281E-02
   17.0000  3.9271636E-02  1.6166735E-02  4.8328931E-02
   17.2500  4.0128386E-02  1.6316772E-02  5.0087350E-02
   17.5000  4.0992745E-02  1.6529493E-02  5.1473712E-02
   17.7500  4.1841989E-02  1.6800969E-02  5.2344023E-02
   18.0000  4.2660269E-02  1.7126847E-02  5.2632458E-02
   18.2500  4.3440829E-02  1.7503291E-02  5.2366040E-02
   18.5000  4.4183000E-02  1.7926001E-02  5.1641947E-02
   18.7500  4.4892124E-02  1.8390411E-02  5.0590147E-02
   19.0000  4.5575320E-02  1.8892481E-02  4.9340828E-02
   19.2500  4.6241426E-02  1.9428685E-02  4.8002117E-02
   19.5000  4.6897241E-02  1.9996383E-02  4.6652386E-02
   19.7500  4.7547783E-02  2.0593713E-02  4.5341732E-02
   20.0000  4.8195773E-02  2.1219503E-02  4.4099946E-02
   21.0000  5.0701203E-02  2.4015465E-02  4.0009285E-02
   22.0000  5.2465594E-02  2.7340156E-02  3.7163251E-02
   23.0000  5.2333092E-02  3.1160918E-02  3.5076195E-02
   24.0000  4.9551724E-02  3.5066417E-02  3.3387538E-02
   25.0000  4.4395465E-02  3.8244507E-02  3.1912083E-02
   26.0000  3.8147412E-02  3.9924555E-02  3.0491707E-02
   27.0000  3.2463191E-02  3.9956147E-02  2.9064073E-02
   28.0000  2.8335443E-02  3.8847201E-02  2.7773083E-02
   29.0000  2.5733577E-02  3.7252260E-02  2.6871442E-02
   30.0000  2.4179107E-02  3.5617289E-02  2.6500715E-02
   31.0000  2.3307792E-02  3.4147709E-02  2.6601313E-02
   32.0000  2.3048843E-02  3.2642959E-02  2.6982730E-02
   33.0000  2.3063141E-02  3.1611489E-02  2.7527054E-02
   34.0000  2.3313993E-02  3.0699962E-02  2.8055407E-02
   35.0000  2.3708727E-02  2.9833905E-02  2.8483951E-02
   36.0000  2.4173051E-02  2.8940147E-02  2.8755948E-02
   37.0000  2.4644422E-02  2.7956506E-02  2.8831468E-02
   38.0000  2.5045521E-02  2.6837777E-02  2.8663099E-02
   39.0000  2.5260256E-02  2.5569233E-02  2.8191755E-02
   40.0000  2.5162030E-02  2.4183115E-02  2.7386559E-02
