  7709.000   27  1  1  1.9222038E-02 -4.8147200E+00 -4.9294877E-01  1  1  7.5665831E+03  8.0000000E+03  0.0000000E+00  1.1792254E+00  1.0000000E+00  0.0000000E+00  = E_edge, Z, n_edge, j_edge, Abs_before_edge, VO_interstitial, E_cut, ninit, ninit1, Epsii, UnitCell_Volume, Surface_ref, f0_forward, natomsym_f, abs_u_iso
    Energy   (100,001)      (010,001)      (001,110)   
  -25.0000  9.7408567E-09  5.0956115E-10  1.5021902E-09
  -24.0000  2.7729058E-08  9.5178308E-10  3.7775645E-09
  -23.0000  9.9764978E-08  1.8702913E-09  1.1717622E-08
  -22.0000  6.1458728E-07  3.9865215E-09  6.4916408E-08
  -21.0000  1.5228592E-04  1.1338720E-08  3.3496103E-05
  -20.0000  3.7261412E-06  1.2428857E-07  1.0140454E-05
  -19.0000  3.2765714E-06  1.0020372E-07  4.1561832E-06
  -18.0000  1.8398687E-06  1.2431243E-07  6.4612409E-07
  -17.0000  2.3258406E-06  4.4457431E-07  4.8824888E-07
  -16.0000  6.6728734E-06  3.2903839E-06  7.7846560E-07
  -15.0000  1.3406689E-05  9.1998264E-03  1.4693927E-04
  -14.0000  1.7088099E-05  1.0688471E-05  2.1178916E-05
  -13.0000  5.5863752E-06  4.2487248E-06  4.1902676E-05
  -12.0000  6.1469020E-06  4.2335995E-06  4.9454658E-05
  -11.0000  2.5347848E-05  4.7299705E-06  9.1855588E-06
  -10.0000  2.7793504E-03  1.6448506E-04  2.2149349E-04
  -9.00000  2.5887506E-02  1.2172582E-03  1.1890314E-02
  -8.00000  1.9847800E-03  1.0136129E-04  1.8192075E-04
  -7.00000  8.2654620E-03  9.4679137E-05  3.1697434E-04
  -6.00000  7.1912577E-04  1.5992898E-04  1.2304449E-03
  -5.00000  1.0612090E-03  8.1697760E-04  3.0269004E-03
  -4.00000  3.9140763E-02  8.9979810E-03  3.6734175E-03
  -3.00000  1.4890204E-03  7.8514946E-03  3.9690352E-03
  -2.00000  1.1300376E-03  1.2258833E-02  5.8362230E-03
  -1.00000  4.8334313E-04  1.4498425E-03  2.5977272E-04
   0.00000  4.7416377E-03  1.5172190E-03  2.8502685E-03
   1.00000  9.0250543E-04  1.1159598E-03  3.6372589E-04
   2.00000  1.3094113E-03  1.3712487E-03  5.5344258E-04
   3.00000  1.6122332E-03  2.0113862E-03  1.0591541E-03
   4.00000  2.2329575E-03  3.0612516E-03  2.6738950E-03
   5.00000  3.1937491E-03  5.4250333E-03  7.4697831E-03
   5.20000  3.3594093E-03  5.8010391E-03  6.7499343E-03
   5.40000  3.5647427E-03  6.1418840E-03  5.9905701E-03
   5.60000  3.8055742E-03  6.5080597E-03  5.4829375E-03
   5.80000  4.0780706E-03  6.9265218E-03  5.2610733E-03
   6.00000  4.3881755E-03  7.4104877E-03  5.2841916E-03
   6.20000  4.7540405E-03  7.9783232E-03  5.5086126E-03
   6.40000  5.1976447E-03  8.6348771E-03  5.8866018E-03
   6.60000  5.7459468E-03  9.3924816E-03  6.3843571E-03
   6.80000  6.4295092E-03  1.0267717E-02  6.9784795E-03
   7.00000  7.2787079E-03  1.1279636E-02  7.6428002E-03
   7.20000  8.3180940E-03  1.2475381E-02  8.3336987E-03
   7.40000  9.5872055E-03  1.3847200E-02  9.0082179E-03
   7.60000  1.1127279E-02  1.5479521E-02  9.6578582E-03
   7.80000  1.3019652E-02  1.7474287E-02  1.0346457E-02
   8.00000  1.5278396E-02  1.9901407E-02  1.1215117E-02
   8.20000  1.7864863E-02  2.2828766E-02  1.2408046E-02
   8.40000  2.0513022E-02  2.6245265E-02  1.4048268E-02
   8.60000  2.2799613E-02  3.0108987E-02  1.6209545E-02
   8.80000  2.4468697E-02  3.4498991E-02  1.8918788E-02
   9.00000  2.5670108E-02  3.9707582E-02  2.2167284E-02
   9.20000  2.6772839E-02  4.6100422E-02  2.5911767E-02
   9.40000  2.8045787E-02  5.3915800E-02  2.9978552E-02
   9.60000  2.9553853E-02  6.3091633E-02  3.3937604E-02
   9.80000  3.1322096E-02  7.3164284E-02  3.7547845E-02
   10.0000  3.2652743E-02  8.3066507E-02  4.0271440E-02
   10.2500  3.5390025E-02  9.3455697E-02  4.2312746E-02
   10.5000  3.8344283E-02  9.8418676E-02  4.3211082E-02
   10.7500  4.1566884E-02  9.6146859E-02  4.3476605E-02
   11.0000  4.4602234E-02  8.7620708E-02  4.3381786E-02
   11.2500  4.6866520E-02  7.5714016E-02  4.3284670E-02
   11.5000  4.7980825E-02  6.3520866E-02  4.3258400E-02
   11.7500  4.7885475E-02  5.2954508E-02  4.3544841E-02
   12.0000  4.6737913E-02  4.4339030E-02  4.3901907E-02
   12.2500  4.5050907E-02  3.7708310E-02  4.4233042E-02
   12.5000  4.3183733E-02  3.2693000E-02  4.4404780E-02
   12.7500  4.1344508E-02  2.9040108E-02  4.4285814E-02
   13.0000  3.9721569E-02  2.6134209E-02  4.3913028E-02
   13.2500  3.8123508E-02  2.4105847E-02  4.3220248E-02
   13.5000  3.7039664E-02  2.2346432E-02  4.2500963E-02
   13.7500  3.6218949E-02  2.0957487E-02  4.1754792E-02
   14.0000  3.5645200E-02  1.9846826E-02  4.1095689E-02
   14.2500  3.5299427E-02  1.8949007E-02  4.0618516E-02
   14.5000  3.5161626E-02  1.8218406E-02  4.0391665E-02
   14.7500  3.5211639E-02  1.7621063E-02  4.0463152E-02
   15.0000  3.5426419E-02  1.7132694E-02  4.0860393E-02
   15.2500  3.5780169E-02  1.6735950E-02  4.1589892E-02
   15.5000  3.6229213E-02  1.6416447E-02  4.2622706E-02
   15.7500  3.6733251E-02  1.6166537E-02  4.3899240E-02
   16.0000  3.7238829E-02  1.5980719E-02  4.5309654E-02
   16.2500  3.7686647E-02  1.5855367E-02  4.6697466E-02
   16.5000  3.8016230E-02  1.5789544E-02  4.7875432E-02
   16.7500  3.8172131E-02  1.5783668E-02  4.8662666E-02
   17.0000  3.8115416E-02  1.5838736E-02  4.8932182E-02
   17.2500  3.7831871E-02  1.5954800E-02  4.8648444E-02
   17.5000  3.7337203E-02  1.6131178E-02  4.7870989E-02
   17.7500  3.6676532E-02  1.6365169E-02  4.6727986E-02
   18.0000  3.5915318E-02  1.6652728E-02  4.5368597E-02
   18.2500  3.5125458E-02  1.6988996E-02  4.3928506E-02
   18.5000  3.4374810E-02  1.7369538E-02  4.2510535E-02
   18.7500  3.3718159E-02  1.7790315E-02  4.1181922E-02
   19.0000  3.3197124E-02  1.8247724E-02  3.9977772E-02
   19.2500  3.2839338E-02  1.8738128E-02  3.8914095E-02
   19.5000  3.2661996E-02  1.9260665E-02  3.7992762E-02
   19.7500  3.2673917E-02  1.9814017E-02  3.7207363E-02
   20.0000  3.2877704E-02  2.0397851E-02  3.6546923E-02
   21.0000  3.5529101E-02  2.3040063E-02  3.4870119E-02
   22.0000  4.0490783E-02  2.6240886E-02  3.4062089E-02
   23.0000  4.5935262E-02  3.0110885E-02  3.3362327E-02
   24.0000  4.8914707E-02  3.4483600E-02  3.2346388E-02
   25.0000  4.6502550E-02  3.8989714E-02  3.0712441E-02
   26.0000  4.0223714E-02  4.1387887E-02  2.8846834E-02
   27.0000  3.3512353E-02  4.1802098E-02  2.6992871E-02
   28.0000  2.8643565E-02  4.0690081E-02  2.5610999E-02
   29.0000  2.5735316E-02  3.8772494E-02  2.4861749E-02
   30.0000  2.4146693E-02  3.6619234E-02  2.4625389E-02
   31.0000  2.3303496E-02  3.4576316E-02  2.4680587E-02
   32.0000  2.2837751E-02  3.2776012E-02  2.4825150E-02
   33.0000  2.2526772E-02  3.1228717E-02  2.4931847E-02
   34.0000  2.2235022E-02  2.9880134E-02  2.4924159E-02
   35.0000  2.1873371E-02  2.8651844E-02  2.4744209E-02
   36.0000  2.1393050E-02  2.7470709E-02  2.4341486E-02
   37.0000  2.0796841E-02  2.6281273E-02  2.3688161E-02
   38.0000  2.0144726E-02  2.5053304E-02  2.2798600E-02
   39.0000  1.9529745E-02  2.3784983E-02  2.1747662E-02
   40.0000  1.9023974E-02  2.2499597E-02  2.0699326E-02
