  7709.000   27  1  1  1.9222038E-02 -4.6164047E+00 -3.8377952E-01  1  1  7.5663684E+03  8.0000000E+03  0.0000000E+00  1.1792254E+00  1.0000000E+00  0.0000000E+00  = E_edge, Z, n_edge, j_edge, Abs_before_edge, VO_interstitial, E_cut, ninit, ninit1, Epsii, UnitCell_Volume, Surface_ref, f0_forward, natomsym_f, abs_u_iso
    Energy   (100,001)      (010,001)      (001,110)   
  -25.0000  1.2268035E-08  4.7891592E-10  1.4185284E-09
  -24.0000  3.6226573E-08  9.0653803E-10  3.5574502E-09
  -23.0000  1.3863294E-07  1.8168944E-09  1.1077799E-08
  -22.0000  1.0247649E-06  4.1348944E-09  6.4962807E-08
  -21.0000  2.6742493E-05  1.9180493E-08  1.6373796E-06
  -20.0000  5.2718934E-06  1.3322767E-07  4.4344574E-06
  -19.0000  2.9669103E-06  1.3445621E-07  7.1447004E-06
  -18.0000  4.7505916E-06  1.2303508E-07  2.5185992E-06
  -17.0000  1.8897831E-05  3.7793588E-07  2.6156729E-06
  -16.0000  1.3379473E-05  2.6544487E-06  1.5783967E-06
  -15.0000  8.2952693E-05  5.4442055E-03  1.0554334E-04
  -14.0000  2.6149472E-07  9.6921738E-06  2.5438169E-06
  -13.0000  3.0408356E-06  4.5113695E-06  3.1542078E-05
  -12.0000  1.3005557E-05  3.0923581E-06  5.0031116E-05
  -11.0000  1.7135527E-04  5.5900571E-06  1.3980839E-05
  -10.0000  4.2660487E-04  5.4478629E-05  1.0394950E-04
  -9.00000  2.3074712E-03  3.2133884E-05  1.5730438E-05
  -8.00000  1.0614070E-03  2.7595504E-04  3.2651705E-04
  -7.00000  4.7803486E-04  6.0938173E-05  9.1537680E-05
  -6.00000  1.2641657E-03  1.5242364E-04  3.0778681E-04
  -5.00000  4.4813519E-01  6.0678109E-03  4.5234533E-02
  -4.00000  2.9513022E-03  3.1647402E-03  2.1785774E-03
  -3.00000  2.6874428E-03  8.2825360E-03  1.1906683E-03
  -2.00000  7.8842703E-04  4.2123739E-03  1.5724059E-03
  -1.00000  4.7854347E-04  1.3780219E-03  2.3159331E-04
   0.00000  3.8318625E-03  1.7674974E-03  2.2867852E-03
   1.00000  6.9900510E-04  1.1194352E-03  3.6335850E-04
   2.00000  7.0723673E-04  1.3399301E-03  5.1768519E-04
   3.00000  9.4694893E-04  2.0365161E-03  1.1322101E-03
   4.00000  1.1525294E-03  3.1221583E-03  2.8902303E-03
   5.00000  1.5467577E-03  4.3603557E-03  5.0109756E-03
   5.20000  1.7167027E-03  4.7078835E-03  5.5443848E-03
   5.40000  1.9176044E-03  5.1142414E-03  6.2972947E-03
   5.60000  2.1425052E-03  5.5829540E-03  7.3162006E-03
   5.80000  2.3820872E-03  6.1113755E-03  8.5454980E-03
   6.00000  2.6242333E-03  6.6942812E-03  9.7599337E-03
   6.20000  2.8579108E-03  7.3372975E-03  1.0603250E-02
   6.40000  3.0834707E-03  8.0692502E-03  1.0831156E-02
   6.60000  3.3228848E-03  8.9335748E-03  1.0525908E-02
   6.80000  3.6037139E-03  1.0005813E-02  9.9677105E-03
   7.00000  3.9543449E-03  1.1245592E-02  9.4337251E-03
   7.20000  4.3925000E-03  1.2710891E-02  9.0823516E-03
   7.40000  4.9303503E-03  1.4439798E-02  8.9846909E-03
   7.60000  5.5793610E-03  1.6489465E-02  9.1695648E-03
   7.80000  6.3512450E-03  1.8944460E-02  9.6538930E-03
   8.00000  7.2557707E-03  2.1930911E-02  1.0455867E-02
   8.20000  8.2960858E-03  2.5633137E-02  1.1593652E-02
   8.40000  9.4637893E-03  3.0303340E-02  1.3069687E-02
   8.60000  1.0733339E-02  3.6224815E-02  1.4839260E-02
   8.80000  1.2097616E-02  4.3440818E-02  1.6714051E-02
   9.00000  1.3566632E-02  5.1558606E-02  1.8508557E-02
   9.20000  1.5150511E-02  5.9918527E-02  2.0058459E-02
   9.40000  1.6974217E-02  6.8668508E-02  2.2074998E-02
   9.60000  1.9032508E-02  7.7918449E-02  2.4616938E-02
   9.80000  2.1352047E-02  8.7110101E-02  2.7662814E-02
   10.0000  2.3950404E-02  9.4699751E-02  3.1027425E-02
   10.2500  2.7572219E-02  9.9089720E-02  3.5334396E-02
   10.5000  3.1490711E-02  9.6154524E-02  3.9604258E-02
   10.7500  3.5474000E-02  8.7548895E-02  4.3484768E-02
   11.0000  3.9160105E-02  7.6364941E-02  4.7079330E-02
   11.2500  4.2189640E-02  6.5186977E-02  5.0335160E-02
   11.5000  4.4250180E-02  5.5348697E-02  5.3090263E-02
   11.7500  4.5352787E-02  4.7187766E-02  5.5269608E-02
   12.0000  4.5425808E-02  4.0557497E-02  5.6529486E-02
   12.2500  4.4928597E-02  3.5484659E-02  5.6601075E-02
   12.5000  4.4114734E-02  3.1370754E-02  5.5466073E-02
   12.7500  4.2881898E-02  2.8144816E-02  5.3162875E-02
   13.0000  4.1848487E-02  2.5551690E-02  5.0425727E-02
   13.2500  4.0768139E-02  2.3553167E-02  4.6975779E-02
   13.5000  3.9969578E-02  2.1825199E-02  4.3748507E-02
   13.7500  3.9321126E-02  2.0445164E-02  4.0810186E-02
   14.0000  3.8885067E-02  1.9271879E-02  3.8336464E-02
   14.2500  3.8643155E-02  1.8300177E-02  3.6352689E-02
   14.5000  3.8594382E-02  1.7491806E-02  3.4845084E-02
   14.7500  3.8731743E-02  1.6816763E-02  3.3776364E-02
   15.0000  3.9045766E-02  1.6252774E-02  3.3105628E-02
   15.2500  3.9523399E-02  1.5782564E-02  3.2786734E-02
   15.5000  4.0150714E-02  1.5393643E-02  3.2771582E-02
   15.7500  4.0895946E-02  1.5076194E-02  3.3005441E-02
   16.0000  4.1732374E-02  1.4824733E-02  3.3427217E-02
   16.2500  4.2619962E-02  1.4636156E-02  3.3966323E-02
   16.5000  4.3504742E-02  1.4509915E-02  3.4546226E-02
   16.7500  4.4318944E-02  1.4447848E-02  3.5091402E-02
   17.0000  4.4981549E-02  1.4452032E-02  3.5536901E-02
   17.2500  4.5405216E-02  1.4524537E-02  3.5837575E-02
   17.5000  4.5513055E-02  1.4666825E-02  3.5974471E-02
   17.7500  4.5259030E-02  1.4879263E-02  3.5953980E-02
   18.0000  4.4645538E-02  1.5161104E-02  3.5802197E-02
   18.2500  4.3726805E-02  1.5510998E-02  3.5553273E-02
   18.5000  4.2597388E-02  1.5926949E-02  3.5245341E-02
   18.7500  4.1373112E-02  1.6407270E-02  3.4912610E-02
   19.0000  4.0167226E-02  1.6949904E-02  3.4583073E-02
   19.2500  3.9070522E-02  1.7552176E-02  3.4277210E-02
   19.5000  3.8147483E-02  1.8211351E-02  3.4008956E-02
   19.7500  3.7436875E-02  1.8923296E-02  3.3787917E-02
   20.0000  3.6951875E-02  1.9685796E-02  3.3617981E-02
   21.0000  3.7172323E-02  2.3152518E-02  3.3436135E-02
   22.0000  4.0076347E-02  2.7044748E-02  3.3813540E-02
   23.0000  4.3948359E-02  3.1142747E-02  3.4268711E-02
   24.0000  4.5985067E-02  3.5302220E-02  3.4309051E-02
   25.0000  4.3879918E-02  3.8986410E-02  3.3652087E-02
   26.0000  3.8437084E-02  4.1246603E-02  3.2296148E-02
   27.0000  3.2620870E-02  4.1549957E-02  3.0596310E-02
   28.0000  2.8188243E-02  4.0117782E-02  2.8906464E-02
   29.0000  2.5940318E-02  3.8155836E-02  2.8014229E-02
   30.0000  2.4878608E-02  3.6152773E-02  2.7712291E-02
   31.0000  2.4485815E-02  3.4360322E-02  2.7861821E-02
   32.0000  2.4406339E-02  3.2827960E-02  2.8227263E-02
   33.0000  2.4425543E-02  3.1508650E-02  2.8579198E-02
   34.0000  2.4404101E-02  3.0312821E-02  2.8737530E-02
   35.0000  2.4247383E-02  2.9146810E-02  2.8590009E-02
   36.0000  2.3892523E-02  2.7943545E-02  2.8072050E-02
   37.0000  2.3327845E-02  2.6681623E-02  2.7160224E-02
   38.0000  2.2606107E-02  2.5379532E-02  2.5891918E-02
   39.0000  2.1816142E-02  2.4058435E-02  2.4379121E-02
   40.0000  2.1033683E-02  2.2742415E-02  2.2784154E-02
