  7709.000   27  1  1  1.9222038E-02 -4.8108601E+00 -4.1507522E-01  1  1  7.5666652E+03  8.0000000E+03  0.0000000E+00  1.1792254E+00  1.0000000E+00  0.0000000E+00  = E_edge, Z, n_edge, j_edge, Abs_before_edge, VO_interstitial, E_cut, ninit, ninit1, Epsii, UnitCell_Volume, Surface_ref, f0_forward, natomsym_f, abs_u_iso
    Energy   (100,001)      (010,001)      (001,110)   
  -25.0000  9.7741367E-09  4.6364686E-10  1.0991440E-09
  -24.0000  2.6942359E-08  8.7698718E-10  2.4803443E-09
  -23.0000  9.0635136E-08  1.7687347E-09  6.1968909E-09
  -22.0000  4.5996395E-07  4.1340658E-09  1.8251683E-08
  -21.0000  1.5326206E-05  3.8873962E-08  1.2401182E-07
  -20.0000  8.1937673E-05  3.1193057E-08  9.2312772E-07
  -19.0000  4.7590204E-05  7.6310247E-06  5.6903715E-04
  -18.0000  4.3922914E-06  1.1362409E-07  1.8486085E-06
  -17.0000  5.7615656E-06  3.4976613E-07  9.1649843E-07
  -16.0000  3.1425397E-05  2.1925073E-06  1.7255567E-06
  -15.0000  3.7974318E-02  1.4098483E+00  1.0348534E-02
  -14.0000  2.9477363E-06  1.1353465E-05  3.0453487E-06
  -13.0000  2.0361484E-06  4.3661097E-06  7.7892087E-06
  -12.0000  4.1485597E-05  4.0642073E-06  9.0015153E-04
  -11.0000  1.1742651E-04  6.1522066E-06  1.3625018E-04
  -10.0000  3.0723735E-03  3.0275746E-05  1.0009412E-03
  -9.00000  4.0382779E-02  6.6518069E-04  4.3657652E-03
  -8.00000  8.7048099E-04  9.4823128E-05  9.2794390E-05
  -7.00000  9.4699613E-04  1.3670219E-04  2.7401950E-04
  -6.00000  6.6038504E-04  1.5805283E-04  2.8805610E-04
  -5.00000  1.3737815E-02  2.2640827E-03  2.3165339E-02
  -4.00000  3.8318821E-03  3.9651198E-03  8.2706524E-04
  -3.00000  1.1866508E-03  1.3393415E-02  9.6373128E-04
  -2.00000  1.0455915E-03  1.1528138E-02  4.6199098E-03
  -1.00000  4.5816641E-04  1.6033152E-03  2.7278670E-04
   0.00000  3.0227913E-03  4.9312846E-03  2.6548090E-03
   1.00000  1.2037334E-03  1.2132871E-03  6.5901722E-04
   2.00000  1.5244119E-03  1.6385250E-03  8.9468258E-04
   3.00000  2.2589560E-03  2.7989915E-03  1.8115345E-03
   4.00000  2.7132233E-03  3.9860928E-03  3.9675741E-03
   5.00000  3.0197289E-03  5.4659604E-03  3.5807149E-03
   5.20000  3.0308875E-03  5.8015618E-03  3.3908232E-03
   5.40000  3.0697933E-03  6.1597771E-03  3.2865068E-03
   5.60000  3.1366030E-03  6.5495831E-03  3.2818033E-03
   5.80000  3.2305519E-03  6.9807017E-03  3.3773218E-03
   6.00000  3.3511874E-03  7.4646766E-03  3.5701921E-03
   6.20000  3.4982408E-03  8.0143079E-03  3.8610788E-03
   6.40000  3.6730813E-03  8.6642431E-03  4.2535714E-03
   6.60000  3.8771055E-03  9.3859069E-03  4.7552668E-03
   6.80000  4.1064162E-03  1.0196058E-02  5.3552998E-03
   7.00000  4.3594599E-03  1.1085567E-02  6.0261188E-03
   7.20000  4.6353710E-03  1.2042500E-02  6.7149589E-03
   7.40000  4.9362947E-03  1.3067076E-02  7.3567230E-03
   7.60000  5.2699309E-03  1.4188887E-02  7.9101032E-03
   7.80000  5.6551647E-03  1.5486642E-02  8.3971174E-03
   8.00000  6.1030879E-03  1.7021073E-02  8.8736665E-03
   8.20000  6.6403638E-03  1.8901367E-02  9.4371679E-03
   8.40000  7.2905693E-03  2.1221560E-02  1.0166401E-02
   8.60000  8.0758435E-03  2.4067394E-02  1.1108104E-02
   8.80000  9.0122412E-03  2.7518342E-02  1.2270659E-02
   9.00000  1.0100431E-02  3.1665274E-02  1.3616202E-02
   9.20000  1.1279149E-02  3.6595282E-02  1.5048401E-02
   9.40000  1.2556962E-02  4.2397207E-02  1.6454350E-02
   9.60000  1.3809224E-02  4.9152134E-02  1.7709300E-02
   9.80000  1.4949084E-02  5.6850947E-02  1.8747725E-02
   10.0000  1.5927344E-02  6.5332328E-02  1.9595684E-02
   10.2500  1.6937719E-02  7.6385085E-02  2.0542588E-02
   10.5000  1.7815023E-02  8.6495828E-02  2.1562895E-02
   10.7500  1.8699964E-02  9.3532022E-02  2.2774103E-02
   11.0000  1.9707621E-02  9.5477513E-02  2.4180670E-02
   11.2500  2.0755825E-02  9.1414348E-02  2.5668263E-02
   11.5000  2.2013578E-02  8.2620621E-02  2.7318733E-02
   11.7500  2.3871970E-02  7.2127065E-02  2.8572030E-02
   12.0000  2.5433480E-02  6.1427651E-02  2.9745402E-02
   12.2500  2.7405440E-02  5.1978609E-02  3.1285013E-02
   12.5000  2.9363351E-02  4.4125966E-02  3.2613576E-02
   12.7500  3.0993913E-02  3.8091007E-02  3.3644781E-02
   13.0000  3.2423899E-02  3.3180641E-02  3.4475616E-02
   13.2500  3.3778557E-02  2.9336651E-02  3.5067815E-02
   13.5000  3.4922208E-02  2.6355457E-02  3.5468472E-02
   13.7500  3.5901419E-02  2.4040599E-02  3.5745870E-02
   14.0000  3.6775549E-02  2.2233595E-02  3.5972772E-02
   14.2500  3.7603495E-02  2.0813525E-02  3.6217284E-02
   14.5000  3.8436238E-02  1.9690363E-02  3.6539993E-02
   14.7500  3.9314285E-02  1.8797117E-02  3.6993206E-02
   15.0000  4.0265959E-02  1.8083929E-02  3.7620009E-02
   15.2500  4.1313551E-02  1.7515070E-02  3.8456028E-02
   15.5000  4.2451088E-02  1.7061979E-02  3.9530731E-02
   15.7500  4.3674082E-02  1.6706608E-02  4.0864490E-02
   16.0000  4.4960097E-02  1.6435488E-02  4.2465030E-02
   16.2500  4.6271782E-02  1.6239278E-02  4.4323282E-02
   16.5000  4.7558045E-02  1.6110238E-02  4.6399668E-02
   16.7500  4.8754526E-02  1.6043785E-02  4.8617049E-02
   17.0000  4.9784631E-02  1.6037373E-02  5.0846546E-02
   17.2500  5.0569418E-02  1.6089768E-02  5.2909461E-02
   17.5000  5.1037436E-02  1.6201933E-02  5.4599210E-02
   17.7500  5.1139843E-02  1.6375315E-02  5.5720493E-02
   18.0000  5.0861945E-02  1.6611808E-02  5.6144778E-02
   18.2500  5.0231396E-02  1.6910381E-02  5.5848656E-02
   18.5000  4.9309960E-02  1.7268253E-02  5.4915148E-02
   18.7500  4.8180162E-02  1.7680917E-02  5.3499893E-02
   19.0000  4.6932932E-02  1.8140981E-02  5.1786714E-02
   19.2500  4.5648833E-02  1.8641154E-02  4.9939448E-02
   19.5000  4.4393607E-02  1.9174865E-02  4.8082990E-02
   19.7500  4.3214768E-02  1.9737537E-02  4.6302399E-02
   20.0000  4.2141901E-02  2.0326152E-02  4.4646989E-02
   21.0000  3.9131986E-02  2.2925554E-02  3.9528957E-02
   22.0000  3.8088110E-02  2.6002802E-02  3.6496473E-02
   23.0000  3.8540324E-02  2.9601614E-02  3.4868974E-02
   24.0000  3.9717007E-02  3.3399628E-02  3.4050275E-02
   25.0000  4.0663280E-02  3.6671083E-02  3.3514558E-02
   26.0000  4.0478203E-02  3.8644035E-02  3.2798699E-02
   27.0000  3.8764992E-02  3.9072736E-02  3.1675197E-02
   28.0000  3.5936587E-02  3.8353543E-02  3.0302309E-02
   29.0000  3.2564251E-02  3.6825398E-02  2.8864321E-02
   30.0000  3.0097651E-02  3.5414735E-02  2.8059768E-02
   31.0000  2.8241137E-02  3.4105780E-02  2.7631131E-02
   32.0000  2.6914787E-02  3.2957468E-02  2.7475182E-02
   33.0000  2.5976459E-02  3.1952671E-02  2.7477566E-02
   34.0000  2.5296526E-02  3.1021252E-02  2.7551727E-02
   35.0000  2.4772502E-02  3.0073919E-02  2.7634863E-02
   36.0000  2.4328347E-02  2.9032360E-02  2.7663670E-02
   37.0000  2.3911187E-02  2.7846586E-02  2.7563445E-02
   38.0000  2.3481536E-02  2.6512390E-02  2.7244900E-02
   39.0000  2.3014663E-02  2.5075033E-02  2.6636966E-02
   40.0000  2.2484335E-02  2.3589569E-02  2.5674104E-02
