  7709.000   27  1  1  1.9222038E-02 -4.7436264E+00 -4.5847719E-01  1  1  7.5665446E+03  8.0000000E+03  0.0000000E+00  1.1792254E+00  1.0000000E+00  0.0000000E+00  = E_edge, Z, n_edge, j_edge, Abs_before_edge, VO_interstitial, E_cut, ninit, ninit1, Epsii, UnitCell_Volume, Surface_ref, f0_forward, natomsym_f, abs_u_iso
    Energy   (100,001)      (010,001)      (001,110)   
  -25.0000  2.3447984E-08  5.2963406E-10  1.5881322E-09
  -24.0000  8.2014870E-08  1.0914379E-09  4.0466236E-09
  -23.0000  4.7610523E-07  3.1351787E-09  1.3372260E-08
  -22.0000  2.7334200E-04  1.1967871E-06  2.3091487E-06
  -21.0000  8.7612357E-04  2.3363910E-07  3.2907483E-05
  -20.0000  3.9791253E-06  1.1433813E-07  3.3226951E-06
  -19.0000  2.6194248E-05  2.6499219E-06  4.4268383E-04
  -18.0000  4.0238685E-06  1.2794284E-07  8.6242679E-07
  -17.0000  3.2942746E-05  4.7301746E-07  6.8221020E-07
  -16.0000  4.2428132E-05  4.3210085E-06  3.4098498E-06
  -15.0000  1.1694345E-05  6.7105267E-04  6.1578429E-06
  -14.0000  1.6032502E-06  1.1280328E-05  4.2168975E-06
  -13.0000  2.2719545E-06  4.8377992E-06  1.6302215E-05
  -12.0000  4.8619565E-05  3.7640173E-06  2.6796843E-04
  -11.0000  9.3388485E-05  9.4151251E-06  3.1489533E-05
  -10.0000  1.2395225E-03  2.4263742E-05  4.3258675E-05
  -9.00000  2.3084002E-02  9.3365146E-05  1.3873444E-03
  -8.00000  9.7006348E-04  1.9065831E-04  2.0318426E-04
  -7.00000  1.1079408E-03  1.1382229E-03  2.9813010E-03
  -6.00000  2.3715830E-03  1.7618808E-04  7.2090944E-04
  -5.00000  9.9041085E-02  7.1801543E-02  1.6295296E-01
  -4.00000  1.5756901E-02  8.2923810E-03  3.3660002E-03
  -3.00000  4.7531705E-03  1.0501052E-02  6.7824889E-03
  -2.00000  1.6326004E-03  2.1423603E-02  1.0892545E-02
  -1.00000  6.0346182E-04  1.4782153E-03  2.7763315E-04
   0.00000  1.6565440E-03  3.1383145E-03  1.4107575E-03
   1.00000  8.8052343E-04  1.1721772E-03  4.6650908E-04
   2.00000  8.8360210E-04  1.5110060E-03  4.9882399E-04
   3.00000  1.3184195E-03  2.3168912E-03  9.0448947E-04
   4.00000  1.5645527E-03  3.6445729E-03  1.8168041E-03
   5.00000  2.1100089E-03  5.4032391E-03  3.9657619E-03
   5.20000  2.2733131E-03  5.9724869E-03  4.6227076E-03
   5.40000  2.4619345E-03  6.6258071E-03  5.3246328E-03
   5.60000  2.6744793E-03  7.3482418E-03  6.0120829E-03
   5.80000  2.8998602E-03  8.1136086E-03  6.5907805E-03
   6.00000  3.1136816E-03  8.9012261E-03  6.9579646E-03
   6.20000  3.2836041E-03  9.7185612E-03  7.0780997E-03
   6.40000  3.3893374E-03  1.0607850E-02  7.0332641E-03
   6.60000  3.4430888E-03  1.1619211E-02  6.9608372E-03
   6.80000  3.4800391E-03  1.2787439E-02  6.9823916E-03
   7.00000  3.5448236E-03  1.4156118E-02  7.1714152E-03
   7.20000  3.6675086E-03  1.5778855E-02  7.5561801E-03
   7.40000  3.8619046E-03  1.7725634E-02  8.1373612E-03
   7.60000  4.1313210E-03  2.0091534E-02  8.9004742E-03
   7.80000  4.4749259E-03  2.3033651E-02  9.8123142E-03
   8.00000  4.8861805E-03  2.6690110E-02  1.0858438E-02
   8.20000  5.3601917E-03  3.1317403E-02  1.1998573E-02
   8.40000  5.8904280E-03  3.7199270E-02  1.3205954E-02
   8.60000  6.4712674E-03  4.4598752E-02  1.4467079E-02
   8.80000  7.1024517E-03  5.3556211E-02  1.5785610E-02
   9.00000  7.7968899E-03  6.3509137E-02  1.7175054E-02
   9.20000  8.5866820E-03  7.2988403E-02  1.8643563E-02
   9.40000  9.5055366E-03  8.0305324E-02  2.0163690E-02
   9.60000  1.0556943E-02  8.4944463E-02  2.1672673E-02
   9.80000  1.1707590E-02  8.7741079E-02  2.3087388E-02
   10.0000  1.2921901E-02  8.9520931E-02  2.4347518E-02
   10.2500  1.4497567E-02  9.0188845E-02  2.5877227E-02
   10.5000  1.6257313E-02  8.8278710E-02  2.7152809E-02
   10.7500  1.8408766E-02  8.2747569E-02  2.8439947E-02
   11.0000  2.0728278E-02  7.4702949E-02  2.9778596E-02
   11.2500  2.3514683E-02  6.5421362E-02  3.1036091E-02
   11.5000  2.6617848E-02  5.6235626E-02  3.1901147E-02
   11.7500  2.9479335E-02  4.7843524E-02  3.2722263E-02
   12.0000  3.2078765E-02  4.0871782E-02  3.3525469E-02
   12.2500  3.4129172E-02  3.5410174E-02  3.4232430E-02
   12.5000  3.5188874E-02  3.1109193E-02  3.5500108E-02
   12.7500  3.6006524E-02  2.7490417E-02  3.6380522E-02
   13.0000  3.6036793E-02  2.4740763E-02  3.7220061E-02
   13.2500  3.5884929E-02  2.2491587E-02  3.7717669E-02
   13.5000  3.5774132E-02  2.0678201E-02  3.8177955E-02
   13.7500  3.5643596E-02  1.9223160E-02  3.8492440E-02
   14.0000  3.5577664E-02  1.8048495E-02  3.8698244E-02
   14.2500  3.5624470E-02  1.7098646E-02  3.8846643E-02
   14.5000  3.5807384E-02  1.6332091E-02  3.8999641E-02
   14.7500  3.6134877E-02  1.5718250E-02  3.9222083E-02
   15.0000  3.6602770E-02  1.5234247E-02  3.9576455E-02
   15.2500  3.7205121E-02  1.4862408E-02  4.0119979E-02
   15.5000  3.7922089E-02  1.4585637E-02  4.0886997E-02
   15.7500  3.8739885E-02  1.4393216E-02  4.1894034E-02
   16.0000  3.9637820E-02  1.4276775E-02  4.3127273E-02
   16.2500  4.0592088E-02  1.4229427E-02  4.4535770E-02
   16.5000  4.1573781E-02  1.4245923E-02  4.6026077E-02
   16.7500  4.2549320E-02  1.4322417E-02  4.7460912E-02
   17.0000  4.3480516E-02  1.4457102E-02  4.8673736E-02
   17.2500  4.4326462E-02  1.4649825E-02  4.9495718E-02
   17.5000  4.5047731E-02  1.4901766E-02  4.9797422E-02
   17.7500  4.5610165E-02  1.5215018E-02  4.9527876E-02
   18.0000  4.5991273E-02  1.5591396E-02  4.8728989E-02
   18.2500  4.6183476E-02  1.6031725E-02  4.7516830E-02
   18.5000  4.6196339E-02  1.6534457E-02  4.6047114E-02
   18.7500  4.6055046E-02  1.7097001E-02  4.4474891E-02
   19.0000  4.5797346E-02  1.7715448E-02  4.2926556E-02
   19.2500  4.5467689E-02  1.8385771E-02  4.1489430E-02
   19.5000  4.5110289E-02  1.9103346E-02  4.0211678E-02
   19.7500  4.4765569E-02  1.9865642E-02  3.9113211E-02
   20.0000  4.4465864E-02  2.0670551E-02  3.8194141E-02
   21.0000  4.4082095E-02  2.4282974E-02  3.6002611E-02
   22.0000  4.5054063E-02  2.8447629E-02  3.5226096E-02
   23.0000  4.6584176E-02  3.2902941E-02  3.4874878E-02
   24.0000  4.7420310E-02  3.6886533E-02  3.4435979E-02
   25.0000  4.6454261E-02  3.9363239E-02  3.3714175E-02
   26.0000  4.3188298E-02  3.9863532E-02  3.2628470E-02
   27.0000  3.8380259E-02  3.8892296E-02  3.1231909E-02
   28.0000  3.3216246E-02  3.7067669E-02  2.9585025E-02
   29.0000  2.9962941E-02  3.5399636E-02  2.8534040E-02
   30.0000  2.7981188E-02  3.3834862E-02  2.8013049E-02
   31.0000  2.6937193E-02  3.2412631E-02  2.7936497E-02
   32.0000  2.6480793E-02  3.1148265E-02  2.8133938E-02
   33.0000  2.6351606E-02  3.0026847E-02  2.8461043E-02
   34.0000  2.6357689E-02  2.8999515E-02  2.8803283E-02
   35.0000  2.6347389E-02  2.8005029E-02  2.9060589E-02
   36.0000  2.6195521E-02  2.7002181E-02  2.9132525E-02
   37.0000  2.5792211E-02  2.5972243E-02  2.8923348E-02
   38.0000  2.5069407E-02  2.4907479E-02  2.8371845E-02
   39.0000  2.4035635E-02  2.3791991E-02  2.7472990E-02
   40.0000  2.2797698E-02  2.2616499E-02  2.6269401E-02
