  7709.000   27  1  1  1.9222038E-02 -2.9059761E+00 -2.4539682E-01  1  1  7.5666067E+03  8.0000000E+03  0.0000000E+00  1.1792254E+00  1.0000000E+00  0.0000000E+00  = E_edge, Z, n_edge, j_edge, Abs_before_edge, VO_interstitial, E_cut, ninit, ninit1, Epsii, UnitCell_Volume, Surface_ref, f0_forward, natomsym_f, abs_u_iso
    Energy   (100,001)      (010,001)      (001,110)   
  -25.0000  4.3381300E-09  9.8877339E-10  5.4540794E-10
  -24.0000  1.2224759E-08  2.7038069E-09  1.3906232E-09
  -23.0000  4.2934138E-08  9.2979771E-09  4.2855191E-09
  -22.0000  2.4275499E-07  5.3573056E-08  1.9625659E-08
  -21.0000  5.1984117E-05  1.4533811E-05  2.2632757E-06
  -20.0000  9.7620363E-06  6.3882602E-07  2.2996155E-06
  -19.0000  1.5238649E-06  2.5521437E-06  2.8081895E-06
  -18.0000  1.2927482E-06  3.6633610E-07  2.6196616E-07
  -17.0000  2.1582349E-06  4.2167269E-07  2.5699071E-07
  -16.0000  2.1731458E-05  2.7507999E-06  1.4962825E-06
  -15.0000  9.9403313E-06  1.0401565E-06  1.7504013E-06
  -14.0000  1.4111454E-04  4.0067928E-05  2.1753799E-04
  -13.0000  1.1797993E-06  1.9043446E-06  4.8588661E-06
  -12.0000  7.6302352E-06  5.6124771E-05  1.0038437E-04
  -11.0000  1.9464574E-05  6.4364794E-06  3.7318403E-06
  -10.0000  1.1258046E-03  7.2818829E-04  1.1945561E-03
  -9.00000  5.7296367E-05  2.0963952E-05  5.9029795E-06
  -8.00000  1.9359348E-04  1.8072802E-04  3.4643380E-05
  -7.00000  2.3091885E-04  4.7406075E-04  2.3765540E-04
  -6.00000  3.4458799E-03  1.1924106E-03  2.6829767E-03
  -5.00000  5.0552153E-04  8.5310805E-05  1.0128372E-03
  -4.00000  2.1687856E-04  9.0886368E-05  1.4443121E-04
  -3.00000  1.0217394E-02  2.5101875E-03  1.0338376E-02
  -2.00000  8.9543055E-05  1.4776811E-04  6.7064988E-05
  -1.00000  7.7070433E-05  9.9888608E-05  5.4360612E-05
   0.00000  1.3087787E-04  1.5864320E-04  8.9526888E-05
   1.00000  8.8920638E-05  1.2281556E-04  8.4109017E-05
   2.00000  6.8957590E-05  1.0380111E-04  6.0507021E-05
   3.00000  8.5538886E-05  1.3798526E-04  8.8980596E-05
   4.00000  1.3330032E-04  2.3245018E-04  1.6047076E-04
   5.00000  3.4920583E-04  6.4823218E-04  5.6024924E-04
   5.20000  3.0559418E-04  6.7268188E-04  6.9538876E-04
   5.40000  4.6469203E-04  8.7478265E-04  1.1566714E-03
   5.60000  9.9092769E-04  1.2670781E-03  2.1902952E-03
   5.80000  1.2435422E-03  1.7835725E-03  3.1386851E-03
   6.00000  1.6364478E-03  3.1584732E-03  6.7268060E-03
   6.20000  1.9631603E-03  5.8405894E-03  1.1957476E-02
   6.40000  1.6007297E-03  9.3430391E-03  1.0080148E-02
   6.60000  1.6827175E-03  1.1652649E-02  9.7431238E-03
   6.80000  2.1682918E-03  1.2071533E-02  1.0661998E-02
   7.00000  3.1057989E-03  1.3334401E-02  1.2877510E-02
   7.20000  4.4014109E-03  1.5171659E-02  1.7722857E-02
   7.40000  5.9422776E-03  1.4923925E-02  1.2628589E-02
   7.60000  8.1879983E-03  1.6262831E-02  7.1836129E-03
   7.80000  1.1422513E-02  2.1501950E-02  6.2824116E-03
   8.00000  1.6189214E-02  2.8325348E-02  5.6806571E-03
   8.20000  2.0980140E-02  3.5754447E-02  5.0265626E-03
   8.40000  2.2558598E-02  4.3851266E-02  4.6982912E-03
   8.60000  2.2613591E-02  5.6956758E-02  4.8755743E-03
   8.80000  2.0683456E-02  7.2376341E-02  5.4276394E-03
   9.00000  1.4919735E-02  5.7078173E-02  5.8317433E-03
   9.20000  1.1050526E-02  3.3263448E-02  6.0473876E-03
   9.40000  9.7157757E-03  1.9798053E-02  6.5383787E-03
   9.60000  9.8683285E-03  1.3952165E-02  7.7158113E-03
   9.80000  1.0961744E-02  1.3123310E-02  1.0047178E-02
   10.0000  1.2832743E-02  1.5840002E-02  1.4142031E-02
   10.2500  1.6426777E-02  2.2575733E-02  2.2851506E-02
   10.5000  2.1800445E-02  2.9795807E-02  3.7057491E-02
   10.7500  2.8831761E-02  3.2868459E-02  5.8306228E-02
   11.0000  3.7718536E-02  3.2770888E-02  8.0127104E-02
   11.2500  5.0005936E-02  3.2285201E-02  8.7982731E-02
   11.5000  6.3734370E-02  3.1816036E-02  8.1554829E-02
   11.7500  6.6764658E-02  3.1946051E-02  6.9047156E-02
   12.0000  5.6527732E-02  3.3513945E-02  5.7003850E-02
   12.2500  4.5120394E-02  3.7864149E-02  4.9017136E-02
   12.5000  3.7324623E-02  4.7576862E-02  4.4955088E-02
   12.7500  3.2629833E-02  6.6190062E-02  4.3558166E-02
   13.0000  3.0019691E-02  8.8755157E-02  4.4291060E-02
   13.2500  2.8995959E-02  8.8939704E-02  4.6337556E-02
   13.5000  2.9363840E-02  7.3404251E-02  4.6238521E-02
   13.7500  3.0450125E-02  5.5569714E-02  4.3993527E-02
   14.0000  3.1857434E-02  4.3871441E-02  4.1192363E-02
   14.2500  3.3210110E-02  3.6008068E-02  3.8355639E-02
   14.5000  3.4168189E-02  3.0809796E-02  3.5719731E-02
   14.7500  3.4555611E-02  2.7407380E-02  3.3583493E-02
   15.0000  3.4413400E-02  2.5212708E-02  3.2051387E-02
   15.2500  3.3981123E-02  2.3809719E-02  3.0929673E-02
   15.5000  3.3233253E-02  2.4181617E-02  2.9320564E-02
   15.7500  3.3119486E-02  2.3423542E-02  2.7831576E-02
   16.0000  3.3570200E-02  2.3025503E-02  2.6621089E-02
   16.2500  3.4358629E-02  2.2622254E-02  2.5338675E-02
   16.5000  3.5271224E-02  2.2110963E-02  2.4174793E-02
   16.7500  3.6132494E-02  2.1520533E-02  2.3365607E-02
   17.0000  3.6866032E-02  2.0978796E-02  2.3061439E-02
   17.2500  3.7492129E-02  2.0621949E-02  2.3289607E-02
   17.5000  3.8087193E-02  2.0538245E-02  2.3992609E-02
   17.7500  3.8744643E-02  2.0766831E-02  2.5092580E-02
   18.0000  3.9542253E-02  2.1307660E-02  2.6518776E-02
   18.2500  4.0527221E-02  2.2131701E-02  2.8210836E-02
   18.5000  4.1698169E-02  2.3186772E-02  3.0101471E-02
   18.7500  4.2976859E-02  2.4411779E-02  3.2093924E-02
   19.0000  4.4181090E-02  2.5750175E-02  3.4049874E-02
   19.2500  4.5050332E-02  2.7161757E-02  3.5826389E-02
   19.5000  4.5366872E-02  2.8630229E-02  3.7339806E-02
   19.7500  4.5063854E-02  3.0154618E-02  3.8597583E-02
   20.0000  4.4219601E-02  3.1719664E-02  3.9651602E-02
   21.0000  3.8770992E-02  3.6383554E-02  4.2326340E-02
   22.0000  3.7467776E-02  3.7027287E-02  4.1120986E-02
   23.0000  3.9068072E-02  3.8215185E-02  3.6190445E-02
   24.0000  3.9249435E-02  3.9365754E-02  3.2494107E-02
   25.0000  3.7548234E-02  3.8401417E-02  3.1556725E-02
   26.0000  3.6016863E-02  3.6285794E-02  3.2564691E-02
   27.0000  3.5723482E-02  3.4275858E-02  3.3880920E-02
   28.0000  3.6171259E-02  3.2672224E-02  3.4306278E-02
   29.0000  3.6312590E-02  3.1438708E-02  3.3698531E-02
   30.0000  3.5674665E-02  3.0825311E-02  3.2918605E-02
   31.0000  3.3970351E-02  3.0524675E-02  3.1939374E-02
   32.0000  3.1611433E-02  3.0113019E-02  3.0784354E-02
   33.0000  2.9086342E-02  2.9407810E-02  2.9541225E-02
   34.0000  2.6747804E-02  2.8467860E-02  2.8325144E-02
   35.0000  2.4727052E-02  2.7409173E-02  2.7206196E-02
   36.0000  2.3046669E-02  2.6354562E-02  2.6228036E-02
   37.0000  2.1696165E-02  2.5383420E-02  2.5373339E-02
   38.0000  2.0641141E-02  2.4507908E-02  2.4573514E-02
   39.0000  1.9837751E-02  2.3690324E-02  2.3742072E-02
   40.0000  1.9220341E-02  2.2871539E-02  2.2805149E-02
