  7709.000   27  1  1  1.9222038E-02 -2.6179937E+00 -2.3692899E-01  1  1  7.5666325E+03  8.0000000E+03  0.0000000E+00  1.1792254E+00  1.0000000E+00  0.0000000E+00  = E_edge, Z, n_edge, j_edge, Abs_before_edge, VO_interstitial, E_cut, ninit, ninit1, Epsii, UnitCell_Volume, Surface_ref, f0_forward, natomsym_f, abs_u_iso
    Energy   (100,001)      (010,001)      (001,110)   
  -25.0000  4.1995139E-09  1.1092535E-09  5.1714035E-10
  -24.0000  1.1750549E-08  3.0653750E-09  1.2947504E-09
  -23.0000  4.0585715E-08  1.0609874E-08  3.8560986E-09
  -22.0000  2.1499959E-07  5.9343428E-08  1.6166014E-08
  -21.0000  8.5601175E-06  3.8867220E-06  3.4235924E-07
  -20.0000  5.3480396E-06  7.8555796E-07  1.1510348E-06
  -19.0000  1.3659481E-06  5.0029867E-07  8.5943488E-07
  -18.0000  1.1970664E-06  2.6826882E-07  2.6145261E-07
  -17.0000  2.0305823E-06  3.7538392E-07  2.9736277E-07
  -16.0000  1.6142469E-05  2.3468671E-06  1.6838809E-06
  -15.0000  3.5290009E-06  7.1270193E-07  1.2586211E-06
  -14.0000  1.1356196E-03  1.8051515E-04  1.6876522E-03
  -13.0000  1.0353456E-06  2.0010941E-06  4.3865704E-06
  -12.0000  5.3325282E-06  3.9939790E-05  6.2534463E-05
  -11.0000  1.9122000E-05  6.3854213E-06  3.3424634E-06
  -10.0000  1.0737480E-03  1.5622939E-03  1.3024420E-03
  -9.00000  1.1094406E-04  2.6699713E-05  2.9245443E-06
  -8.00000  2.6312622E-04  1.6947339E-04  2.6806300E-05
  -7.00000  5.6470644E-04  4.5506942E-04  1.7525777E-03
  -6.00000  1.9633769E-03  1.9406742E-03  8.1766967E-04
  -5.00000  4.0492047E-03  2.5400202E-04  4.0073292E-03
  -4.00000  1.9842944E-04  7.8349963E-05  9.2452749E-05
  -3.00000  1.5587499E-02  1.1643519E-02  1.7050676E-02
  -2.00000  8.4000072E-05  1.2763239E-04  5.8035425E-05
  -1.00000  5.5436610E-05  7.4916923E-05  3.3052595E-05
   0.00000  1.3742087E-04  4.0759848E-04  1.2429034E-04
   1.00000  7.7249064E-05  1.0608341E-04  7.7336850E-05
   2.00000  7.1563893E-05  1.0610684E-04  6.9657526E-05
   3.00000  9.3035248E-05  1.4165917E-04  1.0009894E-04
   4.00000  1.4936746E-04  2.4166929E-04  1.7974142E-04
   5.00000  5.4640066E-04  6.4159906E-04  5.7408711E-04
   5.20000  5.2293810E-04  8.5786952E-04  9.1149876E-04
   5.40000  4.2576203E-04  1.4233153E-03  1.6023175E-03
   5.60000  5.5944382E-04  2.0411499E-03  2.0231259E-03
   5.80000  7.8735602E-04  3.6555569E-03  3.7235702E-03
   6.00000  1.2158167E-03  7.3306959E-03  9.1066629E-03
   6.20000  1.6260425E-03  1.0196390E-02  1.4966117E-02
   6.40000  1.6518403E-03  8.8162993E-03  1.0860427E-02
   6.60000  2.0156325E-03  8.1793333E-03  8.4211633E-03
   6.80000  2.8428795E-03  9.3221103E-03  8.6429772E-03
   7.00000  4.2497790E-03  1.1637872E-02  1.0522286E-02
   7.20000  6.1009045E-03  1.3011200E-02  1.3785908E-02
   7.40000  7.4965063E-03  1.4173123E-02  1.5943754E-02
   7.60000  9.1869100E-03  2.0305610E-02  1.1900688E-02
   7.80000  1.3317937E-02  2.6798290E-02  7.9431076E-03
   8.00000  1.8201103E-02  2.8003393E-02  6.2540850E-03
   8.20000  2.2324859E-02  3.0265269E-02  5.9925001E-03
   8.40000  2.5867205E-02  4.5220062E-02  6.6394817E-03
   8.60000  2.3534790E-02  6.3008825E-02  7.7672198E-03
   8.80000  1.5453988E-02  4.4275590E-02  8.2494734E-03
   9.00000  1.1657289E-02  2.3000831E-02  8.4217237E-03
   9.20000  1.1039440E-02  1.5220744E-02  8.7287456E-03
   9.40000  1.1692155E-02  1.6710378E-02  9.6335270E-03
   9.60000  1.3072620E-02  2.4718385E-02  1.1855729E-02
   9.80000  1.5322605E-02  3.6218401E-02  1.6208235E-02
   10.0000  1.8739615E-02  4.8324351E-02  2.3326429E-02
   10.2500  2.4820678E-02  5.8922536E-02  3.7272893E-02
   10.5000  3.2561316E-02  5.8711932E-02  5.9861709E-02
   10.7500  4.2039044E-02  5.2452787E-02  8.7802489E-02
   11.0000  5.4093729E-02  4.7334078E-02  9.7326165E-02
   11.2500  6.8300082E-02  4.4104527E-02  8.5907375E-02
   11.5000  7.4807106E-02  4.2706607E-02  7.0252571E-02
   11.7500  6.5086332E-02  4.3765337E-02  5.7265749E-02
   12.0000  5.1447457E-02  4.8802141E-02  4.8531156E-02
   12.2500  4.1226894E-02  5.9819402E-02  4.3539823E-02
   12.5000  3.5537209E-02  7.7446748E-02  4.1583541E-02
   12.7500  3.2485021E-02  8.5961105E-02  4.1927232E-02
   13.0000  3.1144072E-02  7.3851688E-02  4.2940172E-02
   13.2500  3.0834611E-02  5.6760121E-02  4.2644979E-02
   13.5000  3.1134049E-02  4.3725421E-02  4.1014504E-02
   13.7500  3.1702168E-02  3.4865400E-02  3.8642991E-02
   14.0000  3.2383699E-02  2.9357277E-02  3.6253253E-02
   14.2500  3.2931369E-02  2.5720903E-02  3.3810378E-02
   14.5000  3.3226266E-02  2.3332749E-02  3.1627310E-02
   14.7500  3.3262670E-02  2.1795114E-02  3.0028018E-02
   15.0000  3.3151390E-02  2.0838548E-02  2.9048441E-02
   15.2500  3.3077219E-02  2.0287968E-02  2.8457905E-02
   15.5000  3.3231612E-02  2.0041762E-02  2.7953699E-02
   15.7500  3.3361788E-02  2.0632263E-02  2.6560396E-02
   16.0000  3.4140122E-02  2.0940543E-02  2.5251114E-02
   16.2500  3.5073952E-02  2.0828322E-02  2.4250301E-02
   16.5000  3.5975304E-02  2.0549915E-02  2.3456921E-02
   16.7500  3.6762001E-02  2.0199631E-02  2.3091947E-02
   17.0000  3.7441533E-02  1.9931013E-02  2.3252444E-02
   17.2500  3.8079019E-02  1.9872006E-02  2.3926401E-02
   17.5000  3.8754266E-02  2.0094893E-02  2.5058225E-02
   17.7500  3.9522588E-02  2.0623030E-02  2.6586422E-02
   18.0000  4.0413720E-02  2.1440209E-02  2.8452268E-02
   18.2500  4.1413408E-02  2.2506150E-02  3.0577851E-02
   18.5000  4.2447375E-02  2.3765490E-02  3.2837802E-02
   18.7500  4.3366940E-02  2.5158759E-02  3.5048670E-02
   19.0000  4.3970060E-02  2.6632950E-02  3.7014907E-02
   19.2500  4.4094444E-02  2.8148981E-02  3.8620617E-02
   19.5000  4.3706179E-02  2.9683196E-02  3.9870300E-02
   19.7500  4.2883695E-02  3.1210255E-02  4.0832399E-02
   20.0000  4.1747226E-02  3.2675834E-02  4.1560346E-02
   21.0000  3.7214038E-02  3.6198265E-02  4.2302341E-02
   22.0000  3.7494362E-02  3.7192982E-02  3.8880117E-02
   23.0000  3.9120755E-02  3.8334336E-02  3.4048965E-02
   24.0000  3.8555136E-02  3.7834811E-02  3.1553666E-02
   25.0000  3.6416740E-02  3.5514081E-02  3.1458323E-02
   26.0000  3.4855019E-02  3.3175529E-02  3.2556360E-02
   27.0000  3.4356417E-02  3.1512344E-02  3.3161849E-02
   28.0000  3.4705862E-02  3.0383937E-02  3.3000975E-02
   29.0000  3.4768914E-02  2.9565663E-02  3.2344729E-02
   30.0000  3.3748089E-02  2.9141560E-02  3.1495730E-02
   31.0000  3.1609624E-02  2.8923734E-02  3.0455449E-02
   32.0000  2.8859246E-02  2.8546078E-02  2.9253011E-02
   33.0000  2.6069675E-02  2.7876945E-02  2.7998620E-02
   34.0000  2.3618765E-02  2.7003045E-02  2.6790033E-02
   35.0000  2.1669748E-02  2.6053279E-02  2.5692166E-02
   36.0000  2.0262897E-02  2.5129651E-02  2.4745127E-02
   37.0000  1.9360382E-02  2.4261800E-02  2.3921023E-02
   38.0000  1.8879624E-02  2.3418812E-02  2.3124819E-02
   39.0000  1.8692653E-02  2.2559652E-02  2.2246189E-02
   40.0000  1.8589904E-02  2.1669721E-02  2.1214117E-02
