  7709.000   27  1  1  1.9222038E-02 -2.8123387E+00 -2.6104799E-01  1  1  7.5666605E+03  8.0000000E+03  0.0000000E+00  1.1792254E+00  1.0000000E+00  0.0000000E+00  = E_edge, Z, n_edge, j_edge, Abs_before_edge, VO_interstitial, E_cut, ninit, ninit1, Epsii, UnitCell_Volume, Surface_ref, f0_forward, natomsym_f, abs_u_iso
    Energy   (100,001)      (010,001)      (001,110)   
  -25.0000  4.4648380E-09  1.0938972E-09  5.7989187E-10
  -24.0000  1.2618825E-08  2.9918380E-09  1.5247534E-09
  -23.0000  4.4233150E-08  1.0191241E-08  4.9542780E-09
  -22.0000  2.3961296E-07  5.5538940E-08  2.5060370E-08
  -21.0000  7.4814527E-06  3.6937389E-06  8.5487640E-07
  -20.0000  4.2075810E-06  4.0598350E-07  1.5524472E-06
  -19.0000  1.1824320E-06  7.0697006E-07  8.1077054E-07
  -18.0000  1.1519857E-06  3.1304880E-07  2.1807835E-07
  -17.0000  1.9502134E-06  3.9013777E-07  2.5518335E-07
  -16.0000  1.0243606E-05  1.3302379E-06  1.1750959E-06
  -15.0000  6.2288772E-06  1.0299933E-06  1.9109007E-06
  -14.0000  1.0258462E-05  6.3167988E-06  1.3911208E-05
  -13.0000  7.7860712E-07  1.1912785E-06  2.6686097E-06
  -12.0000  1.0548654E-04  4.3011880E-03  1.8670008E-03
  -11.0000  2.0358439E-05  5.8542721E-06  3.9171921E-06
  -10.0000  5.2453353E-03  1.0427496E-02  1.0746784E-02
  -9.00000  9.6131735E-05  3.6282146E-05  1.3222699E-05
  -8.00000  1.8938538E-04  6.6175941E-05  1.9401728E-05
  -7.00000  1.7311443E-03  2.3031517E-03  8.6365381E-04
  -6.00000  5.3098163E-04  1.6335495E-03  6.2999518E-04
  -5.00000  4.4584621E-04  4.0013805E-05  1.0813385E-03
  -4.00000  2.3843796E-04  9.4940262E-05  1.5921049E-04
  -3.00000  8.8323145E-04  6.0387942E-04  6.3739515E-04
  -2.00000  6.8660620E-05  7.7318775E-05  3.1504236E-05
  -1.00000  5.8232538E-05  6.6014717E-05  2.1706855E-05
   0.00000  1.0457028E-04  1.5345086E-04  1.3282794E-04
   1.00000  9.6056100E-05  1.0945162E-04  1.0001195E-04
   2.00000  8.1077291E-05  9.9861108E-05  7.9770115E-05
   3.00000  9.9664736E-05  1.2921112E-04  1.0526035E-04
   4.00000  1.4770806E-04  2.1911595E-04  1.7939310E-04
   5.00000  2.8361934E-04  6.8004994E-04  4.7210324E-04
   5.20000  3.3931286E-04  1.0610204E-03  6.4934649E-04
   5.40000  4.1558885E-04  1.4152877E-03  9.7289139E-04
   5.60000  5.2278845E-04  1.3686742E-03  1.6208557E-03
   5.80000  6.8848436E-04  1.9567228E-03  3.2015898E-03
   6.00000  1.0699450E-03  3.1465997E-03  6.8953764E-03
   6.20000  1.5726208E-03  5.2019411E-03  1.3941435E-02
   6.40000  1.6902963E-03  9.1982182E-03  1.4014509E-02
   6.60000  1.7842781E-03  1.1243251E-02  1.0644344E-02
   6.80000  2.3290572E-03  1.1472919E-02  9.8585613E-03
   7.00000  3.5471509E-03  1.2764567E-02  1.1616334E-02
   7.20000  5.4696429E-03  1.4005872E-02  1.5486228E-02
   7.40000  7.3582684E-03  1.3371281E-02  1.8305938E-02
   7.60000  9.1720775E-03  1.3457019E-02  1.2268169E-02
   7.80000  1.1484850E-02  1.5537721E-02  7.2590026E-03
   8.00000  1.2832529E-02  1.6350609E-02  6.1581920E-03
   8.20000  1.2335192E-02  1.5583840E-02  5.9162746E-03
   8.40000  1.2580497E-02  1.7544199E-02  6.0041162E-03
   8.60000  1.3513118E-02  2.5173489E-02  6.5831398E-03
   8.80000  1.3812277E-02  4.0259910E-02  7.4184469E-03
   9.00000  1.3558695E-02  5.5434642E-02  8.0420468E-03
   9.20000  1.3463523E-02  4.2468496E-02  8.0821408E-03
   9.40000  1.4748980E-02  2.4628904E-02  8.1317064E-03
   9.60000  1.5841606E-02  2.4330713E-02  8.9585743E-03
   9.80000  1.6875034E-02  3.0116029E-02  1.0946817E-02
   10.0000  1.8565895E-02  3.7701741E-02  1.4752931E-02
   10.2500  2.1964175E-02  4.7297760E-02  2.3392282E-02
   10.5000  2.7273022E-02  5.1660633E-02  3.9361548E-02
   10.7500  3.5554641E-02  4.9314834E-02  6.5090681E-02
   11.0000  4.7296423E-02  4.5505545E-02  8.9275116E-02
   11.2500  6.1161504E-02  4.2803390E-02  8.8883802E-02
   11.5000  7.1679607E-02  4.0728954E-02  7.2547238E-02
   11.7500  6.9419929E-02  3.9886874E-02  5.7686556E-02
   12.0000  5.7726382E-02  4.1722808E-02  4.8432567E-02
   12.2500  4.6353096E-02  4.8273244E-02  4.3740804E-02
   12.5000  3.9732145E-02  6.2660305E-02  4.2231539E-02
   12.7500  3.6023538E-02  8.3919847E-02  4.2122279E-02
   13.0000  3.3866768E-02  9.3925968E-02  4.2681425E-02
   13.2500  3.2473005E-02  8.2397044E-02  4.3420896E-02
   13.5000  3.1588406E-02  6.4444646E-02  4.3553987E-02
   13.7500  3.1307721E-02  4.9177224E-02  4.2706473E-02
   14.0000  3.1572309E-02  3.9350721E-02  4.0842002E-02
   14.2500  3.2064603E-02  3.2839162E-02  3.8040920E-02
   14.5000  3.2483367E-02  2.8592785E-02  3.4875749E-02
   14.7500  3.2657931E-02  2.5860691E-02  3.2087661E-02
   15.0000  3.2585810E-02  2.4123116E-02  3.0095829E-02
   15.2500  3.2401560E-02  2.3027651E-02  2.8920887E-02
   15.5000  3.2014706E-02  2.2731520E-02  2.7793927E-02
   15.7500  3.2103558E-02  2.2835309E-02  2.7359716E-02
   16.0000  3.2650155E-02  2.2671863E-02  2.6983814E-02
   16.2500  3.3486019E-02  2.2501807E-02  2.6418796E-02
   16.5000  3.4442219E-02  2.2209241E-02  2.5691866E-02
   16.7500  3.5357316E-02  2.1822176E-02  2.5036068E-02
   17.0000  3.6150282E-02  2.1481378E-02  2.4716155E-02
   17.2500  3.6836321E-02  2.1334442E-02  2.4870661E-02
   17.5000  3.7472246E-02  2.1470675E-02  2.5490632E-02
   17.7500  3.8136136E-02  2.1914128E-02  2.6501291E-02
   18.0000  3.8880824E-02  2.2633549E-02  2.7828410E-02
   18.2500  3.9724165E-02  2.3559067E-02  2.9420189E-02
   18.5000  4.0646961E-02  2.4604511E-02  3.1238155E-02
   18.7500  4.1586491E-02  2.5692150E-02  3.3231298E-02
   19.0000  4.2434322E-02  2.6770944E-02  3.5315968E-02
   19.2500  4.3063453E-02  2.7819315E-02  3.7379438E-02
   19.5000  4.3385665E-02  2.8837309E-02  3.9312920E-02
   19.7500  4.3400792E-02  2.9832696E-02  4.1042437E-02
   20.0000  4.3167806E-02  3.0807972E-02  4.2527182E-02
   21.0000  4.1037953E-02  3.3925852E-02  4.5497233E-02
   22.0000  4.0241036E-02  3.5162181E-02  4.2307640E-02
   23.0000  4.0611777E-02  3.6674900E-02  3.6277969E-02
   24.0000  3.9380648E-02  3.7376852E-02  3.2616459E-02
   25.0000  3.7207619E-02  3.6110919E-02  3.1443786E-02
   26.0000  3.5506794E-02  3.4181117E-02  3.1801259E-02
   27.0000  3.4466936E-02  3.2559158E-02  3.2201514E-02
   28.0000  3.4391576E-02  3.1344390E-02  3.2132029E-02
   29.0000  3.4392537E-02  3.0263729E-02  3.1626265E-02
   30.0000  3.3580163E-02  2.9473699E-02  3.1005813E-02
   31.0000  3.1732743E-02  2.9011397E-02  3.0305350E-02
   32.0000  2.9245866E-02  2.8574148E-02  2.9482166E-02
   33.0000  2.6633269E-02  2.7945849E-02  2.8578380E-02
   34.0000  2.4275168E-02  2.7144092E-02  2.7658232E-02
   35.0000  2.2340757E-02  2.6278022E-02  2.6771414E-02
   36.0000  2.0883283E-02  2.5448770E-02  2.5975912E-02
   37.0000  1.9916043E-02  2.4685140E-02  2.5264052E-02
   38.0000  1.9417833E-02  2.3949113E-02  2.4536657E-02
   39.0000  1.9325189E-02  2.3180309E-02  2.3652764E-02
   40.0000  1.9463632E-02  2.2329583E-02  2.2524702E-02
