  7709.000   27  1  1  1.9222038E-02 -2.7917010E+00 -2.8009217E-01  1  1  7.5668202E+03  8.0000000E+03  0.0000000E+00  1.1792254E+00  1.0000000E+00  0.0000000E+00  = E_edge, Z, n_edge, j_edge, Abs_before_edge, VO_interstitial, E_cut, ninit, ninit1, Epsii, UnitCell_Volume, Surface_ref, f0_forward, natomsym_f, abs_u_iso
    Energy   (100,001)      (010,001)      (001,110)   
  -25.0000  4.8623806E-09  1.1976618E-09  5.5598306E-10
  -24.0000  1.3971808E-08  3.3484804E-09  1.4551646E-09
  -23.0000  5.0442283E-08  1.1831150E-08  4.7195925E-09
  -22.0000  2.9544714E-07  7.0331744E-08  2.4572144E-08
  -21.0000  8.4571867E-05  3.5509398E-05  7.5674406E-06
  -20.0000  3.8126491E-06  5.8688105E-07  1.4411651E-06
  -19.0000  1.2589200E-06  7.2111063E-07  7.9322052E-07
  -18.0000  1.2820456E-06  3.4861973E-07  2.1461077E-07
  -17.0000  2.4135456E-06  5.0528864E-07  2.4594514E-07
  -16.0000  4.0178496E-05  6.6459717E-06  2.1231660E-06
  -15.0000  3.3322610E-06  1.0375121E-06  1.1529636E-06
  -14.0000  1.2771806E-05  8.0986695E-06  1.9124878E-05
  -13.0000  9.8409554E-07  1.7924404E-06  3.9919351E-06
  -12.0000  8.8180757E-06  7.2425683E-05  1.9850625E-04
  -11.0000  2.9819461E-05  6.8203371E-06  4.2203482E-06
  -10.0000  2.5238649E-02  1.5395634E-02  4.5608965E-03
  -9.00000  5.6122608E-05  1.6620805E-05  3.9129567E-06
  -8.00000  3.1620638E-02  3.0312365E-03  1.5519092E-03
  -7.00000  2.8499733E-04  1.8970299E-04  1.5113689E-03
  -6.00000  8.6692168E-04  3.1848657E-04  2.8778437E-04
  -5.00000  5.9244085E-03  3.1060804E-04  6.1604289E-03
  -4.00000  1.6820444E-04  1.2249451E-04  1.1982905E-04
  -3.00000  5.0012028E-04  5.1422786E-04  4.2243935E-04
  -2.00000  6.6868125E-05  8.5533898E-05  4.0752257E-05
  -1.00000  5.4991626E-05  6.7941310E-05  2.8525813E-05
   0.00000  3.7217247E-04  4.3848291E-04  6.0286870E-04
   1.00000  7.4610238E-05  1.0085661E-04  8.1023743E-05
   2.00000  7.6188493E-05  9.9452847E-05  7.8511814E-05
   3.00000  9.7855646E-05  1.3699402E-04  1.1016181E-04
   4.00000  1.5108856E-04  2.3422824E-04  1.9581224E-04
   5.00000  3.6228652E-04  7.5552496E-04  5.5873218E-04
   5.20000  4.5250208E-04  9.5094552E-04  7.9552066E-04
   5.40000  4.8868086E-04  9.8811465E-04  1.2703068E-03
   5.60000  5.7996868E-04  1.3840927E-03  2.3995095E-03
   5.80000  8.8218587E-04  2.0496971E-03  4.6268997E-03
   6.00000  1.4395202E-03  3.2777519E-03  1.0214541E-02
   6.20000  1.7653613E-03  6.2817154E-03  1.6769746E-02
   6.40000  1.5787998E-03  9.7263010E-03  1.3013805E-02
   6.60000  1.8597933E-03  1.0694325E-02  9.8499586E-03
   6.80000  2.6750555E-03  1.1664540E-02  9.4610143E-03
   7.00000  3.8881923E-03  1.2990224E-02  1.1059232E-02
   7.20000  5.2198218E-03  1.2861688E-02  1.5063822E-02
   7.40000  6.3599523E-03  1.2245604E-02  2.0232746E-02
   7.60000  7.4861516E-03  1.6322292E-02  2.1225946E-02
   7.80000  9.8690755E-03  2.4739429E-02  1.6398589E-02
   8.00000  1.3742014E-02  3.0408591E-02  1.1076177E-02
   8.20000  1.6928500E-02  3.6030290E-02  8.6252172E-03
   8.40000  2.0896511E-02  5.1920680E-02  9.3370011E-03
   8.60000  2.0216479E-02  5.0887351E-02  1.1132932E-02
   8.80000  1.4489169E-02  2.2371148E-02  1.0165801E-02
   9.00000  1.2906594E-02  1.2990849E-02  9.8416741E-03
   9.20000  1.3364104E-02  1.3322330E-02  1.0413421E-02
   9.40000  1.4643379E-02  1.8420125E-02  1.1716816E-02
   9.60000  1.6153171E-02  2.5453532E-02  1.4347585E-02
   9.80000  1.8106853E-02  3.2907823E-02  1.9577996E-02
   10.0000  2.0972745E-02  4.0075149E-02  2.9228191E-02
   10.2500  2.6458720E-02  4.6658556E-02  5.2442453E-02
   10.5000  3.4881502E-02  4.7911918E-02  8.7469371E-02
   10.7500  4.7741022E-02  4.6247377E-02  1.0513082E-01
   11.0000  6.5871672E-02  4.6574312E-02  9.4755273E-02
   11.2500  8.2370773E-02  4.7307105E-02  7.6336074E-02
   11.5000  8.0819725E-02  4.7681877E-02  6.0332684E-02
   11.7500  6.5288663E-02  4.9649536E-02  5.0208058E-02
   12.0000  5.1530835E-02  5.5985568E-02  4.4745103E-02
   12.2500  4.2652441E-02  6.9945210E-02  4.2592924E-02
   12.5000  3.7511671E-02  8.9702315E-02  4.2272858E-02
   12.7500  3.4864141E-02  9.3793421E-02  4.2602865E-02
   13.0000  3.3646308E-02  7.5283598E-02  4.2903164E-02
   13.2500  3.3345260E-02  5.6003175E-02  4.2409889E-02
   13.5000  3.3631047E-02  4.3003091E-02  4.0938193E-02
   13.7500  3.3923102E-02  3.4701497E-02  3.8625975E-02
   14.0000  3.4074803E-02  2.9487511E-02  3.5576189E-02
   14.2500  3.3878491E-02  2.6017736E-02  3.2319172E-02
   14.5000  3.3403002E-02  2.3729069E-02  2.9536693E-02
   14.7500  3.2832711E-02  2.2269714E-02  2.7609217E-02
   15.0000  3.2380214E-02  2.1383590E-02  2.6463832E-02
   15.2500  3.2240931E-02  2.0891325E-02  2.5818948E-02
   15.5000  3.2541058E-02  2.0678312E-02  2.5387703E-02
   15.7500  3.3138033E-02  2.1422443E-02  2.4418045E-02
   16.0000  3.4244175E-02  2.1422237E-02  2.3868134E-02
   16.2500  3.5417214E-02  2.1330018E-02  2.3320222E-02
   16.5000  3.6466592E-02  2.1133370E-02  2.3008362E-02
   16.7500  3.7334591E-02  2.0924029E-02  2.3137620E-02
   17.0000  3.8090945E-02  2.0826840E-02  2.3765863E-02
   17.2500  3.8860624E-02  2.0939315E-02  2.4831747E-02
   17.5000  3.9733970E-02  2.1308941E-02  2.6231056E-02
   17.7500  4.0749919E-02  2.1938246E-02  2.7872012E-02
   18.0000  4.1877417E-02  2.2794926E-02  2.9672646E-02
   18.2500  4.3021662E-02  2.3828991E-02  3.1546950E-02
   18.5000  4.4026376E-02  2.4989833E-02  3.3391085E-02
   18.7500  4.4689231E-02  2.6234688E-02  3.5090153E-02
   19.0000  4.4837646E-02  2.7525646E-02  3.6562315E-02
   19.2500  4.4426718E-02  2.8826882E-02  3.7800612E-02
   19.5000  4.3547680E-02  3.0108520E-02  3.8842244E-02
   19.7500  4.2337432E-02  3.1344981E-02  3.9707973E-02
   20.0000  4.0928043E-02  3.2505347E-02  4.0388764E-02
   21.0000  3.6594975E-02  3.5565207E-02  4.1100083E-02
   22.0000  3.7690679E-02  3.7246958E-02  3.8115750E-02
   23.0000  3.8444358E-02  3.8567326E-02  3.3566046E-02
   24.0000  3.6722291E-02  3.7541981E-02  3.0981480E-02
   25.0000  3.4413311E-02  3.5075832E-02  3.0786346E-02
   26.0000  3.2935854E-02  3.2874265E-02  3.1716429E-02
   27.0000  3.2788814E-02  3.1446319E-02  3.2453129E-02
   28.0000  3.3075300E-02  3.0396095E-02  3.2317627E-02
   29.0000  3.2924376E-02  2.9578269E-02  3.1687823E-02
   30.0000  3.1729191E-02  2.9122571E-02  3.0861827E-02
   31.0000  2.9608414E-02  2.8887673E-02  2.9885464E-02
   32.0000  2.7025010E-02  2.8511553E-02  2.8798538E-02
   33.0000  2.4478162E-02  2.7823447E-02  2.7680208E-02
   34.0000  2.2299924E-02  2.6899807E-02  2.6578310E-02
   35.0000  2.0611685E-02  2.5886076E-02  2.5528077E-02
   36.0000  1.9432404E-02  2.4912296E-02  2.4562189E-02
   37.0000  1.8737797E-02  2.4030745E-02  2.3656600E-02
   38.0000  1.8457498E-02  2.3220925E-02  2.2729431E-02
   39.0000  1.8447620E-02  2.2423933E-02  2.1690454E-02
   40.0000  1.8452545E-02  2.1586836E-02  2.0509883E-02
