  7709.000   27  1  1  1.9222038E-02 -2.7430373E+00 -2.4454590E-01  1  1  7.5666148E+03  8.0000000E+03  0.0000000E+00  1.1792254E+00  1.0000000E+00  0.0000000E+00  = E_edge, Z, n_edge, j_edge, Abs_before_edge, VO_interstitial, E_cut, ninit, ninit1, Epsii, UnitCell_Volume, Surface_ref, f0_forward, natomsym_f, abs_u_iso
    Energy   (100,001)      (010,001)      (001,110)   
  -25.0000  3.5943659E-09  9.7938172E-10  5.0139119E-10
  -24.0000  9.7075670E-09  2.5984233E-09  1.2363472E-09
  -23.0000  3.1532834E-08  8.3544709E-09  3.5940281E-09
  -22.0000  1.4521636E-07  3.9173507E-08  1.4306597E-08
  -21.0000  2.0912614E-06  7.1206806E-07  1.7406079E-07
  -20.0000  1.9930802E-05  2.1116331E-06  2.2965400E-06
  -19.0000  1.7274994E-06  1.5367628E-06  1.9912135E-06
  -18.0000  1.2979369E-06  3.8664311E-07  2.7373415E-07
  -17.0000  1.9185026E-06  4.5555669E-07  2.4051951E-07
  -16.0000  9.2832564E-06  1.5398163E-06  6.3786438E-07
  -15.0000  1.4438721E-05  8.1999061E-07  1.3597389E-06
  -14.0000  1.7590371E-04  4.6016453E-05  2.6355328E-04
  -13.0000  8.3569942E-07  1.9982971E-06  4.2412240E-06
  -12.0000  6.0799728E-06  1.0747669E-04  1.3002451E-04
  -11.0000  1.5760913E-05  5.2803766E-06  3.9358149E-06
  -10.0000  9.3322117E-04  2.2670601E-04  1.7287467E-04
  -9.00000  7.3818265E-05  2.4768739E-05  6.8949295E-05
  -8.00000  9.1399354E-05  1.2399930E-04  9.5422846E-06
  -7.00000  2.4403772E-04  5.1462815E-04  5.6850061E-04
  -6.00000  2.2727436E-03  6.8074962E-02  1.0228711E-02
  -5.00000  1.5001402E-03  4.8295501E-04  2.1997542E-03
  -4.00000  1.7381918E-04  8.5961472E-05  1.1496530E-04
  -3.00000  3.8025214E-03  2.1408266E-03  3.5700187E-03
  -2.00000  8.0966395E-05  1.2773846E-04  5.2339557E-05
  -1.00000  6.1476532E-05  8.8192616E-05  3.6973334E-05
   0.00000  1.4530346E-04  1.3944876E-04  1.3634710E-04
   1.00000  6.9517148E-05  1.0856874E-04  7.3223907E-05
   2.00000  6.7532209E-05  1.0150136E-04  6.7783156E-05
   3.00000  8.7510551E-05  1.3469373E-04  1.0014179E-04
   4.00000  1.3897305E-04  2.3040954E-04  1.8989556E-04
   5.00000  2.4817986E-04  5.8245420E-04  6.7217528E-04
   5.20000  2.8089451E-04  7.9920644E-04  1.0658313E-03
   5.40000  3.8370586E-04  1.2119009E-03  2.0291771E-03
   5.60000  6.5807612E-04  2.0824431E-03  5.1847142E-03
   5.80000  1.1739385E-03  4.4208346E-03  1.4564049E-02
   6.00000  1.0378537E-03  4.7762623E-03  1.0962390E-02
   6.20000  1.0803537E-03  6.8897365E-03  8.5878656E-03
   6.40000  1.2700297E-03  8.0654007E-03  8.5586216E-03
   6.60000  1.6773809E-03  7.4628749E-03  9.5383576E-03
   6.80000  2.6237764E-03  7.3634009E-03  1.3990381E-02
   7.00000  3.2222773E-03  8.2392349E-03  1.0680573E-02
   7.20000  4.2489064E-03  9.9970466E-03  8.6617352E-03
   7.40000  5.7044242E-03  1.3719966E-02  1.0020450E-02
   7.60000  7.4616514E-03  2.0782010E-02  1.0732450E-02
   7.80000  1.0057256E-02  2.3889331E-02  8.8182719E-03
   8.00000  1.3105806E-02  2.1959591E-02  6.8191466E-03
   8.20000  1.5877615E-02  2.4358246E-02  5.8472485E-03
   8.40000  1.7936749E-02  4.0567039E-02  5.8810894E-03
   8.60000  1.7954801E-02  6.9942699E-02  6.7781316E-03
   8.80000  1.4230196E-02  6.3614431E-02  7.1375531E-03
   9.00000  1.1738354E-02  3.2349405E-02  6.8993138E-03
   9.20000  1.1598152E-02  1.6305723E-02  7.0023022E-03
   9.40000  1.2579225E-02  1.0576951E-02  7.5374433E-03
   9.60000  1.4106067E-02  1.0531847E-02  8.8150249E-03
   9.80000  1.5942877E-02  1.3838132E-02  1.1343184E-02
   10.0000  1.8129179E-02  1.9146358E-02  1.5770694E-02
   10.2500  2.1704336E-02  2.7233153E-02  2.5916556E-02
   10.5000  2.7266394E-02  3.3455443E-02  4.4922939E-02
   10.7500  3.6529809E-02  3.4676925E-02  7.2804160E-02
   11.0000  5.0657769E-02  3.4442799E-02  9.3420215E-02
   11.2500  6.9942107E-02  3.4886069E-02  9.3846221E-02
   11.5000  8.4450728E-02  3.5305648E-02  8.2049771E-02
   11.7500  7.7754654E-02  3.5991018E-02  6.7891665E-02
   12.0000  5.9318474E-02  3.8194083E-02  5.6829845E-02
   12.2500  4.6377427E-02  4.4556810E-02  5.1160958E-02
   12.5000  3.8770485E-02  5.9280779E-02  4.8942382E-02
   12.7500  3.4814529E-02  8.6995048E-02  4.8205742E-02
   13.0000  3.3301979E-02  1.0818708E-01  4.7361891E-02
   13.2500  3.2807823E-02  9.2926608E-02  4.6377461E-02
   13.5000  3.3298987E-02  6.7657705E-02  4.4500797E-02
   13.7500  3.3919702E-02  4.9949906E-02  4.1916540E-02
   14.0000  3.4541859E-02  3.9599762E-02  3.8791839E-02
   14.2500  3.4965892E-02  3.2995332E-02  3.5405252E-02
   14.5000  3.5123443E-02  2.8680146E-02  3.2328456E-02
   14.7500  3.4997310E-02  2.5816521E-02  3.0071675E-02
   15.0000  3.4615462E-02  2.3894239E-02  2.8735536E-02
   15.2500  3.4110971E-02  2.2611637E-02  2.8075290E-02
   15.5000  3.3100266E-02  2.2593059E-02  2.7154464E-02
   15.7500  3.3059570E-02  2.2248950E-02  2.6415704E-02
   16.0000  3.3415117E-02  2.1798823E-02  2.5740354E-02
   16.2500  3.3997220E-02  2.1296816E-02  2.4891706E-02
   16.5000  3.4639129E-02  2.0729989E-02  2.4092660E-02
   16.7500  3.5243713E-02  2.0206539E-02  2.3625699E-02
   17.0000  3.5820721E-02  1.9861032E-02  2.3669148E-02
   17.2500  3.6449170E-02  1.9785651E-02  2.4253387E-02
   17.5000  3.7219093E-02  2.0017761E-02  2.5313279E-02
   17.7500  3.8198669E-02  2.0549203E-02  2.6764484E-02
   18.0000  3.9410348E-02  2.1339922E-02  2.8527852E-02
   18.2500  4.0814881E-02  2.2329195E-02  3.0519369E-02
   18.5000  4.2288854E-02  2.3451152E-02  3.2618950E-02
   18.7500  4.3606622E-02  2.4647455E-02  3.4651217E-02
   19.0000  4.4487160E-02  2.5880823E-02  3.6426579E-02
   19.2500  4.4725689E-02  2.7138428E-02  3.7834136E-02
   19.5000  4.4297760E-02  2.8430447E-02  3.8888848E-02
   19.7500  4.3331007E-02  2.9774362E-02  3.9676088E-02
   20.0000  4.1998819E-02  3.1167284E-02  4.0273460E-02
   21.0000  3.6792878E-02  3.5677603E-02  4.1295101E-02
   22.0000  3.6940537E-02  3.7732818E-02  3.9052207E-02
   23.0000  3.8261002E-02  3.9749703E-02  3.4625638E-02
   24.0000  3.7141431E-02  3.9926132E-02  3.1796671E-02
   25.0000  3.5300130E-02  3.8199570E-02  3.1436487E-02
   26.0000  3.4328891E-02  3.6038725E-02  3.2583718E-02
   27.0000  3.4225558E-02  3.4073821E-02  3.3361587E-02
   28.0000  3.4752464E-02  3.2441776E-02  3.3296066E-02
   29.0000  3.4783487E-02  3.1133344E-02  3.2623164E-02
   30.0000  3.3733618E-02  3.0329392E-02  3.1701971E-02
   31.0000  3.1716356E-02  2.9879170E-02  3.0592886E-02
   32.0000  2.9163217E-02  2.9393528E-02  2.9363514E-02
   33.0000  2.6552961E-02  2.8664199E-02  2.8132389E-02
   34.0000  2.4237088E-02  2.7724340E-02  2.6958444E-02
   35.0000  2.2337923E-02  2.6696185E-02  2.5863479E-02
   36.0000  2.0849406E-02  2.5704374E-02  2.4858745E-02
   37.0000  1.9741675E-02  2.4809955E-02  2.3915442E-02
   38.0000  1.8978490E-02  2.3996607E-02  2.2960391E-02
   39.0000  1.8508796E-02  2.3198497E-02  2.1901815E-02
   40.0000  1.8219563E-02  2.2345067E-02  2.0694876E-02
