  7709.000   27  1  1  1.9222038E-02 -2.9014808E+00 -2.5887811E-01  1  1  7.5666676E+03  8.0000000E+03  0.0000000E+00  1.1792254E+00  1.0000000E+00  0.0000000E+00  = E_edge, Z, n_edge, j_edge, Abs_before_edge, VO_interstitial, E_cut, ninit, ninit1, Epsii, UnitCell_Volume, Surface_ref, f0_forward, natomsym_f, abs_u_iso
    Energy   (100,001)      (010,001)      (001,110)   
  -25.0000  4.9115351E-09  1.2458568E-09  5.0235080E-10
  -24.0000  1.4119373E-08  3.5315425E-09  1.2765160E-09
  -23.0000  5.1113006E-08  1.2804413E-08  3.9324765E-09
  -22.0000  3.0389262E-07  8.1180464E-08  1.8300474E-08
  -21.0000  2.4704586E-04  1.2378118E-04  6.3779153E-06
  -20.0000  3.6999697E-06  6.0476239E-07  7.8888796E-07
  -19.0000  1.2352161E-06  6.9146853E-07  9.5728306E-07
  -18.0000  1.2387286E-06  3.2040538E-07  2.2874354E-07
  -17.0000  2.2498286E-06  4.6123439E-07  2.3135142E-07
  -16.0000  2.0052057E-05  3.2184361E-06  1.1216401E-06
  -15.0000  4.7230780E-06  8.7001023E-07  7.3179306E-07
  -14.0000  1.4621652E-04  5.7578647E-05  2.2225549E-04
  -13.0000  9.8227644E-07  1.7566209E-06  3.9227205E-06
  -12.0000  7.9281739E-06  2.4543218E-04  4.2512785E-04
  -11.0000  2.0929344E-05  6.9882822E-06  3.5069484E-06
  -10.0000  9.0928401E-04  8.7232583E-04  1.0297146E-03
  -9.00000  1.1546922E-04  2.7223023E-05  4.4679110E-06
  -8.00000  4.0564240E-04  4.7308219E-04  4.5714392E-05
  -7.00000  2.6967267E-04  1.4134398E-03  5.0207020E-04
  -6.00000  8.7208719E-02  4.7363472E-02  2.6439937E-02
  -5.00000  9.2372896E-04  6.3126697E-05  1.8624734E-03
  -4.00000  2.3190810E-04  9.6844963E-05  1.6624211E-04
  -3.00000  2.2682237E-03  1.2108800E-03  2.0967778E-03
  -2.00000  9.1097985E-05  1.3653887E-04  6.4055084E-05
  -1.00000  7.7558209E-05  1.0382157E-04  5.0501450E-05
   0.00000  1.3411229E-04  1.5881573E-04  1.0269336E-04
   1.00000  8.2495205E-05  1.3174423E-04  7.8921850E-05
   2.00000  7.3873587E-05  1.0496529E-04  6.5478069E-05
   3.00000  9.1462040E-05  1.3398420E-04  9.3770432E-05
   4.00000  1.3817092E-04  2.1699629E-04  1.6175782E-04
   5.00000  3.5385929E-04  5.1007086E-04  4.0660560E-04
   5.20000  5.4428987E-04  6.9230064E-04  5.4520479E-04
   5.40000  7.5378265E-04  8.9678196E-04  7.8476722E-04
   5.60000  6.8438648E-04  1.0171509E-03  1.2827000E-03
   5.80000  8.3142986E-04  1.4058139E-03  2.5321418E-03
   6.00000  1.3584404E-03  2.2298539E-03  4.5440682E-03
   6.20000  2.0172336E-03  4.1520603E-03  9.3843690E-03
   6.40000  2.2762907E-03  7.4981526E-03  1.3696382E-02
   6.60000  1.9943440E-03  9.2813309E-03  1.0852301E-02
   6.80000  2.2593032E-03  1.0484550E-02  9.2300006E-03
   7.00000  3.1084413E-03  1.2848003E-02  9.2537642E-03
   7.20000  4.3157561E-03  1.4566454E-02  1.0323386E-02
   7.40000  5.5525191E-03  1.3900996E-02  1.3008354E-02
   7.60000  7.0025850E-03  1.3884473E-02  1.5682276E-02
   7.80000  9.7311810E-03  1.8222791E-02  1.5723017E-02
   8.00000  1.5419856E-02  2.6376424E-02  1.3772795E-02
   8.20000  2.3702148E-02  3.4051276E-02  1.0321080E-02
   8.40000  2.8791617E-02  4.4674887E-02  8.1838057E-03
   8.60000  2.8599854E-02  6.3519546E-02  7.8963848E-03
   8.80000  2.2490351E-02  6.5504200E-02  8.4221599E-03
   9.00000  1.4689432E-02  4.0818751E-02  8.4917468E-03
   9.20000  1.0883574E-02  2.3483102E-02  8.3064022E-03
   9.40000  9.5535109E-03  1.5034318E-02  8.3239065E-03
   9.60000  9.6041285E-03  1.1728893E-02  9.0220509E-03
   9.80000  1.0534969E-02  1.2276488E-02  1.0947559E-02
   10.0000  1.2057619E-02  1.5807092E-02  1.4777930E-02
   10.2500  1.4880319E-02  2.2735753E-02  2.3729034E-02
   10.5000  1.9177336E-02  2.9840784E-02  3.9640567E-02
   10.7500  2.5430718E-02  3.3633942E-02  6.4004478E-02
   11.0000  3.4388039E-02  3.4524495E-02  8.6399498E-02
   11.2500  4.8165619E-02  3.5007331E-02  9.0297461E-02
   11.5000  6.4649157E-02  3.4949364E-02  8.1423980E-02
   11.7500  7.0980565E-02  3.4870065E-02  7.0245000E-02
   12.0000  6.3012055E-02  3.5964656E-02  5.9517211E-02
   12.2500  5.1589178E-02  4.0231610E-02  5.1636852E-02
   12.5000  4.2809805E-02  5.1129054E-02  4.7346469E-02
   12.7500  3.7158253E-02  7.3828769E-02  4.5672576E-02
   13.0000  3.3705347E-02  9.8261523E-02  4.5700894E-02
   13.2500  3.2199353E-02  9.7527684E-02  4.5952070E-02
   13.5000  3.2206080E-02  7.4195200E-02  4.4638594E-02
   13.7500  3.2770415E-02  5.4584950E-02  4.2121498E-02
   14.0000  3.3603454E-02  4.2854250E-02  3.9277711E-02
   14.2500  3.4231939E-02  3.5289091E-02  3.6421334E-02
   14.5000  3.4401818E-02  3.0294315E-02  3.3670735E-02
   14.7500  3.4115086E-02  2.6969052E-02  3.1346939E-02
   15.0000  3.3584786E-02  2.4793046E-02  2.9669268E-02
   15.2500  3.3108482E-02  2.3411236E-02  2.8534086E-02
   15.5000  3.2720725E-02  2.3589367E-02  2.7393269E-02
   15.7500  3.2993057E-02  2.3111929E-02  2.6309257E-02
   16.0000  3.3872811E-02  2.2974620E-02  2.5418263E-02
   16.2500  3.5105310E-02  2.2914162E-02  2.4471839E-02
   16.5000  3.6461545E-02  2.2737714E-02  2.3648542E-02
   16.7500  3.7730502E-02  2.2369911E-02  2.3187047E-02
   17.0000  3.8785776E-02  2.1893084E-02  2.3243853E-02
   17.2500  3.9606711E-02  2.1461259E-02  2.3840905E-02
   17.5000  4.0246520E-02  2.1205029E-02  2.4904905E-02
   17.7500  4.0798209E-02  2.1203059E-02  2.6338498E-02
   18.0000  4.1349371E-02  2.1486198E-02  2.8048866E-02
   18.2500  4.1961870E-02  2.2050891E-02  2.9953336E-02
   18.5000  4.2657533E-02  2.2870786E-02  3.1963683E-02
   18.7500  4.3399263E-02  2.3906732E-02  3.3969759E-02
   19.0000  4.4066368E-02  2.5114252E-02  3.5835073E-02
   19.2500  4.4467744E-02  2.6452940E-02  3.7432659E-02
   19.5000  4.4421249E-02  2.7890487E-02  3.8698457E-02
   19.7500  4.3847450E-02  2.9405372E-02  3.9648088E-02
   20.0000  4.2793265E-02  3.0979352E-02  4.0333191E-02
   21.0000  3.7194659E-02  3.6324985E-02  4.1041258E-02
   22.0000  3.6731585E-02  3.7841570E-02  3.8678440E-02
   23.0000  3.9172929E-02  3.9199935E-02  3.4492524E-02
   24.0000  3.9387872E-02  3.9600781E-02  3.1549079E-02
   25.0000  3.7367869E-02  3.7931448E-02  3.0914823E-02
   26.0000  3.5613103E-02  3.5668137E-02  3.1945045E-02
   27.0000  3.5108911E-02  3.3846504E-02  3.3139353E-02
   28.0000  3.5311179E-02  3.2468932E-02  3.3433522E-02
   29.0000  3.5327664E-02  3.1330774E-02  3.2808034E-02
   30.0000  3.4707935E-02  3.0699629E-02  3.2100289E-02
   31.0000  3.3061017E-02  3.0409737E-02  3.1236658E-02
   32.0000  3.0691013E-02  3.0081621E-02  3.0195632E-02
   33.0000  2.8082575E-02  2.9467010E-02  2.9039411E-02
   34.0000  2.5642088E-02  2.8600232E-02  2.7869539E-02
   35.0000  2.3552642E-02  2.7621360E-02  2.6759607E-02
   36.0000  2.1864929E-02  2.6667911E-02  2.5766604E-02
   37.0000  2.0574841E-02  2.5819175E-02  2.4894436E-02
   38.0000  1.9640615E-02  2.5076076E-02  2.4087280E-02
   39.0000  1.8996995E-02  2.4379361E-02  2.3251087E-02
   40.0000  1.8546351E-02  2.3645955E-02  2.2297175E-02
