  7709.000   27  1  1  1.9222038E-02 -2.9621132E+00 -2.9234387E-01  1  1  7.5668248E+03  8.0000000E+03  0.0000000E+00  1.1792254E+00  1.0000000E+00  0.0000000E+00  = E_edge, Z, n_edge, j_edge, Abs_before_edge, VO_interstitial, E_cut, ninit, ninit1, Epsii, UnitCell_Volume, Surface_ref, f0_forward, natomsym_f, abs_u_iso
    Energy   (100,001)      (010,001)      (001,110)   
  -25.0000  5.3282319E-09  1.3672964E-09  5.9094788E-10
  -24.0000  1.5889534E-08  4.0076954E-09  1.5963622E-09
  -23.0000  6.1922068E-08  1.5638819E-08  5.5659635E-09
  -22.0000  4.5907484E-07  1.2855440E-07  3.7003568E-08
  -21.0000  9.8306845E-05  5.7445892E-06  8.1367194E-06
  -20.0000  1.7512339E-06  7.2054727E-07  1.3958426E-06
  -19.0000  8.8946576E-07  4.2497993E-07  4.2214829E-07
  -18.0000  9.7482064E-07  2.6951061E-07  1.5347454E-07
  -17.0000  1.8770586E-06  4.0902349E-07  1.7942895E-07
  -16.0000  1.9597588E-05  4.7479046E-06  1.3573709E-06
  -15.0000  1.4925124E-06  1.3447530E-06  9.0386706E-07
  -14.0000  6.7853154E-06  5.4226238E-06  9.8835559E-06
  -13.0000  1.0016470E-06  9.3590475E-07  2.0043999E-06
  -12.0000  1.4428401E-02  9.7389348E-03  1.4481185E-01
  -11.0000  3.2575934E-05  9.8384072E-06  3.3909034E-06
  -10.0000  1.3595494E-02  3.3151571E-02  1.6265109E-02
  -9.00000  4.7505340E-05  2.2807453E-05  6.6375899E-06
  -8.00000  5.4579564E-04  7.1469779E-05  2.3147995E-05
  -7.00000  5.5843504E-04  4.8342931E-04  7.7877774E-05
  -6.00000  5.7503636E-04  6.2818412E-04  4.0445549E-04
  -5.00000  2.1596376E-04  3.6875850E-05  2.9637389E-04
  -4.00000  2.8256487E-04  1.1479676E-04  2.5754471E-04
  -3.00000  1.0001386E-03  3.0547533E-04  6.1459791E-04
  -2.00000  6.8505722E-05  8.4044407E-05  2.6014524E-05
  -1.00000  7.2668275E-05  9.1395618E-05  2.7215324E-05
   0.00000  1.0738694E-04  9.4827603E-05  4.5204740E-05
   1.00000  8.9738714E-05  1.2071795E-04  1.1707394E-04
   2.00000  7.7332166E-05  8.9984463E-05  7.3236367E-05
   3.00000  9.5115840E-05  1.1519401E-04  9.1034792E-05
   4.00000  1.4083311E-04  1.8229723E-04  1.4541126E-04
   5.00000  2.7488315E-04  4.3727598E-04  3.3156253E-04
   5.20000  3.3252035E-04  6.0780234E-04  4.3565434E-04
   5.40000  4.1404957E-04  9.4352124E-04  6.2789091E-04
   5.60000  5.2523386E-04  1.4291819E-03  9.9662331E-04
   5.80000  6.7497081E-04  1.4633033E-03  1.5344018E-03
   6.00000  9.6461099E-04  1.3747151E-03  2.6411397E-03
   6.20000  1.6072592E-03  1.6415747E-03  5.1972102E-03
   6.40000  2.3615095E-03  2.3776351E-03  6.2769688E-03
   6.60000  2.9798657E-03  3.9271516E-03  7.2447074E-03
   6.80000  3.1872596E-03  6.0265662E-03  8.8568380E-03
   7.00000  3.3638118E-03  8.2656956E-03  9.2832921E-03
   7.20000  4.3763565E-03  1.1322682E-02  9.7272826E-03
   7.40000  6.2420575E-03  1.4832675E-02  1.0007469E-02
   7.60000  8.8595402E-03  1.7403636E-02  1.1185126E-02
   7.80000  1.1838959E-02  1.9266208E-02  1.5988093E-02
   8.00000  1.4498784E-02  2.0983430E-02  2.7453930E-02
   8.20000  1.6311661E-02  2.2446154E-02  3.0310822E-02
   8.40000  1.5401326E-02  2.1607590E-02  2.1102291E-02
   8.60000  1.3741440E-02  2.2976687E-02  1.4275526E-02
   8.80000  1.3563616E-02  3.0520125E-02  1.1875547E-02
   9.00000  1.3793129E-02  4.5553766E-02  1.1004866E-02
   9.20000  1.4370401E-02  5.6404390E-02  1.0197623E-02
   9.40000  1.6362060E-02  3.9089897E-02  9.4534139E-03
   9.60000  1.8872723E-02  2.4385202E-02  8.8763698E-03
   9.80000  1.9988644E-02  2.3401412E-02  9.0356503E-03
   10.0000  2.0542018E-02  2.7433172E-02  1.0344663E-02
   10.2500  2.2176360E-02  3.4681664E-02  1.4266309E-02
   10.5000  2.5917673E-02  4.1266408E-02  2.2622531E-02
   10.7500  3.2246398E-02  4.2019930E-02  3.8948809E-02
   11.0000  4.0912196E-02  3.7285726E-02  6.4989282E-02
   11.2500  5.1916235E-02  3.2601086E-02  8.3879630E-02
   11.5000  6.5051147E-02  2.9931645E-02  7.8509416E-02
   11.7500  7.2002287E-02  2.8920763E-02  6.3143380E-02
   12.0000  6.5234251E-02  2.9779643E-02  5.1874122E-02
   12.2500  5.4496818E-02  3.2993382E-02  4.5881639E-02
   12.5000  4.6264120E-02  4.0529127E-02  4.3896483E-02
   12.7500  4.1241614E-02  5.6389027E-02  4.4045435E-02
   13.0000  3.8255228E-02  8.1898988E-02  4.4824259E-02
   13.2500  3.6268903E-02  1.0113451E-01  4.6382090E-02
   13.5000  3.4926844E-02  9.4264066E-02  4.8341646E-02
   13.7500  3.3873696E-02  7.1325156E-02  4.8925425E-02
   14.0000  3.3267526E-02  5.3874158E-02  4.7845117E-02
   14.2500  3.2904083E-02  4.2035762E-02  4.5080125E-02
   14.5000  3.2520910E-02  3.4384594E-02  4.0981368E-02
   14.7500  3.1994671E-02  2.9480918E-02  3.6562384E-02
   15.0000  3.1361321E-02  2.6386628E-02  3.2841952E-02
   15.2500  3.0736827E-02  2.4506718E-02  3.0315510E-02
   15.5000  3.0013978E-02  2.3827585E-02  2.8356247E-02
   15.7500  2.9780255E-02  2.3697179E-02  2.7855464E-02
   16.0000  3.0075278E-02  2.3714813E-02  2.7605586E-02
   16.2500  3.0835556E-02  2.3898672E-02  2.7360961E-02
   16.5000  3.1959353E-02  2.4031948E-02  2.6944432E-02
   16.7500  3.3275024E-02  2.3952026E-02  2.6420648E-02
   17.0000  3.4603075E-02  2.3659731E-02  2.6011266E-02
   17.2500  3.5812946E-02  2.3293427E-02  2.5925126E-02
   17.5000  3.6831767E-02  2.3019267E-02  2.6245612E-02
   17.7500  3.7660479E-02  2.2959193E-02  2.6942589E-02
   18.0000  3.8335476E-02  2.3165745E-02  2.7942745E-02
   18.2500  3.8901757E-02  2.3624767E-02  2.9183333E-02
   18.5000  3.9398629E-02  2.4275721E-02  3.0625404E-02
   18.7500  3.9850602E-02  2.5036625E-02  3.2245391E-02
   19.0000  4.0257187E-02  2.5833831E-02  3.4008607E-02
   19.2500  4.0588290E-02  2.6628008E-02  3.5854493E-02
   19.5000  4.0795695E-02  2.7420048E-02  3.7700626E-02
   19.7500  4.0842161E-02  2.8235737E-02  3.9463765E-02
   20.0000  4.0720359E-02  2.9102699E-02  4.1073387E-02
   21.0000  3.9189778E-02  3.2904457E-02  4.4794815E-02
   22.0000  3.8636020E-02  3.5218512E-02  4.2355959E-02
   23.0000  3.8894840E-02  3.6795683E-02  3.6343918E-02
   24.0000  3.8096612E-02  3.8108690E-02  3.2237935E-02
   25.0000  3.6403549E-02  3.7706432E-02  3.0742862E-02
   26.0000  3.4812231E-02  3.6201098E-02  3.0865114E-02
   27.0000  3.4211195E-02  3.4795999E-02  3.1761919E-02
   28.0000  3.4048985E-02  3.3578644E-02  3.2240319E-02
   29.0000  3.4354998E-02  3.2351088E-02  3.2119938E-02
   30.0000  3.4462222E-02  3.1198806E-02  3.1617517E-02
   31.0000  3.3574147E-02  3.0387258E-02  3.0859836E-02
   32.0000  3.1679511E-02  2.9778672E-02  2.9881193E-02
   33.0000  2.9272400E-02  2.9101317E-02  2.8782078E-02
   34.0000  2.6877516E-02  2.8287708E-02  2.7690352E-02
   35.0000  2.4763477E-02  2.7413924E-02  2.6682270E-02
   36.0000  2.2972272E-02  2.6580104E-02  2.5815654E-02
   37.0000  2.1482900E-02  2.5840221E-02  2.5110635E-02
   38.0000  2.0294287E-02  2.5178553E-02  2.4497246E-02
   39.0000  1.9424738E-02  2.4542580E-02  2.3821509E-02
   40.0000  1.8876645E-02  2.3873588E-02  2.2942620E-02
