  7709.000   27  1  1  1.9222038E-02 -2.8909306E+00 -2.5057028E-01  1  1  7.5665702E+03  8.0000000E+03  0.0000000E+00  1.1792254E+00  1.0000000E+00  0.0000000E+00  = E_edge, Z, n_edge, j_edge, Abs_before_edge, VO_interstitial, E_cut, ninit, ninit1, Epsii, UnitCell_Volume, Surface_ref, f0_forward, natomsym_f, abs_u_iso
    Energy   (100,001)      (010,001)      (001,110)   
  -25.0000  4.3238581E-09  1.0707152E-09  5.0360925E-10
  -24.0000  1.1904433E-08  2.8782543E-09  1.2451644E-09
  -23.0000  3.9821191E-08  9.4777170E-09  3.6314616E-09
  -22.0000  1.9377394E-07  4.7028109E-08  1.4519238E-08
  -21.0000  3.4667176E-06  1.1896220E-06  1.7776261E-07
  -20.0000  1.1889353E-05  8.4490605E-07  1.4201543E-06
  -19.0000  1.7864857E-06  1.2373049E-06  1.9069426E-06
  -18.0000  1.5190207E-06  3.7783755E-07  3.1762716E-07
  -17.0000  2.4912648E-06  4.5709339E-07  3.0486448E-07
  -16.0000  1.5999702E-05  1.7644038E-06  1.3256802E-06
  -15.0000  1.4623693E-05  9.2101860E-07  1.6304278E-06
  -14.0000  1.3340319E-05  1.1653907E-05  1.8934995E-05
  -13.0000  8.6423844E-07  2.4323923E-06  6.0562680E-06
  -12.0000  4.8823020E-06  2.6676199E-05  4.9285495E-05
  -11.0000  1.5360869E-05  4.8986944E-06  4.4805574E-06
  -10.0000  1.2719887E-02  1.2409052E-03  8.4863340E-03
  -9.00000  2.0338661E-04  2.5275161E-05  4.3573967E-06
  -8.00000  9.4511632E-02  1.5711210E-01  3.1776691E-02
  -7.00000  2.6070029E-04  2.9029275E-04  3.4052997E-04
  -6.00000  8.2029101E-04  8.9540062E-03  1.0220287E-03
  -5.00000  1.4251772E-03  2.0622375E-04  7.9842332E-03
  -4.00000  3.2165321E-04  9.2702428E-05  1.6866872E-04
  -3.00000  3.6454834E-03  2.8102817E-03  3.5371555E-03
  -2.00000  7.8940677E-05  1.2810009E-04  4.9769799E-05
  -1.00000  6.8794241E-05  8.8790393E-05  3.8413512E-05
   0.00000  1.1253738E-04  2.4073334E-04  1.4475485E-04
   1.00000  8.9143830E-05  9.5895064E-05  7.9776992E-05
   2.00000  7.4291291E-05  1.0544020E-04  7.5382320E-05
   3.00000  9.1097534E-05  1.4474130E-04  1.0840963E-04
   4.00000  1.3613494E-04  2.5116976E-04  2.0047584E-04
   5.00000  2.1937457E-04  7.2719188E-04  6.9937837E-04
   5.20000  2.5015995E-04  1.1403238E-03  1.1017070E-03
   5.40000  3.3793428E-04  1.5434031E-03  2.0194688E-03
   5.60000  5.1775662E-04  2.5995844E-03  5.0052723E-03
   5.80000  8.5364579E-04  5.5527203E-03  1.3718724E-02
   6.00000  8.2326646E-04  6.6198574E-03  1.1321923E-02
   6.20000  8.6219524E-04  9.8864785E-03  9.3320611E-03
   6.40000  9.9554379E-04  1.0197642E-02  8.8518719E-03
   6.60000  1.3224523E-03  8.2013604E-03  8.4961657E-03
   6.80000  1.9488481E-03  7.5986162E-03  1.0307031E-02
   7.00000  3.0655907E-03  8.1703985E-03  1.5677644E-02
   7.20000  3.8335996E-03  9.6819459E-03  1.3859342E-02
   7.40000  4.2457707E-03  1.2136907E-02  8.9250823E-03
   7.60000  5.3754920E-03  1.8162258E-02  6.6398971E-03
   7.80000  7.4790360E-03  2.5591125E-02  5.0711317E-03
   8.00000  9.8543382E-03  2.9969480E-02  4.6273676E-03
   8.20000  1.1695583E-02  3.2644356E-02  4.7585869E-03
   8.40000  1.3394886E-02  4.4068789E-02  5.2909653E-03
   8.60000  1.4812041E-02  7.3005309E-02  6.2858214E-03
   8.80000  1.3099613E-02  6.0214524E-02  7.4213800E-03
   9.00000  1.1413086E-02  2.5397190E-02  8.5334186E-03
   9.20000  1.1437684E-02  1.3583138E-02  9.7492689E-03
   9.40000  1.2274973E-02  1.2645176E-02  1.1023765E-02
   9.60000  1.3501783E-02  1.7228336E-02  1.3073645E-02
   9.80000  1.5054873E-02  2.5078906E-02  1.7363548E-02
   10.0000  1.7246847E-02  3.4895389E-02  2.5921530E-02
   10.2500  2.1901474E-02  4.6460811E-02  4.6630927E-02
   10.5000  3.0024395E-02  5.0333026E-02  7.9118351E-02
   10.7500  4.1960332E-02  4.6974990E-02  1.0445925E-01
   11.0000  5.7486243E-02  4.4398869E-02  1.0446209E-01
   11.2500  7.4185282E-02  4.4608625E-02  8.7789537E-02
   11.5000  7.8611876E-02  4.6322473E-02  6.8602168E-02
   11.7500  6.5745934E-02  4.9793181E-02  5.5162787E-02
   12.0000  5.0668945E-02  5.7071453E-02  4.7693564E-02
   12.2500  4.1571722E-02  7.1852676E-02  4.4260927E-02
   12.5000  3.6344577E-02  9.2420046E-02  4.2726331E-02
   12.7500  3.3486328E-02  9.6890773E-02  4.2047305E-02
   13.0000  3.2188402E-02  7.5494459E-02  4.1502304E-02
   13.2500  3.1864176E-02  5.4807172E-02  4.0290175E-02
   13.5000  3.2669277E-02  4.1759691E-02  3.8640481E-02
   13.7500  3.3613721E-02  3.4362916E-02  3.6767906E-02
   14.0000  3.4498009E-02  2.9504080E-02  3.4751518E-02
   14.2500  3.5053675E-02  2.6174418E-02  3.2694511E-02
   14.5000  3.5186509E-02  2.3859504E-02  3.0916811E-02
   14.7500  3.4950370E-02  2.2243748E-02  2.9634011E-02
   15.0000  3.4532924E-02  2.1118954E-02  2.8727981E-02
   15.2500  3.4220691E-02  2.0363845E-02  2.7937810E-02
   15.5000  3.3649983E-02  2.0684113E-02  2.6129510E-02
   15.7500  3.4183147E-02  2.0369112E-02  2.5105680E-02
   16.0000  3.4977438E-02  2.0131348E-02  2.3988396E-02
   16.2500  3.5764632E-02  1.9875182E-02  2.2923457E-02
   16.5000  3.6380889E-02  1.9587789E-02  2.2131654E-02
   16.7500  3.6851776E-02  1.9336122E-02  2.1783550E-02
   17.0000  3.7328960E-02  1.9216249E-02  2.1931339E-02
   17.2500  3.7988948E-02  1.9310889E-02  2.2543630E-02
   17.5000  3.8967597E-02  1.9671842E-02  2.3557836E-02
   17.7500  4.0339697E-02  2.0319701E-02  2.4918416E-02
   18.0000  4.2106070E-02  2.1244010E-02  2.6572131E-02
   18.2500  4.4169630E-02  2.2408168E-02  2.8449945E-02
   18.5000  4.6292557E-02  2.3759445E-02  3.0437685E-02
   18.7500  4.8077376E-02  2.5241586E-02  3.2359540E-02
   19.0000  4.9047486E-02  2.6804377E-02  3.4021954E-02
   19.2500  4.8885636E-02  2.8406203E-02  3.5317123E-02
   19.5000  4.7616566E-02  3.0008552E-02  3.6276081E-02
   19.7500  4.5542660E-02  3.1554730E-02  3.7010947E-02
   20.0000  4.3076587E-02  3.2951755E-02  3.7638495E-02
   21.0000  3.6044948E-02  3.5486146E-02  3.9974438E-02
   22.0000  3.6817775E-02  3.6042208E-02  3.9514944E-02
   23.0000  3.8828321E-02  3.7783272E-02  3.5281001E-02
   24.0000  3.8544315E-02  3.8284484E-02  3.2098687E-02
   25.0000  3.6736787E-02  3.6644556E-02  3.1387407E-02
   26.0000  3.5306702E-02  3.4569004E-02  3.2264424E-02
   27.0000  3.4604064E-02  3.2838026E-02  3.3034810E-02
   28.0000  3.4492123E-02  3.1476603E-02  3.3241083E-02
   29.0000  3.4163965E-02  3.0427986E-02  3.2953385E-02
   30.0000  3.3025432E-02  2.9824400E-02  3.2345029E-02
   31.0000  3.0903496E-02  2.9456567E-02  3.1435950E-02
   32.0000  2.8161609E-02  2.8922499E-02  3.0310670E-02
   33.0000  2.5380291E-02  2.8057098E-02  2.9104234E-02
   34.0000  2.2995000E-02  2.6943334E-02  2.7911754E-02
   35.0000  2.1188748E-02  2.5731441E-02  2.6800002E-02
   36.0000  1.9992766E-02  2.4559408E-02  2.5799717E-02
   37.0000  1.9355588E-02  2.3485537E-02  2.4858872E-02
   38.0000  1.9159955E-02  2.2502423E-02  2.3877067E-02
   39.0000  1.9210279E-02  2.1575649E-02  2.2758343E-02
   40.0000  1.9192988E-02  2.0671105E-02  2.1452234E-02
