  7709.000   27  1  1  1.9222038E-02 -4.9151100E+00 -3.1739039E-01  1  1  7.5665763E+03  8.0000000E+03  0.0000000E+00  1.1792254E+00  1.0000000E+00  0.0000000E+00  = E_edge, Z, n_edge, j_edge, Abs_before_edge, VO_interstitial, E_cut, ninit, ninit1, Epsii, UnitCell_Volume, Surface_ref, f0_forward, natomsym_f, abs_u_iso
    Energy   (100,001)      (010,001)      (001,110)   
  -25.0000  6.1182631E-09  3.1709377E-10  8.4330730E-10
  -24.0000  1.5377196E-08  5.8635943E-10  1.8737202E-09
  -23.0000  4.4080024E-08  1.1343903E-09  4.5691122E-09
  -22.0000  1.5630761E-07  2.3436502E-09  1.2839890E-08
  -21.0000  8.4960827E-07  5.5587517E-09  4.7978137E-08
  -20.0000  2.2571129E-05  1.0736677E-07  2.3905221E-06
  -19.0000  1.6415294E-05  1.4425529E-07  4.7686510E-06
  -18.0000  4.5963889E-06  1.5017784E-07  5.1405171E-06
  -17.0000  4.0934860E-06  1.7624860E-07  1.2759168E-06
  -16.0000  6.1014476E-06  7.1909412E-07  1.1143499E-06
  -15.0000  1.7584559E-05  8.9368327E-06  3.1150660E-06
  -14.0000  1.7986158E-03  3.2915564E-05  2.4919243E-05
  -13.0000  1.6417193E-06  5.0749939E-06  7.3979902E-06
  -12.0000  2.8715956E-06  3.3866088E-06  3.0756802E-05
  -11.0000  7.4960202E-03  4.1874237E-06  1.8884703E-02
  -10.0000  2.1596131E-04  4.0969634E-06  4.1176205E-05
  -9.00000  1.9213330E-01  8.6070847E-05  2.6032334E-04
  -8.00000  8.3068628E-04  1.8722611E-04  3.2805412E-04
  -7.00000  1.7753611E-02  5.0247224E-05  1.2101497E-03
  -6.00000  4.2040843E-03  6.1386129E-04  2.0379801E-03
  -5.00000  8.6646767E-03  1.3240068E-03  1.4855289E-02
  -4.00000  4.4748598E-01  3.4674212E-04  3.2873958E-04
  -3.00000  8.1735238E-04  8.5316807E-02  3.9849946E-03
  -2.00000  1.0181745E-03  8.1968377E-03  2.8800463E-03
  -1.00000  3.5631392E-04  1.5855307E-03  3.0742050E-04
   0.00000  4.0203970E-04  1.3755667E-03  5.0644807E-03
   1.00000  5.7271044E-03  1.0364481E-03  1.2602427E-03
   2.00000  1.2781283E-03  1.1129382E-03  5.0400317E-04
   3.00000  1.1799976E-03  1.8443720E-03  6.1541955E-04
   4.00000  1.7169969E-03  3.6916452E-03  9.1193911E-04
   5.00000  2.1756476E-03  6.6832790E-03  1.5551922E-03
   5.20000  2.2212037E-03  7.4151537E-03  1.7923344E-03
   5.40000  2.2568236E-03  8.2135643E-03  2.1019664E-03
   5.60000  2.2914129E-03  9.0956954E-03  2.5193521E-03
   5.80000  2.3450393E-03  1.0099631E-02  3.1025404E-03
   6.00000  2.4642333E-03  1.1262748E-02  3.9422374E-03
   6.20000  2.7521633E-03  1.2600383E-02  5.1477182E-03
   6.40000  3.3708852E-03  1.4138457E-02  6.8520649E-03
   6.60000  4.2292898E-03  1.5778365E-02  9.1238650E-03
   6.80000  4.6763235E-03  1.7176084E-02  1.1573502E-02
   7.00000  4.5811127E-03  1.7848730E-02  1.2996686E-02
   7.20000  4.3260703E-03  1.7816624E-02  1.2482522E-02
   7.40000  4.1062519E-03  1.7763375E-02  1.0833123E-02
   7.60000  3.9526118E-03  1.8109816E-02  9.2054695E-03
   7.80000  3.8564307E-03  1.8863181E-02  8.0139225E-03
   8.00000  3.8061551E-03  1.9936250E-02  7.2338255E-03
   8.20000  3.7893787E-03  2.1284024E-02  6.7455697E-03
   8.40000  3.7922312E-03  2.2915001E-02  6.4457443E-03
   8.60000  3.8137459E-03  2.4874948E-02  6.2720784E-03
   8.80000  3.8572481E-03  2.7227367E-02  6.1907403E-03
   9.00000  3.9207567E-03  3.0028163E-02  6.1834074E-03
   9.20000  4.0026369E-03  3.3335223E-02  6.2464430E-03
   9.40000  4.1014428E-03  3.7190516E-02  6.3868256E-03
   9.60000  4.2165461E-03  4.1611545E-02  6.6192543E-03
   9.80000  4.3482723E-03  4.6576318E-02  6.9628610E-03
   10.0000  4.4971973E-03  5.2003354E-02  7.4387314E-03
   10.2500  4.7085366E-03  5.9164391E-02  8.2473680E-03
   10.5000  4.9497898E-03  6.6176335E-02  9.3080869E-03
   10.7500  5.2251035E-03  7.2174464E-02  1.0590945E-02
   11.0000  5.5391793E-03  7.6176654E-02  1.1995180E-02
   11.2500  5.8970183E-03  7.7397350E-02  1.3359329E-02
   11.5000  6.2978425E-03  7.5520926E-02  1.4478526E-02
   11.7500  6.7460067E-03  7.0904965E-02  1.5245793E-02
   12.0000  7.5060016E-03  6.4521937E-02  1.6006332E-02
   12.2500  8.2746488E-03  5.7937261E-02  1.6037988E-02
   12.5000  8.9019396E-03  5.1735734E-02  1.6524538E-02
   12.7500  9.5842668E-03  4.5896876E-02  1.6940948E-02
   13.0000  1.0318597E-02  4.0669782E-02  1.7306180E-02
   13.2500  1.1103873E-02  3.6148789E-02  1.7639520E-02
   13.5000  1.1942133E-02  3.2329571E-02  1.7964209E-02
   13.7500  1.2838169E-02  2.9158060E-02  1.8306665E-02
   14.0000  1.3798576E-02  2.6558567E-02  1.8692753E-02
   14.2500  1.4830702E-02  2.4449811E-02  1.9143236E-02
   14.5000  1.5941446E-02  2.2754354E-02  1.9672295E-02
   14.7500  1.7137983E-02  2.1403676E-02  2.0289265E-02
   15.0000  1.8427338E-02  2.0337620E-02  2.0998944E-02
   15.2500  1.9840259E-02  1.9485925E-02  2.0713788E-02
   15.5000  2.1340266E-02  1.8850471E-02  2.1707717E-02
   15.7500  2.2954820E-02  1.8373432E-02  2.2813473E-02
   16.0000  2.4686903E-02  1.8030758E-02  2.4040645E-02
   16.2500  2.6534920E-02  1.7804413E-02  2.5407496E-02
   16.5000  2.8489990E-02  1.7681727E-02  2.6941694E-02
   16.7500  3.0535500E-02  1.7653714E-02  2.8681447E-02
   17.0000  3.2646884E-02  1.7715010E-02  3.0674552E-02
   17.2500  3.4791437E-02  1.7862312E-02  3.2974709E-02
   17.5000  3.6930501E-02  1.8092465E-02  3.5638242E-02
   17.7500  3.9019349E-02  1.8401376E-02  3.8713120E-02
   18.0000  4.1010389E-02  1.8786045E-02  4.2225688E-02
   18.2500  4.2855264E-02  1.9243390E-02  4.6156575E-02
   18.5000  4.4507266E-02  1.9770447E-02  5.0415244E-02
   18.7500  4.5919408E-02  2.0363832E-02  5.4810173E-02
   19.0000  4.7053456E-02  2.1020261E-02  5.9031052E-02
   19.2500  4.7883960E-02  2.1736819E-02  6.2681196E-02
   19.5000  4.8401337E-02  2.2510604E-02  6.5354334E-02
   19.7500  4.8618768E-02  2.3337294E-02  6.6754784E-02
   20.0000  4.8570167E-02  2.4212801E-02  6.6795638E-02
   21.0000  4.6871431E-02  2.8099849E-02  5.7967268E-02
   22.0000  4.5425587E-02  3.2319714E-02  4.7542872E-02
   23.0000  4.5585498E-02  3.6232973E-02  4.0957720E-02
   24.0000  4.6534731E-02  3.8814982E-02  3.7114125E-02
   25.0000  4.7238748E-02  3.9387278E-02  3.4859012E-02
   26.0000  4.7235001E-02  3.8292607E-02  3.3635916E-02
   27.0000  4.6116753E-02  3.6470586E-02  3.3053181E-02
   28.0000  4.3546149E-02  3.4608111E-02  3.2668495E-02
   29.0000  3.9895965E-02  3.2953268E-02  3.2159437E-02
   30.0000  3.6196534E-02  3.1533867E-02  3.1508047E-02
   31.0000  3.3256818E-02  3.0338495E-02  3.0864900E-02
   32.0000  3.1264553E-02  2.9369975E-02  3.0345051E-02
   33.0000  3.0043603E-02  2.8600732E-02  2.9982067E-02
   34.0000  2.9341215E-02  2.7975624E-02  2.9785760E-02
   35.0000  2.8961181E-02  2.7411154E-02  2.9751025E-02
   36.0000  2.8754554E-02  2.6707793E-02  2.9770156E-02
   37.0000  2.8633924E-02  2.5975148E-02  2.9965145E-02
   38.0000  2.8581581E-02  2.5035288E-02  3.0238160E-02
   39.0000  2.8582104E-02  2.3850949E-02  3.0563282E-02
   40.0000  2.8618653E-02  2.2451365E-02  3.0920561E-02
