  7709.000   27  1  1  1.9222038E-02 -4.6702174E+00 -3.2883025E-01  1  1  7.5663533E+03  8.0000000E+03  0.0000000E+00  1.1792254E+00  1.0000000E+00  0.0000000E+00  = E_edge, Z, n_edge, j_edge, Abs_before_edge, VO_interstitial, E_cut, ninit, ninit1, Epsii, UnitCell_Volume, Surface_ref, f0_forward, natomsym_f, abs_u_iso
    Energy   (100,001)      (010,001)      (001,110)   
  -25.0000  6.1278446E-09  3.9034324E-10  1.0226650E-09
  -24.0000  1.6037097E-08  7.3385319E-10  2.3564639E-09
  -23.0000  4.9452797E-08  1.4526540E-09  6.0833097E-09
  -22.0000  2.0538409E-07  3.1255032E-09  1.8862810E-08
  -21.0000  1.9736169E-06  8.6365696E-09  9.0231971E-08
  -20.0000  3.6007881E-02  2.0236743E-05  4.1087768E-04
  -19.0000  1.1487172E-05  6.7339220E-07  3.0367689E-05
  -18.0000  2.5188053E-06  8.9653696E-08  9.3461412E-07
  -17.0000  2.8149418E-06  2.8212397E-07  5.6992508E-07
  -16.0000  5.8262601E-06  1.9119297E-06  6.4660321E-07
  -15.0000  3.7874827E-04  5.5694781E-03  5.3757948E-05
  -14.0000  8.0642713E-07  1.5588044E-05  1.7207002E-06
  -13.0000  1.0921760E-06  4.3431876E-06  6.2840253E-06
  -12.0000  8.1282172E-06  5.7520703E-06  1.1590853E-03
  -11.0000  2.9870948E-05  3.1307250E-06  1.4614421E-05
  -10.0000  7.8534185E-04  1.5122320E-05  2.0855310E-05
  -9.00000  4.9984539E-03  2.7309222E-05  1.8365886E-05
  -8.00000  1.8974133E-04  5.1080148E-05  1.4300229E-05
  -7.00000  3.8602560E-03  1.4714861E-04  2.7709604E-03
  -6.00000  6.9126689E-04  7.9882468E-05  6.0116039E-04
  -5.00000  1.4398053E-02  4.6529108E-03  1.5681064E-03
  -4.00000  8.1630854E-02  1.7213160E-03  2.1728147E-04
  -3.00000  8.1307130E-04  7.5143910E-02  2.1021599E-03
  -2.00000  6.4611779E-04  2.6593400E-03  3.3651795E-04
  -1.00000  3.1872232E-04  1.5646556E-03  1.8620564E-04
   0.00000  9.9489956E-04  2.1851030E-03  7.0728913E-04
   1.00000  1.0583435E-03  1.6174086E-03  8.7271176E-04
   2.00000  4.9655579E-04  1.1168725E-03  3.2010449E-04
   3.00000  6.0309506E-04  1.4035132E-03  3.7267174E-04
   4.00000  9.2138661E-04  2.2472153E-03  5.5831430E-04
   5.00000  1.5987402E-03  3.7885276E-03  1.0153999E-03
   5.20000  1.8241262E-03  4.1554613E-03  1.1811722E-03
   5.40000  2.1047331E-03  4.5347341E-03  1.3937771E-03
   5.60000  2.4530659E-03  4.9243050E-03  1.6720656E-03
   5.80000  2.8568551E-03  5.3230696E-03  2.0447244E-03
   6.00000  3.2483415E-03  5.7334252E-03  2.5567375E-03
   6.20000  3.5634216E-03  6.1698646E-03  3.2779316E-03
   6.40000  3.9220391E-03  6.6609773E-03  4.3131561E-03
   6.60000  4.5375071E-03  7.2540884E-03  5.8236802E-03
   6.80000  5.3842760E-03  7.9946974E-03  7.9882882E-03
   7.00000  6.1858931E-03  8.9133007E-03  1.0889885E-02
   7.20000  6.9175476E-03  9.9776006E-03  1.4182238E-02
   7.40000  7.6907637E-03  1.1035296E-02  1.6779442E-02
   7.60000  8.5949169E-03  1.1931178E-02  1.7566344E-02
   7.80000  9.6945984E-03  1.2717974E-02  1.6601520E-02
   8.00000  1.1067462E-02  1.3612113E-02  1.4776943E-02
   8.20000  1.2824882E-02  1.4803766E-02  1.2762211E-02
   8.40000  1.5059294E-02  1.6332885E-02  1.0978972E-02
   8.60000  1.7797286E-02  1.8217859E-02  9.8142304E-03
   8.80000  2.1094617E-02  2.0602232E-02  9.2135514E-03
   9.00000  2.4938163E-02  2.3604252E-02  9.0232227E-03
   9.20000  2.9128093E-02  2.7273067E-02  9.1521994E-03
   9.40000  3.3113654E-02  3.1508548E-02  9.5389371E-03
   9.60000  3.6018925E-02  3.6161072E-02  1.0085073E-02
   9.80000  3.6904706E-02  4.0608285E-02  1.0849601E-02
   10.0000  3.5700766E-02  4.4805491E-02  1.1757988E-02
   10.2500  3.2588247E-02  5.0160043E-02  1.3079753E-02
   10.5000  2.9595286E-02  5.6623851E-02  1.4628034E-02
   10.7500  2.7833475E-02  6.4982825E-02  1.6461207E-02
   11.0000  2.7521391E-02  7.5195493E-02  1.8660519E-02
   11.2500  2.8460810E-02  8.5844717E-02  2.1307005E-02
   11.5000  3.0259901E-02  9.3775356E-02  2.4439065E-02
   11.7500  3.2452721E-02  9.5215204E-02  2.7937861E-02
   12.0000  3.4025748E-02  8.8765605E-02  3.1567483E-02
   12.2500  3.5498745E-02  7.7348271E-02  3.5546532E-02
   12.5000  3.6302995E-02  6.4774455E-02  3.9535290E-02
   12.7500  3.6419605E-02  5.3559575E-02  4.3394192E-02
   13.0000  3.4788852E-02  4.4650406E-02  4.6788742E-02
   13.2500  3.4225197E-02  3.7704251E-02  4.9305512E-02
   13.5000  3.3467747E-02  3.2441103E-02  5.0668898E-02
   13.7500  3.2888360E-02  2.8673186E-02  5.0493536E-02
   14.0000  3.2351496E-02  2.5667911E-02  4.9226827E-02
   14.2500  3.1925814E-02  2.3372619E-02  4.7101654E-02
   14.5000  3.1858749E-02  2.1541942E-02  4.4702670E-02
   14.7500  3.2045114E-02  2.0086962E-02  4.2278715E-02
   15.0000  3.2474848E-02  1.8913325E-02  4.0063573E-02
   15.2500  3.3129295E-02  1.7955228E-02  3.8188751E-02
   15.5000  3.3984181E-02  1.7165738E-02  3.6717797E-02
   15.7500  3.4998234E-02  1.6511217E-02  3.5666406E-02
   16.0000  3.6131026E-02  1.5969822E-02  3.5035840E-02
   16.2500  3.7331027E-02  1.5526850E-02  3.4813880E-02
   16.5000  3.8538395E-02  1.5172101E-02  3.4984503E-02
   16.7500  3.9686783E-02  1.4898285E-02  3.5525971E-02
   17.0000  4.0706156E-02  1.4700447E-02  3.6408417E-02
   17.2500  4.1526780E-02  1.4573277E-02  3.7587226E-02
   17.5000  4.2086768E-02  1.4513440E-02  3.8996726E-02
   17.7500  4.2342588E-02  1.4518006E-02  4.0545390E-02
   18.0000  4.2274350E-02  1.4584219E-02  4.2115098E-02
   18.2500  4.1892128E-02  1.4710523E-02  4.3570073E-02
   18.5000  4.1237346E-02  1.4895639E-02  4.4774131E-02
   18.7500  4.0377087E-02  1.5138382E-02  4.5618553E-02
   19.0000  3.9390210E-02  1.5437662E-02  4.6045815E-02
   19.2500  3.8357796E-02  1.5791961E-02  4.6056107E-02
   19.5000  3.7350728E-02  1.6200163E-02  4.5704305E-02
   19.7500  3.6425411E-02  1.6660146E-02  4.5077892E-02
   20.0000  3.5620685E-02  1.7169221E-02  4.4274426E-02
   21.0000  3.3914788E-02  1.9638387E-02  4.0818195E-02
   22.0000  3.4488370E-02  2.2699150E-02  3.8557762E-02
   23.0000  3.6512949E-02  2.6301308E-02  3.7462176E-02
   24.0000  3.8860320E-02  3.0305434E-02  3.6715294E-02
   25.0000  4.0665829E-02  3.4214995E-02  3.5697251E-02
   26.0000  4.1281592E-02  3.7294090E-02  3.4163025E-02
   27.0000  4.0126406E-02  3.9082894E-02  3.2172859E-02
   28.0000  3.7215671E-02  3.9587005E-02  3.0056904E-02
   29.0000  3.3505524E-02  3.9072839E-02  2.8276847E-02
   30.0000  3.0182965E-02  3.7918681E-02  2.7070869E-02
   31.0000  2.7689092E-02  3.6276559E-02  2.6461980E-02
   32.0000  2.6388488E-02  3.4932608E-02  2.6384075E-02
   33.0000  2.5678674E-02  3.3774020E-02  2.6597431E-02
   34.0000  2.5333233E-02  3.2802726E-02  2.6941704E-02
   35.0000  2.5196958E-02  3.1965213E-02  2.7323490E-02
   36.0000  2.5173707E-02  3.1187233E-02  2.7695703E-02
   37.0000  2.5209369E-02  3.0422250E-02  2.8011152E-02
   38.0000  2.5288636E-02  2.9680438E-02  2.8195727E-02
   39.0000  2.5413593E-02  2.9003115E-02  2.8152300E-02
   40.0000  2.5554196E-02  2.8394255E-02  2.7791731E-02
