  7709.000   27  1  1  1.9222038E-02 -4.6256126E+00 -3.7654899E-01  1  1  7.5663187E+03  8.0000000E+03  0.0000000E+00  1.1792254E+00  1.0000000E+00  0.0000000E+00  = E_edge, Z, n_edge, j_edge, Abs_before_edge, VO_interstitial, E_cut, ninit, ninit1, Epsii, UnitCell_Volume, Surface_ref, f0_forward, natomsym_f, abs_u_iso
    Energy   (100,001)      (010,001)      (001,110)   
  -25.0000  5.1000312E-09  3.1593832E-10  4.9279785E-10
  -24.0000  1.2690813E-08  5.7131605E-10  1.0395325E-09
  -23.0000  3.5753299E-08  1.0718513E-09  2.3629688E-09
  -22.0000  1.2218840E-07  2.1030532E-09  5.9552897E-09
  -21.0000  5.9672324E-07  4.3729060E-09  1.7539226E-08
  -20.0000  7.9156716E-06  9.9475950E-09  6.7954592E-08
  -19.0000  5.2978910E-05  2.7765910E-08  5.0404146E-07
  -18.0000  1.1433670E-05  2.0844683E-06  2.1038450E-04
  -17.0000  1.2430892E-05  1.7974475E-07  1.3521497E-06
  -16.0000  1.5997352E-04  8.1781796E-07  1.2942046E-06
  -15.0000  8.6255837E-06  1.1539343E-05  8.8217001E-07
  -14.0000  4.6830849E-07  2.4455512E-05  1.1017757E-06
  -13.0000  3.9772288E-07  4.5614108E-06  2.1786349E-06
  -12.0000  2.3503865E-06  2.9127865E-06  1.0962493E-05
  -11.0000  1.2177061E-05  4.3620268E-06  1.7404438E-04
  -10.0000  7.7738904E-05  4.2669592E-06  1.0884335E-05
  -9.00000  1.6546602E-02  2.6654435E-04  3.3201195E-04
  -8.00000  3.7685696E-04  3.7117100E-05  6.3272759E-06
  -7.00000  5.2254026E-05  1.8489476E-05  2.3488110E-05
  -6.00000  1.1367532E-03  5.7076537E-04  1.9008347E-02
  -5.00000  3.4776113E-02  1.4021715E-04  1.4453276E-02
  -4.00000  1.0389356E-02  8.4755300E-04  3.6887482E-04
  -3.00000  4.7537491E-04  2.0636559E-01  3.7695072E-03
  -2.00000  3.4678544E-04  3.2694384E-03  4.3133457E-04
  -1.00000  2.5289657E-04  1.4890141E-03  1.7540420E-04
   0.00000  5.3287618E-04  1.2137469E-03  3.4508802E-04
   1.00000  3.8093154E-04  9.0091516E-04  2.3785167E-04
   2.00000  3.7484063E-04  9.8746200E-04  2.8675240E-04
   3.00000  5.2772402E-04  1.2666198E-03  4.9918617E-04
   4.00000  7.9435360E-04  1.9409111E-03  1.0489361E-03
   5.00000  7.0877622E-04  3.1460105E-03  3.0955114E-03
   5.20000  9.6188092E-04  3.4480717E-03  4.0887869E-03
   5.40000  1.2295906E-03  3.7804592E-03  5.4001523E-03
   5.60000  1.4415465E-03  4.1613463E-03  6.8613145E-03
   5.80000  1.6210555E-03  4.6119857E-03  7.9612519E-03
   6.00000  1.7861551E-03  5.1327956E-03  8.1762600E-03
   6.20000  1.9464531E-03  5.7020830E-03  7.5842580E-03
   6.40000  2.1074612E-03  6.3062132E-03  6.6842650E-03
   6.60000  2.2723893E-03  6.9516659E-03  5.8409600E-03
   6.80000  2.4425889E-03  7.6554590E-03  5.1758533E-03
   7.00000  2.6291063E-03  8.4517247E-03  4.6986951E-03
   7.20000  2.8321539E-03  9.3552990E-03  4.3787193E-03
   7.40000  3.0526847E-03  1.0423372E-02  4.1824102E-03
   7.60000  3.2977460E-03  1.1620183E-02  4.0884134E-03
   7.80000  3.5710318E-03  1.3006078E-02  4.0874839E-03
   8.00000  3.8781567E-03  1.4620764E-02  4.1833496E-03
   8.20000  4.2250682E-03  1.6513547E-02  4.3918431E-03
   8.40000  4.6184822E-03  1.8747399E-02  4.7415911E-03
   8.60000  5.0655020E-03  2.1403082E-02  5.2751749E-03
   8.80000  5.5738755E-03  2.4586479E-02  6.0513155E-03
   9.00000  6.1523592E-03  2.8433615E-02  7.1474123E-03
   9.20000  6.8110845E-03  3.3121351E-02  8.6600321E-03
   9.40000  7.5622165E-03  3.8837317E-02  1.0700795E-02
   9.60000  8.4213003E-03  4.5783853E-02  1.3383489E-02
   9.80000  9.4072062E-03  5.4075892E-02  1.6786937E-02
   10.0000  1.0548305E-02  6.3604042E-02  2.0912899E-02
   10.2500  1.2235905E-02  7.6389476E-02  2.6839781E-02
   10.5000  1.4277008E-02  8.8145463E-02  3.3034588E-02
   10.7500  1.6742606E-02  9.6351216E-02  3.8841744E-02
   11.0000  1.9689654E-02  9.9384252E-02  4.3964108E-02
   11.2500  2.3135756E-02  9.7069566E-02  4.8389106E-02
   11.5000  2.7016782E-02  9.0198827E-02  5.1971131E-02
   11.7500  3.1148423E-02  8.0081647E-02  5.4330189E-02
   12.0000  3.5227923E-02  6.8410065E-02  5.5206044E-02
   12.2500  3.8735301E-02  5.6382210E-02  5.4830324E-02
   12.5000  4.1624402E-02  4.6490226E-02  5.3927383E-02
   12.7500  4.3685962E-02  3.8474351E-02  5.2431377E-02
   13.0000  4.5003370E-02  3.2302007E-02  5.0549467E-02
   13.2500  4.5777857E-02  2.7679515E-02  4.8412005E-02
   13.5000  4.6232708E-02  2.4251978E-02  4.6140639E-02
   13.7500  4.5500199E-02  2.1745292E-02  4.3366229E-02
   14.0000  4.5881808E-02  1.9836748E-02  4.1323974E-02
   14.2500  4.6317650E-02  1.8378802E-02  3.9495977E-02
   14.5000  4.6846508E-02  1.7249557E-02  3.7951767E-02
   14.7500  4.7481173E-02  1.6366108E-02  3.6734098E-02
   15.0000  4.8221048E-02  1.5671270E-02  3.5867322E-02
   15.2500  4.9055459E-02  1.5127119E-02  3.5361638E-02
   15.5000  4.9980725E-02  1.4707689E-02  3.5222793E-02
   15.7500  5.0967044E-02  1.4392942E-02  3.5447503E-02
   16.0000  5.2000993E-02  1.4170554E-02  3.6029031E-02
   16.2500  5.3057621E-02  1.4031904E-02  3.6948846E-02
   16.5000  5.4099630E-02  1.3970967E-02  3.8172098E-02
   16.7500  5.5072845E-02  1.3983526E-02  3.9640685E-02
   17.0000  5.5909360E-02  1.4065665E-02  4.1265034E-02
   17.2500  5.6526641E-02  1.4214899E-02  4.2924408E-02
   17.5000  5.6839097E-02  1.4429608E-02  4.4477223E-02
   17.7500  5.6774938E-02  1.4708562E-02  4.5781636E-02
   18.0000  5.6294338E-02  1.5050272E-02  4.6719514E-02
   18.2500  5.5406990E-02  1.5453830E-02  4.7222125E-02
   18.5000  5.4173909E-02  1.5919153E-02  4.7282426E-02
   18.7500  5.2701614E-02  1.6444263E-02  4.6948156E-02
   19.0000  5.1118634E-02  1.7027293E-02  4.6300005E-02
   19.2500  4.9548957E-02  1.7668359E-02  4.5435463E-02
   19.5000  4.8093712E-02  1.8365885E-02  4.4447095E-02
   19.7500  4.6823771E-02  1.9116772E-02  4.3409451E-02
   20.0000  4.5776187E-02  1.9919065E-02  4.2378789E-02
   21.0000  4.3780585E-02  2.3578232E-02  3.8880359E-02
   22.0000  4.3936977E-02  2.7722204E-02  3.6537230E-02
   23.0000  4.4014423E-02  3.1915150E-02  3.4919759E-02
   24.0000  4.2186636E-02  3.6251048E-02  3.3484123E-02
   25.0000  3.8689734E-02  3.8894334E-02  3.2240315E-02
   26.0000  3.3993513E-02  4.0302924E-02  3.0959146E-02
   27.0000  2.9488968E-02  4.0497810E-02  2.9558984E-02
   28.0000  2.6203386E-02  3.9701654E-02  2.8110818E-02
   29.0000  2.4208868E-02  3.8250000E-02  2.6862661E-02
   30.0000  2.3130584E-02  3.6495016E-02  2.6044164E-02
   31.0000  2.2620822E-02  3.4735958E-02  2.5662935E-02
   32.0000  2.2435216E-02  3.3151932E-02  2.5534260E-02
   33.0000  2.2413953E-02  3.1776496E-02  2.5468400E-02
   34.0000  2.2432476E-02  3.0557434E-02  2.5341542E-02
   35.0000  2.2366932E-02  2.9407097E-02  2.5084070E-02
   36.0000  2.2075168E-02  2.8237065E-02  2.4635514E-02
   37.0000  2.1448882E-02  2.6987740E-02  2.3946151E-02
   38.0000  2.0480338E-02  2.5632003E-02  2.2971566E-02
   39.0000  1.9289249E-02  2.4176410E-02  2.1711770E-02
   40.0000  1.8062915E-02  2.2665005E-02  2.0238924E-02
