  7709.000   27  1  1  1.9222038E-02 -4.6597686E+00 -3.8563995E-01  1  1  7.5661648E+03  8.0000000E+03  0.0000000E+00  1.1792254E+00  1.0000000E+00  0.0000000E+00  = E_edge, Z, n_edge, j_edge, Abs_before_edge, VO_interstitial, E_cut, ninit, ninit1, Epsii, UnitCell_Volume, Surface_ref, f0_forward, natomsym_f, abs_u_iso
    Energy   (100,001)      (010,001)      (001,110)   
  -25.0000  7.4038763E-09  3.0336735E-10  6.3383218E-10
  -24.0000  2.0989749E-08  5.5157096E-10  1.4586982E-09
  -23.0000  7.4569731E-08  1.0434475E-09  3.7846702E-09
  -22.0000  4.2666681E-07  2.0828529E-09  1.1909863E-08
  -21.0000  2.2137339E-05  4.6458341E-09  5.5314347E-08
  -20.0000  3.7383174E-06  1.7305751E-08  9.0789524E-07
  -19.0000  1.4185380E-06  2.7689810E-08  1.1888613E-06
  -18.0000  1.2886386E-06  5.3479310E-08  2.5959855E-07
  -17.0000  1.9182096E-06  1.6737793E-07  1.8149220E-07
  -16.0000  7.3480277E-06  7.5545715E-07  1.9717550E-07
  -15.0000  3.0129375E-06  1.0104160E-05  3.8445194E-07
  -14.0000  3.0052412E-07  2.8176950E-05  5.6910494E-07
  -13.0000  1.8134063E-06  4.7496775E-06  1.0197122E-06
  -12.0000  6.9750039E-06  2.9417225E-06  1.0621403E-05
  -11.0000  3.5948058E-05  3.1868943E-06  9.3878656E-06
  -10.0000  1.3958442E-03  3.7028517E-06  1.1865066E-05
  -9.00000  2.6969877E-03  1.1444690E-05  3.3839150E-06
  -8.00000  5.5538977E-05  2.4134483E-05  5.8176108E-06
  -7.00000  5.3228082E-03  5.5682533E-05  1.0833798E-04
  -6.00000  4.4706722E-04  3.8916455E-05  1.9872771E-04
  -5.00000  8.8353234E-04  1.4086237E-04  1.2975033E-04
  -4.00000  3.4582636E-03  2.6463988E-03  4.8284062E-01
  -3.00000  1.6476534E-03  2.8294663E-01  3.5219521E-03
  -2.00000  4.7816638E-04  3.2358914E-03  2.1154198E-04
  -1.00000  3.2466569E-04  1.6897313E-03  2.2950729E-04
   0.00000  1.1577798E-03  1.0010384E-03  5.8343724E-04
   1.00000  2.8915821E-04  9.0668384E-04  1.5170872E-04
   2.00000  3.5203813E-04  9.6729535E-04  2.0708201E-04
   3.00000  5.1646871E-04  1.1715058E-03  3.4492902E-04
   4.00000  8.4494763E-04  1.6657047E-03  6.5904692E-04
   5.00000  1.4309599E-03  2.6332957E-03  1.3799446E-03
   5.20000  1.5861196E-03  2.8911592E-03  1.6217403E-03
   5.40000  1.7548841E-03  3.1726898E-03  1.9162833E-03
   5.60000  1.9376824E-03  3.4804143E-03  2.2766981E-03
   5.80000  2.1347014E-03  3.8184653E-03  2.7193671E-03
   6.00000  2.3471455E-03  4.1904218E-03  3.2626018E-03
   6.20000  2.5769335E-03  4.6015723E-03  3.9276637E-03
   6.40000  2.8273742E-03  5.0586535E-03  4.7383518E-03
   6.60000  3.1036666E-03  5.5697224E-03  5.7198041E-03
   6.80000  3.4136653E-03  6.1435863E-03  6.8974817E-03
   7.00000  3.7701767E-03  6.7937224E-03  8.2913980E-03
   7.20000  4.1875005E-03  7.5371444E-03  9.9193768E-03
   7.40000  4.6854560E-03  8.3843054E-03  1.1802511E-02
   7.60000  5.2960424E-03  9.3516974E-03  1.3948596E-02
   7.80000  6.0655201E-03  1.0456588E-02  1.6346601E-02
   8.00000  7.0642342E-03  1.1721870E-02  1.8958887E-02
   8.20000  8.3860195E-03  1.3194598E-02  2.1683824E-02
   8.40000  1.0149005E-02  1.4866231E-02  2.4456775E-02
   8.60000  1.2395626E-02  1.6781505E-02  2.7130006E-02
   8.80000  1.4988399E-02  1.8973913E-02  2.9624851E-02
   9.00000  1.7693433E-02  2.1484125E-02  3.1979652E-02
   9.20000  2.0451115E-02  2.4361214E-02  3.4396321E-02
   9.40000  2.3396032E-02  2.7663575E-02  3.7259666E-02
   9.60000  2.6701494E-02  3.1458011E-02  4.0995080E-02
   9.80000  3.0487878E-02  3.5831670E-02  4.5876974E-02
   10.0000  3.4827260E-02  4.0911054E-02  5.1701001E-02
   10.2500  4.1030251E-02  4.8541016E-02  5.8774966E-02
   10.5000  4.7900605E-02  5.7930433E-02  6.2973009E-02
   10.7500  5.4904658E-02  6.8888663E-02  6.2931002E-02
   11.0000  6.1122062E-02  8.0036782E-02  5.9816940E-02
   11.2500  6.5447903E-02  8.8898471E-02  5.5593225E-02
   11.5000  6.7078363E-02  9.2954930E-02  5.1537530E-02
   11.7500  6.5968609E-02  9.1109616E-02  4.8174538E-02
   12.0000  6.2820771E-02  8.4265193E-02  4.5643693E-02
   12.2500  5.8647841E-02  7.4513853E-02  4.3885035E-02
   12.5000  5.3717211E-02  6.3758826E-02  4.3148976E-02
   12.7500  4.9191446E-02  5.3542116E-02  4.2573663E-02
   13.0000  4.5912405E-02  4.5038115E-02  4.1394038E-02
   13.2500  4.3329184E-02  3.8228712E-02  4.0006118E-02
   13.5000  4.1401109E-02  3.2947418E-02  3.8481586E-02
   13.7500  4.0052656E-02  2.8898583E-02  3.6954397E-02
   14.0000  3.9286984E-02  2.5805608E-02  3.5316439E-02
   14.2500  3.9032804E-02  2.3443252E-02  3.3533526E-02
   14.5000  3.8842890E-02  2.1540982E-02  3.2727346E-02
   14.7500  3.8934194E-02  2.0033329E-02  3.2204734E-02
   15.0000  3.9256605E-02  1.8832367E-02  3.1976338E-02
   15.2500  3.9765756E-02  1.7875924E-02  3.2045372E-02
   15.5000  4.0431158E-02  1.7119764E-02  3.2412497E-02
   15.7500  4.1199979E-02  1.6527883E-02  3.3071109E-02
   16.0000  4.2041922E-02  1.6077174E-02  3.4010991E-02
   16.2500  4.2915842E-02  1.5748562E-02  3.5208887E-02
   16.5000  4.3774688E-02  1.5527935E-02  3.6620361E-02
   16.7500  4.4562049E-02  1.5402841E-02  3.8177356E-02
   17.0000  4.5212313E-02  1.5363633E-02  3.9785181E-02
   17.2500  4.5650189E-02  1.5403029E-02  4.1330450E-02
   17.5000  4.5802965E-02  1.5513318E-02  4.2692251E-02
   17.7500  4.5612734E-02  1.5688224E-02  4.3770084E-02
   18.0000  4.5048233E-02  1.5922272E-02  4.4496434E-02
   18.2500  4.4116983E-02  1.6210747E-02  4.4845016E-02
   18.5000  4.2869390E-02  1.6549779E-02  4.4837892E-02
   18.7500  4.1390443E-02  1.6935323E-02  4.4527477E-02
   19.0000  3.9785635E-02  1.7363583E-02  4.3979327E-02
   19.2500  3.8162277E-02  1.7830880E-02  4.3261542E-02
   19.5000  3.6611363E-02  1.8334288E-02  4.2434668E-02
   19.7500  3.5068819E-02  1.9078185E-02  4.1587695E-02
   20.0000  3.3862921E-02  1.9681424E-02  4.0647725E-02
   21.0000  3.1171177E-02  2.2386353E-02  3.7184832E-02
   22.0000  3.1281582E-02  2.5565107E-02  3.4492644E-02
   23.0000  3.2392118E-02  2.9267522E-02  3.2424135E-02
   24.0000  3.2360065E-02  3.3350886E-02  3.0655240E-02
   25.0000  3.0447571E-02  3.7309383E-02  2.8989260E-02
   26.0000  2.7752348E-02  4.0292118E-02  2.7328526E-02
   27.0000  2.5526265E-02  4.1645733E-02  2.5668297E-02
   28.0000  2.4092728E-02  4.1384379E-02  2.4127208E-02
   29.0000  2.3248883E-02  4.0049958E-02  2.2913977E-02
   30.0000  2.2752894E-02  3.8242433E-02  2.2152951E-02
   31.0000  2.2464205E-02  3.6391227E-02  2.1787611E-02
   32.0000  2.2314124E-02  3.4753001E-02  2.1649079E-02
   33.0000  2.2223733E-02  3.3404834E-02  2.1552812E-02
   34.0000  2.2137668E-02  3.2308238E-02  2.1382950E-02
   35.0000  2.2014698E-02  3.1372075E-02  2.1073654E-02
   36.0000  2.1840085E-02  3.0482631E-02  2.0600218E-02
   37.0000  2.1637634E-02  2.9538392E-02  2.0001691E-02
   38.0000  2.1461987E-02  2.8472943E-02  1.9417089E-02
   39.0000  2.1361787E-02  2.7246619E-02  1.9107912E-02
   40.0000  2.1340259E-02  2.5860554E-02  1.9369392E-02
