  7709.000   27  1  1  1.9222038E-02 -4.2271121E+00 -3.2592428E-01  1  1  7.5667290E+03  8.0000000E+03  0.0000000E+00  1.1792254E+00  1.0000000E+00  0.0000000E+00  = E_edge, Z, n_edge, j_edge, Abs_before_edge, VO_interstitial, E_cut, ninit, ninit1, Epsii, UnitCell_Volume, Surface_ref, f0_forward, natomsym_f, abs_u_iso
    Energy   (100,001)      (010,001)      (001,110)   
  -25.0000  5.7836806E-09  3.1720499E-10  5.9372358E-10
  -24.0000  1.5101499E-08  5.7871565E-10  1.3260462E-09
  -23.0000  4.6254560E-08  1.0988908E-09  3.2897825E-09
  -22.0000  1.8744313E-07  2.2032981E-09  9.6872590E-09
  -21.0000  1.4911667E-06  4.9778456E-09  4.3706644E-08
  -20.0000  5.0782720E-04  6.2839623E-08  2.4029096E-06
  -19.0000  1.8981930E-02  1.7704634E-03  1.7945252E-01
  -18.0000  2.3231444E-06  6.3921312E-08  9.1797354E-07
  -17.0000  2.7871053E-06  1.9037286E-07  4.2541067E-07
  -16.0000  6.5975901E-06  9.1772696E-07  5.3982038E-07
  -15.0000  1.9830581E-03  1.7402870E-05  6.6926056E-06
  -14.0000  4.5740847E-07  1.7393530E-05  1.3413298E-06
  -13.0000  9.1110756E-07  4.0893491E-06  2.6112958E-06
  -12.0000  4.7182071E-06  2.5947919E-06  3.8594003E-05
  -11.0000  2.3839855E-05  3.3095407E-06  1.1662085E-05
  -10.0000  2.5518077E-04  4.4038649E-06  1.0105900E-05
  -9.00000  7.0240529E-04  7.2840240E-05  3.6076589E-05
  -8.00000  2.4835133E-04  3.1174878E-05  3.8532523E-06
  -7.00000  1.9400272E-03  4.8053693E-05  1.1642173E-05
  -6.00000  5.6494653E-04  1.3017523E-04  5.2126292E-04
  -5.00000  6.7582151E-03  1.8125465E-04  2.2026399E-03
  -4.00000  1.0669909E-02  1.2152873E-03  4.2161031E-04
  -3.00000  3.5338787E-04  1.8450901E-02  6.4325313E-04
  -2.00000  2.3041816E-04  3.2192698E-03  1.9138473E-03
  -1.00000  2.3811007E-04  1.3327488E-03  1.5837057E-04
   0.00000  1.0726749E-03  1.2236500E-03  3.7592313E-03
   1.00000  2.8861853E-04  8.9252824E-04  2.3779496E-04
   2.00000  3.6097591E-04  1.0109399E-03  3.1905640E-04
   3.00000  5.4171459E-04  1.3202671E-03  6.0598236E-04
   4.00000  8.7065404E-04  2.0048311E-03  1.3621309E-03
   5.00000  1.3693688E-03  3.2379877E-03  3.5807554E-03
   5.20000  1.4807588E-03  3.5622160E-03  4.4457151E-03
   5.40000  1.5908044E-03  3.9181619E-03  5.5214563E-03
   5.60000  1.6972008E-03  4.3139819E-03  6.7892662E-03
   5.80000  1.8002932E-03  4.7672910E-03  8.1527845E-03
   6.00000  1.9092082E-03  5.3077668E-03  9.4443151E-03
   6.20000  2.0547338E-03  5.9726146E-03  1.0511708E-02
   6.40000  2.3086359E-03  6.7981704E-03  1.1327157E-02
   6.60000  2.7868640E-03  7.8138505E-03  1.1999174E-02
   6.80000  3.5654979E-03  9.0459981E-03  1.2700692E-02
   7.00000  4.5353968E-03  1.0521525E-02  1.3612678E-02
   7.20000  5.4844317E-03  1.2293839E-02  1.4954809E-02
   7.40000  6.3250731E-03  1.4368250E-02  1.7059010E-02
   7.60000  7.0960106E-03  1.6736855E-02  2.0247927E-02
   7.80000  7.8761446E-03  1.9386504E-02  2.3905096E-02
   8.00000  8.7179377E-03  2.1943589E-02  2.4601803E-02
   8.20000  9.7034254E-03  2.4042659E-02  2.1667986E-02
   8.40000  1.0876555E-02  2.5990357E-02  1.9041339E-02
   8.60000  1.2277889E-02  2.8163970E-02  1.8409845E-02
   8.80000  1.3949204E-02  3.0814849E-02  1.9641219E-02
   9.00000  1.5950309E-02  3.4157069E-02  2.2562136E-02
   9.20000  1.8349720E-02  3.8354448E-02  2.6281419E-02
   9.40000  2.1210337E-02  4.3763346E-02  3.2616523E-02
   9.60000  2.4586844E-02  5.0589867E-02  4.0364938E-02
   9.80000  2.8507768E-02  5.9069906E-02  4.8593362E-02
   10.0000  3.2967512E-02  6.9330424E-02  5.5719930E-02
   10.2500  3.9167694E-02  8.4197423E-02  6.0899902E-02
   10.5000  4.5686948E-02  9.8805538E-02  6.1644495E-02
   10.7500  5.1822433E-02  1.0738523E-01  5.9908162E-02
   11.0000  5.6652597E-02  1.0429281E-01  5.7621241E-02
   11.2500  5.9358485E-02  9.0767644E-02  5.5424635E-02
   11.5000  5.9666505E-02  7.3778701E-02  5.3232475E-02
   11.7500  5.7577592E-02  5.8706765E-02  5.1292638E-02
   12.0000  5.4634462E-02  4.7223379E-02  4.9070565E-02
   12.2500  5.1374813E-02  3.8945504E-02  4.6705024E-02
   12.5000  4.8511861E-02  3.2998153E-02  4.4164968E-02
   12.7500  4.6161283E-02  2.8655170E-02  4.1702045E-02
   13.0000  4.4406505E-02  2.5411817E-02  3.9407284E-02
   13.2500  4.3173935E-02  2.3033172E-02  3.7163137E-02
   13.5000  4.2489325E-02  2.1057563E-02  3.5269741E-02
   13.7500  4.2166484E-02  1.9581561E-02  3.3542217E-02
   14.0000  4.2302522E-02  1.8335636E-02  3.2479789E-02
   14.2500  4.2730811E-02  1.7335393E-02  3.1732743E-02
   14.5000  4.3385959E-02  1.6532937E-02  3.1290946E-02
   14.7500  4.4205639E-02  1.5893539E-02  3.1143000E-02
   15.0000  4.5129857E-02  1.5391145E-02  3.1275303E-02
   15.2500  4.6096346E-02  1.5007178E-02  3.1673415E-02
   15.5000  4.7040565E-02  1.4727716E-02  3.2321788E-02
   15.7500  4.7894714E-02  1.4542705E-02  3.3198928E-02
   16.0000  4.8552978E-02  1.4443012E-02  3.4268679E-02
   16.2500  4.8932894E-02  1.4420707E-02  3.5478919E-02
   16.5000  4.8937643E-02  1.4471199E-02  3.6762727E-02
   16.7500  4.8494039E-02  1.4589292E-02  3.8032847E-02
   17.0000  4.7571362E-02  1.4770454E-02  3.9191073E-02
   17.2500  4.6204995E-02  1.5009944E-02  4.0143987E-02
   17.5000  4.4494346E-02  1.5304456E-02  4.0815912E-02
   17.7500  4.2582355E-02  1.5651779E-02  4.1165499E-02
   18.0000  4.0629069E-02  1.6050242E-02  4.1193141E-02
   18.2500  3.8775620E-02  1.6499878E-02  4.0933289E-02
   18.5000  3.7128052E-02  1.7000415E-02  4.0439009E-02
   18.7500  3.5754593E-02  1.7550738E-02  3.9772901E-02
   19.0000  3.4685841E-02  1.8150756E-02  3.8996062E-02
   19.2500  3.3927731E-02  1.8798630E-02  3.8161216E-02
   19.5000  3.3467855E-02  1.9492550E-02  3.7308701E-02
   19.7500  3.3282275E-02  2.0230998E-02  3.6467226E-02
   20.0000  3.3338826E-02  2.1011298E-02  3.5658223E-02
   21.0000  3.5145019E-02  2.4492318E-02  3.2922072E-02
   22.0000  3.6855040E-02  2.8431003E-02  3.1047595E-02
   23.0000  3.5053894E-02  3.3264351E-02  2.9783223E-02
   24.0000  3.1130817E-02  3.7206667E-02  2.8951489E-02
   25.0000  2.7875265E-02  4.0033485E-02  2.8210975E-02
   26.0000  2.5851745E-02  4.1093637E-02  2.7361379E-02
   27.0000  2.4535990E-02  4.0482888E-02  2.6343987E-02
   28.0000  2.3638228E-02  3.8858135E-02  2.5283903E-02
   29.0000  2.3077748E-02  3.6877500E-02  2.4428795E-02
   30.0000  2.2778487E-02  3.4927574E-02  2.3904502E-02
   31.0000  2.2654900E-02  3.3179959E-02  2.3660852E-02
   32.0000  2.2614556E-02  3.1680417E-02  2.3554479E-02
   33.0000  2.2565206E-02  3.0396269E-02  2.3444259E-02
   34.0000  2.2427560E-02  2.9260499E-02  2.3233572E-02
   35.0000  2.2155459E-02  2.8188926E-02  2.2874277E-02
   36.0000  2.1739746E-02  2.7103916E-02  2.2350387E-02
   37.0000  2.1211926E-02  2.5938914E-02  2.1677680E-02
   38.0000  2.0621842E-02  2.4665274E-02  2.0949061E-02
   39.0000  2.0027099E-02  2.3294408E-02  2.0449915E-02
   40.0000  1.9493133E-02  2.1883893E-02  2.0585615E-02
