  7709.000   27  1  1  1.9222038E-02 -4.3300021E+00 -3.5155981E-01  1  1  7.5664311E+03  8.0000000E+03  0.0000000E+00  1.1792254E+00  1.0000000E+00  0.0000000E+00  = E_edge, Z, n_edge, j_edge, Abs_before_edge, VO_interstitial, E_cut, ninit, ninit1, Epsii, UnitCell_Volume, Surface_ref, f0_forward, natomsym_f, abs_u_iso
    Energy   (100,001)      (010,001)      (001,110)   
  -25.0000  4.9931252E-09  3.6782724E-10  8.0477617E-10
  -24.0000  1.2692290E-08  6.8146198E-10  1.7940358E-09
  -23.0000  3.7338372E-08  1.3169888E-09  4.4292763E-09
  -22.0000  1.4056715E-07  2.7004855E-09  1.2833754E-08
  -21.0000  9.1875283E-07  6.2633399E-09  5.1684807E-08
  -20.0000  3.9033950E-04  1.5068279E-07  9.6724468E-06
  -19.0000  8.0026876E-06  9.8155396E-07  1.0868275E-04
  -18.0000  4.9224209E-06  8.9295531E-08  1.5034675E-06
  -17.0000  8.7158450E-06  2.7929250E-07  1.2956734E-06
  -16.0000  3.8250447E-05  1.8113075E-06  5.8674432E-06
  -15.0000  2.1721823E-05  4.4345287E-03  1.1934586E-05
  -14.0000  4.8882348E-07  1.4805980E-05  1.2296264E-06
  -13.0000  1.5494311E-06  4.1602751E-06  2.6640053E-06
  -12.0000  4.7850931E-06  3.1756055E-06  2.8520592E-05
  -11.0000  1.9761396E-05  3.3301198E-06  1.8392075E-05
  -10.0000  1.4798533E-04  2.7879413E-05  3.9537513E-05
  -9.00000  4.6625058E-02  4.5330057E-05  1.0385146E-04
  -8.00000  3.8363024E-04  3.2366883E-05  5.7488847E-05
  -7.00000  6.5325954E-04  2.2932756E-05  1.0512148E-04
  -6.00000  1.4626028E-03  1.0555779E-04  7.1563313E-04
  -5.00000  4.2347737E-04  1.3093865E-03  8.2144501E-04
  -4.00000  1.5119946E-02  2.3328875E-03  6.4495546E-04
  -3.00000  3.3582678E-04  2.2625126E-02  4.1531513E-04
  -2.00000  4.6438512E-04  2.3092344E-03  2.8849581E-04
  -1.00000  2.8197018E-04  1.5768424E-03  2.3082425E-04
   0.00000  2.5763400E-03  2.4376107E-03  2.9520461E-03
   1.00000  4.9534950E-04  1.1859459E-03  2.7062876E-04
   2.00000  4.8547646E-04  1.1605644E-03  2.9168607E-04
   3.00000  7.3395842E-04  1.4766619E-03  4.5015529E-04
   4.00000  8.3403570E-04  2.1322459E-03  8.4397738E-04
   5.00000  2.2801794E-03  3.2628133E-03  1.7981061E-03
   5.20000  2.5917061E-03  3.4999730E-03  2.0578583E-03
   5.40000  2.9577153E-03  3.7675451E-03  2.2749454E-03
   5.60000  3.4021495E-03  4.0990347E-03  2.4733360E-03
   5.80000  3.9658138E-03  4.4959770E-03  2.7580257E-03
   6.00000  4.6833209E-03  4.9121149E-03  3.2323130E-03
   6.20000  5.5396200E-03  5.3535387E-03  3.7980710E-03
   6.40000  6.5859281E-03  5.9181592E-03  4.3864485E-03
   6.60000  7.9805646E-03  6.6331771E-03  5.1777140E-03
   6.80000  9.9169689E-03  7.5106322E-03  6.3605071E-03
   7.00000  1.2691154E-02  8.6169850E-03  8.1646956E-03
   7.20000  1.6645633E-02  1.0037575E-02  1.0835696E-02
   7.40000  2.2067745E-02  1.1886415E-02  1.4639317E-02
   7.60000  2.8402897E-02  1.4138924E-02  1.9297323E-02
   7.80000  3.3112563E-02  1.6353459E-02  2.3150528E-02
   8.00000  3.3258178E-02  1.7866382E-02  2.4082713E-02
   8.20000  2.9784584E-02  1.8731871E-02  2.2559565E-02
   8.40000  2.5902956E-02  1.9611993E-02  2.0797903E-02
   8.60000  2.3283536E-02  2.0970842E-02  2.0110115E-02
   8.80000  2.2133783E-02  2.2987286E-02  2.0823148E-02
   9.00000  2.2245019E-02  2.5754293E-02  2.2960484E-02
   9.20000  2.3422734E-02  2.9366429E-02  2.6530320E-02
   9.40000  2.5554250E-02  3.3933867E-02  3.1542910E-02
   9.60000  2.8588169E-02  3.9554472E-02  3.7931221E-02
   9.80000  3.2460843E-02  4.6303063E-02  4.5411940E-02
   10.0000  3.7035154E-02  5.4164803E-02  5.3363599E-02
   10.2500  4.3395806E-02  6.5291897E-02  6.2675602E-02
   10.5000  4.8904293E-02  7.6567958E-02  6.8841738E-02
   10.7500  5.4199108E-02  8.6478485E-02  7.1395859E-02
   11.0000  5.7551284E-02  9.2898204E-02  7.0046685E-02
   11.2500  5.8379328E-02  9.4394648E-02  6.5848547E-02
   11.5000  5.6577821E-02  9.0496737E-02  6.0055610E-02
   11.7500  5.2775345E-02  8.2036828E-02  5.3882163E-02
   12.0000  4.7944234E-02  7.0944245E-02  4.8439383E-02
   12.2500  4.2694522E-02  5.9446568E-02  4.4629522E-02
   12.5000  3.8875091E-02  4.9219142E-02  4.0688170E-02
   12.7500  3.5830593E-02  4.0718094E-02  3.7496620E-02
   13.0000  3.3546438E-02  3.4010907E-02  3.4893366E-02
   13.2500  3.1959912E-02  2.8940223E-02  3.2608844E-02
   13.5000  3.0937803E-02  2.5089653E-02  3.0820322E-02
   13.7500  3.0304859E-02  2.2342337E-02  2.8774297E-02
   14.0000  3.0078551E-02  2.0180320E-02  2.7517189E-02
   14.2500  3.0291267E-02  1.8564006E-02  2.6657609E-02
   14.5000  3.0807434E-02  1.7335281E-02  2.6025070E-02
   14.7500  3.1575592E-02  1.6392109E-02  2.5619381E-02
   15.0000  3.2543150E-02  1.5663289E-02  2.5444078E-02
   15.2500  3.3652980E-02  1.5099150E-02  2.5506556E-02
   15.5000  3.4841339E-02  1.4665397E-02  2.5816935E-02
   15.7500  3.6036356E-02  1.4337996E-02  2.6384375E-02
   16.0000  3.7152517E-02  1.4100562E-02  2.7212182E-02
   16.2500  3.8107697E-02  1.3941788E-02  2.8296398E-02
   16.5000  3.8820701E-02  1.3853475E-02  2.9618371E-02
   16.7500  3.9224665E-02  1.3830686E-02  3.1136448E-02
   17.0000  3.9282341E-02  1.3870198E-02  3.2784942E-02
   17.2500  3.8995847E-02  1.3969070E-02  3.4477012E-02
   17.5000  3.8406841E-02  1.4125736E-02  3.6113164E-02
   17.7500  3.7589189E-02  1.4339948E-02  3.7594720E-02
   18.0000  3.6634382E-02  1.4611836E-02  3.8839736E-02
   18.2500  3.5633388E-02  1.4939758E-02  3.9793962E-02
   18.5000  3.4666590E-02  1.5322515E-02  4.0438231E-02
   18.7500  3.3794502E-02  1.5758638E-02  4.0784220E-02
   19.0000  3.3057365E-02  1.6246481E-02  4.0869002E-02
   19.2500  3.2477155E-02  1.6784117E-02  4.0743768E-02
   19.5000  3.2061604E-02  1.7367105E-02  4.0464086E-02
   19.7500  3.1806045E-02  1.7992423E-02  4.0081134E-02
   20.0000  3.1699457E-02  1.8656723E-02  3.9637090E-02
   21.0000  3.2413548E-02  2.1655972E-02  3.7754371E-02
   22.0000  3.3957088E-02  2.5054202E-02  3.6060479E-02
   23.0000  3.5048103E-02  2.8575452E-02  3.4416863E-02
   24.0000  3.5109536E-02  3.1908074E-02  3.2756106E-02
   25.0000  3.4584100E-02  3.4794016E-02  3.1365302E-02
   26.0000  3.3131169E-02  3.7502746E-02  3.0027685E-02
   27.0000  3.0681034E-02  3.8857542E-02  2.8582231E-02
   28.0000  2.8154178E-02  3.9168398E-02  2.7000063E-02
   29.0000  2.6513226E-02  3.8575817E-02  2.5878999E-02
   30.0000  2.5685625E-02  3.7451440E-02  2.5422170E-02
   31.0000  2.5347730E-02  3.6146860E-02  2.5489154E-02
   32.0000  2.5263180E-02  3.4875646E-02  2.5812820E-02
   33.0000  2.5284516E-02  3.3700076E-02  2.6148340E-02
   34.0000  2.5324476E-02  3.2603932E-02  2.6314072E-02
   35.0000  2.5337319E-02  3.1562193E-02  2.6184124E-02
   36.0000  2.5306079E-02  3.0580417E-02  2.5690808E-02
   37.0000  2.5205609E-02  2.9689342E-02  2.4847075E-02
   38.0000  2.4964934E-02  2.8887888E-02  2.3782667E-02
   39.0000  2.4503555E-02  2.8070162E-02  2.2743689E-02
   40.0000  2.3836525E-02  2.7074504E-02  2.2021195E-02
