  7709.000   27  1  1  1.9222038E-02 -5.3419407E+00 -5.0246228E-01  1  1  7.5664798E+03  8.0000000E+03  0.0000000E+00  1.1792254E+00  1.0000000E+00  0.0000000E+00  = E_edge, Z, n_edge, j_edge, Abs_before_edge, VO_interstitial, E_cut, ninit, ninit1, Epsii, UnitCell_Volume, Surface_ref, f0_forward, natomsym_f, abs_u_iso
    Energy   (100,001)      (010,001)      (001,110)   
  -25.0000  1.2025974E-08  4.4972993E-10  9.2791064E-10
  -24.0000  3.6936693E-08  8.3779552E-10  2.1967558E-09
  -23.0000  1.5224916E-07  1.6389609E-09  5.9546672E-09
  -22.0000  1.3190439E-06  3.4641411E-09  2.0285959E-08
  -21.0000  5.8891514E-05  8.9895091E-09  1.1391559E-07
  -20.0000  2.4256135E-06  1.6634493E-07  7.2860076E-06
  -19.0000  1.4997612E-06  4.8251021E-08  7.3421511E-07
  -18.0000  1.7180080E-06  1.0460350E-07  2.7029621E-07
  -17.0000  3.2627981E-06  3.7436161E-07  2.2170107E-07
  -16.0000  2.2767154E-05  2.4546388E-06  2.7285444E-07
  -15.0000  6.6926685E-06  6.0178784E-03  2.9379849E-05
  -14.0000  2.0287317E-07  8.4287294E-06  8.0906125E-07
  -13.0000  8.0679845E-07  3.7932327E-06  3.4867342E-06
  -12.0000  5.9030469E-06  3.4482082E-06  1.0110983E-03
  -11.0000  4.4062529E-05  2.8600074E-06  1.0347176E-05
  -10.0000  9.7943402E-05  5.2237972E-02  2.0836003E-01
  -9.00000  5.3501888E-04  2.6627326E-05  1.3578655E-05
  -8.00000  1.4224451E+01  1.2571230E-04  3.0728244E-04
  -7.00000  1.3191358E-04  5.6932545E-05  1.3451370E-05
  -6.00000  1.5637874E-04  2.2081178E-03  1.4685596E-04
  -5.00000  1.6283892E-03  3.3104713E-04  1.0695529E-04
  -4.00000  1.3925616E-03  4.2529685E-03  4.0846303E-04
  -3.00000  7.6464924E-03  9.1680535E-03  3.9998103E-04
  -2.00000  1.4319877E-03  2.3916789E-03  2.9608968E-04
  -1.00000  6.3227653E-04  1.1307131E-03  2.0791296E-04
   0.00000  4.6132599E-04  1.0781545E-03  2.4501716E-04
   1.00000  3.8418121E-04  9.4473125E-04  1.9016057E-04
   2.00000  4.6455191E-04  1.0845669E-03  3.1388382E-04
   3.00000  6.7386649E-04  1.4456270E-03  7.6573778E-04
   4.00000  1.1021226E-03  2.1816319E-03  1.8570555E-03
   5.00000  1.8965618E-03  3.4792870E-03  4.0610210E-03
   5.20000  2.1104230E-03  3.8495791E-03  4.7621446E-03
   5.40000  2.3428762E-03  4.2703135E-03  5.5922865E-03
   5.60000  2.5931177E-03  4.7471277E-03  6.5762870E-03
   5.80000  2.8607591E-03  5.2833537E-03  7.7401673E-03
   6.00000  3.1470423E-03  5.8826893E-03  9.1139744E-03
   6.20000  3.4556929E-03  6.5493531E-03  1.0733185E-02
   6.40000  3.7937250E-03  7.2902130E-03  1.2638855E-02
   6.60000  4.1724486E-03  8.1171151E-03  1.4877843E-02
   6.80000  4.6051702E-03  9.0474251E-03  1.7502640E-02
   7.00000  5.1131060E-03  1.0119854E-02  2.0596417E-02
   7.20000  5.7232059E-03  1.1362341E-02  2.4179878E-02
   7.40000  6.4755146E-03  1.2806189E-02  2.8192566E-02
   7.60000  7.4276173E-03  1.4469479E-02  3.2441037E-02
   7.80000  8.6822081E-03  1.6389934E-02  3.6545866E-02
   8.00000  1.0339022E-02  1.8432838E-02  4.0148918E-02
   8.20000  1.2631311E-02  2.0577137E-02  4.2875475E-02
   8.40000  1.5903423E-02  2.2775391E-02  4.4657794E-02
   8.60000  2.0683704E-02  2.5011975E-02  4.5700659E-02
   8.80000  2.7704932E-02  2.7336991E-02  4.6372120E-02
   9.00000  3.7846630E-02  2.9834562E-02  4.7040663E-02
   9.20000  5.1909876E-02  3.2613581E-02  4.7983250E-02
   9.40000  6.9983061E-02  3.5807509E-02  4.9364447E-02
   9.60000  8.9921083E-02  3.9591348E-02  5.1245250E-02
   9.80000  1.0573523E-01  4.4207178E-02  5.3592858E-02
   10.0000  1.1021322E-01  4.9960108E-02  5.6255341E-02
   10.2500  9.9052792E-02  5.9138405E-02  5.9521850E-02
   10.5000  8.0533065E-02  7.0135713E-02  6.1724351E-02
   10.7500  6.4138543E-02  8.0507671E-02  6.1806674E-02
   11.0000  5.1768537E-02  8.6494830E-02  5.9694276E-02
   11.2500  4.2936362E-02  8.6930555E-02  5.6975538E-02
   11.5000  3.8098022E-02  8.2100325E-02  5.3917913E-02
   11.7500  3.5078610E-02  7.4142168E-02  5.1062976E-02
   12.0000  3.3361720E-02  6.5149014E-02  4.8537168E-02
   12.2500  3.2598739E-02  5.6444054E-02  4.6208713E-02
   12.5000  3.2492789E-02  4.8958205E-02  4.2793317E-02
   12.7500  3.2809744E-02  4.2586163E-02  3.9751587E-02
   13.0000  3.3646845E-02  3.7297327E-02  3.7818764E-02
   13.2500  3.4801611E-02  3.3104498E-02  3.5999995E-02
   13.5000  3.6172382E-02  2.9765389E-02  3.4360303E-02
   13.7500  3.7657875E-02  2.7073541E-02  3.2953870E-02
   14.0000  3.9157633E-02  2.4877335E-02  3.1811749E-02
   14.2500  4.0575196E-02  2.3069529E-02  3.0946906E-02
   14.5000  4.1824446E-02  2.1572277E-02  3.0357902E-02
   14.7500  4.2831974E-02  2.0330663E-02  3.0038289E-02
   15.0000  4.3546073E-02  1.9298665E-02  2.9974366E-02
   15.2500  4.3937665E-02  1.8444277E-02  3.0151137E-02
   15.5000  4.4000988E-02  1.7741081E-02  3.0545708E-02
   15.7500  4.3748548E-02  1.7167464E-02  3.1127652E-02
   16.0000  4.3203910E-02  1.6706994E-02  3.1855256E-02
   16.2500  4.2398278E-02  1.6345495E-02  3.2675487E-02
   16.5000  4.1367384E-02  1.6071761E-02  3.3525017E-02
   16.7500  4.0149088E-02  1.5876168E-02  3.4336737E-02
   17.0000  3.8786569E-02  1.5750532E-02  3.5045243E-02
   17.2500  3.7332663E-02  1.5687865E-02  3.5598438E-02
   17.5000  3.5849250E-02  1.5682655E-02  3.5966535E-02
   17.7500  3.4403495E-02  1.5730505E-02  3.6139718E-02
   18.0000  3.3066421E-02  1.5827917E-02  3.6129451E-02
   18.2500  3.1904724E-02  1.5972025E-02  3.5958081E-02
   18.5000  3.0975866E-02  1.6162420E-02  3.5658584E-02
   18.7500  3.0278484E-02  1.6539012E-02  3.5395099E-02
   19.0000  2.9937494E-02  1.6835753E-02  3.4909267E-02
   19.2500  2.9902379E-02  1.7181244E-02  3.4386514E-02
   19.5000  3.0164906E-02  1.7578599E-02  3.3847795E-02
   19.7500  3.0699411E-02  1.8030998E-02  3.3307592E-02
   20.0000  3.1462157E-02  1.8541288E-02  3.2776046E-02
   21.0000  3.5320186E-02  2.1201509E-02  3.0799375E-02
   22.0000  3.5697654E-02  2.4814699E-02  2.9052244E-02
   23.0000  3.0297348E-02  2.9009288E-02  2.7531003E-02
   24.0000  2.4125235E-02  3.3146826E-02  2.6329694E-02
   25.0000  2.0458408E-02  3.6694876E-02  2.5409877E-02
   26.0000  1.9056052E-02  3.9276932E-02  2.4503018E-02
   27.0000  1.8970919E-02  4.0522361E-02  2.3500000E-02
   28.0000  1.9510732E-02  4.0342655E-02  2.2574317E-02
   29.0000  2.0267248E-02  3.9157417E-02  2.1959034E-02
   30.0000  2.1060585E-02  3.7602112E-02  2.1709736E-02
   31.0000  2.1841021E-02  3.6151457E-02  2.1714361E-02
   32.0000  2.2615018E-02  3.5029023E-02  2.1814301E-02
   33.0000  2.3376918E-02  3.4227790E-02  2.1872458E-02
   34.0000  2.4102898E-02  3.3590239E-02  2.1776144E-02
   35.0000  2.4764151E-02  3.2925798E-02  2.1456221E-02
   36.0000  2.5316632E-02  3.2051405E-02  2.0953174E-02
   37.0000  2.5703307E-02  3.0827691E-02  2.0553120E-02
   38.0000  2.5866904E-02  2.9219730E-02  2.0778097E-02
   39.0000  2.5769029E-02  2.7327993E-02  2.1929943E-02
   40.0000  2.5429296E-02  2.5343825E-02  2.3717965E-02
