  7709.000   27  1  1  1.9222038E-02 -5.4267538E+00 -4.1499505E-01  1  1  7.5667451E+03  8.0000000E+03  0.0000000E+00  1.1792254E+00  1.0000000E+00  0.0000000E+00  = E_edge, Z, n_edge, j_edge, Abs_before_edge, VO_interstitial, E_cut, ninit, ninit1, Epsii, UnitCell_Volume, Surface_ref, f0_forward, natomsym_f, abs_u_iso
    Energy   (100,001)      (010,001)      (001,110)   
  -25.0000  1.2954011E-08  3.7885595E-10  1.0897136E-09
  -24.0000  4.0664498E-08  7.1036916E-10  2.6525077E-09
  -23.0000  1.7691902E-07  1.4053471E-09  7.4967877E-09
  -22.0000  1.9185632E-06  3.0609988E-09  2.7523783E-08
  -21.0000  1.4906998E-05  9.0267027E-09  1.8801042E-07
  -20.0000  3.6871965E-06  8.4222391E-06  4.4535698E-04
  -19.0000  1.1561883E-06  3.7110107E-08  5.0371927E-07
  -18.0000  1.3086053E-06  8.4750159E-08  2.3983438E-07
  -17.0000  2.3135876E-06  2.9516519E-07  2.1245944E-07
  -16.0000  1.3690393E-05  1.8010775E-06  2.6716073E-07
  -15.0000  1.9685292E-06  3.8799690E-04  2.9430876E-06
  -14.0000  3.6435158E-07  8.0455561E-06  7.8534563E-07
  -13.0000  2.1451771E-06  3.2481271E-06  2.8174160E-06
  -12.0000  9.2811852E-06  3.2407548E-06  9.9282271E-04
  -11.0000  6.0056223E-05  2.6735526E-06  1.2817476E-05
  -10.0000  2.1566542E-03  3.0402945E-05  3.2141232E-05
  -9.00000  1.5293574E-02  2.0517606E-05  8.0714782E-06
  -8.00000  2.1502778E-04  4.8505234E-05  5.5672175E-05
  -7.00000  1.4752694E-04  4.0298882E-05  6.9397923E-06
  -6.00000  9.1191939E-03  2.7642740E-03  8.7183391E-03
  -5.00000  4.3633955E-03  2.8116610E-04  2.2968542E-04
  -4.00000  1.0697493E-03  3.6955130E-03  4.7445885E-03
  -3.00000  8.5321668E-03  7.6789276E-03  9.7400344E-04
  -2.00000  1.0154734E-03  4.0223110E-03  1.3210836E-03
  -1.00000  4.6790614E-04  1.0134810E-03  1.6720687E-04
   0.00000  5.7291523E-04  8.5781868E-04  2.6474958E-04
   1.00000  3.5359020E-04  8.6660883E-04  1.7203500E-04
   2.00000  4.6152701E-04  1.0567969E-03  2.6269194E-04
   3.00000  7.4167222E-04  1.5336203E-03  4.9297886E-04
   4.00000  1.3120314E-03  2.5094567E-03  9.9247226E-04
   5.00000  2.2113708E-03  4.2813610E-03  2.0992691E-03
   5.20000  2.4099618E-03  4.8043024E-03  2.4667387E-03
   5.40000  2.6054355E-03  5.4102515E-03  2.9094301E-03
   5.60000  2.7924788E-03  6.1137605E-03  3.4425160E-03
   5.80000  2.9649997E-03  6.9322259E-03  4.0837584E-03
   6.00000  3.1180310E-03  7.8848015E-03  4.8542973E-03
   6.20000  3.2521673E-03  9.0445501E-03  5.7703015E-03
   6.40000  3.3620424E-03  1.0359957E-02  6.8847547E-03
   6.60000  3.4584450E-03  1.1919125E-02  8.2380614E-03
   6.80000  3.5572517E-03  1.3788753E-02  9.8867600E-03
   7.00000  3.6953396E-03  1.6068682E-02  1.1916755E-02
   7.20000  3.9394516E-03  1.8870385E-02  1.4448417E-02
   7.40000  4.3949210E-03  2.2316761E-02  1.7611768E-02
   7.60000  5.1945048E-03  2.6500776E-02  2.1515727E-02
   7.80000  6.4562023E-03  3.1404929E-02  2.6167604E-02
   8.00000  8.2381692E-03  3.6791036E-02  3.1349136E-02
   8.20000  1.0544508E-02  4.2149453E-02  3.6542826E-02
   8.40000  1.3390255E-02  4.6909995E-02  4.1108709E-02
   8.60000  1.6855718E-02  5.0819582E-02  4.4682974E-02
   8.80000  2.1131309E-02  5.4168166E-02  4.7412439E-02
   9.00000  2.6511156E-02  5.7510750E-02  4.9742799E-02
   9.20000  3.3389873E-02  6.1332784E-02  5.2074857E-02
   9.40000  4.2216817E-02  6.5877724E-02  5.4587127E-02
   9.60000  5.3324727E-02  7.1093212E-02  5.7219048E-02
   9.80000  6.6473612E-02  7.6583864E-02  5.9724771E-02
   10.0000  8.0065581E-02  8.1512107E-02  6.1734030E-02
   10.2500  9.2305813E-02  8.4975157E-02  6.2932445E-02
   10.5000  9.2986475E-02  8.3524782E-02  6.2227327E-02
   10.7500  8.3000891E-02  7.7387526E-02  5.9812109E-02
   11.0000  6.6247459E-02  6.8658558E-02  5.6181118E-02
   11.2500  5.4925874E-02  5.9741014E-02  5.2686325E-02
   11.5000  4.6357845E-02  5.1565617E-02  4.9192391E-02
   11.7500  4.0374442E-02  4.4462957E-02  4.5974084E-02
   12.0000  3.6438587E-02  3.8392806E-02  4.3148001E-02
   12.2500  3.4059026E-02  3.3243284E-02  4.0741105E-02
   12.5000  3.2669144E-02  2.9250064E-02  3.7552431E-02
   12.7500  3.2397988E-02  2.5618756E-02  3.5910786E-02
   13.0000  3.2914135E-02  2.2740783E-02  3.4605039E-02
   13.2500  3.4094874E-02  2.0503855E-02  3.3588191E-02
   13.5000  3.5829771E-02  1.8782500E-02  3.2827836E-02
   13.7500  3.8001633E-02  1.7460087E-02  3.2306246E-02
   14.0000  4.0466509E-02  1.6438735E-02  3.2010961E-02
   14.2500  4.3034921E-02  1.5644409E-02  3.1932512E-02
   14.5000  4.5479363E-02  1.5025438E-02  3.2060363E-02
   14.7500  4.7557839E-02  1.4548825E-02  3.2386813E-02
   15.0000  4.9057640E-02  1.4188635E-02  3.2897145E-02
   15.2500  4.9834009E-02  1.3931581E-02  3.3573984E-02
   15.5000  4.9838578E-02  1.3766743E-02  3.4390510E-02
   15.7500  4.9121309E-02  1.3688505E-02  3.5309976E-02
   16.0000  4.7801719E-02  1.3693184E-02  3.6280441E-02
   16.2500  4.6033285E-02  1.3777087E-02  3.7232277E-02
   16.5000  4.3971050E-02  1.3936477E-02  3.8087110E-02
   16.7500  4.1750223E-02  1.4166547E-02  3.8763494E-02
   17.0000  3.9483918E-02  1.4462675E-02  3.9194982E-02
   17.2500  3.7263655E-02  1.4819860E-02  3.9344699E-02
   17.5000  3.5164085E-02  1.5233855E-02  3.9207497E-02
   17.7500  3.3253440E-02  1.5702057E-02  3.8811546E-02
   18.0000  3.1591864E-02  1.6221604E-02  3.8206620E-02
   18.2500  3.0230756E-02  1.6790911E-02  3.7451520E-02
   18.5000  2.9090819E-02  1.7555974E-02  3.6690949E-02
   18.7500  2.8454620E-02  1.8241414E-02  3.5774738E-02
   19.0000  2.8193798E-02  1.8978071E-02  3.4864252E-02
   19.2500  2.8306596E-02  1.9767626E-02  3.3986761E-02
   19.5000  2.8774721E-02  2.0610483E-02  3.3160156E-02
   19.7500  2.9562427E-02  2.1506992E-02  3.2394083E-02
   20.0000  3.0614248E-02  2.2457119E-02  3.1689777E-02
   21.0000  3.5544357E-02  2.6737457E-02  2.9437756E-02
   22.0000  3.6120707E-02  3.1409222E-02  2.7819004E-02
   23.0000  3.0739221E-02  3.5627340E-02  2.6591849E-02
   24.0000  2.4985944E-02  3.8543270E-02  2.5738659E-02
   25.0000  2.1888930E-02  3.9799932E-02  2.5255177E-02
   26.0000  2.1053640E-02  3.9552925E-02  2.4959054E-02
   27.0000  2.1371969E-02  3.8269270E-02  2.4727958E-02
   28.0000  2.2019163E-02  3.6502025E-02  2.4614394E-02
   29.0000  2.2591295E-02  3.4655591E-02  2.4649148E-02
   30.0000  2.2998740E-02  3.2946347E-02  2.4730899E-02
   31.0000  2.3270223E-02  3.1447109E-02  2.4710265E-02
   32.0000  2.3439974E-02  3.0123063E-02  2.4463153E-02
   33.0000  2.3538754E-02  2.8899112E-02  2.3934437E-02
   34.0000  2.3617546E-02  2.7668611E-02  2.3076199E-02
   35.0000  2.3767947E-02  2.6326687E-02  2.1877928E-02
   36.0000  2.4066241E-02  2.4834426E-02  2.0483802E-02
   37.0000  2.4438248E-02  2.3213168E-02  1.9285079E-02
   38.0000  2.4679062E-02  2.1551332E-02  1.8831044E-02
   39.0000  2.4632826E-02  1.9991102E-02  1.9447757E-02
   40.0000  2.4285836E-02  1.8677195E-02  2.0960916E-02
