  7709.000   27  1  1  1.9222038E-02 -2.6984192E+00 -4.1167748E-02  1  1  7.5678254E+03  8.0000000E+03  0.0000000E+00  1.1792254E+00  1.0000000E+00  0.0000000E+00  = E_edge, Z, n_edge, j_edge, Abs_before_edge, VO_interstitial, E_cut, ninit, ninit1, Epsii, UnitCell_Volume, Surface_ref, f0_forward, natomsym_f, abs_u_iso
    Energy   (100,001)      (010,001)      (001,110)   
  -25.0000  3.7858035E-10  2.2562688E-10  8.1212454E-11
  -24.0000  7.4609945E-10  4.1372526E-10  1.4925068E-10
  -23.0000  1.5387567E-09  7.8987185E-10  2.8470500E-10
  -22.0000  3.3566945E-09  1.5839764E-09  5.6826063E-10
  -21.0000  7.8689614E-09  3.3790906E-09  1.2009268E-09
  -20.0000  2.0340666E-08  7.8242574E-09  2.7390840E-09
  -19.0000  6.0709756E-08  2.0387411E-08  6.9834876E-09
  -18.0000  2.3136686E-07  6.4188828E-08  2.1701835E-08
  -17.0000  1.5718724E-06  2.9449748E-07  1.2465472E-07
  -16.0000  6.6982627E-05  4.7243600E-06  3.9885942E-06
  -15.0000  2.1185481E-05  6.9177609E-06  4.3466593E-05
  -14.0000  5.1385999E-06  1.4107355E-06  3.3004814E-06
  -13.0000  5.1195219E-06  9.0723474E-07  1.2599158E-06
  -12.0000  8.4941477E-06  8.5890076E-07  1.2969047E-06
  -11.0000  3.2429779E-05  1.0117172E-06  5.4355510E-06
  -10.0000  1.0802348E-04  1.3910606E-06  3.2154202E-05
  -9.00000  1.0718113E-06  2.0593003E-06  1.4641865E-05
  -8.00000  6.7440882E-06  9.8787517E-06  2.0026485E-04
  -7.00000  4.1375119E-05  3.0658604E-05  5.1675061E-05
  -6.00000  1.0261064E-03  7.0302381E-03  1.4783261E-03
  -5.00000  6.2212759E-04  7.2204327E-04  5.1500229E-04
  -4.00000  1.0682975E-03  4.1186315E-03  1.1201693E-03
  -3.00000  1.8723990E-03  3.3554107E-03  6.0461158E-03
  -2.00000  3.8430824E-03  2.3350632E-03  2.6256143E-03
  -1.00000  7.0209930E-02  3.3726945E-04  3.0664220E-03
   0.00000  4.8676033E-02  4.4002262E-04  1.8852087E-02
   1.00000  3.1024642E-03  2.9972877E-04  1.2092996E-03
   2.00000  1.1567046E-03  3.4716746E-04  6.2999115E-04
   3.00000  5.1161266E-02  1.0821285E-03  5.2561327E-02
   4.00000  1.1046005E-03  6.4090094E-04  1.0275472E-03
   5.00000  8.8036629E-04  1.0458031E-03  7.3611558E-04
   5.20000  8.8959059E-04  1.1804612E-03  7.2499044E-04
   5.40000  9.0758692E-04  1.3421343E-03  7.1966492E-04
   5.60000  8.2901328E-04  1.5536822E-03  6.8175470E-04
   5.80000  8.6754939E-04  1.8024450E-03  7.0250986E-04
   6.00000  9.1216051E-04  2.0914797E-03  7.2852418E-04
   6.20000  9.6240211E-04  2.4200210E-03  7.6087104E-04
   6.40000  1.0183051E-03  2.7872071E-03  8.0131748E-04
   6.60000  1.0798231E-03  3.1907347E-03  8.5206848E-04
   6.80000  1.1474666E-03  3.6297511E-03  9.1598631E-04
   7.00000  1.2209829E-03  4.1015225E-03  9.9638869E-04
   7.20000  1.3008991E-03  4.6071194E-03  1.0974333E-03
   7.40000  1.3882765E-03  5.1515194E-03  1.2243004E-03
   7.60000  1.4846982E-03  5.7439421E-03  1.3835121E-03
   7.80000  1.5923544E-03  6.3989992E-03  1.5835012E-03
   8.00000  1.7253579E-03  7.1517304E-03  1.8215387E-03
   8.20000  1.8657627E-03  8.0017950E-03  2.1387533E-03
   8.40000  2.0306949E-03  8.9927887E-03  2.4803516E-03
   8.60000  2.2225883E-03  1.0180563E-02  2.9776688E-03
   8.80000  2.4444592E-03  1.1605342E-02  3.4320237E-03
   9.00000  2.7164093E-03  1.3333513E-02  4.1987302E-03
   9.20000  3.0533422E-03  1.5443609E-02  5.1713229E-03
   9.40000  3.4729808E-03  1.8021892E-02  6.3975651E-03
   9.60000  3.9936303E-03  2.1156007E-02  7.9195217E-03
   9.80000  4.6354353E-03  2.4951692E-02  9.7610459E-03
   10.0000  5.4117290E-03  2.9518916E-02  1.1911225E-02
   10.2500  6.5747039E-03  3.6457472E-02  1.4931749E-02
   10.5000  7.9586799E-03  4.4800251E-02  1.8068127E-02
   10.7500  9.5899487E-03  5.4203396E-02  2.0899074E-02
   11.0000  1.1333174E-02  6.3617380E-02  2.2920837E-02
   11.2500  1.2712544E-02  7.1516943E-02  2.3830478E-02
   11.5000  1.3454607E-02  7.7344244E-02  2.3888678E-02
   11.7500  1.3843075E-02  8.2204428E-02  2.3512806E-02
   12.0000  1.4092468E-02  8.7245903E-02  2.2745438E-02
   12.2500  1.4160542E-02  9.1744378E-02  2.1542690E-02
   12.5000  1.4025928E-02  9.1832752E-02  2.0068491E-02
   12.7500  1.3757773E-02  8.4206440E-02  1.8663573E-02
   13.0000  1.3440088E-02  7.1532370E-02  1.7580208E-02
   13.2500  1.3178531E-02  5.8775327E-02  1.6872288E-02
   13.5000  1.3063495E-02  4.8330742E-02  1.6503144E-02
   13.7500  1.3132210E-02  4.0384862E-02  1.6423456E-02
   14.0000  1.3381585E-02  3.4424078E-02  1.6596019E-02
   14.2500  1.3792744E-02  2.9913370E-02  1.7000053E-02
   14.5000  1.4337524E-02  2.6444341E-02  1.7620876E-02
   14.7500  1.4990533E-02  2.3727675E-02  1.8443927E-02
   15.0000  1.5723030E-02  2.1554179E-02  1.9443018E-02
   15.2500  1.6505744E-02  1.9767867E-02  2.0575487E-02
   15.5000  1.7311143E-02  1.8255244E-02  2.1785556E-02
   15.7500  1.8115879E-02  1.6942899E-02  2.3013982E-02
   16.0000  1.8903862E-02  1.5797271E-02  2.4209615E-02
   16.2500  1.9666241E-02  1.4808249E-02  2.5334017E-02
   16.5000  2.0402365E-02  1.3973522E-02  2.6368611E-02
   16.7500  2.1123567E-02  1.3286639E-02  2.7323651E-02
   17.0000  2.1853380E-02  1.2735855E-02  2.8242169E-02
   17.2500  2.2624687E-02  1.2306518E-02  2.9194098E-02
   17.5000  2.3480307E-02  1.1983413E-02  3.0269120E-02
   17.7500  2.4459075E-02  1.1751769E-02  3.1555795E-02
   18.0000  2.5599988E-02  1.1600032E-02  3.3139530E-02
   18.2500  2.6931159E-02  1.1518240E-02  3.5092607E-02
   18.5000  2.8468721E-02  1.1498942E-02  3.7467878E-02
   18.7500  3.0214446E-02  1.1537971E-02  4.0283477E-02
   19.0000  3.2149153E-02  1.1635273E-02  4.3496985E-02
   19.2500  3.4226748E-02  1.1794774E-02  4.6971560E-02
   19.5000  3.6370154E-02  1.2024953E-02  5.0443571E-02
   19.7500  3.8478297E-02  1.2338472E-02  5.3531961E-02
   20.0000  4.0449975E-02  1.2748925E-02  5.5808657E-02
   21.0000  4.6425310E-02  1.5495286E-02  5.3291455E-02
   22.0000  5.2477491E-02  1.9807169E-02  4.2690760E-02
   23.0000  5.1752230E-02  2.5312937E-02  3.5483412E-02
   24.0000  4.6471023E-02  3.1402649E-02  3.1883554E-02
   25.0000  4.1530159E-02  3.7279762E-02  3.0359192E-02
   26.0000  3.8574846E-02  4.2042441E-02  2.9861138E-02
   27.0000  3.7146971E-02  4.4630260E-02  2.9709892E-02
   28.0000  3.6448052E-02  4.4534504E-02  2.9544713E-02
   29.0000  3.5814714E-02  4.2525326E-02  2.9244166E-02
   30.0000  3.4781975E-02  3.9782844E-02  2.8905022E-02
   31.0000  3.3366945E-02  3.7023523E-02  2.8611484E-02
   32.0000  3.1982492E-02  3.4508035E-02  2.8718713E-02
   33.0000  3.0787347E-02  3.2333268E-02  2.8844529E-02
   34.0000  2.9976922E-02  3.0493415E-02  2.9102592E-02
   35.0000  2.9488300E-02  2.8954844E-02  2.9334443E-02
   36.0000  2.9196514E-02  2.7655162E-02  2.9428420E-02
   37.0000  2.8961635E-02  2.6513027E-02  2.9345127E-02
   38.0000  2.8664873E-02  2.5444213E-02  2.9099182E-02
   39.0000  2.8217725E-02  2.4351273E-02  2.8697624E-02
   40.0000  2.7601739E-02  2.3185778E-02  2.8157297E-02
