  7709.000   27  1  1  1.9222038E-02 -4.6228140E+00 -3.7883465E-01  1  1  7.5665154E+03  8.0000000E+03  0.0000000E+00  1.1792254E+00  1.0000000E+00  0.0000000E+00  = E_edge, Z, n_edge, j_edge, Abs_before_edge, VO_interstitial, E_cut, ninit, ninit1, Epsii, UnitCell_Volume, Surface_ref, f0_forward, natomsym_f, abs_u_iso
    Energy   (100,001)      (010,001)      (001,110)   
  -25.0000  4.0082285E-09  3.7803838E-10  9.4937083E-10
  -24.0000  9.7185326E-09  6.9537784E-10  2.1227116E-09
  -23.0000  2.6451916E-08  1.3372793E-09  5.2207960E-09
  -22.0000  8.6000014E-08  2.7316837E-09  1.4767741E-08
  -21.0000  3.8651255E-07  6.1572260E-09  5.2797948E-08
  -20.0000  4.1278722E-06  1.7903178E-08  3.1365623E-07
  -19.0000  5.2169005E-05  7.3382594E-07  3.8731207E-05
  -18.0000  5.5665080E-06  1.0603013E-07  2.7601066E-06
  -17.0000  4.3167272E-06  2.3007830E-07  9.9194585E-07
  -16.0000  6.8421991E-06  1.1396973E-06  9.1650326E-07
  -15.0000  5.9304543E-05  2.9614355E-05  1.6859606E-06
  -14.0000  2.1639038E-05  1.5036998E-05  2.3339185E-06
  -13.0000  8.7221631E-07  4.4002121E-06  8.7958165E-06
  -12.0000  3.1121741E-06  7.8920009E-06  1.3080025E-03
  -11.0000  1.2026284E-05  2.9120979E-06  2.0373820E-05
  -10.0000  7.9431929E-05  4.4894527E-06  9.2627831E-06
  -9.00000  2.8855482E-02  3.8160754E-04  1.7343922E-04
  -8.00000  6.4645963E-04  3.7291993E-05  2.0186524E-05
  -7.00000  1.6939667E-04  8.8356889E-05  3.4856446E-04
  -6.00000  1.0883754E-03  4.2474548E-05  1.7580191E-04
  -5.00000  2.2428413E-03  4.7059504E-04  6.7080859E-03
  -4.00000  2.8088403E-03  1.2922257E-03  1.8079780E-04
  -3.00000  4.6530479E-04  6.1400316E-02  2.5715805E-03
  -2.00000  9.0025714E-04  2.9147390E-03  4.7624124E-04
  -1.00000  2.3078911E-04  1.4071112E-03  1.7789240E-04
   0.00000  5.4894794E-04  1.1845589E-03  3.5256931E-04
   1.00000  4.3104729E-04  9.2449204E-04  3.6844746E-04
   2.00000  3.6002161E-04  1.0451552E-03  3.3783732E-04
   3.00000  5.1617593E-04  1.4182028E-03  5.2975618E-04
   4.00000  8.2252346E-04  2.3259411E-03  1.0379795E-03
   5.00000  9.5832747E-04  3.9149936E-03  3.5016299E-03
   5.20000  1.0375626E-03  4.3156029E-03  5.0707500E-03
   5.40000  1.2854730E-03  4.7726992E-03  7.5289518E-03
   5.60000  1.5916528E-03  5.3325084E-03  1.0595408E-02
   5.80000  1.8677771E-03  6.0066199E-03  1.2449280E-02
   6.00000  2.1094230E-03  6.6997026E-03  1.1793506E-02
   6.20000  2.3352322E-03  7.3492283E-03  1.0089734E-02
   6.40000  2.5602562E-03  7.9750102E-03  8.6677792E-03
   6.60000  2.7928561E-03  8.5887293E-03  7.7375532E-03
   6.80000  3.0307746E-03  9.1828165E-03  7.0469363E-03
   7.00000  3.2819825E-03  9.7605188E-03  6.1957980E-03
   7.20000  3.5598746E-03  1.0373752E-02  5.1961189E-03
   7.40000  3.8674056E-03  1.1143897E-02  4.2884042E-03
   7.60000  4.2023280E-03  1.2120861E-02  3.6339995E-03
   7.80000  4.5854335E-03  1.3356897E-02  3.2307874E-03
   8.00000  5.0270022E-03  1.4883104E-02  3.0332831E-03
   8.20000  5.5377850E-03  1.6747102E-02  3.0065667E-03
   8.40000  6.1307763E-03  1.9017708E-02  3.1307352E-03
   8.60000  6.8223304E-03  2.1790544E-02  3.3985963E-03
   8.80000  7.6326084E-03  2.5194724E-02  3.8126953E-03
   9.00000  8.5858276E-03  2.9396673E-02  4.3813823E-03
   9.20000  9.7103391E-03  3.4612170E-02  5.1179315E-03
   9.40000  1.1034529E-02  4.1097405E-02  6.0370384E-03
   9.60000  1.2572326E-02  4.9176543E-02  7.1548339E-03
   9.80000  1.4303267E-02  5.9201756E-02  8.4891939E-03
   10.0000  1.6181489E-02  7.1427542E-02  1.0060887E-02
   10.2500  1.8697151E-02  8.9371221E-02  1.2391466E-02
   10.5000  2.1430861E-02  1.0716696E-01  1.5136572E-02
   10.7500  2.4426675E-02  1.1776391E-01  1.8209705E-02
   11.0000  2.7608953E-02  1.1489197E-01  2.1474370E-02
   11.2500  3.0977314E-02  1.0048808E-01  2.4862099E-02
   11.5000  3.3980763E-02  8.2018690E-02  2.8198183E-02
   11.7500  3.6964951E-02  6.5589116E-02  3.2454965E-02
   12.0000  3.9437952E-02  5.2795683E-02  3.7336613E-02
   12.2500  4.1239161E-02  4.3363167E-02  4.2747824E-02
   12.5000  4.2335036E-02  3.6520908E-02  4.8361231E-02
   12.7500  4.2824713E-02  3.1544956E-02  5.3586691E-02
   13.0000  4.2885123E-02  2.7866743E-02  5.7667197E-02
   13.2500  4.2706103E-02  2.5070488E-02  5.9935351E-02
   13.5000  4.2445923E-02  2.2867312E-02  6.0115865E-02
   13.7500  4.2087635E-02  2.1210113E-02  5.8603766E-02
   14.0000  4.1973213E-02  1.9682084E-02  5.5575261E-02
   14.2500  4.1969504E-02  1.8391233E-02  5.1943652E-02
   14.5000  4.2093981E-02  1.7299868E-02  4.8287824E-02
   14.7500  4.2351048E-02  1.6381379E-02  4.4973881E-02
   15.0000  4.2737905E-02  1.5614282E-02  4.2187106E-02
   15.2500  4.3242585E-02  1.4980117E-02  3.9994645E-02
   15.5000  4.3846390E-02  1.4465143E-02  3.8402686E-02
   15.7500  4.4514277E-02  1.4056271E-02  3.7377245E-02
   16.0000  4.5205618E-02  1.3743412E-02  3.6879322E-02
   16.2500  4.5865362E-02  1.3518254E-02  3.6864053E-02
   16.5000  4.6427061E-02  1.3374030E-02  3.7281823E-02
   16.7500  4.6821920E-02  1.3304949E-02  3.8075386E-02
   17.0000  4.6984753E-02  1.3306302E-02  3.9172014E-02
   17.2500  4.6868771E-02  1.3374713E-02  4.0476026E-02
   17.5000  4.6449050E-02  1.3508264E-02  4.1870719E-02
   17.7500  4.5740759E-02  1.3704835E-02  4.3222157E-02
   18.0000  4.4796184E-02  1.3963123E-02  4.4392750E-02
   18.2500  4.3697506E-02  1.4281955E-02  4.5267879E-02
   18.5000  4.2539953E-02  1.4660132E-02  4.5777738E-02
   18.7500  4.1417336E-02  1.5096693E-02  4.5909064E-02
   19.0000  4.0407246E-02  1.5591004E-02  4.5702878E-02
   19.2500  3.9564215E-02  1.6143163E-02  4.5234857E-02
   19.5000  3.8917832E-02  1.6753428E-02  4.4593315E-02
   19.7500  3.8478264E-02  1.7420903E-02  4.3861805E-02
   20.0000  3.8243164E-02  1.8146579E-02  4.3111017E-02
   21.0000  3.9021547E-02  2.1642043E-02  4.0663158E-02
   22.0000  4.1325560E-02  2.6044372E-02  3.9426529E-02
   23.0000  4.3160724E-02  3.1043116E-02  3.8837429E-02
   24.0000  4.3484727E-02  3.5886184E-02  3.8179050E-02
   25.0000  4.2190084E-02  3.9605073E-02  3.7041526E-02
   26.0000  3.9217415E-02  4.1656939E-02  3.5304060E-02
   27.0000  3.4397497E-02  4.1990001E-02  3.2744044E-02
   28.0000  3.0387829E-02  4.0891051E-02  3.0404266E-02
   29.0000  2.7440852E-02  3.9011948E-02  2.8518939E-02
   30.0000  2.5659357E-02  3.6894538E-02  2.7437969E-02
   31.0000  2.4743353E-02  3.4916845E-02  2.7072953E-02
   32.0000  2.4369726E-02  3.3231262E-02  2.7109480E-02
   33.0000  2.4319578E-02  3.1840633E-02  2.7245814E-02
   34.0000  2.4471296E-02  3.0665546E-02  2.7307622E-02
   35.0000  2.4742800E-02  2.9585098E-02  2.7186005E-02
   36.0000  2.5039066E-02  2.8495365E-02  2.6795281E-02
   37.0000  2.5193422E-02  2.7313251E-02  2.6053154E-02
   38.0000  2.4973866E-02  2.5996780E-02  2.4904315E-02
   39.0000  2.4211301E-02  2.4550017E-02  2.3361495E-02
   40.0000  2.2953293E-02  2.3022424E-02  2.1543891E-02
