  7709.000   27  1  1  1.9222038E-02 -4.7818275E+00 -3.6010304E-01  1  1  7.5663020E+03  8.0000000E+03  0.0000000E+00  1.1792254E+00  1.0000000E+00  0.0000000E+00  = E_edge, Z, n_edge, j_edge, Abs_before_edge, VO_interstitial, E_cut, ninit, ninit1, Epsii, UnitCell_Volume, Surface_ref, f0_forward, natomsym_f, abs_u_iso
    Energy   (100,001)      (010,001)      (001,110)   
  -25.0000  8.7788042E-09  3.6842716E-10  8.7066650E-10
  -24.0000  2.3920859E-08  6.9717598E-10  1.9946134E-09
  -23.0000  7.8080756E-08  1.4173058E-09  5.1264062E-09
  -22.0000  3.5559366E-07  3.4214710E-09  1.6163330E-08
  -21.0000  4.0649501E-06  2.2682981E-08  1.1691155E-07
  -20.0000  3.6527989E-05  6.4544053E-08  9.3719268E-07
  -19.0000  1.1196557E-05  9.1361032E-07  6.7559963E-05
  -18.0000  2.9771482E-06  7.7410520E-08  1.0858428E-06
  -17.0000  3.9511692E-06  2.3614714E-07  6.0445432E-07
  -16.0000  9.3134839E-06  1.3150121E-06  7.0925437E-07
  -15.0000  2.4832119E-04  4.5359839E-04  7.6365470E-06
  -14.0000  5.4977060E-06  2.6448540E-05  3.0570456E-06
  -13.0000  4.0059286E-07  4.6601376E-06  6.7029350E-06
  -12.0000  4.8577590E-06  3.3551948E-06  2.4778075E-04
  -11.0000  2.9297034E-05  3.3718661E-06  2.7515902E-05
  -10.0000  4.9167665E-04  7.8561896E-06  2.1733220E-05
  -9.00000  1.6411324E-03  6.3243511E-05  1.9569018E-05
  -8.00000  2.5110656E-04  1.0203888E-04  6.3580501E-05
  -7.00000  1.6966416E-02  9.0895727E-05  2.9046477E-04
  -6.00000  1.3794053E-03  4.6739915E-05  1.4553427E-04
  -5.00000  5.4133935E-04  8.7921343E-04  5.4360117E-04
  -4.00000  8.5622128E-03  8.0696928E-04  5.3209830E-04
  -3.00000  6.5610947E-04  4.4121620E-02  2.3740106E-03
  -2.00000  5.0613944E-04  3.6853127E-03  8.0237618E-04
  -1.00000  2.7905150E-04  1.6771902E-03  1.9913855E-04
   0.00000  3.2361476E-04  2.9808167E-03  5.8855375E-04
   1.00000  5.0228893E-03  1.4961323E-03  1.2173546E-03
   2.00000  4.4242998E-04  1.0966368E-03  3.1674053E-04
   3.00000  4.8163430E-04  1.4117735E-03  4.3602121E-04
   4.00000  6.7119746E-04  2.3085994E-03  7.3997948E-04
   5.00000  9.3325954E-04  3.8551342E-03  1.5946409E-03
   5.20000  9.8116459E-04  4.2194499E-03  1.9557831E-03
   5.40000  1.0236121E-03  4.6057371E-03  2.4545428E-03
   5.60000  1.0593256E-03  5.0244820E-03  3.1589905E-03
   5.80000  1.0872840E-03  5.4913536E-03  4.1666727E-03
   6.00000  1.1103062E-03  6.0320108E-03  5.6158612E-03
   6.20000  1.1408433E-03  6.6866063E-03  7.6636559E-03
   6.40000  1.2159926E-03  7.5173166E-03  1.0381564E-02
   6.60000  1.4079146E-03  8.5792284E-03  1.3512835E-02
   6.80000  1.7476693E-03  9.8314872E-03  1.6286329E-02
   7.00000  2.1013018E-03  1.1108906E-02  1.7774824E-02
   7.20000  2.3454828E-03  1.2271394E-02  1.7685703E-02
   7.40000  2.4980943E-03  1.3277587E-02  1.6497160E-02
   7.60000  2.6178940E-03  1.4200432E-02  1.4866674E-02
   7.80000  2.7411791E-03  1.5133617E-02  1.3228984E-02
   8.00000  2.8824891E-03  1.6154267E-02  1.1786327E-02
   8.20000  3.0447339E-03  1.7326667E-02  1.0618989E-02
   8.40000  3.2323553E-03  1.8706334E-02  9.7628380E-03
   8.60000  3.4611165E-03  2.0390417E-02  9.2733444E-03
   8.80000  3.7244722E-03  2.2479475E-02  9.1914679E-03
   9.00000  4.0116634E-03  2.5129406E-02  9.5829276E-03
   9.20000  4.3148045E-03  2.8548319E-02  1.0546335E-02
   9.40000  4.6387531E-03  3.3040351E-02  1.2218346E-02
   9.60000  4.9948685E-03  3.8989744E-02  1.4747458E-02
   9.80000  5.3936391E-03  4.6769116E-02  1.8146029E-02
   10.0000  5.8434255E-03  5.6391312E-02  2.1948101E-02
   10.2500  6.4890648E-03  6.9666456E-02  2.5453081E-02
   10.5000  7.2427161E-03  8.1991861E-02  2.5963368E-02
   10.7500  8.1220272E-03  9.2654898E-02  2.4687038E-02
   11.0000  9.1459848E-03  1.0129213E-01  2.3619560E-02
   11.2500  1.0338596E-02  1.0551007E-01  2.3493334E-02
   11.5000  1.1730857E-02  1.0248791E-01  2.4218110E-02
   11.7500  1.3402087E-02  9.1726035E-02  2.5488452E-02
   12.0000  1.5315774E-02  7.7053129E-02  2.6909657E-02
   12.2500  1.7496448E-02  6.3010825E-02  2.8759232E-02
   12.5000  1.9924133E-02  5.1150572E-02  3.0792456E-02
   12.7500  2.2521696E-02  4.1889750E-02  3.3004389E-02
   13.0000  2.5184063E-02  3.4829522E-02  3.4747077E-02
   13.2500  2.7721325E-02  2.9615272E-02  3.7194745E-02
   13.5000  3.0004824E-02  2.5742356E-02  3.9316282E-02
   13.7500  3.1153356E-02  2.2761138E-02  4.0622249E-02
   14.0000  3.2276271E-02  2.0639821E-02  4.1532337E-02
   14.2500  3.3523303E-02  1.8964766E-02  4.1487047E-02
   14.5000  3.4509031E-02  1.7671449E-02  4.0773106E-02
   14.7500  3.5311505E-02  1.6661551E-02  3.9624848E-02
   15.0000  3.6010822E-02  1.5866752E-02  3.8290978E-02
   15.2500  3.6684997E-02  1.5237879E-02  3.6979892E-02
   15.5000  3.7384301E-02  1.4737524E-02  3.5837772E-02
   15.7500  3.8162150E-02  1.4341918E-02  3.4961061E-02
   16.0000  3.9052825E-02  1.4033645E-02  3.4403687E-02
   16.2500  4.0081471E-02  1.3800889E-02  3.4193428E-02
   16.5000  4.1264123E-02  1.3636805E-02  3.4342031E-02
   16.7500  4.2607330E-02  1.3536811E-02  3.4847988E-02
   17.0000  4.4107408E-02  1.3498774E-02  3.5697547E-02
   17.2500  4.5748632E-02  1.3521924E-02  3.6860623E-02
   17.5000  4.7500660E-02  1.3605541E-02  3.8281308E-02
   17.7500  4.9314558E-02  1.3748708E-02  3.9875196E-02
   18.0000  5.1121612E-02  1.3951277E-02  4.1525462E-02
   18.2500  5.2830845E-02  1.4212797E-02  4.3088499E-02
   18.5000  5.4331716E-02  1.4531894E-02  4.4413479E-02
   18.7500  5.5510134E-02  1.4906872E-02  4.5369989E-02
   19.0000  5.6265006E-02  1.5335456E-02  4.5876150E-02
   19.2500  5.6533932E-02  1.5815564E-02  4.5913249E-02
   19.5000  5.6312046E-02  1.6344644E-02  4.5526954E-02
   19.7500  5.5657426E-02  1.6921217E-02  4.4807977E-02
   20.0000  5.4675647E-02  1.7545110E-02  4.3863686E-02
   21.0000  4.9951726E-02  2.0519130E-02  3.9620896E-02
   22.0000  4.7406304E-02  2.4290108E-02  3.6689076E-02
   23.0000  4.7196591E-02  2.8789967E-02  3.5359018E-02
   24.0000  4.7410416E-02  3.3581540E-02  3.4873865E-02
   25.0000  4.6626105E-02  3.7749387E-02  3.4528723E-02
   26.0000  4.4107022E-02  4.0312182E-02  3.4016600E-02
   27.0000  3.9893435E-02  4.0977094E-02  3.3305151E-02
   28.0000  3.5233131E-02  4.0147694E-02  3.2398634E-02
   29.0000  3.1474248E-02  3.8475827E-02  3.1359471E-02
   30.0000  2.8950190E-02  3.6511458E-02  3.0400433E-02
   31.0000  2.7439080E-02  3.4401311E-02  2.9673936E-02
   32.0000  2.6644254E-02  3.2787732E-02  2.9460372E-02
   33.0000  2.6195150E-02  3.1477668E-02  2.9446352E-02
   34.0000  2.5948247E-02  3.0443410E-02  2.9473908E-02
   35.0000  2.5825059E-02  2.9617717E-02  2.9438479E-02
   36.0000  2.5792473E-02  2.8930830E-02  2.9298629E-02
   37.0000  2.5826033E-02  2.8340597E-02  2.9050201E-02
   38.0000  2.5865337E-02  2.7823426E-02  2.8694720E-02
   39.0000  2.5794400E-02  2.7323501E-02  2.8233826E-02
   40.0000  2.5484579E-02  2.6703165E-02  2.7647327E-02
