  7709.000   27  1  1  1.9222038E-02 -5.3305862E+00 -3.9325656E-01  1  1  7.5663073E+03  8.0000000E+03  0.0000000E+00  1.1792254E+00  1.0000000E+00  0.0000000E+00  = E_edge, Z, n_edge, j_edge, Abs_before_edge, VO_interstitial, E_cut, ninit, ninit1, Epsii, UnitCell_Volume, Surface_ref, f0_forward, natomsym_f, abs_u_iso
    Energy   (100,001)      (010,001)      (001,110)   
  -25.0000  7.6467954E-09  3.8914326E-10  1.0197470E-09
  -24.0000  2.0272776E-08  7.1300928E-10  2.3094596E-09
  -23.0000  6.3489382E-08  1.3602721E-09  5.7899010E-09
  -22.0000  2.6777995E-07  2.7327815E-09  1.6906586E-08
  -21.0000  2.4176579E-06  5.9367509E-09  6.4356785E-08
  -20.0000  1.0632126E-04  1.5474312E-08  4.5605187E-07
  -19.0000  5.0597589E-06  1.9359195E-06  3.7083710E-04
  -18.0000  2.8973699E-06  7.9359535E-08  1.4709698E-06
  -17.0000  3.4460719E-06  2.6604807E-07  7.5740473E-07
  -16.0000  6.8787871E-06  1.4763652E-06  7.8321081E-07
  -15.0000  5.3750748E-05  7.0015138E-05  2.5147775E-06
  -14.0000  1.2372718E-05  1.2001741E-05  1.9356600E-06
  -13.0000  3.5773436E-07  4.0785791E-06  7.1409338E-06
  -12.0000  3.3231745E-06  2.8046978E-06  7.7530928E-04
  -11.0000  1.7907029E-05  3.8627852E-06  2.0095833E-05
  -10.0000  2.2057292E-04  5.8841894E-06  1.1024417E-05
  -9.00000  2.1266804E-03  1.2376517E-04  7.6952957E-05
  -8.00000  2.6492473E-04  5.0189695E-05  3.7704487E-05
  -7.00000  1.5634811E-04  7.9418277E-05  1.1853609E-03
  -6.00000  1.9473055E-03  4.7538265E-05  1.5950273E-04
  -5.00000  2.8244949E-04  2.7516713E-04  4.4872033E-04
  -4.00000  6.6807983E-03  4.0193247E-04  1.8858541E-03
  -3.00000  6.1804357E-03  9.8675462E-02  1.6426855E-02
  -2.00000  8.9180187E-04  3.8824364E-03  1.3562965E-03
  -1.00000  4.0629779E-04  1.3445954E-03  2.8140345E-04
   0.00000  3.3592368E-04  1.0501941E-03  2.5238946E-04
   1.00000  1.5814506E-03  8.1632610E-04  8.5520303E-04
   2.00000  4.7905681E-04  9.1192252E-04  3.0977870E-04
   3.00000  5.8613330E-04  1.2531153E-03  3.6504453E-04
   4.00000  9.4665310E-04  2.1461397E-03  5.3401741E-04
   5.00000  1.5396869E-03  3.7288441E-03  9.3403349E-04
   5.20000  1.6761447E-03  4.1099285E-03  1.0848637E-03
   5.40000  1.8128473E-03  4.5142958E-03  1.2837626E-03
   5.60000  1.9466033E-03  4.9492047E-03  1.5530289E-03
   5.80000  2.0737768E-03  5.4287415E-03  1.9278227E-03
   6.00000  2.1911184E-03  5.9770910E-03  2.4619743E-03
   6.20000  2.2975036E-03  6.6355690E-03  3.2348361E-03
   6.40000  2.3948369E-03  7.4865838E-03  4.3543099E-03
   6.60000  2.4968273E-03  8.5915417E-03  5.9257502E-03
   6.80000  2.6386126E-03  1.0039501E-02  7.9534271E-03
   7.00000  2.9027917E-03  1.1800031E-02  1.0151923E-02
   7.20000  3.4156939E-03  1.3658976E-02  1.1904016E-02
   7.40000  4.1677121E-03  1.5283669E-02  1.2634149E-02
   7.60000  4.8864933E-03  1.6517879E-02  1.2342290E-02
   7.80000  5.3826740E-03  1.7446053E-02  1.1439141E-02
   8.00000  5.7246614E-03  1.8236177E-02  1.0314685E-02
   8.20000  6.0276511E-03  1.9030363E-02  9.1824782E-03
   8.40000  6.3563512E-03  1.9940970E-02  8.1316171E-03
   8.60000  6.7364476E-03  2.1078246E-02  7.2040098E-03
   8.80000  7.1815980E-03  2.2577104E-02  6.4304316E-03
   9.00000  7.6961819E-03  2.4617691E-02  5.8431100E-03
   9.20000  8.2735146E-03  2.7427895E-02  5.4675973E-03
   9.40000  8.9013865E-03  3.1284515E-02  5.3178467E-03
   9.60000  9.5622560E-03  3.6508113E-02  5.3961599E-03
   9.80000  1.0237468E-02  4.3436447E-02  5.6938867E-03
   10.0000  1.0912008E-02  5.2370646E-02  6.1915878E-03
   10.2500  1.1747643E-02  6.6591941E-02  7.0502508E-03
   10.5000  1.2592328E-02  8.3839749E-02  8.1107242E-03
   10.7500  1.3487064E-02  1.0225268E-01  9.3121439E-03
   11.0000  1.4484598E-02  1.1752899E-01  1.0606116E-02
   11.2500  1.5637499E-02  1.2378269E-01  1.1971424E-02
   11.5000  1.6945623E-02  1.1708374E-01  1.3324665E-02
   11.7500  1.8502425E-02  1.0196117E-01  1.5053581E-02
   12.0000  2.0273725E-02  8.3691018E-02  1.7062327E-02
   12.2500  2.2222320E-02  6.7039238E-02  1.9413125E-02
   12.5000  2.4301037E-02  5.3691380E-02  2.2020045E-02
   12.7500  2.6297616E-02  4.3657162E-02  2.4811059E-02
   13.0000  2.8134776E-02  3.6162627E-02  2.8357078E-02
   13.2500  2.9739827E-02  3.0581306E-02  3.2170776E-02
   13.5000  3.1039515E-02  2.6404698E-02  3.6055177E-02
   13.7500  3.2008215E-02  2.3254880E-02  3.9711478E-02
   14.0000  3.2666390E-02  2.0857013E-02  4.2773392E-02
   14.2500  3.3067978E-02  1.9013040E-02  4.4903249E-02
   14.5000  3.3281135E-02  1.7582062E-02  4.5906687E-02
   14.7500  3.3381367E-02  1.6461821E-02  4.5813395E-02
   15.0000  3.3425920E-02  1.5575368E-02  4.4846810E-02
   15.2500  3.3473496E-02  1.4872211E-02  4.3344620E-02
   15.5000  3.3568458E-02  1.4317206E-02  4.1641572E-02
   15.7500  3.3745463E-02  1.3886125E-02  4.0004078E-02
   16.0000  3.4031743E-02  1.3562793E-02  3.8614289E-02
   16.2500  3.4445804E-02  1.3336728E-02  3.7577314E-02
   16.5000  3.5002067E-02  1.3200153E-02  3.6949096E-02
   16.7500  3.5709795E-02  1.3147504E-02  3.6755270E-02
   17.0000  3.6572045E-02  1.3173282E-02  3.7003001E-02
   17.2500  3.7588846E-02  1.3273613E-02  3.7689919E-02
   17.5000  3.8752914E-02  1.3444018E-02  3.8803990E-02
   17.7500  4.0049578E-02  1.3679985E-02  4.0315285E-02
   18.0000  4.1451892E-02  1.3977261E-02  4.2169097E-02
   18.2500  4.2918860E-02  1.4332719E-02  4.4278024E-02
   18.5000  4.4393964E-02  1.4743034E-02  4.6518163E-02
   18.7500  4.5804010E-02  1.5204602E-02  4.8731800E-02
   19.0000  4.7060574E-02  1.5714956E-02  5.0747628E-02
   19.2500  4.8069913E-02  1.6270932E-02  5.2411019E-02
   19.5000  4.8746809E-02  1.6869989E-02  5.3612212E-02
   19.7500  4.9032447E-02  1.7510432E-02  5.4302594E-02
   20.0000  4.8906583E-02  1.8190346E-02  5.4497395E-02
   21.0000  4.5312083E-02  2.1284890E-02  5.1846187E-02
   22.0000  4.0918838E-02  2.4940701E-02  4.7385608E-02
   23.0000  3.8721295E-02  2.9062192E-02  4.3362246E-02
   24.0000  3.8413692E-02  3.3326038E-02  4.0040223E-02
   25.0000  3.9218794E-02  3.7131536E-02  3.7340053E-02
   26.0000  4.0732902E-02  3.9769745E-02  3.5143989E-02
   27.0000  4.2283944E-02  4.0811631E-02  3.3256331E-02
   28.0000  4.2703630E-02  4.0389270E-02  3.1502302E-02
   29.0000  4.0519987E-02  3.8799562E-02  2.9644339E-02
   30.0000  3.7523223E-02  3.7049360E-02  2.8614369E-02
   31.0000  3.4714330E-02  3.5347273E-02  2.8257414E-02
   32.0000  3.2779729E-02  3.3860303E-02  2.8511379E-02
   33.0000  3.1685140E-02  3.2613356E-02  2.9126770E-02
   34.0000  3.1143035E-02  3.1551269E-02  2.9812981E-02
   35.0000  3.0868357E-02  3.0583127E-02  3.0390132E-02
   36.0000  3.0639258E-02  2.9594706E-02  3.0791397E-02
   37.0000  3.0322409E-02  2.8502297E-02  3.1017356E-02
   38.0000  2.9846402E-02  2.7249947E-02  3.1068743E-02
   39.0000  2.9166249E-02  2.5820461E-02  3.0909527E-02
   40.0000  2.8262093E-02  2.4245628E-02  3.0477764E-02
