  7709.000   27  1  1  1.9222038E-02 -5.0970035E+00 -4.6217467E-01  1  1  7.5664325E+03  8.0000000E+03  0.0000000E+00  1.1792254E+00  1.0000000E+00  0.0000000E+00  = E_edge, Z, n_edge, j_edge, Abs_before_edge, VO_interstitial, E_cut, ninit, ninit1, Epsii, UnitCell_Volume, Surface_ref, f0_forward, natomsym_f, abs_u_iso
    Energy   (100,001)      (010,001)      (001,110)   
  -25.0000  5.3466553E-09  4.2314215E-10  1.0538161E-09
  -24.0000  1.3633310E-08  7.9199144E-10  2.3825691E-09
  -23.0000  4.0087755E-08  1.5508335E-09  5.9624562E-09
  -22.0000  1.4947069E-07  3.2364241E-09  1.7385273E-08
  -21.0000  9.2786322E-07  7.6526802E-09  6.6412678E-08
  -20.0000  7.6375412E-05  1.2327771E-07  1.0910096E-06
  -19.0000  8.2103765E-06  3.2598049E-05  2.9080691E-03
  -18.0000  3.3952633E-06  1.0097680E-07  1.5221167E-06
  -17.0000  3.7835926E-06  3.5108652E-07  7.7747870E-07
  -16.0000  9.0459325E-06  3.0248631E-06  8.1764756E-07
  -15.0000  2.9506754E-03  3.4883033E-03  5.2659060E-05
  -14.0000  8.3168839E-07  1.1033712E-05  1.9280083E-06
  -13.0000  7.2355302E-07  4.0678071E-06  6.7848959E-06
  -12.0000  4.6760355E-06  3.4048605E-06  5.0890691E-04
  -11.0000  2.0917490E-05  3.7303622E-06  1.9379682E-05
  -10.0000  2.1295784E-04  6.4973586E-06  7.2643000E-06
  -9.00000  2.4042685E-03  2.4301528E-02  1.3338613E-03
  -8.00000  2.3107497E-04  3.6464104E-05  6.6442299E-05
  -7.00000  8.7487769E-05  7.0903373E-04  1.6931441E-02
  -6.00000  7.1621901E-04  1.3786681E-04  9.5064824E-05
  -5.00000  4.8997978E-02  3.1743315E-01  2.9740222E-02
  -4.00000  1.2565980E-02  5.0501996E-04  1.0391014E-03
  -3.00000  1.0305211E-03  6.0367402E-02  1.5026669E-02
  -2.00000  5.4561463E-04  3.0238018E-03  9.2796447E-04
  -1.00000  3.2756597E-04  1.5767071E-03  3.2974102E-04
   0.00000  6.4109551E-04  3.1184183E-03  5.9488824E-04
   1.00000  4.8024458E-04  1.3300274E-03  3.5180197E-04
   2.00000  5.2117625E-04  1.1040558E-03  3.5807148E-04
   3.00000  8.3209734E-04  1.3629241E-03  5.1979848E-04
   4.00000  1.4490838E-03  2.0547545E-03  8.4487649E-04
   5.00000  2.4228532E-03  3.2700757E-03  1.5567535E-03
   5.20000  2.6314500E-03  3.5581021E-03  1.8012995E-03
   5.40000  2.8268164E-03  3.8558153E-03  2.1083404E-03
   5.60000  2.9980699E-03  4.1664121E-03  2.5011745E-03
   5.80000  3.1418145E-03  4.5049551E-03  3.0113423E-03
   6.00000  3.2984616E-03  4.8948796E-03  3.6761652E-03
   6.20000  3.6431208E-03  5.3530990E-03  4.5282481E-03
   6.40000  4.4727387E-03  5.8895335E-03  5.5908814E-03
   6.60000  5.5918101E-03  6.5000592E-03  6.8276634E-03
   6.80000  6.4929460E-03  7.1670141E-03  8.1326117E-03
   7.00000  7.1640605E-03  7.8773010E-03  9.3547176E-03
   7.20000  7.7296692E-03  8.6373169E-03  1.0395349E-02
   7.40000  8.2889504E-03  9.4881600E-03  1.1238241E-02
   7.60000  8.9023118E-03  1.0497947E-02  1.1961548E-02
   7.80000  9.6193409E-03  1.1740751E-02  1.2680837E-02
   8.00000  1.0466236E-02  1.3278365E-02  1.3487584E-02
   8.20000  1.1403014E-02  1.5155986E-02  1.4413368E-02
   8.40000  1.2417404E-02  1.7401848E-02  1.5429677E-02
   8.60000  1.3562049E-02  2.0023833E-02  1.6425442E-02
   8.80000  1.4861655E-02  2.2983105E-02  1.7216714E-02
   9.00000  1.6292951E-02  2.6215812E-02  1.7622202E-02
   9.20000  1.7797635E-02  2.9624193E-02  1.7577697E-02
   9.40000  1.9330321E-02  3.3111190E-02  1.7172922E-02
   9.60000  2.0833957E-02  3.6645909E-02  1.6550521E-02
   9.80000  2.2449275E-02  4.0285562E-02  1.6034814E-02
   10.0000  2.4113439E-02  4.4240585E-02  1.5732219E-02
   10.2500  2.6254988E-02  4.9995739E-02  1.5790918E-02
   10.5000  2.8482275E-02  5.6409733E-02  1.6376611E-02
   10.7500  3.0869732E-02  6.4618476E-02  1.7536528E-02
   11.0000  3.3431478E-02  7.3539872E-02  1.9241283E-02
   11.2500  3.6096096E-02  8.1472930E-02  2.1467234E-02
   11.5000  3.8491911E-02  8.5797110E-02  2.4226186E-02
   11.7500  4.0441661E-02  8.4262771E-02  2.7556483E-02
   12.0000  4.1966019E-02  7.7746796E-02  3.1455659E-02
   12.2500  4.2653263E-02  6.8567863E-02  3.6007017E-02
   12.5000  4.2061518E-02  5.9157034E-02  4.1199178E-02
   12.7500  4.1134284E-02  5.0672603E-02  4.6815649E-02
   13.0000  3.9512041E-02  4.3710437E-02  5.1904006E-02
   13.2500  3.7946338E-02  3.7894123E-02  5.6739544E-02
   13.5000  3.6384487E-02  3.3239817E-02  6.0106833E-02
   13.7500  3.4951161E-02  2.9574391E-02  6.1552826E-02
   14.0000  3.3716724E-02  2.6710937E-02  6.1073544E-02
   14.2500  3.2714631E-02  2.4481670E-02  5.9080695E-02
   14.5000  3.1956009E-02  2.2746310E-02  5.6188163E-02
   14.7500  3.1440709E-02  2.1393939E-02  5.2982724E-02
   15.0000  3.1168678E-02  2.0340151E-02  4.9900340E-02
   15.2500  3.1126082E-02  1.9515068E-02  4.7193218E-02
   15.5000  3.1312209E-02  1.8871240E-02  4.4988708E-02
   15.7500  3.1723547E-02  1.8372485E-02  4.3328074E-02
   16.0000  3.2354095E-02  1.7994855E-02  4.2202502E-02
   16.2500  3.3194141E-02  1.7721883E-02  4.1582368E-02
   16.5000  3.4227204E-02  1.7542885E-02  4.1425295E-02
   16.7500  3.5425910E-02  1.7449825E-02  4.1677646E-02
   17.0000  3.6749597E-02  1.7436210E-02  4.2273064E-02
   17.2500  3.8139777E-02  1.7495639E-02  4.3125847E-02
   17.5000  3.9522368E-02  1.7620446E-02  4.4128554E-02
   17.7500  4.0811636E-02  1.7802407E-02  4.5158435E-02
   18.0000  4.1921487E-02  1.8033831E-02  4.6089971E-02
   18.2500  4.2774571E-02  1.8307526E-02  4.6811738E-02
   18.5000  4.3318275E-02  1.8617238E-02  4.7247276E-02
   18.7500  4.3535502E-02  1.8959112E-02  4.7365432E-02
   19.0000  4.3444801E-02  1.9329687E-02  4.7178905E-02
   19.2500  4.3094179E-02  1.9726910E-02  4.6732929E-02
   19.5000  4.2552150E-02  2.0148753E-02  4.6090244E-02
   19.7500  4.1893524E-02  2.0592944E-02  4.5314706E-02
   20.0000  4.1187764E-02  2.1056488E-02  4.4462839E-02
   21.0000  3.8870121E-02  2.3009798E-02  4.1004487E-02
   22.0000  3.8306501E-02  2.4953569E-02  3.8136740E-02
   23.0000  3.9307029E-02  2.6922935E-02  3.5973394E-02
   24.0000  4.0997039E-02  2.9041824E-02  3.4399799E-02
   25.0000  4.2599778E-02  3.1309816E-02  3.3268057E-02
   26.0000  4.3232278E-02  3.3927154E-02  3.1987357E-02
   27.0000  4.2023497E-02  3.5354350E-02  3.0600650E-02
   28.0000  3.8633341E-02  3.5929260E-02  2.8821545E-02
   29.0000  3.4110313E-02  3.5763722E-02  2.7017037E-02
   30.0000  3.0024065E-02  3.5203982E-02  2.5669660E-02
   31.0000  2.7165684E-02  3.4575465E-02  2.5030965E-02
   32.0000  2.5512380E-02  3.4057836E-02  2.5057342E-02
   33.0000  2.4734949E-02  3.3684068E-02  2.5519518E-02
   34.0000  2.4503639E-02  3.3369678E-02  2.6141038E-02
   35.0000  2.4548604E-02  3.2998681E-02  2.6689533E-02
   36.0000  2.4644587E-02  3.2475949E-02  2.7008555E-02
   37.0000  2.4606338E-02  3.1766372E-02  2.6998179E-02
   38.0000  2.4300770E-02  3.0911596E-02  2.6588566E-02
   39.0000  2.3680753E-02  3.0028653E-02  2.5747073E-02
   40.0000  2.2789089E-02  2.9218172E-02  2.4500842E-02
