  7709.000   27  1  1  1.9222038E-02 -5.0722773E+00 -3.5723585E-01  1  1  7.5662586E+03  8.0000000E+03  0.0000000E+00  1.1792254E+00  1.0000000E+00  0.0000000E+00  = E_edge, Z, n_edge, j_edge, Abs_before_edge, VO_interstitial, E_cut, ninit, ninit1, Epsii, UnitCell_Volume, Surface_ref, f0_forward, natomsym_f, abs_u_iso
    Energy   (100,001)      (010,001)      (001,110)   
  -25.0000  4.8796470E-09  3.0865297E-10  9.0395081E-10
  -24.0000  1.2388072E-08  5.7155357E-10  2.0413026E-09
  -23.0000  3.6311751E-08  1.1069763E-09  5.1085427E-09
  -22.0000  1.3562666E-07  2.2865075E-09  1.4935471E-08
  -21.0000  8.6117202E-07  5.3159791E-09  5.7411704E-08
  -20.0000  1.1891323E-04  2.0005769E-08  4.2794785E-07
  -19.0000  4.1175030E-05  3.2376819E-05  1.4777238E-03
  -18.0000  2.4404440E-06  6.5126156E-08  1.0358478E-06
  -17.0000  2.5179184E-06  1.7152415E-07  5.4960968E-07
  -16.0000  4.5876406E-06  7.8407235E-07  5.4520103E-07
  -15.0000  5.2055818E-05  1.2867699E-05  1.2533160E-06
  -14.0000  1.7812788E-06  2.0973342E-05  1.3486060E-06
  -13.0000  4.8178031E-07  4.2639467E-06  3.6892925E-06
  -12.0000  3.2312050E-06  2.9314509E-06  4.9499843E-05
  -11.0000  1.4221156E-05  2.7046644E-06  3.0024684E-05
  -10.0000  9.3260797E-05  3.9727790E-06  8.7381005E-06
  -9.00000  5.6498664E-02  5.9090777E-05  2.0053478E-05
  -8.00000  2.7222631E-04  2.8774907E-05  6.8622013E-06
  -7.00000  1.2976527E-03  1.5655545E-04  1.7153599E-04
  -6.00000  6.0451001E-04  3.2080387E-05  4.0582619E-04
  -5.00000  2.3671830E-03  1.4385284E-04  3.7625676E-04
  -4.00000  7.1776066E-03  6.8390548E-04  4.3760605E-04
  -3.00000  2.4293656E-03  1.7383011E-01  5.1605847E-03
  -2.00000  9.2207058E-04  3.1864863E-03  6.2407363E-04
  -1.00000  3.7618402E-04  1.3903413E-03  1.9729261E-04
   0.00000  3.4649163E-04  1.1272358E-03  2.5469718E-04
   1.00000  9.6181206E-04  8.1933829E-04  5.2243667E-04
   2.00000  3.6643513E-04  9.2383878E-04  2.4940720E-04
   3.00000  4.9282983E-04  1.2683628E-03  3.4332149E-04
   4.00000  7.7472980E-04  2.1470997E-03  5.2212498E-04
   5.00000  1.2169448E-03  3.7814683E-03  9.0626912E-04
   5.20000  1.3114219E-03  4.1920024E-03  1.0427999E-03
   5.40000  1.4012419E-03  4.6325890E-03  1.2161568E-03
   5.60000  1.4823636E-03  5.1080947E-03  1.4397951E-03
   5.80000  1.5496988E-03  5.6260691E-03  1.7335365E-03
   6.00000  1.5975488E-03  6.1972694E-03  2.1266813E-03
   6.20000  1.6212729E-03  6.8454906E-03  2.6607731E-03
   6.40000  1.6298977E-03  7.5844658E-03  3.4016404E-03
   6.60000  1.6701999E-03  8.4552753E-03  4.4426841E-03
   6.80000  1.8653677E-03  9.5072102E-03  5.9139086E-03
   7.00000  2.3093605E-03  1.0799113E-02  7.9658007E-03
   7.20000  2.8603253E-03  1.2397180E-02  1.0687695E-02
   7.40000  3.3235442E-03  1.4292711E-02  1.3886347E-02
   7.60000  3.6801389E-03  1.6344930E-02  1.6786362E-02
   7.80000  3.9821324E-03  1.8314616E-02  1.8278965E-02
   8.00000  4.2724057E-03  2.0112427E-02  1.7935978E-02
   8.20000  4.5777318E-03  2.1932548E-02  1.6401642E-02
   8.40000  4.9157225E-03  2.4080059E-02  1.4580770E-02
   8.60000  5.2996656E-03  2.6816356E-02  1.3011514E-02
   8.80000  5.7354468E-03  3.0362692E-02  1.1872604E-02
   9.00000  6.2228572E-03  3.4928340E-02  1.1170176E-02
   9.20000  6.7709633E-03  4.0780773E-02  1.0847417E-02
   9.40000  7.3954503E-03  4.8248620E-02  1.0828742E-02
   9.60000  8.1103881E-03  5.7717710E-02  1.1029165E-02
   9.80000  8.9282716E-03  6.9583474E-02  1.1370481E-02
   10.0000  9.8629275E-03  8.4044600E-02  1.1798970E-02
   10.2500  1.1220278E-02  1.0483208E-01  1.2417886E-02
   10.5000  1.2831032E-02  1.2395514E-01  1.3134952E-02
   10.7500  1.4747979E-02  1.3213119E-01  1.3982600E-02
   11.0000  1.7035329E-02  1.2335905E-01  1.5023857E-02
   11.2500  1.9750594E-02  1.0299254E-01  1.6342700E-02
   11.5000  2.2763821E-02  7.9904776E-02  1.7293715E-02
   11.7500  2.6275953E-02  6.1907399E-02  1.9540235E-02
   12.0000  2.9998416E-02  4.8472460E-02  2.2272292E-02
   12.2500  3.3619680E-02  3.8809532E-02  2.5548334E-02
   12.5000  3.6755698E-02  3.1905070E-02  2.9395491E-02
   12.7500  3.9085488E-02  2.6951848E-02  3.3764089E-02
   13.0000  4.0487702E-02  2.3377937E-02  3.8464440E-02
   13.2500  4.1073594E-02  2.0791994E-02  4.3122310E-02
   13.5000  4.0897094E-02  1.8912496E-02  4.7439581E-02
   13.7500  4.0484760E-02  1.7533032E-02  5.0705657E-02
   14.0000  4.0266395E-02  1.6522920E-02  5.2123067E-02
   14.2500  4.0199520E-02  1.5761708E-02  5.1979371E-02
   14.5000  4.0378101E-02  1.5170488E-02  5.0661320E-02
   14.7500  4.0845767E-02  1.4697975E-02  4.8701407E-02
   15.0000  4.1611840E-02  1.4313037E-02  4.6583921E-02
   15.2500  4.2654204E-02  1.3994460E-02  4.4648678E-02
   15.5000  4.3931867E-02  1.3732399E-02  4.3107242E-02
   15.7500  4.5380451E-02  1.3521367E-02  4.2068059E-02
   16.0000  4.6911939E-02  1.3359149E-02  4.1577384E-02
   16.2500  4.8420737E-02  1.3248144E-02  4.1643428E-02
   16.5000  4.9788557E-02  1.3190591E-02  4.2248487E-02
   16.7500  5.0892427E-02  1.3190051E-02  4.3349750E-02
   17.0000  5.1623575E-02  1.3249281E-02  4.4871412E-02
   17.2500  5.1897605E-02  1.3371754E-02  4.6687014E-02
   17.5000  5.1669639E-02  1.3559778E-02  4.8613599E-02
   17.7500  5.0943403E-02  1.3816181E-02  5.0419174E-02
   18.0000  4.9772877E-02  1.4143076E-02  5.1858891E-02
   18.2500  4.8252064E-02  1.4542398E-02  5.2721939E-02
   18.5000  4.6502914E-02  1.5015440E-02  5.2894472E-02
   18.7500  4.4653921E-02  1.5561959E-02  5.2385339E-02
   19.0000  4.2821577E-02  1.6181294E-02  5.1308206E-02
   19.2500  4.1101209E-02  1.6871796E-02  4.9837118E-02
   19.5000  3.9561951E-02  1.7631589E-02  4.8156617E-02
   19.7500  3.8244556E-02  1.8459868E-02  4.6424695E-02
   20.0000  3.7170647E-02  1.9355088E-02  4.4758058E-02
   21.0000  3.5259112E-02  2.3578556E-02  3.9714917E-02
   22.0000  3.6414454E-02  2.8742322E-02  3.7317120E-02
   23.0000  3.9127490E-02  3.4446397E-02  3.6459045E-02
   24.0000  4.1656995E-02  3.9565476E-02  3.6090695E-02
   25.0000  4.2921207E-02  4.2809558E-02  3.5488547E-02
   26.0000  4.2331585E-02  4.2911659E-02  3.4643911E-02
   27.0000  3.9728015E-02  4.1209225E-02  3.3373808E-02
   28.0000  3.6069937E-02  3.8779682E-02  3.1823343E-02
   29.0000  3.2805198E-02  3.6274770E-02  3.0459493E-02
   30.0000  3.0570685E-02  3.3971209E-02  2.9678335E-02
   31.0000  2.9239355E-02  3.1982127E-02  2.9424465E-02
   32.0000  2.8501143E-02  3.0337725E-02  2.9402736E-02
   33.0000  2.8105440E-02  2.8999109E-02  2.9359224E-02
   34.0000  2.7882500E-02  2.7885164E-02  2.9201875E-02
   35.0000  2.7695776E-02  2.6868880E-02  2.8882945E-02
   36.0000  2.7419513E-02  2.5825209E-02  2.8354924E-02
   37.0000  2.6938315E-02  2.4675357E-02  2.7557105E-02
   38.0000  2.6130316E-02  2.3386019E-02  2.6420501E-02
   39.0000  2.4930015E-02  2.1991608E-02  2.4902828E-02
   40.0000  2.3403144E-02  2.0576566E-02  2.3035853E-02
