  7709.000   27  1  1  1.9222038E-02 -5.3865004E+00 -3.7378949E-01  1  1  7.5663764E+03  8.0000000E+03  0.0000000E+00  1.1792254E+00  1.0000000E+00  0.0000000E+00  = E_edge, Z, n_edge, j_edge, Abs_before_edge, VO_interstitial, E_cut, ninit, ninit1, Epsii, UnitCell_Volume, Surface_ref, f0_forward, natomsym_f, abs_u_iso
    Energy   (100,001)      (010,001)      (001,110)   
  -25.0000  6.8621537E-09  3.1801941E-10  8.8501353E-10
  -24.0000  1.7856342E-08  5.8786913E-10  1.9906466E-09
  -23.0000  5.4245010E-08  1.1404513E-09  4.9479871E-09
  -22.0000  2.1561124E-07  2.3963597E-09  1.4378505E-08
  -21.0000  1.6132750E-06  6.5780334E-09  5.9697411E-08
  -20.0000  2.0055579E-03  4.1477964E-08  7.5271706E-07
  -19.0000  5.0170174E-06  1.9657975E-07  1.8862565E-05
  -18.0000  2.9266261E-06  7.1210836E-08  2.1250735E-06
  -17.0000  3.1100993E-06  1.8869048E-07  8.3821730E-07
  -16.0000  5.3680796E-06  9.3218507E-07  7.6823000E-07
  -15.0000  2.6835909E-05  1.1837721E-04  1.4825935E-06
  -14.0000  8.6723513E-06  5.7423949E-05  2.1063689E-06
  -13.0000  7.3441126E-07  4.7148908E-06  4.4742148E-06
  -12.0000  6.2598087E-06  2.7583388E-06  4.6964819E-05
  -11.0000  3.2686596E-05  4.4566578E-06  4.4435492E-05
  -10.0000  3.3544775E-04  6.7997323E-06  1.5767618E-05
  -9.00000  4.7054091E-03  1.8457646E-04  5.9959711E-04
  -8.00000  5.5707974E-04  4.0409234E-05  2.2990592E-05
  -7.00000  8.8559660E-03  1.3304703E-04  3.5343450E-03
  -6.00000  1.3090758E-03  5.2750154E-05  4.2799006E-03
  -5.00000  7.6537486E-03  2.7568929E-04  2.9313626E-03
  -4.00000  2.9200577E-01  7.4762939E-04  7.9816606E-04
  -3.00000  1.6794244E-02  5.9409116E-02  4.3297534E-03
  -2.00000  1.1834004E-03  5.4443054E-03  1.5521464E-03
  -1.00000  3.6157828E-04  1.7682636E-03  2.3318888E-04
   0.00000  2.9346220E-04  4.8428478E-03  3.0559392E-04
   1.00000  2.4608906E-03  1.1118131E-03  1.2732648E-03
   2.00000  4.0917289E-04  1.0627669E-03  2.5791420E-04
   3.00000  5.1270549E-04  1.5069422E-03  3.1005628E-04
   4.00000  8.1244255E-04  2.7016309E-03  4.5177947E-04
   5.00000  1.0947317E-03  4.6907311E-03  7.7363527E-04
   5.20000  1.1235598E-03  5.1675387E-03  8.9480843E-04
   5.40000  1.1500037E-03  5.6773837E-03  1.0537964E-03
   5.60000  1.1937275E-03  6.2276079E-03  1.2668641E-03
   5.80000  1.2986475E-03  6.8298210E-03  1.5577612E-03
   6.00000  1.5437156E-03  7.5044220E-03  1.9598127E-03
   6.20000  2.0089421E-03  8.2855090E-03  2.5178894E-03
   6.40000  2.6373211E-03  9.2294705E-03  3.2837098E-03
   6.60000  3.1811439E-03  1.0422871E-02  4.2940264E-03
   6.80000  3.4761077E-03  1.1972474E-02  5.5173641E-03
   7.00000  3.5860561E-03  1.4003552E-02  6.7822007E-03
   7.20000  3.6023056E-03  1.6400965E-02  7.7620133E-03
   7.40000  3.5914763E-03  1.8943651E-02  8.1815819E-03
   7.60000  3.5865063E-03  2.1333450E-02  8.0134999E-03
   7.80000  3.6038782E-03  2.3393839E-02  7.4521810E-03
   8.00000  3.6536578E-03  2.5113033E-02  6.7335503E-03
   8.20000  3.7373100E-03  2.6586275E-02  6.0246613E-03
   8.40000  3.8515448E-03  2.7964826E-02  5.4153046E-03
   8.60000  3.9979012E-03  2.9423840E-02  4.9447505E-03
   8.80000  4.1800226E-03  3.1148597E-02  4.6223277E-03
   9.00000  4.3973552E-03  3.3323078E-02  4.4436107E-03
   9.20000  4.6437114E-03  3.6132902E-02  4.4000617E-03
   9.40000  4.9083345E-03  3.9768199E-02  4.4842365E-03
   9.60000  5.1823245E-03  4.4421069E-02  4.6924240E-03
   9.80000  5.4650980E-03  5.0270029E-02  5.0246239E-03
   10.0000  5.7637278E-03  5.7388583E-02  5.4815286E-03
   10.2500  6.1748308E-03  6.7789128E-02  6.2281961E-03
   10.5000  6.6446622E-03  7.8536288E-02  7.1639782E-03
   10.7500  7.1896172E-03  8.6928488E-02  8.2680663E-03
   11.0000  7.8253172E-03  9.0398707E-02  9.5031168E-03
   11.2500  8.5663936E-03  8.8559304E-02  1.0831292E-02
   11.5000  9.4131858E-03  8.1694781E-02  1.2170603E-02
   11.7500  1.0388497E-02  7.3473231E-02  1.3698465E-02
   12.0000  1.1491684E-02  6.4124344E-02  1.5355082E-02
   12.2500  1.2702048E-02  5.4735361E-02  1.7200563E-02
   12.5000  1.3989533E-02  4.6307938E-02  1.9266125E-02
   12.7500  1.5312100E-02  3.9262901E-02  2.1547283E-02
   13.0000  1.6379879E-02  3.3482799E-02  2.3273213E-02
   13.2500  1.7540809E-02  2.9153539E-02  2.5849066E-02
   13.5000  1.8660169E-02  2.5801525E-02  2.8478936E-02
   13.7500  1.9750162E-02  2.3222582E-02  3.1051932E-02
   14.0000  2.0838828E-02  2.1240113E-02  3.3448497E-02
   14.2500  2.1962180E-02  1.9707960E-02  3.5554733E-02
   14.5000  2.3158282E-02  1.8512689E-02  3.7281403E-02
   14.7500  2.4462152E-02  1.7570264E-02  3.8584679E-02
   15.0000  2.5897786E-02  1.6811215E-02  3.9467388E-02
   15.2500  2.7487758E-02  1.6198496E-02  4.0003144E-02
   15.5000  2.9246320E-02  1.5708640E-02  4.0306732E-02
   15.7500  3.1183586E-02  1.5329374E-02  4.0519156E-02
   16.0000  3.3303644E-02  1.5053405E-02  4.0779325E-02
   16.2500  3.5604434E-02  1.4876277E-02  4.1213589E-02
   16.5000  3.8076874E-02  1.4793294E-02  4.1923970E-02
   16.7500  4.0702265E-02  1.4800858E-02  4.2985021E-02
   17.0000  4.3447048E-02  1.4895423E-02  4.4444421E-02
   17.2500  4.6260696E-02  1.5074535E-02  4.6316929E-02
   17.5000  4.9072325E-02  1.5336339E-02  4.8574268E-02
   17.7500  5.1784567E-02  1.5680404E-02  5.1131870E-02
   18.0000  5.4275764E-02  1.6105670E-02  5.3833849E-02
   18.2500  5.6407996E-02  1.6611461E-02  5.6452774E-02
   18.5000  5.8035243E-02  1.7196857E-02  5.8709563E-02
   18.7500  5.9029872E-02  1.7858968E-02  6.0324326E-02
   19.0000  5.9310611E-02  1.8593005E-02  6.1092848E-02
   19.2500  5.8871503E-02  1.9391460E-02  6.0946181E-02
   19.5000  5.7791087E-02  2.0244816E-02  5.9962405E-02
   19.7500  5.6222488E-02  2.1144784E-02  5.8333218E-02
   20.0000  5.4359342E-02  2.2083626E-02  5.6296982E-02
   21.0000  4.7379366E-02  2.6105736E-02  4.7836087E-02
   22.0000  4.4468277E-02  3.0307553E-02  4.2296839E-02
   23.0000  4.4584329E-02  3.4198430E-02  3.9365298E-02
   24.0000  4.5319116E-02  3.7070889E-02  3.7701423E-02
   25.0000  4.5525977E-02  3.8426562E-02  3.6536189E-02
   26.0000  4.5001931E-02  3.8354711E-02  3.5541302E-02
   27.0000  4.3587738E-02  3.7353644E-02  3.4572006E-02
   28.0000  4.1193800E-02  3.5891519E-02  3.3540275E-02
   29.0000  3.7666775E-02  3.4102990E-02  3.2315614E-02
   30.0000  3.4956276E-02  3.2534504E-02  3.1447045E-02
   31.0000  3.2816331E-02  3.1115490E-02  3.0813736E-02
   32.0000  3.1283624E-02  2.9918855E-02  3.0355097E-02
   33.0000  3.0241043E-02  2.8969797E-02  2.9990782E-02
   34.0000  2.9546036E-02  2.8241111E-02  2.9684970E-02
   35.0000  2.9086313E-02  2.7679068E-02  2.9446919E-02
   36.0000  2.8779752E-02  2.7213805E-02  2.9270521E-02
   37.0000  2.8571446E-02  2.6797591E-02  2.9135606E-02
   38.0000  2.8397905E-02  2.6394558E-02  2.9000077E-02
   39.0000  2.8145647E-02  2.5951441E-02  2.8809631E-02
   40.0000  2.7624413E-02  2.5356833E-02  2.8502255E-02
