  7709.000   27  1  1  1.9222038E-02 -4.6313930E+00 -2.6809224E-01  1  1  7.5662856E+03  8.0000000E+03  0.0000000E+00  1.1792254E+00  1.0000000E+00  0.0000000E+00  = E_edge, Z, n_edge, j_edge, Abs_before_edge, VO_interstitial, E_cut, ninit, ninit1, Epsii, UnitCell_Volume, Surface_ref, f0_forward, natomsym_f, abs_u_iso
    Energy   (100,001)      (010,001)      (001,110)   
  -25.0000  9.7559995E-09  3.4315442E-10  9.4983304E-10
  -24.0000  2.9306097E-08  6.5082772E-10  2.2601966E-09
  -23.0000  1.1766280E-07  1.3452710E-09  6.1623943E-09
  -22.0000  1.0316116E-06  4.0138343E-09  2.1141281E-08
  -21.0000  4.3362076E-04  4.7950149E-08  3.2964427E-07
  -20.0000  4.1018737E-06  2.3585538E-07  1.2511025E-05
  -19.0000  1.4431048E-06  3.5550008E-08  8.1527211E-07
  -18.0000  1.3347204E-06  6.8550180E-08  2.9906190E-07
  -17.0000  2.3886445E-06  2.2533763E-07  2.8590615E-07
  -16.0000  4.3721904E-05  4.3956502E-06  6.6241567E-05
  -15.0000  1.4651678E-06  2.2267242E-04  1.6865056E-06
  -14.0000  7.7311628E-07  1.7509881E-05  1.1622453E-06
  -13.0000  2.6496329E-06  3.9950596E-06  4.2661253E-06
  -12.0000  1.2076697E-04  1.5104548E-05  1.8891328E-04
  -11.0000  5.6049206E-05  3.1286881E-06  4.1486598E-06
  -10.0000  4.9848500E-03  1.7423849E-04  2.4024687E-05
  -9.00000  1.5660933E-04  1.5821779E-05  5.4301117E-06
  -8.00000  9.3859767E-04  1.4029628E-03  1.7580184E-04
  -7.00000  8.9276670E-04  2.5746457E-05  1.7668513E-01
  -6.00000  3.1139322E-04  5.7137992E-05  1.0406163E-04
  -5.00000  2.5513212E-03  3.8636842E-04  1.8728298E-04
  -4.00000  1.6166778E-02  3.5168127E-02  1.4385980E+00
  -3.00000  3.1978652E-03  5.4246293E-02  2.9424895E-03
  -2.00000  1.1694547E-03  2.5885148E-03  4.7335340E-04
  -1.00000  2.7711590E-04  1.6501233E-03  2.1235283E-04
   0.00000  1.5897815E-02  7.4036561E-03  1.2343353E-02
   1.00000  5.4125725E-04  1.0298712E-03  2.9293974E-04
   2.00000  4.5130278E-04  1.0380059E-03  2.5450680E-04
   3.00000  6.2752263E-04  1.3477890E-03  3.5745785E-04
   4.00000  1.0647543E-03  2.0918609E-03  6.0904984E-04
   5.00000  2.0822050E-03  3.4022745E-03  1.2627064E-03
   5.20000  2.4271114E-03  3.7464233E-03  1.5067926E-03
   5.40000  2.8514454E-03  4.1287360E-03  1.8210815E-03
   5.60000  3.3795902E-03  4.5585169E-03  2.2321451E-03
   5.80000  4.0428613E-03  5.0483694E-03  2.7786033E-03
   6.00000  4.8839419E-03  5.6243716E-03  3.5177492E-03
   6.20000  5.9172169E-03  6.2869847E-03  4.5180458E-03
   6.40000  7.1684802E-03  7.0640215E-03  5.8723917E-03
   6.60000  8.7296516E-03  7.9873968E-03  7.7106899E-03
   6.80000  1.0970806E-02  9.1313921E-03  1.0280788E-02
   7.00000  1.4755798E-02  1.0650319E-02  1.4058418E-02
   7.20000  2.1267578E-02  1.2778105E-02  1.9665309E-02
   7.40000  3.0074582E-02  1.5497403E-02  2.6668662E-02
   7.60000  3.5619311E-02  1.7865438E-02  3.1062498E-02
   7.80000  3.2599534E-02  1.8787361E-02  2.9006246E-02
   8.00000  2.6212712E-02  1.9162653E-02  2.4468043E-02
   8.20000  2.1856223E-02  2.0185468E-02  2.1737202E-02
   8.40000  2.0072025E-02  2.2139787E-02  2.1444814E-02
   8.60000  2.0048347E-02  2.5014262E-02  2.3098480E-02
   8.80000  2.1173104E-02  2.8878131E-02  2.6279553E-02
   9.00000  2.3150263E-02  3.4000500E-02  3.0879419E-02
   9.20000  2.5893495E-02  4.0245001E-02  3.6714062E-02
   9.40000  2.9353332E-02  4.7683797E-02  4.3796597E-02
   9.60000  3.3526911E-02  5.6154742E-02  5.1921342E-02
   9.80000  3.8383695E-02  6.5355867E-02  6.0498567E-02
   10.0000  4.3779109E-02  7.4842863E-02  6.8337756E-02
   10.2500  5.0746779E-02  8.5892426E-02  7.4581733E-02
   10.5000  5.7040095E-02  9.3589728E-02  7.4801610E-02
   10.7500  6.1652147E-02  9.5402385E-02  6.9652745E-02
   11.0000  6.3293164E-02  9.1203607E-02  6.1806545E-02
   11.2500  6.2494025E-02  8.3004864E-02  5.3989689E-02
   11.5000  5.9151061E-02  7.3296126E-02  4.7461714E-02
   11.7500  5.4324349E-02  6.3612306E-02  4.2545147E-02
   12.0000  4.9107285E-02  5.4679180E-02  3.9054431E-02
   12.2500  4.2969693E-02  4.6640534E-02  3.8034935E-02
   12.5000  3.8679827E-02  3.9824747E-02  3.6527241E-02
   12.7500  3.5526895E-02  3.4144068E-02  3.5030855E-02
   13.0000  3.3093627E-02  2.9469249E-02  3.3662650E-02
   13.2500  3.1308593E-02  2.5704981E-02  3.2331256E-02
   13.5000  3.0099716E-02  2.2752550E-02  3.0277036E-02
   13.7500  2.9408734E-02  2.0439254E-02  2.9106588E-02
   14.0000  2.9154552E-02  1.8675565E-02  2.8055157E-02
   14.2500  2.9228922E-02  1.7381481E-02  2.7025060E-02
   14.5000  2.9726394E-02  1.6359048E-02  2.6388776E-02
   14.7500  3.0559866E-02  1.5579787E-02  2.5976057E-02
   15.0000  3.1698027E-02  1.4984817E-02  2.5805844E-02
   15.2500  3.3099238E-02  1.4531852E-02  2.5893884E-02
   15.5000  3.4705568E-02  1.4192238E-02  2.6253294E-02
   15.7500  3.6430595E-02  1.3944724E-02  2.6891005E-02
   16.0000  3.8162216E-02  1.3775709E-02  2.7806553E-02
   16.2500  3.9758444E-02  1.3675849E-02  2.8980070E-02
   16.5000  4.1060741E-02  1.3638837E-02  3.0366711E-02
   16.7500  4.1917808E-02  1.3661527E-02  3.1890396E-02
   17.0000  4.2216903E-02  1.3742826E-02  3.3443721E-02
   17.2500  4.1912062E-02  1.3883936E-02  3.4902508E-02
   17.5000  4.1041457E-02  1.4087142E-02  3.6146640E-02
   17.7500  3.9716587E-02  1.4354526E-02  3.7084894E-02
   18.0000  3.8089235E-02  1.4687952E-02  3.7672870E-02
   18.2500  3.6322505E-02  1.5088641E-02  3.7917254E-02
   18.5000  3.4557958E-02  1.5558066E-02  3.7863231E-02
   18.7500  3.2901474E-02  1.6095877E-02  3.7576506E-02
   19.0000  3.1421612E-02  1.6702366E-02  3.7127583E-02
   19.2500  3.0155845E-02  1.7376362E-02  3.6581215E-02
   19.5000  2.9116634E-02  1.8116448E-02  3.5991062E-02
   19.7500  2.8301605E-02  1.8919682E-02  3.5397183E-02
   20.0000  2.7699023E-02  1.9781402E-02  3.4826381E-02
   21.0000  2.7008558E-02  2.3664980E-02  3.3029630E-02
   22.0000  2.7816801E-02  2.7871925E-02  3.1980749E-02
   23.0000  2.8381880E-02  3.2066298E-02  3.1207513E-02
   24.0000  2.8258832E-02  3.5791659E-02  3.0419164E-02
   25.0000  2.8703646E-02  3.8392737E-02  2.9741268E-02
   26.0000  2.8984817E-02  3.9522612E-02  2.9004689E-02
   27.0000  2.7778468E-02  3.9289051E-02  2.7768366E-02
   28.0000  2.6723033E-02  3.7989295E-02  2.6641070E-02
   29.0000  2.6348409E-02  3.6307340E-02  2.6010953E-02
   30.0000  2.6430613E-02  3.4625282E-02  2.5968855E-02
   31.0000  2.6694654E-02  3.3169724E-02  2.6321946E-02
   32.0000  2.6981940E-02  3.2001799E-02  2.6776623E-02
   33.0000  2.7218135E-02  3.1072094E-02  2.7104194E-02
   34.0000  2.7374422E-02  3.0283634E-02  2.7158752E-02
   35.0000  2.7443388E-02  2.9545928E-02  2.6850407E-02
   36.0000  2.7439034E-02  2.8802818E-02  2.6164512E-02
   37.0000  2.7389533E-02  2.8026400E-02  2.5208614E-02
   38.0000  2.7309823E-02  2.7192623E-02  2.4208729E-02
   39.0000  2.7187799E-02  2.6257894E-02  2.3444002E-02
   40.0000  2.6994769E-02  2.5180734E-02  2.3132319E-02
