  7709.000   27  1  1  1.9222038E-02 -5.1018869E+00 -2.9136916E-01  1  1  7.5663450E+03  8.0000000E+03  0.0000000E+00  1.1792254E+00  1.0000000E+00  0.0000000E+00  = E_edge, Z, n_edge, j_edge, Abs_before_edge, VO_interstitial, E_cut, ninit, ninit1, Epsii, UnitCell_Volume, Surface_ref, f0_forward, natomsym_f, abs_u_iso
    Energy   (100,001)      (010,001)      (001,110)   
  -25.0000  8.1873105E-09  3.9958538E-10  8.5852213E-10
  -24.0000  2.1790329E-08  7.6005363E-10  1.9909079E-09
  -23.0000  6.8517764E-08  1.5521169E-09  5.3273401E-09
  -22.0000  2.9123051E-07  3.7278856E-09  1.9252803E-08
  -21.0000  2.8185751E-06  1.9347534E-08  2.0029998E-07
  -20.0000  1.6759378E-04  1.6715774E-07  4.4797390E-06
  -19.0000  1.3481181E-05  3.3650766E-07  2.3908134E-05
  -18.0000  3.3885607E-06  9.3861690E-08  2.7880265E-06
  -17.0000  4.0347894E-06  2.8914467E-07  9.4799347E-07
  -16.0000  7.7398569E-06  1.8429077E-06  8.9391946E-07
  -15.0000  4.3198180E-05  9.0216259E-04  7.8898835E-06
  -14.0000  4.8075924E-05  1.5850250E-05  1.2151304E-05
  -13.0000  1.1388143E-06  4.4578724E-06  1.0594852E-05
  -12.0000  3.6315948E-06  3.1983912E-06  2.1666562E-04
  -11.0000  3.5203161E-05  5.5523770E-06  4.3828081E-05
  -10.0000  1.0099606E-01  8.4659124E-03  2.3976980E-04
  -9.00000  1.5836104E-03  1.7342953E-04  2.6861053E-03
  -8.00000  3.0850006E-04  6.0142018E-05  6.7388464E-05
  -7.00000  4.8440556E-03  9.8024583E-04  2.3468208E-02
  -6.00000  1.9831858E-03  7.5330311E-05  1.3874578E-04
  -5.00000  5.5525788E-04  5.3250481E-03  1.2657898E-03
  -4.00000  2.3395209E-01  1.2770115E-03  1.0123672E-02
  -3.00000  1.2874934E-03  1.6718050E-02  3.2280084E-03
  -2.00000  1.4881786E-03  6.1117143E-03  3.6252751E-03
  -1.00000  4.2579066E-04  1.6781869E-03  3.0682533E-04
   0.00000  3.6626978E-03  1.3017605E-02  3.0971083E-03
   1.00000  3.4677207E-02  7.3929240E-03  2.7651835E-02
   2.00000  9.3565063E-04  1.2491996E-03  7.2912626E-04
   3.00000  8.1379107E-04  1.4064434E-03  6.2272920E-04
   4.00000  1.1713040E-03  2.2339064E-03  9.0701894E-04
   5.00000  1.7919391E-03  3.5844799E-03  1.7728322E-03
   5.20000  1.9570572E-03  3.9105018E-03  2.1331324E-03
   5.40000  2.1434068E-03  4.2667476E-03  2.6238625E-03
   5.60000  2.3566323E-03  4.6670288E-03  3.3082704E-03
   5.80000  2.6025273E-03  5.1311650E-03  4.2835588E-03
   6.00000  2.8789151E-03  5.6887232E-03  5.7028285E-03
   6.20000  3.1685323E-03  6.3807803E-03  7.7893446E-03
   6.40000  3.4630790E-03  7.2605428E-03  1.0800505E-02
   6.60000  3.8336448E-03  8.3647884E-03  1.4803010E-02
   6.80000  4.4293953E-03  9.6408257E-03  1.9148495E-02
   7.00000  5.2213360E-03  1.0876390E-02  2.2145114E-02
   7.20000  5.9262159E-03  1.1835273E-02  2.2533287E-02
   7.40000  6.4427111E-03  1.2494095E-02  2.0910799E-02
   7.60000  6.9081554E-03  1.3019034E-02  1.8526976E-02
   7.80000  7.4517332E-03  1.3594921E-02  1.6175313E-02
   8.00000  8.1369486E-03  1.4333052E-02  1.4170623E-02
   8.20000  8.9828191E-03  1.5278842E-02  1.2587576E-02
   8.40000  9.9887049E-03  1.6464171E-02  1.1404481E-02
   8.60000  1.1163340E-02  1.8027175E-02  1.0633626E-02
   8.80000  1.2521604E-02  2.0139921E-02  1.0309511E-02
   9.00000  1.4089515E-02  2.3026519E-02  1.0479349E-02
   9.20000  1.5884905E-02  2.6968748E-02  1.1198832E-02
   9.40000  1.7867030E-02  3.2295560E-02  1.2514939E-02
   9.60000  1.9881243E-02  3.9303768E-02  1.4412289E-02
   9.80000  2.1622504E-02  4.8069716E-02  1.6713970E-02
   10.0000  2.2713148E-02  5.8233739E-02  1.9018218E-02
   10.2500  2.2908753E-02  7.1697990E-02  2.1197960E-02
   10.5000  2.2280309E-02  8.4511690E-02  2.2341466E-02
   10.7500  2.1662562E-02  9.5325477E-02  2.2925052E-02
   11.0000  2.1500059E-02  1.0226621E-01  2.3529542E-02
   11.2500  2.1780762E-02  1.0270541E-01  2.4539653E-02
   11.5000  2.2592971E-02  9.6077063E-02  2.5835030E-02
   11.7500  2.3515840E-02  8.4742139E-02  2.7510907E-02
   12.0000  2.4296292E-02  7.2281815E-02  2.9671734E-02
   12.2500  2.5281363E-02  5.9744221E-02  3.1860447E-02
   12.5000  2.6132644E-02  4.9299458E-02  3.4247141E-02
   12.7500  2.6810600E-02  4.1029668E-02  3.6375613E-02
   13.0000  2.7186830E-02  3.4728031E-02  3.8016700E-02
   13.2500  2.7434766E-02  2.9888927E-02  3.9515369E-02
   13.5000  2.7512442E-02  2.6203768E-02  4.0517646E-02
   13.7500  2.7385297E-02  2.3411140E-02  4.1432036E-02
   14.0000  2.7309443E-02  2.1251150E-02  4.1355395E-02
   14.2500  2.7259262E-02  1.9586945E-02  4.0826767E-02
   14.5000  2.7274382E-02  1.8302484E-02  3.9969094E-02
   14.7500  2.7377314E-02  1.7312752E-02  3.8926436E-02
   15.0000  2.7581367E-02  1.6555653E-02  3.7841686E-02
   15.2500  2.7880321E-02  1.5982743E-02  3.6831083E-02
   15.5000  2.8276855E-02  1.5559542E-02  3.5991389E-02
   15.7500  2.8769891E-02  1.5258802E-02  3.5388859E-02
   16.0000  2.9360988E-02  1.5060760E-02  3.5068357E-02
   16.2500  3.0068023E-02  1.4957690E-02  3.5052249E-02
   16.5000  3.0925377E-02  1.4926183E-02  3.5381306E-02
   16.7500  3.1888196E-02  1.4962636E-02  3.6025037E-02
   17.0000  3.2958722E-02  1.5061459E-02  3.6959692E-02
   17.2500  3.4133022E-02  1.5218766E-02  3.8135208E-02
   17.5000  3.5398571E-02  1.5431081E-02  3.9470717E-02
   17.7500  3.6734062E-02  1.5695647E-02  4.0852504E-02
   18.0000  3.8109086E-02  1.6009945E-02  4.2146939E-02
   18.2500  3.9485799E-02  1.6371338E-02  4.3218077E-02
   18.5000  4.0824603E-02  1.6777865E-02  4.3954801E-02
   18.7500  4.2086871E-02  1.7226674E-02  4.4297771E-02
   19.0000  4.3235338E-02  1.7715677E-02  4.4250812E-02
   19.2500  4.4233392E-02  1.8243623E-02  4.3870197E-02
   19.5000  4.5046219E-02  1.8809068E-02  4.3244622E-02
   19.7500  4.5645476E-02  1.9410794E-02  4.2469824E-02
   20.0000  4.6013599E-02  2.0047268E-02  4.1628697E-02
   21.0000  4.5432976E-02  2.2900922E-02  3.8532169E-02
   22.0000  4.3478736E-02  2.6098046E-02  3.6355512E-02
   23.0000  4.2153068E-02  2.9430659E-02  3.4761499E-02
   24.0000  4.1711282E-02  3.2710912E-02  3.3352506E-02
   25.0000  4.1669762E-02  3.5592159E-02  3.1954257E-02
   26.0000  4.1202003E-02  3.7580451E-02  3.0564951E-02
   27.0000  3.9376636E-02  3.8369037E-02  2.9191381E-02
   28.0000  3.6111769E-02  3.8035713E-02  2.7883600E-02
   29.0000  3.2573816E-02  3.6958843E-02  2.6852454E-02
   30.0000  2.9838952E-02  3.5555469E-02  2.6270004E-02
   31.0000  2.8099362E-02  3.4144633E-02  2.6103044E-02
   32.0000  2.7107614E-02  3.2903516E-02  2.6238915E-02
   33.0000  2.6583767E-02  3.1883592E-02  2.6541893E-02
   34.0000  2.6307436E-02  3.1060104E-02  2.6864466E-02
   35.0000  2.6112829E-02  3.0364956E-02  2.7084319E-02
   36.0000  2.5879120E-02  2.9729559E-02  2.7140994E-02
   37.0000  2.5537051E-02  2.9105110E-02  2.7020449E-02
   38.0000  2.5061240E-02  2.8449518E-02  2.6734199E-02
   39.0000  2.4486768E-02  2.7607190E-02  2.6220860E-02
   40.0000  2.3881088E-02  2.6693137E-02  2.5776262E-02
