  7709.000   27  1  1  1.9222038E-02 -4.7324962E+00 -4.1002348E-01  1  1  7.5664995E+03  8.0000000E+03  0.0000000E+00  1.1792254E+00  1.0000000E+00  0.0000000E+00  = E_edge, Z, n_edge, j_edge, Abs_before_edge, VO_interstitial, E_cut, ninit, ninit1, Epsii, UnitCell_Volume, Surface_ref, f0_forward, natomsym_f, abs_u_iso
    Energy   (100,001)      (010,001)      (001,110)   
  -25.0000  4.8458152E-09  3.4572067E-10  7.1430944E-10
  -24.0000  1.2378134E-08  6.3991078E-10  1.6162113E-09
  -23.0000  3.6739099E-08  1.2354495E-09  4.0764194E-09
  -22.0000  1.4112755E-07  2.5258609E-09  1.2220859E-08
  -21.0000  9.8062423E-07  5.6898481E-09  5.3075612E-08
  -20.0000  5.1322508E-03  1.7578686E-08  5.4213602E-06
  -19.0000  8.2453637E-06  5.7412736E-07  3.9647922E-05
  -18.0000  2.1194383E-06  7.4451107E-08  7.0807743E-07
  -17.0000  2.2884866E-06  2.4098223E-07  3.8460656E-07
  -16.0000  4.8821208E-06  1.4586631E-06  3.9225081E-07
  -15.0000  3.5461485E-04  1.8521932E-03  1.5373647E-05
  -14.0000  1.5093608E-07  1.8883779E-05  9.5002512E-07
  -13.0000  1.3208309E-06  4.2399302E-06  3.0038770E-06
  -12.0000  6.6456479E-06  3.7721776E-06  4.5319624E-04
  -11.0000  2.0269696E-05  2.9973762E-06  5.7864564E-06
  -10.0000  1.6521642E-04  5.0803589E-06  7.1989852E-06
  -9.00000  5.0328974E-03  1.7117096E-05  1.0375692E-05
  -8.00000  1.5439498E-04  3.8477598E-05  4.6413538E-06
  -7.00000  6.0067770E-03  4.0257459E-05  3.2157983E-04
  -6.00000  5.7679089E-04  6.1352267E-05  1.7530886E-04
  -5.00000  1.1414530E-03  1.6352697E-03  1.1501562E-03
  -4.00000  1.4792361E-01  1.4663346E-03  2.1625251E-04
  -3.00000  7.0114558E-04  3.7233122E-02  6.1144135E-04
  -2.00000  3.2450447E-04  2.6385599E-03  1.9548544E-04
  -1.00000  2.5060959E-04  1.5661412E-03  1.8605669E-04
   0.00000  8.8490190E-04  3.6204988E-03  5.4137300E-04
   1.00000  2.5957558E-04  1.0826775E-03  1.7270053E-04
   2.00000  3.3301918E-04  1.0412876E-03  2.4100786E-04
   3.00000  5.1043413E-04  1.2638475E-03  4.0470502E-04
   4.00000  8.5465645E-04  1.8114229E-03  7.6938268E-04
   5.00000  1.4564963E-03  2.8830282E-03  1.6915073E-03
   5.20000  1.6075942E-03  3.1706901E-03  2.0334615E-03
   5.40000  1.7635626E-03  3.4857964E-03  2.4723657E-03
   5.60000  1.9190859E-03  3.8318004E-03  3.0411632E-03
   5.80000  2.0666660E-03  4.2142242E-03  3.7818608E-03
   6.00000  2.1983635E-03  4.6381119E-03  4.7416848E-03
   6.20000  2.3152137E-03  5.1099482E-03  5.9644884E-03
   6.40000  2.4617960E-03  5.6425094E-03  7.4721189E-03
   6.60000  2.7994199E-03  6.2724058E-03  9.2291778E-03
   6.80000  3.5442427E-03  7.0189163E-03  1.1146095E-02
   7.00000  4.5767350E-03  7.9294270E-03  1.3039723E-02
   7.20000  5.5687177E-03  9.0425613E-03  1.4719677E-02
   7.40000  6.4492536E-03  1.0383959E-02  1.6037689E-02
   7.60000  7.3118639E-03  1.1994809E-02  1.6897856E-02
   7.80000  8.2657108E-03  1.3945100E-02  1.7288122E-02
   8.00000  9.3781717E-03  1.6333842E-02  1.7315449E-02
   8.20000  1.0665646E-02  1.9200362E-02  1.7229651E-02
   8.40000  1.2161294E-02  2.2369856E-02  1.7404458E-02
   8.60000  1.3904602E-02  2.4477401E-02  1.8136454E-02
   8.80000  1.5919640E-02  2.4896574E-02  1.9672930E-02
   9.00000  1.8245834E-02  2.4749900E-02  2.2178859E-02
   9.20000  2.0941130E-02  2.5228205E-02  2.5759199E-02
   9.40000  2.4065573E-02  2.6721264E-02  3.0307796E-02
   9.60000  2.7673588E-02  2.9292796E-02  3.5404540E-02
   9.80000  3.1699520E-02  3.3140745E-02  4.0266375E-02
   10.0000  3.6357673E-02  3.8182601E-02  4.4601753E-02
   10.2500  4.2816088E-02  4.6649074E-02  4.8751065E-02
   10.5000  4.9580864E-02  5.7892841E-02  5.1753083E-02
   10.7500  5.5851359E-02  7.1733913E-02  5.4125922E-02
   11.0000  6.0545800E-02  8.6148187E-02  5.6223995E-02
   11.2500  6.2738629E-02  9.6217759E-02  5.8073776E-02
   11.5000  6.2177035E-02  9.6636510E-02  5.9372511E-02
   11.7500  5.9429925E-02  8.7437143E-02  5.9748624E-02
   12.0000  5.4839157E-02  7.4024702E-02  5.9876708E-02
   12.2500  5.0672848E-02  6.1066595E-02  5.7880585E-02
   12.5000  4.6841602E-02  5.0475797E-02  5.4983112E-02
   12.7500  4.3624311E-02  4.2353832E-02  5.1535153E-02
   13.0000  4.1092446E-02  3.6227698E-02  4.7902903E-02
   13.2500  3.9214016E-02  3.1588209E-02  4.4389565E-02
   13.5000  3.7915392E-02  2.8034609E-02  4.1197431E-02
   13.7500  3.7121186E-02  2.5218171E-02  3.7392739E-02
   14.0000  3.6698122E-02  2.3046945E-02  3.5261922E-02
   14.2500  3.6612399E-02  2.1324943E-02  3.3586551E-02
   14.5000  3.6806995E-02  1.9947086E-02  3.2346105E-02
   14.7500  3.7234169E-02  1.8837644E-02  3.1513524E-02
   15.0000  3.7852789E-02  1.7940216E-02  3.1063878E-02
   15.2500  3.8627451E-02  1.7214685E-02  3.0979914E-02
   15.5000  3.9502775E-02  1.6631111E-02  3.1246590E-02
   15.7500  4.0437965E-02  1.6168939E-02  3.1853691E-02
   16.0000  4.1377738E-02  1.5813207E-02  3.2787799E-02
   16.2500  4.2255808E-02  1.5552974E-02  3.4024303E-02
   16.5000  4.2998589E-02  1.5379764E-02  3.5521829E-02
   16.7500  4.3526721E-02  1.5287510E-02  3.7209755E-02
   17.0000  4.3770485E-02  1.5270462E-02  3.8986374E-02
   17.2500  4.3681672E-02  1.5325169E-02  4.0723244E-02
   17.5000  4.3246150E-02  1.5448543E-02  4.2280582E-02
   17.7500  4.2491164E-02  1.5637041E-02  4.3534232E-02
   18.0000  4.1484432E-02  1.5888791E-02  4.4399438E-02
   18.2500  4.0317998E-02  1.6201062E-02  4.4844310E-02
   18.5000  3.9092792E-02  1.6571486E-02  4.4892424E-02
   18.7500  3.7903489E-02  1.6997740E-02  4.4607780E-02
   19.0000  3.6824292E-02  1.7477640E-02  4.4073679E-02
   19.2500  3.5907281E-02  1.8008151E-02  4.3371892E-02
   19.5000  3.5181587E-02  1.8585381E-02  4.2574871E-02
   19.7500  3.4658911E-02  1.9204406E-02  4.1740190E-02
   20.0000  3.4337931E-02  1.9858545E-02  4.0907321E-02
   21.0000  3.4851844E-02  2.3081346E-02  3.7936221E-02
   22.0000  3.6815067E-02  2.6178053E-02  3.5779208E-02
   23.0000  3.8150476E-02  2.9279254E-02  3.4048765E-02
   24.0000  3.7435120E-02  3.2380533E-02  3.2308492E-02
   25.0000  3.4677885E-02  3.5338695E-02  3.0416410E-02
   26.0000  3.0910742E-02  3.7692614E-02  2.8374179E-02
   27.0000  2.7418225E-02  3.8925354E-02  2.6280462E-02
   28.0000  2.4892716E-02  3.8891915E-02  2.4362036E-02
   29.0000  2.3312610E-02  3.7892867E-02  2.2907972E-02
   30.0000  2.2377820E-02  3.6407950E-02  2.2044878E-02
   31.0000  2.1837573E-02  3.4848591E-02  2.1657176E-02
   32.0000  2.1534822E-02  3.3472861E-02  2.1503671E-02
   33.0000  2.1340617E-02  3.2357486E-02  2.1368063E-02
   34.0000  2.1162831E-02  3.1465559E-02  2.1118189E-02
   35.0000  2.0929988E-02  3.0719162E-02  2.0680647E-02
   36.0000  2.0600970E-02  3.0060689E-02  2.0036828E-02
   37.0000  2.0173843E-02  2.9493191E-02  1.9248608E-02
   38.0000  1.9692650E-02  2.9051405E-02  1.8495174E-02
   39.0000  1.9227960E-02  2.8673949E-02  1.8059032E-02
   40.0000  1.8840315E-02  2.8144750E-02  1.8209797E-02
