  7709.000   27  1  1  1.9222038E-02 -4.6666228E+00 -4.3586464E-01  1  1  7.5666382E+03  8.0000000E+03  0.0000000E+00  1.1792254E+00  1.0000000E+00  0.0000000E+00  = E_edge, Z, n_edge, j_edge, Abs_before_edge, VO_interstitial, E_cut, ninit, ninit1, Epsii, UnitCell_Volume, Surface_ref, f0_forward, natomsym_f, abs_u_iso
    Energy   (100,001)      (010,001)      (001,110)   
  -25.0000  9.4197762E-09  3.9209884E-10  9.0042965E-10
  -24.0000  2.6539916E-08  7.2639758E-10  2.1077940E-09
  -23.0000  9.2012941E-08  1.4105359E-09  5.5867452E-09
  -22.0000  4.8017249E-07  2.9384746E-09  1.8090102E-08
  -21.0000  1.0215395E-05  7.1640765E-09  8.7393764E-08
  -20.0000  1.1129777E-05  4.0807193E-08  1.6211056E-06
  -19.0000  3.2767416E-06  4.9504644E-08  1.7992117E-06
  -18.0000  3.1753576E-06  7.8675740E-08  4.4442188E-07
  -17.0000  6.1896483E-06  2.6360515E-07  3.4389055E-07
  -16.0000  9.1904218E-05  1.4697233E-06  4.3303418E-07
  -15.0000  5.6828617E-06  7.2142999E-05  1.5544718E-06
  -14.0000  2.5900821E-07  1.1607785E-05  1.6100883E-06
  -13.0000  5.3146670E-07  4.1692512E-06  1.4007828E-05
  -12.0000  3.4655249E-06  2.7695390E-06  2.8042777E-05
  -11.0000  2.2071681E-05  2.9298056E-06  5.2503376E-06
  -10.0000  2.8746964E-03  1.2159775E-05  3.5059665E-05
  -9.00000  4.0964284E-04  1.9054947E-05  3.7827470E-06
  -8.00000  7.5021749E-05  2.6621727E-03  7.9073563E-04
  -7.00000  9.3985440E-04  2.5437780E-04  5.4135512E-04
  -6.00000  7.8938158E-04  5.8729126E-05  4.3383517E-05
  -5.00000  1.1549300E-03  2.7519596E-04  2.5146024E-04
  -4.00000  3.8418772E-02  3.0304190E-03  3.0810890E-04
  -3.00000  8.5145018E-04  8.9900360E-03  4.9089224E-04
  -2.00000  4.5146956E-04  2.1717103E-03  2.6711289E-04
  -1.00000  3.9302490E-04  1.2701785E-03  1.8590388E-04
   0.00000  5.4315116E-04  1.0834283E-03  3.5951592E-04
   1.00000  3.7080980E-04  9.2253387E-04  2.4156984E-04
   2.00000  4.6102454E-04  1.0523354E-03  4.1755144E-04
   3.00000  6.5953475E-04  1.3736046E-03  8.9880742E-04
   4.00000  1.0296686E-03  2.0597947E-03  2.1824002E-03
   5.00000  1.6620002E-03  3.2524286E-03  6.4036235E-03
   5.20000  1.8222772E-03  3.5807748E-03  8.2563583E-03
   5.40000  1.9897023E-03  3.9603819E-03  1.0729947E-02
   5.60000  2.1585711E-03  4.4093097E-03  1.3904136E-02
   5.80000  2.3189544E-03  4.9457061E-03  1.7629348E-02
   6.00000  2.4560058E-03  5.5718044E-03  2.1302803E-02
   6.20000  2.5563781E-03  6.2619866E-03  2.3898735E-02
   6.40000  2.6398639E-03  6.9719467E-03  2.4592828E-02
   6.60000  2.8369786E-03  7.6801545E-03  2.3448014E-02
   6.80000  3.3851534E-03  8.4102994E-03  2.1251111E-02
   7.00000  4.3298708E-03  9.2125565E-03  1.8846091E-02
   7.20000  5.4712356E-03  1.0138711E-02  1.6714539E-02
   7.40000  6.6732257E-03  1.1240975E-02  1.5088657E-02
   7.60000  7.9349581E-03  1.2625294E-02  1.4038075E-02
   7.80000  9.3302409E-03  1.4260576E-02  1.3716887E-02
   8.00000  1.0927297E-02  1.6284018E-02  1.4249450E-02
   8.20000  1.2784549E-02  1.8813578E-02  1.5866385E-02
   8.40000  1.4967290E-02  2.2021444E-02  1.8886762E-02
   8.60000  1.7545800E-02  2.6158730E-02  2.3633002E-02
   8.80000  2.0599554E-02  3.1593121E-02  3.0207338E-02
   9.00000  2.4219480E-02  3.8874398E-02  3.8155052E-02
   9.20000  2.8501000E-02  4.8737571E-02  4.6299694E-02
   9.40000  3.3531368E-02  6.2124147E-02  5.3168813E-02
   9.60000  3.9356871E-02  7.9823133E-02  5.7798178E-02
   9.80000  4.5918052E-02  1.0138329E-01  6.0170557E-02
   10.0000  5.2957832E-02  1.2288630E-01  6.1000832E-02
   10.2500  6.1562284E-02  1.3666850E-01  6.1386194E-02
   10.5000  6.8379459E-02  1.2572461E-01  6.2177748E-02
   10.7500  7.1784261E-02  1.0047089E-01  6.3169641E-02
   11.0000  7.1260018E-02  7.6123862E-02  6.3701022E-02
   11.2500  6.7705696E-02  5.7996412E-02  6.3434429E-02
   11.5000  6.2145061E-02  4.5765349E-02  6.2779395E-02
   11.7500  5.6860658E-02  3.7361305E-02  6.0632371E-02
   12.0000  5.2068756E-02  3.1569146E-02  5.7563209E-02
   12.2500  4.8036424E-02  2.7452285E-02  5.3846755E-02
   12.5000  4.4784837E-02  2.4421800E-02  4.9814506E-02
   12.7500  4.2230532E-02  2.2115429E-02  4.5789838E-02
   13.0000  4.0265324E-02  2.0313702E-02  4.2027822E-02
   13.2500  3.8785788E-02  1.8881343E-02  3.8691471E-02
   13.5000  3.7358483E-02  1.7808343E-02  3.4777157E-02
   13.7500  3.6503144E-02  1.6867953E-02  3.2596911E-02
   14.0000  3.5946644E-02  1.6112772E-02  3.0913909E-02
   14.2500  3.5655818E-02  1.5508448E-02  2.9695638E-02
   14.5000  3.5604554E-02  1.5028767E-02  2.8903443E-02
   14.7500  3.5768925E-02  1.4653253E-02  2.8501436E-02
   15.0000  3.6123062E-02  1.4366392E-02  2.8456400E-02
   15.2500  3.6635735E-02  1.4156049E-02  2.8735724E-02
   15.5000  3.7274702E-02  1.4012358E-02  2.9303288E-02
   15.7500  3.7968055E-02  1.3932492E-02  3.0103506E-02
   16.0000  3.8657773E-02  1.3910213E-02  3.1072059E-02
   16.2500  3.9268209E-02  1.3942860E-02  3.2122444E-02
   16.5000  3.9726255E-02  1.4028729E-02  3.3154344E-02
   16.7500  3.9970765E-02  1.4167172E-02  3.4068951E-02
   17.0000  3.9976184E-02  1.4357648E-02  3.4779702E-02
   17.2500  3.9761805E-02  1.4599365E-02  3.5235563E-02
   17.5000  3.9387280E-02  1.4891446E-02  3.5422139E-02
   17.7500  3.8938027E-02  1.5233803E-02  3.5360359E-02
   18.0000  3.8502319E-02  1.5626524E-02  3.5096165E-02
   18.2500  3.8152998E-02  1.6069028E-02  3.4686350E-02
   18.5000  3.7938375E-02  1.6561383E-02  3.4188524E-02
   18.7500  3.7880549E-02  1.7102776E-02  3.3651513E-02
   19.0000  3.7981494E-02  1.7693393E-02  3.3113595E-02
   19.2500  3.8230541E-02  1.8331733E-02  3.2604808E-02
   19.5000  3.8610068E-02  1.9016837E-02  3.2146150E-02
   19.7500  3.9099197E-02  2.0065123E-02  3.1926325E-02
   20.0000  3.9654931E-02  2.0878976E-02  3.1583634E-02
   21.0000  4.1820513E-02  2.4567682E-02  3.0947321E-02
   22.0000  4.1250113E-02  2.8858560E-02  3.1189802E-02
   23.0000  3.6334789E-02  3.3499796E-02  3.1552425E-02
   24.0000  2.9582073E-02  3.7866300E-02  3.1208801E-02
   25.0000  2.4069248E-02  4.1022472E-02  2.9911758E-02
   26.0000  2.0920599E-02  4.2261422E-02  2.7988136E-02
   27.0000  1.9783606E-02  4.1617138E-02  2.6012936E-02
   28.0000  1.9822432E-02  3.9754620E-02  2.4541422E-02
   29.0000  2.0310267E-02  3.7426957E-02  2.3853055E-02
   30.0000  2.0852259E-02  3.5189058E-02  2.3791608E-02
   31.0000  2.1297198E-02  3.3295953E-02  2.3981693E-02
   32.0000  2.1597641E-02  3.1784588E-02  2.4090482E-02
   33.0000  2.1724449E-02  3.0542809E-02  2.3904468E-02
   34.0000  2.1669653E-02  2.9420977E-02  2.3323017E-02
   35.0000  2.1433378E-02  2.8279614E-02  2.2311536E-02
   36.0000  2.1040071E-02  2.7036449E-02  2.0947844E-02
   37.0000  2.0541083E-02  2.5666985E-02  1.9536886E-02
   38.0000  2.0001525E-02  2.4203971E-02  1.8606088E-02
   39.0000  1.9491979E-02  2.2708809E-02  1.8630427E-02
   40.0000  1.9083324E-02  2.1246264E-02  1.9662336E-02
