  7709.000   27  1  1  1.9222038E-02 -4.6290572E+00 -2.1756482E-01  1  1  7.5663987E+03  8.0000000E+03  0.0000000E+00  1.1792254E+00  1.0000000E+00  0.0000000E+00  = E_edge, Z, n_edge, j_edge, Abs_before_edge, VO_interstitial, E_cut, ninit, ninit1, Epsii, UnitCell_Volume, Surface_ref, f0_forward, natomsym_f, abs_u_iso
    Energy   (100,001)      (010,001)      (001,110)   
  -25.0000  6.5038910E-09  3.2053489E-10  1.0026761E-09
  -24.0000  1.7377728E-08  6.0578997E-10  2.3474009E-09
  -23.0000  5.5634519E-08  1.2429042E-09  6.2809103E-09
  -22.0000  2.5226292E-07  3.1692537E-09  2.1864236E-08
  -21.0000  3.8539257E-06  3.2045554E-08  2.7194615E-07
  -20.0000  7.5772065E-05  1.0031296E-07  4.0044266E-06
  -19.0000  6.5559761E-06  1.6050507E-07  1.2465793E-05
  -18.0000  2.0391463E-06  5.9666592E-08  6.9462568E-07
  -17.0000  2.3786435E-06  1.7656610E-07  4.6660137E-07
  -16.0000  5.1424828E-06  8.4232392E-07  7.2999898E-07
  -15.0000  4.9561658E-03  7.3715106E-05  8.1727961E-04
  -14.0000  1.0957825E-06  1.0316509E-04  6.1738503E-06
  -13.0000  1.5091765E-06  5.0506943E-06  6.0728046E-06
  -12.0000  6.8196309E-06  3.2664887E-06  6.2152265E-04
  -11.0000  2.9999132E-05  3.5475537E-06  1.1872184E-05
  -10.0000  4.8999251E-04  1.8631591E-05  2.5141868E-05
  -9.00000  5.6338449E-03  8.2521131E-05  1.3925747E-04
  -8.00000  1.6556719E-03  3.2680464E-04  2.3653198E-04
  -7.00000  1.3845322E-02  2.0275229E-04  1.1895028E-02
  -6.00000  6.0538377E-04  3.9107943E-05  2.5262330E-04
  -5.00000  6.4879674E-04  2.3106130E-04  7.9420945E-04
  -4.00000  5.0248595E-02  8.1878352E-04  5.1062908E-03
  -3.00000  1.0438946E-03  2.7247042E-01  1.4084557E-02
  -2.00000  8.6978751E-04  4.9797039E-03  9.1126841E-04
  -1.00000  3.4806100E-04  1.8233415E-03  1.7191647E-04
   0.00000  2.0906655E-03  2.4283172E-03  3.1305931E-03
   1.00000  6.1110006E-03  2.0008602E-03  6.9559536E-03
   2.00000  8.1340972E-04  1.1917331E-03  6.8484917E-04
   3.00000  7.3195206E-04  1.4611642E-03  5.3062713E-04
   4.00000  1.0161815E-03  2.4569726E-03  6.9709077E-04
   5.00000  1.6171789E-03  4.2126442E-03  1.2054348E-03
   5.20000  1.8042014E-03  4.6503726E-03  1.4097721E-03
   5.40000  2.0272269E-03  5.1204571E-03  1.6826539E-03
   5.60000  2.2978136E-03  5.6332910E-03  2.0536974E-03
   5.80000  2.6245448E-03  6.2024977E-03  2.5669282E-03
   6.00000  3.0011168E-03  6.8501553E-03  3.2864559E-03
   6.20000  3.3914171E-03  7.6154061E-03  4.3006287E-03
   6.40000  3.7729220E-03  8.5640863E-03  5.7183968E-03
   6.60000  4.2919685E-03  9.7818239E-03  7.6201056E-03
   6.80000  5.2765882E-03  1.1331505E-02  9.9297513E-03
   7.00000  6.6899547E-03  1.3190774E-02  1.2251002E-02
   7.20000  7.8887234E-03  1.5266179E-02  1.4045850E-02
   7.40000  8.6662275E-03  1.7351259E-02  1.5087466E-02
   7.60000  9.4184198E-03  1.9325631E-02  1.5443131E-02
   7.80000  1.0425991E-02  2.1047376E-02  1.5281768E-02
   8.00000  1.1813406E-02  2.2667392E-02  1.4744548E-02
   8.20000  1.3615451E-02  2.4335860E-02  1.4186311E-02
   8.40000  1.6088600E-02  2.6201931E-02  1.4086440E-02
   8.60000  1.9588101E-02  2.8494837E-02  1.4739748E-02
   8.80000  2.4355394E-02  3.1453829E-02  1.6326062E-02
   9.00000  3.0155210E-02  3.5269519E-02  1.8850283E-02
   9.20000  3.5512495E-02  4.0055433E-02  2.1776612E-02
   9.40000  3.7770619E-02  4.5841643E-02  2.3837094E-02
   9.60000  3.5831628E-02  5.2834298E-02  2.4153844E-02
   9.80000  3.1773503E-02  6.1537065E-02  2.3343351E-02
   10.0000  2.8067021E-02  7.2382789E-02  2.2513044E-02
   10.2500  2.5303552E-02  8.8653752E-02  2.2236039E-02
   10.5000  2.4493152E-02  1.0513033E-01  2.2858821E-02
   10.7500  2.5069721E-02  1.1517066E-01  2.4152780E-02
   11.0000  2.6477260E-02  1.1226806E-01  2.5895928E-02
   11.2500  2.8238596E-02  9.7725915E-02  2.7883421E-02
   11.5000  3.0015277E-02  7.9160686E-02  2.9856872E-02
   11.7500  3.1603840E-02  6.2461495E-02  3.1567920E-02
   12.0000  3.2640977E-02  4.9205977E-02  3.2932044E-02
   12.2500  3.3409999E-02  3.9817600E-02  3.4044767E-02
   12.5000  3.3649673E-02  3.3042828E-02  3.4962394E-02
   12.7500  3.3404976E-02  2.8136598E-02  3.5803066E-02
   13.0000  3.2822987E-02  2.4543967E-02  3.6627643E-02
   13.2500  3.2093920E-02  2.1880094E-02  3.7416303E-02
   13.5000  3.1390620E-02  1.9883802E-02  3.8058441E-02
   13.7500  3.0927501E-02  1.8399409E-02  3.8318224E-02
   14.0000  3.0077830E-02  1.7242948E-02  3.7711468E-02
   14.2500  2.9976821E-02  1.6358356E-02  3.7074155E-02
   14.5000  3.0130529E-02  1.5680803E-02  3.6127796E-02
   14.7500  3.0526575E-02  1.5162194E-02  3.5047707E-02
   15.0000  3.1148569E-02  1.4767012E-02  3.4008164E-02
   15.2500  3.1979183E-02  1.4469790E-02  3.3145050E-02
   15.5000  3.3005730E-02  1.4252839E-02  3.2547027E-02
   15.7500  3.4198843E-02  1.4103609E-02  3.2261598E-02
   16.0000  3.5533776E-02  1.4013884E-02  3.2308739E-02
   16.2500  3.7210082E-02  1.3985653E-02  3.2828597E-02
   16.5000  3.8732343E-02  1.4006906E-02  3.3527711E-02
   16.7500  4.0191416E-02  1.4084204E-02  3.4497616E-02
   17.0000  4.1478838E-02  1.4219518E-02  3.5671293E-02
   17.2500  4.2480033E-02  1.4415639E-02  3.6957288E-02
   17.5000  4.3093531E-02  1.4674813E-02  3.8245647E-02
   17.7500  4.3254835E-02  1.4999865E-02  3.9422039E-02
   18.0000  4.2944693E-02  1.5391340E-02  4.0385711E-02
   18.2500  4.2200774E-02  1.5849327E-02  4.1065864E-02
   18.5000  4.1103849E-02  1.6372527E-02  4.1429437E-02
   18.7500  3.9757808E-02  1.6959339E-02  4.1483766E-02
   19.0000  3.8270307E-02  1.7608970E-02  4.1263421E-02
   19.2500  3.6740931E-02  1.8319654E-02  4.0818251E-02
   19.5000  3.5252541E-02  1.9089525E-02  4.0208062E-02
   19.7500  3.3869535E-02  1.9917786E-02  3.9491077E-02
   20.0000  3.2637761E-02  2.0802589E-02  3.8719248E-02
   21.0000  2.9580110E-02  2.4818894E-02  3.5803147E-02
   22.0000  2.9213158E-02  2.9222824E-02  3.3914882E-02
   23.0000  3.0527538E-02  3.3452793E-02  3.2991841E-02
   24.0000  3.2573644E-02  3.7087512E-02  3.2424725E-02
   25.0000  3.4487533E-02  3.9447216E-02  3.1696708E-02
   26.0000  3.5378501E-02  4.0016665E-02  3.0617210E-02
   27.0000  3.4689814E-02  3.9032274E-02  2.9263152E-02
   28.0000  3.2827020E-02  3.7172181E-02  2.7929439E-02
   29.0000  3.0737560E-02  3.5051084E-02  2.6969516E-02
   30.0000  2.8992680E-02  3.3047470E-02  2.6535357E-02
   31.0000  2.7726725E-02  3.1348437E-02  2.6539436E-02
   32.0000  2.6868990E-02  2.9983916E-02  2.6756334E-02
   33.0000  2.6283524E-02  2.8917784E-02  2.6993186E-02
   34.0000  2.5846417E-02  2.8086280E-02  2.7155199E-02
   35.0000  2.5476456E-02  2.7417666E-02  2.7209615E-02
   36.0000  2.5159002E-02  2.6849116E-02  2.7125316E-02
   37.0000  2.4937717E-02  2.6324176E-02  2.6858904E-02
   38.0000  2.4780875E-02  2.5766299E-02  2.6379560E-02
   39.0000  2.4968242E-02  2.5103140E-02  2.5914061E-02
   40.0000  2.5372267E-02  2.4258925E-02  2.5668888E-02
