  7709.000   27  1  1  1.9222038E-02 -4.8504046E+00 -3.2633669E-01  1  1  7.5663188E+03  8.0000000E+03  0.0000000E+00  1.1792254E+00  1.0000000E+00  0.0000000E+00  = E_edge, Z, n_edge, j_edge, Abs_before_edge, VO_interstitial, E_cut, ninit, ninit1, Epsii, UnitCell_Volume, Surface_ref, f0_forward, natomsym_f, abs_u_iso
    Energy   (100,001)      (010,001)      (001,110)   
  -25.0000  5.5282458E-09  3.2487608E-10  8.3388902E-10
  -24.0000  1.4263455E-08  6.0406182E-10  1.8874627E-09
  -23.0000  4.2873810E-08  1.1915849E-09  4.7630505E-09
  -22.0000  1.6774939E-07  2.6368893E-09  1.4377193E-08
  -21.0000  1.2075133E-06  9.1569889E-09  6.8261155E-08
  -20.0000  1.6938821E-01  2.6262287E-07  5.9800415E-06
  -19.0000  1.8167713E-04  4.8349216E-06  3.7549865E-04
  -18.0000  2.2869505E-06  6.5052211E-08  1.0551587E-06
  -17.0000  2.5017092E-06  1.8459157E-07  5.4943474E-07
  -16.0000  4.7461124E-06  8.9581458E-07  6.6284313E-07
  -15.0000  6.7999133E-05  2.5994953E-04  9.7178614E-05
  -14.0000  9.5907543E-07  3.9680428E-05  3.1153092E-06
  -13.0000  9.5248526E-07  4.4671564E-06  4.6858439E-06
  -12.0000  5.3344399E-06  2.6319619E-06  1.2769848E-04
  -11.0000  2.6985018E-05  3.3121885E-06  1.5704588E-05
  -10.0000  2.7564278E-04  6.2175550E-06  1.0351866E-05
  -9.00000  1.7675312E-03  2.3668742E-05  1.7900865E-05
  -8.00000  2.4781527E-04  5.1335908E-05  2.7183268E-05
  -7.00000  3.2410177E-02  7.2421017E-05  3.9020800E-04
  -6.00000  5.9987624E-04  3.6474201E-05  1.9854087E-04
  -5.00000  4.8909168E-04  2.5862024E-04  7.8740957E-04
  -4.00000  2.5552554E-01  9.2062190E-04  6.7272340E-04
  -3.00000  1.0963556E-03  2.5111023E-01  7.3213282E-03
  -2.00000  5.8662060E-04  3.9206739E-03  6.5378771E-04
  -1.00000  2.8096100E-04  1.6739864E-03  1.7361357E-04
   0.00000  3.9740242E-04  6.7673662E-03  1.4955881E-03
   1.00000  8.0603275E-04  1.0558734E-03  3.5545597E-04
   2.00000  3.7183320E-04  1.0395077E-03  2.5155036E-04
   3.00000  4.8494084E-04  1.3928462E-03  3.4654433E-04
   4.00000  7.4398170E-04  2.3000126E-03  5.5506299E-04
   5.00000  1.1266117E-03  3.9123776E-03  1.0803730E-03
   5.20000  1.2052171E-03  4.3181352E-03  1.2864847E-03
   5.40000  1.2792423E-03  4.7590848E-03  1.5608934E-03
   5.60000  1.3460053E-03  5.2445567E-03  1.9330068E-03
   5.80000  1.4026648E-03  5.7891745E-03  2.4457132E-03
   6.00000  1.4477508E-03  6.4151604E-03  3.1584806E-03
   6.20000  1.4846752E-03  7.1583855E-03  4.1484801E-03
   6.40000  1.5313156E-03  8.0781047E-03  5.4971404E-03
   6.60000  1.6445708E-03  9.2617643E-03  7.2331921E-03
   6.80000  1.9478047E-03  1.0787762E-02  9.2237875E-03
   7.00000  2.5401480E-03  1.2648712E-02  1.1128559E-02
   7.20000  3.2488330E-03  1.4745539E-02  1.2555253E-02
   7.40000  3.7945217E-03  1.6880175E-02  1.3285975E-02
   7.60000  4.1595577E-03  1.8939476E-02  1.3366207E-02
   7.80000  4.4433039E-03  2.0797660E-02  1.3008719E-02
   8.00000  4.7279210E-03  2.2528835E-02  1.2469041E-02
   8.20000  5.0520942E-03  2.4260231E-02  1.1993130E-02
   8.40000  5.4343708E-03  2.6181755E-02  1.1804440E-02
   8.60000  5.8835782E-03  2.8520021E-02  1.2112298E-02
   8.80000  6.3921966E-03  3.1528983E-02  1.3126046E-02
   9.00000  6.9540415E-03  3.5491952E-02  1.5041228E-02
   9.20000  7.5832448E-03  4.0681128E-02  1.7894104E-02
   9.40000  8.3025988E-03  4.7294332E-02  2.1160950E-02
   9.60000  9.1300573E-03  5.5335425E-02  2.3481629E-02
   9.80000  1.0081341E-02  6.4826793E-02  2.3721727E-02
   10.0000  1.1172708E-02  7.6051537E-02  2.2434680E-02
   10.2500  1.2759986E-02  9.2432455E-02  2.0676801E-02
   10.5000  1.4625728E-02  1.0844474E-01  1.9886348E-02
   10.7500  1.6803129E-02  1.1701030E-01  2.0106734E-02
   11.0000  1.9328467E-02  1.1206877E-01  2.1092234E-02
   11.2500  2.2228340E-02  9.6042817E-02  2.2675084E-02
   11.5000  2.5478047E-02  7.6897820E-02  2.4725610E-02
   11.7500  2.8969529E-02  6.0230937E-02  2.6472886E-02
   12.0000  3.2289781E-02  4.7386656E-02  2.9180240E-02
   12.2500  3.5407048E-02  3.8096554E-02  3.2321934E-02
   12.5000  3.7909487E-02  3.1453320E-02  3.5831231E-02
   12.7500  3.9627363E-02  2.6697404E-02  3.9580365E-02
   13.0000  4.0572344E-02  2.3269113E-02  4.3202950E-02
   13.2500  4.0904030E-02  2.0775405E-02  4.6177170E-02
   13.5000  4.0849482E-02  1.8945079E-02  4.8010870E-02
   13.7500  4.0203234E-02  1.7654058E-02  4.8228265E-02
   14.0000  4.0015240E-02  1.6611122E-02  4.7407471E-02
   14.2500  3.9937958E-02  1.5813485E-02  4.5680143E-02
   14.5000  4.0032498E-02  1.5196712E-02  4.3524334E-02
   14.7500  4.0333295E-02  1.4717380E-02  4.1341358E-02
   15.0000  4.0851535E-02  1.4345793E-02  3.9398185E-02
   15.2500  4.1591759E-02  1.4061370E-02  3.7843152E-02
   15.5000  4.2530851E-02  1.3848536E-02  3.6740690E-02
   15.7500  4.3650702E-02  1.3698501E-02  3.6113586E-02
   16.0000  4.4914603E-02  1.3605939E-02  3.5959304E-02
   16.2500  4.6268972E-02  1.3568575E-02  3.6263125E-02
   16.5000  4.7643399E-02  1.3586532E-02  3.7000052E-02
   16.7500  4.8946173E-02  1.3662397E-02  3.8129437E-02
   17.0000  5.0070225E-02  1.3797929E-02  3.9584971E-02
   17.2500  5.0899085E-02  1.3995834E-02  4.1266223E-02
   17.5000  5.1321677E-02  1.4258175E-02  4.3034833E-02
   17.7500  5.1253275E-02  1.4586241E-02  4.4723749E-02
   18.0000  5.0654838E-02  1.4980440E-02  4.6158195E-02
   18.2500  4.9543014E-02  1.5440550E-02  4.7188448E-02
   18.5000  4.7993380E-02  1.5965566E-02  4.7727129E-02
   18.7500  4.6127986E-02  1.6553636E-02  4.7763828E-02
   19.0000  4.4089575E-02  1.7203452E-02  4.7355313E-02
   19.2500  4.2020099E-02  1.7913273E-02  4.6605204E-02
   19.5000  4.0039648E-02  1.8681576E-02  4.5631485E-02
   19.7500  3.8237351E-02  1.9506908E-02  4.4544073E-02
   20.0000  3.6669168E-02  2.0389010E-02  4.3431322E-02
   21.0000  3.3062218E-02  2.4449134E-02  3.9702598E-02
   22.0000  3.3128896E-02  2.9208819E-02  3.7705815E-02
   23.0000  3.5265321E-02  3.4152751E-02  3.6853233E-02
   24.0000  3.7746735E-02  3.8258011E-02  3.6189073E-02
   25.0000  3.9486804E-02  4.0514215E-02  3.5240686E-02
   26.0000  3.9761053E-02  4.0685215E-02  3.3986244E-02
   27.0000  3.8191291E-02  3.9324566E-02  3.2496876E-02
   28.0000  3.5167234E-02  3.7045013E-02  3.0804917E-02
   29.0000  3.2648516E-02  3.4815343E-02  2.9625487E-02
   30.0000  3.0774765E-02  3.2771929E-02  2.8971268E-02
   31.0000  2.9501660E-02  3.1044011E-02  2.8733806E-02
   32.0000  2.8658154E-02  2.9676120E-02  2.8665426E-02
   33.0000  2.8081795E-02  2.8654888E-02  2.8559287E-02
   34.0000  2.7652354E-02  2.7907450E-02  2.8329537E-02
   35.0000  2.7299106E-02  2.7352477E-02  2.7953922E-02
   36.0000  2.6977034E-02  2.6911379E-02  2.7416066E-02
   37.0000  2.6633796E-02  2.6515946E-02  2.6687158E-02
   38.0000  2.6202380E-02  2.6086599E-02  2.5732448E-02
   39.0000  2.5582687E-02  2.5503742E-02  2.4525988E-02
   40.0000  2.4700194E-02  2.4652968E-02  2.3075258E-02
