  7709.000   27  1  1  1.9222038E-02 -5.2227147E+00 -3.9816169E-01  1  1  7.5664810E+03  8.0000000E+03  0.0000000E+00  1.1792254E+00  1.0000000E+00  0.0000000E+00  = E_edge, Z, n_edge, j_edge, Abs_before_edge, VO_interstitial, E_cut, ninit, ninit1, Epsii, UnitCell_Volume, Surface_ref, f0_forward, natomsym_f, abs_u_iso
    Energy   (100,001)      (010,001)      (001,110)   
  -25.0000  6.7748217E-09  4.0405470E-10  1.0611849E-09
  -24.0000  1.7696773E-08  7.4729146E-10  2.4066639E-09
  -23.0000  5.4177063E-08  1.4469856E-09  6.0373533E-09
  -22.0000  2.2088267E-07  2.9870210E-09  1.7615640E-08
  -21.0000  1.9995550E-06  6.8997409E-09  6.6741737E-08
  -20.0000  3.3378172E-05  2.2058780E-08  4.6651752E-07
  -19.0000  8.8734253E-06  3.3561404E-06  2.0975028E-04
  -18.0000  3.5610567E-06  9.3521083E-08  1.7345601E-06
  -17.0000  3.6287750E-06  2.4717880E-07  8.4057730E-07
  -16.0000  6.1515262E-06  1.2456256E-06  8.3496209E-07
  -15.0000  3.4985257E-05  3.2443165E-05  1.6476943E-06
  -14.0000  5.4254602E-05  1.6684560E-05  2.0580889E-06
  -13.0000  4.6754154E-07  4.8260554E-06  6.5718304E-06
  -12.0000  4.0361002E-06  3.8318322E-06  1.1003640E-04
  -11.0000  3.1786361E-05  3.4901517E-06  6.3805896E-05
  -10.0000  2.1917821E-03  6.3095892E-06  1.8684288E-05
  -9.00000  3.2701777E-03  4.0595598E-04  3.8763206E-04
  -8.00000  3.6424622E-04  3.6679260E-05  3.6992563E-05
  -7.00000  2.3136900E-04  4.5644293E-04  2.4674447E-03
  -6.00000  1.8821075E-03  1.6586611E-04  1.5248679E-03
  -5.00000  8.6029569E-02  8.4144982E-04  9.2702204E-03
  -4.00000  1.4537770E-01  5.6402636E-04  3.9415625E-04
  -3.00000  1.5997369E-03  1.0864906E-02  2.0557111E-03
  -2.00000  1.3521057E-03  1.6281120E-02  7.0263381E-03
  -1.00000  5.0594040E-04  1.5679863E-03  2.8812896E-04
   0.00000  1.9854411E-03  1.2382988E-03  3.6848831E-04
   1.00000  2.6483148E-03  1.2198351E-03  6.4677560E-03
   2.00000  8.0000179E-04  1.0464882E-03  1.1341245E-03
   3.00000  9.5073608E-04  1.4797928E-03  8.9251257E-04
   4.00000  1.4980640E-03  2.6318018E-03  1.2422315E-03
   5.00000  2.3402959E-03  4.6147686E-03  2.4481718E-03
   5.20000  2.5473389E-03  5.1124941E-03  3.0062223E-03
   5.40000  2.7787199E-03  5.6679665E-03  3.8191155E-03
   5.60000  3.0436183E-03  6.3110973E-03  5.0447248E-03
   5.80000  3.3441575E-03  7.0923118E-03  6.9377223E-03
   6.00000  3.6426390E-03  8.0791186E-03  9.8345701E-03
   6.20000  3.8708739E-03  9.2887533E-03  1.3794849E-02
   6.40000  4.0475098E-03  1.0504977E-02  1.7434868E-02
   6.60000  4.2965903E-03  1.1103362E-02  1.7755761E-02
   6.80000  4.7626594E-03  1.1129775E-02  1.4787540E-02
   7.00000  5.3488198E-03  1.1126607E-02  1.1367005E-02
   7.20000  5.8389584E-03  1.1359561E-02  8.8852738E-03
   7.40000  6.2209453E-03  1.1849245E-02  7.3000291E-03
   7.60000  6.5679310E-03  1.2568659E-02  6.2341156E-03
   7.80000  6.9372375E-03  1.3506822E-02  5.4556497E-03
   8.00000  7.3667745E-03  1.4674569E-02  4.8873992E-03
   8.20000  7.8732666E-03  1.6101230E-02  4.4612473E-03
   8.40000  8.4613904E-03  1.7828629E-02  4.1121586E-03
   8.60000  9.1292774E-03  1.9903596E-02  3.8105774E-03
   8.80000  9.8684750E-03  2.2369491E-02  3.5766873E-03
   9.00000  1.0665605E-02  2.5316311E-02  3.4489401E-03
   9.20000  1.1501570E-02  2.8879179E-02  3.4352577E-03
   9.40000  1.2353205E-02  3.3202918E-02  3.5256219E-03
   9.60000  1.3200170E-02  3.8414636E-02  3.7142159E-03
   9.80000  1.4028608E-02  4.4604497E-02  4.0030759E-03
   10.0000  1.4833590E-02  5.1783582E-02  4.3969726E-03
   10.2500  1.5808676E-02  6.1943655E-02  5.0410835E-03
   10.5000  1.6753973E-02  7.2772941E-02  5.8441142E-03
   10.7500  1.7670843E-02  8.3000591E-02  6.7672880E-03
   11.0000  1.8563762E-02  9.0698552E-02  7.7215469E-03
   11.2500  1.9444596E-02  9.3736172E-02  8.4292457E-03
   11.5000  2.0343138E-02  9.1636439E-02  9.1858080E-03
   11.7500  2.1210753E-02  8.4824363E-02  9.7604160E-03
   12.0000  2.1986368E-02  7.5329863E-02  1.0217603E-02
   12.2500  2.2592018E-02  6.5226463E-02  1.0664191E-02
   12.5000  2.2897593E-02  5.5780674E-02  1.1160683E-02
   12.7500  2.3123281E-02  4.7835747E-02  1.1848215E-02
   13.0000  2.3076784E-02  4.1352510E-02  1.2634893E-02
   13.2500  2.2955687E-02  3.6034136E-02  1.3746996E-02
   13.5000  2.2773790E-02  3.1770668E-02  1.5051921E-02
   13.7500  2.2582583E-02  2.8369220E-02  1.6512282E-02
   14.0000  2.2412482E-02  2.5663375E-02  1.8069639E-02
   14.2500  2.2279966E-02  2.3512122E-02  1.9650348E-02
   14.5000  2.2194909E-02  2.1802611E-02  2.1179258E-02
   14.7500  2.2165748E-02  2.0444838E-02  2.2592300E-02
   15.0000  2.1006363E-02  1.9361097E-02  2.3874714E-02
   15.2500  2.1269726E-02  1.8504300E-02  2.4962519E-02
   15.5000  2.1619568E-02  1.7823872E-02  2.5895637E-02
   15.7500  2.2062380E-02  1.7286764E-02  2.6712741E-02
   16.0000  2.2603634E-02  1.6869277E-02  2.7469643E-02
   16.2500  2.3246926E-02  1.6556034E-02  2.8232483E-02
   16.5000  2.3994420E-02  1.6336860E-02  2.9072044E-02
   16.7500  2.4848633E-02  1.6204791E-02  3.0062170E-02
   17.0000  2.5810305E-02  1.6155691E-02  3.1276594E-02
   17.2500  2.6880166E-02  1.6184764E-02  3.2790278E-02
   17.5000  2.8056377E-02  1.6288422E-02  3.4678578E-02
   17.7500  2.9332882E-02  1.6462393E-02  3.7015936E-02
   18.0000  3.0698817E-02  1.6701352E-02  3.9869052E-02
   18.2500  3.2135877E-02  1.7001238E-02  4.3283495E-02
   18.5000  3.3615889E-02  1.7358385E-02  4.7258734E-02
   18.7500  3.5098318E-02  1.7770779E-02  5.1714225E-02
   19.0000  3.6535366E-02  1.8235640E-02  5.6452186E-02
   19.2500  3.7871994E-02  1.8749879E-02  6.1135610E-02
   19.5000  3.9055502E-02  1.9311090E-02  6.5312476E-02
   19.7500  4.0039526E-02  1.9916874E-02  6.8509961E-02
   20.0000  4.0793677E-02  2.0562984E-02  7.0374189E-02
   21.0000  4.1621032E-02  2.3439697E-02  6.5311342E-02
   22.0000  4.0773892E-02  2.6624692E-02  5.3770651E-02
   23.0000  4.0450619E-02  3.0061431E-02  4.5270807E-02
   24.0000  4.1095415E-02  3.3622268E-02  4.0002936E-02
   25.0000  4.2402111E-02  3.6890785E-02  3.6859224E-02
   26.0000  4.4198595E-02  3.9189991E-02  3.4981606E-02
   27.0000  4.6013610E-02  4.0049864E-02  3.3639231E-02
   28.0000  4.6764404E-02  3.9606409E-02  3.2337222E-02
   29.0000  4.5337277E-02  3.8367232E-02  3.1014531E-02
   30.0000  4.1908661E-02  3.6816409E-02  2.9953579E-02
   31.0000  3.7977203E-02  3.5244915E-02  2.9341625E-02
   32.0000  3.4836216E-02  3.3808134E-02  2.9133584E-02
   33.0000  3.2836351E-02  3.2591583E-02  2.9185983E-02
   34.0000  3.1737616E-02  3.1582980E-02  2.9351086E-02
   35.0000  3.1188331E-02  3.0716352E-02  2.9536143E-02
   36.0000  3.0886278E-02  2.9735192E-02  2.9645680E-02
   37.0000  3.0590463E-02  2.8816717E-02  2.9709076E-02
   38.0000  3.0198260E-02  2.7711734E-02  2.9670335E-02
   39.0000  2.9705906E-02  2.6378652E-02  2.9506297E-02
   40.0000  2.9170757E-02  2.4839884E-02  2.9224115E-02
