  7709.000   27  1  1  1.9222038E-02 -4.8268120E+00 -3.0613903E-01  1  1  7.5663470E+03  8.0000000E+03  0.0000000E+00  1.1792254E+00  1.0000000E+00  0.0000000E+00  = E_edge, Z, n_edge, j_edge, Abs_before_edge, VO_interstitial, E_cut, ninit, ninit1, Epsii, UnitCell_Volume, Surface_ref, f0_forward, natomsym_f, abs_u_iso
    Energy   (100,001)      (010,001)      (001,110)   
  -25.0000  9.3057620E-09  3.2811357E-10  7.4981979E-10
  -24.0000  2.7494880E-08  6.1876876E-10  1.7683532E-09
  -23.0000  1.0673783E-07  1.2727851E-09  4.8244277E-09
  -22.0000  8.2916196E-07  3.6973387E-09  1.8653915E-08
  -21.0000  2.7859801E-05  5.5018131E-08  3.7283536E-07
  -20.0000  3.7105154E-06  5.5391117E-08  2.5267198E-06
  -19.0000  1.2400376E-06  3.3751459E-08  9.0333851E-07
  -18.0000  1.1343097E-06  6.3403223E-08  2.6508189E-07
  -17.0000  1.5843524E-06  2.0502910E-07  2.1090659E-07
  -16.0000  3.8503933E-06  1.0743987E-06  3.4489047E-07
  -15.0000  2.5427922E-04  2.1143697E-04  9.0041140E-06
  -14.0000  3.6092947E-07  2.2284709E-05  9.6435732E-07
  -13.0000  1.9794898E-06  4.0515947E-06  1.6990515E-06
  -12.0000  8.9722469E-06  2.6817107E-06  3.7698945E-05
  -11.0000  5.4469347E-05  2.5858502E-06  1.1764658E-05
  -10.0000  1.0674970E-02  1.8291075E-04  3.1867011E-04
  -9.00000  5.0321828E-04  1.7990421E-05  6.3126702E-06
  -8.00000  5.1627934E-04  1.0022731E-04  8.0843229E-05
  -7.00000  2.7058505E-04  4.4279284E-05  2.2377278E-05
  -6.00000  3.1946681E-04  4.5471491E-05  2.7875018E-04
  -5.00000  2.3351401E-04  2.8046443E-04  3.4563690E-04
  -4.00000  2.0402644E-03  5.6622851E-03  2.5465429E-02
  -3.00000  7.0538039E-03  6.2276699E-02  2.3049889E-03
  -2.00000  3.5895594E-03  3.8299756E-03  1.0827311E-03
  -1.00000  3.6883003E-04  1.6534240E-03  1.7272406E-04
   0.00000  1.1437924E-02  7.0262650E-03  6.6481168E-03
   1.00000  4.7013695E-04  1.0304266E-03  2.2776833E-04
   2.00000  4.3855172E-04  1.0392199E-03  2.2206784E-04
   3.00000  6.3425037E-04  1.3506836E-03  3.2879485E-04
   4.00000  1.0803100E-03  2.1163064E-03  5.7753117E-04
   5.00000  1.9862232E-03  3.6244902E-03  1.1974704E-03
   5.20000  2.2608829E-03  4.0540099E-03  1.4251757E-03
   5.40000  2.5842894E-03  4.5439686E-03  1.7179422E-03
   5.60000  2.9704096E-03  5.1073913E-03  2.1012841E-03
   5.80000  3.4381819E-03  5.7571026E-03  2.6131242E-03
   6.00000  4.0170880E-03  6.5208126E-03  3.3111742E-03
   6.20000  4.7478209E-03  7.4200134E-03  4.2803786E-03
   6.40000  5.6866838E-03  8.4825705E-03  5.6461953E-03
   6.60000  6.9079375E-03  9.7304608E-03  7.5819359E-03
   6.80000  8.4918000E-03  1.1159133E-02  1.0283986E-02
   7.00000  1.0493924E-02  1.2717218E-02  1.3870963E-02
   7.20000  1.2869819E-02  1.4255312E-02  1.8186780E-02
   7.40000  1.5417039E-02  1.5577123E-02  2.2610878E-02
   7.60000  1.7843001E-02  1.6612893E-02  2.6276382E-02
   7.80000  1.9883509E-02  1.7481999E-02  2.8563392E-02
   8.00000  2.1279207E-02  1.8371338E-02  2.9226218E-02
   8.20000  2.1600350E-02  1.9389587E-02  2.8281524E-02
   8.40000  2.0554860E-02  2.0602423E-02  2.6464168E-02
   8.60000  1.8788955E-02  2.2151460E-02  2.5370732E-02
   8.80000  1.7614114E-02  2.4231492E-02  2.5839438E-02
   9.00000  1.7367772E-02  2.6946645E-02  2.7548070E-02
   9.20000  1.7867405E-02  3.0358609E-02  2.9997749E-02
   9.40000  1.8951344E-02  3.4538033E-02  3.3088450E-02
   9.60000  2.0593059E-02  3.9578022E-02  3.6757966E-02
   9.80000  2.2823985E-02  4.5622584E-02  4.0675551E-02
   10.0000  2.5694982E-02  5.2900020E-02  4.4254320E-02
   10.2500  2.9596929E-02  6.3800470E-02  4.7018673E-02
   10.5000  3.5214948E-02  7.7630791E-02  4.8185222E-02
   10.7500  4.1607951E-02  9.2284965E-02  4.7769132E-02
   11.0000  4.7940258E-02  1.0254251E-01  4.6663239E-02
   11.2500  5.3010633E-02  1.0274555E-01  4.5517352E-02
   11.5000  5.5882333E-02  9.3042721E-02  4.4567203E-02
   11.7500  5.6250516E-02  7.8821953E-02  4.3832299E-02
   12.0000  5.3653234E-02  6.4977792E-02  4.4288411E-02
   12.2500  5.0313463E-02  5.3083243E-02  4.3791280E-02
   12.5000  4.6687299E-02  4.3855178E-02  4.3218153E-02
   12.7500  4.3347031E-02  3.6820169E-02  4.2514786E-02
   13.0000  4.0643093E-02  3.1496190E-02  4.1681089E-02
   13.2500  3.8678374E-02  2.7464436E-02  4.0741179E-02
   13.5000  3.7426375E-02  2.4245916E-02  3.9503284E-02
   13.7500  3.6818894E-02  2.1992310E-02  3.8047570E-02
   14.0000  3.6754158E-02  2.0181683E-02  3.7176749E-02
   14.2500  3.7143727E-02  1.8767658E-02  3.6448370E-02
   14.5000  3.7893565E-02  1.7658620E-02  3.5895553E-02
   14.7500  3.8909753E-02  1.6789522E-02  3.5532391E-02
   15.0000  4.0098388E-02  1.6114949E-02  3.5360692E-02
   15.2500  4.1365414E-02  1.5603079E-02  3.5372922E-02
   15.5000  4.2607893E-02  1.5226190E-02  3.5554075E-02
   15.7500  4.3735161E-02  1.4967749E-02  3.5886068E-02
   16.0000  4.4661172E-02  1.4814170E-02  3.6344452E-02
   16.2500  4.5312556E-02  1.4754695E-02  3.6900105E-02
   16.5000  4.5635208E-02  1.4780568E-02  3.7517078E-02
   16.7500  4.5597876E-02  1.4884108E-02  3.8151701E-02
   17.0000  4.5195761E-02  1.5059290E-02  3.8757065E-02
   17.2500  4.4449026E-02  1.5300474E-02  3.9286421E-02
   17.5000  4.3400031E-02  1.5602372E-02  3.9697926E-02
   17.7500  4.2105428E-02  1.5960406E-02  3.9959929E-02
   18.0000  4.0632885E-02  1.6370480E-02  4.0056713E-02
   18.2500  3.9051678E-02  1.6829556E-02  3.9987144E-02
   18.5000  3.7429329E-02  1.7333292E-02  3.9761267E-02
   18.7500  3.5826912E-02  1.7878778E-02  3.9399635E-02
   19.0000  3.4297613E-02  1.8462204E-02  3.8929818E-02
   19.2500  3.2882467E-02  1.9080365E-02  3.8380523E-02
   19.5000  3.1611369E-02  1.9730087E-02  3.7780737E-02
   19.7500  3.0504365E-02  2.0408252E-02  3.7155416E-02
   20.0000  2.9572762E-02  2.1112600E-02  3.6526840E-02
   21.0000  2.7569958E-02  2.4159297E-02  3.4243154E-02
   22.0000  2.7743015E-02  2.7595870E-02  3.2527466E-02
   23.0000  2.8895497E-02  3.1417845E-02  3.1150300E-02
   24.0000  2.9902392E-02  3.5126937E-02  2.9732952E-02
   25.0000  3.0173160E-02  3.8103041E-02  2.8135601E-02
   26.0000  3.0199943E-02  3.8956505E-02  2.6778452E-02
   27.0000  2.9863641E-02  3.8437962E-02  2.5791851E-02
   28.0000  2.9187249E-02  3.7224653E-02  2.5213392E-02
   29.0000  2.8340250E-02  3.5790906E-02  2.4930504E-02
   30.0000  2.7546394E-02  3.4338313E-02  2.4802112E-02
   31.0000  2.6933516E-02  3.2965976E-02  2.4733055E-02
   32.0000  2.6518300E-02  3.1767222E-02  2.4688183E-02
   33.0000  2.6212800E-02  3.0771878E-02  2.4639022E-02
   34.0000  2.5937267E-02  2.9958243E-02  2.4557093E-02
   35.0000  2.5644008E-02  2.9271229E-02  2.4396816E-02
   36.0000  2.5325804E-02  2.8642841E-02  2.4112815E-02
   37.0000  2.5008521E-02  2.8017214E-02  2.3686813E-02
   38.0000  2.4722154E-02  2.7344630E-02  2.3160969E-02
   39.0000  2.4482616E-02  2.6567498E-02  2.2661699E-02
   40.0000  2.4283741E-02  2.5618653E-02  2.2368765E-02
