  7709.000   27  1  1  1.9222038E-02 -4.7144333E+00 -3.7992846E-01  1  1  7.5663415E+03  8.0000000E+03  0.0000000E+00  1.1792254E+00  1.0000000E+00  0.0000000E+00  = E_edge, Z, n_edge, j_edge, Abs_before_edge, VO_interstitial, E_cut, ninit, ninit1, Epsii, UnitCell_Volume, Surface_ref, f0_forward, natomsym_f, abs_u_iso
    Energy   (100,001)      (010,001)      (001,110)   
  -25.0000  5.5627725E-09  3.2478459E-10  6.5948439E-10
  -24.0000  1.4274646E-08  5.9029056E-10  1.4650480E-09
  -23.0000  4.2439072E-08  1.1164181E-09  3.5816998E-09
  -22.0000  1.6195455E-07  2.2230221E-09  1.0086852E-08
  -21.0000  1.0760745E-06  4.7830697E-09  3.6050898E-08
  -20.0000  3.0217744E-04  1.8881719E-08  2.2345772E-07
  -19.0000  5.8646762E-06  2.9644826E-07  2.4252121E-05
  -18.0000  2.8824356E-06  6.4047271E-08  1.2845411E-06
  -17.0000  3.1336336E-06  1.8169805E-07  5.4081833E-07
  -16.0000  6.2142153E-06  8.5363310E-07  5.0241501E-07
  -15.0000  4.6400768E-04  1.4381777E-05  2.2329404E-06
  -14.0000  2.0874905E-06  2.0061185E-05  1.1622582E-06
  -13.0000  4.9704050E-07  4.3032513E-06  3.3528983E-06
  -12.0000  4.0451624E-06  2.7587912E-06  7.2567638E-05
  -11.0000  2.0535858E-05  3.0955771E-06  1.6001330E-05
  -10.0000  2.0691148E-04  4.1660455E-06  7.7417108E-06
  -9.00000  3.0165040E-03  5.8137193E-04  3.1681740E-04
  -8.00000  1.9780464E-04  2.9663179E-05  6.0480587E-06
  -7.00000  3.3159860E-04  1.0623638E-04  2.6931132E-04
  -6.00000  7.6709258E-04  3.5636789E-05  1.5669267E-04
  -5.00000  1.8759014E-03  1.4778850E-04  6.8650045E-04
  -4.00000  1.0796041E-01  9.0607334E-04  4.3686719E-04
  -3.00000  7.8772036E-04  9.7491938E-02  2.1262718E-03
  -2.00000  4.0028957E-04  2.9261910E-03  3.2124583E-04
  -1.00000  2.6669331E-04  1.4181650E-03  1.6923090E-04
   0.00000  8.6488279E-04  9.9628695E-04  4.9266311E-04
   1.00000  2.9973279E-04  8.6754659E-04  1.8941058E-04
   2.00000  3.1681987E-04  9.5420076E-04  2.3651273E-04
   3.00000  4.4819343E-04  1.2175292E-03  3.8542460E-04
   4.00000  7.0012959E-04  1.8439596E-03  7.1025356E-04
   5.00000  1.1022930E-03  3.0254333E-03  1.5287354E-03
   5.20000  1.1951355E-03  3.3341971E-03  1.8428669E-03
   5.40000  1.2882992E-03  3.6707462E-03  2.2551961E-03
   5.60000  1.3794603E-03  4.0400191E-03  2.8032256E-03
   5.80000  1.4661333E-03  4.4507050E-03  3.5359610E-03
   6.00000  1.5476045E-03  4.9157648E-03  4.5101839E-03
   6.20000  1.6295746E-03  5.4553185E-03  5.7760790E-03
   6.40000  1.7372575E-03  6.0975233E-03  7.3459211E-03
   6.60000  1.9442761E-03  6.8746884E-03  9.1449343E-03
   6.80000  2.3818207E-03  7.8129711E-03  1.0975420E-02
   7.00000  3.0803658E-03  8.9231904E-03  1.2545881E-02
   7.20000  3.8076376E-03  1.0210133E-02  1.3599015E-02
   7.40000  4.3804340E-03  1.1690820E-02  1.4049195E-02
   7.60000  4.8424563E-03  1.3258799E-02  1.3973425E-02
   7.80000  5.2827697E-03  1.4926094E-02  1.3508294E-02
   8.00000  5.7603859E-03  1.6677385E-02  1.2821913E-02
   8.20000  6.3089350E-03  1.8514262E-02  1.2078748E-02
   8.40000  6.9496011E-03  2.0467217E-02  1.1440514E-02
   8.60000  7.6985700E-03  2.2605722E-02  1.1063322E-02
   8.80000  8.5682944E-03  2.5043156E-02  1.1089306E-02
   9.00000  9.5692909E-03  2.7934859E-02  1.1644545E-02
   9.20000  1.0722016E-02  3.1476817E-02  1.2857543E-02
   9.40000  1.2042655E-02  3.5913662E-02  1.4828816E-02
   9.60000  1.3554446E-02  4.1548059E-02  1.7611815E-02
   9.80000  1.5284631E-02  4.8750269E-02  2.1159760E-02
   10.0000  1.7265633E-02  5.7934049E-02  2.5267267E-02
   10.2500  2.0150189E-02  7.2680008E-02  3.0646329E-02
   10.5000  2.3551564E-02  9.0593961E-02  3.5654478E-02
   10.7500  2.7505935E-02  1.0809667E-01  3.9991201E-02
   11.0000  3.1965093E-02  1.1734443E-01  4.3830455E-02
   11.2500  3.6736642E-02  1.1196929E-01  4.7494577E-02
   11.5000  4.1443794E-02  9.5296220E-02  5.1068939E-02
   11.7500  4.5574441E-02  7.6088853E-02  5.4340072E-02
   12.0000  4.8233340E-02  5.9388544E-02  5.7320006E-02
   12.2500  4.9847551E-02  4.7425026E-02  5.8996152E-02
   12.5000  5.0221738E-02  3.8840833E-02  5.9326593E-02
   12.7500  4.9693758E-02  3.2703546E-02  5.8300708E-02
   13.0000  4.8672947E-02  2.8254435E-02  5.6131498E-02
   13.2500  4.7509888E-02  2.4958681E-02  5.3188429E-02
   13.5000  4.6435713E-02  2.2459687E-02  4.9876061E-02
   13.7500  4.5577731E-02  2.0524877E-02  4.6548947E-02
   14.0000  4.4814425E-02  1.9030434E-02  4.2936091E-02
   14.2500  4.4524928E-02  1.7806890E-02  4.0293440E-02
   14.5000  4.4475194E-02  1.6821581E-02  3.8092499E-02
   14.7500  4.4647422E-02  1.6023754E-02  3.6356098E-02
   15.0000  4.5020140E-02  1.5377135E-02  3.5081159E-02
   15.2500  4.5576419E-02  1.4856913E-02  3.4251011E-02
   15.5000  4.6273743E-02  1.4446086E-02  3.3844477E-02
   15.7500  4.7093729E-02  1.4133027E-02  3.3842555E-02
   16.0000  4.8002657E-02  1.3909103E-02  3.4221917E-02
   16.2500  4.8956894E-02  1.3768527E-02  3.4952677E-02
   16.5000  4.9900792E-02  1.3706745E-02  3.5993999E-02
   16.7500  5.0763693E-02  1.3720465E-02  3.7283619E-02
   17.0000  5.1458313E-02  1.3806757E-02  3.8731439E-02
   17.2500  5.1889719E-02  1.3962869E-02  4.0222968E-02
   17.5000  5.1967230E-02  1.4186645E-02  4.1624456E-02
   17.7500  5.1627254E-02  1.4475981E-02  4.2805256E-02
   18.0000  5.0850216E-02  1.4828772E-02  4.3663685E-02
   18.2500  4.9670839E-02  1.5244262E-02  4.4144540E-02
   18.5000  4.8173190E-02  1.5719426E-02  4.4248092E-02
   18.7500  4.6477207E-02  1.6252602E-02  4.4019610E-02
   19.0000  4.4716013E-02  1.6841347E-02  4.3529030E-02
   19.2500  4.3012420E-02  1.7483865E-02  4.2859354E-02
   19.5000  4.1458539E-02  1.8178452E-02  4.2087630E-02
   19.7500  4.0119526E-02  1.8922076E-02  4.1274723E-02
   20.0000  3.9031473E-02  1.9711976E-02  4.0468390E-02
   21.0000  3.7222337E-02  2.3286438E-02  3.7750251E-02
   22.0000  3.8465326E-02  2.7371463E-02  3.5979659E-02
   23.0000  4.0560606E-02  3.2404372E-02  3.4641666E-02
   24.0000  4.1058334E-02  3.6559073E-02  3.3424280E-02
   25.0000  3.8984494E-02  3.9878288E-02  3.2088229E-02
   26.0000  3.4932223E-02  4.1749004E-02  3.0599194E-02
   27.0000  3.0631386E-02  4.1908079E-02  2.8975475E-02
   28.0000  2.7412133E-02  4.0639159E-02  2.7365079E-02
   29.0000  2.5435603E-02  3.8576098E-02  2.6069288E-02
   30.0000  2.4319654E-02  3.6298589E-02  2.5305298E-02
   31.0000  2.3705221E-02  3.4177948E-02  2.5007282E-02
   32.0000  2.3378067E-02  3.2399534E-02  2.4949685E-02
   33.0000  2.3180933E-02  3.0974954E-02  2.4903927E-02
   34.0000  2.2999103E-02  2.9826320E-02  2.4739530E-02
   35.0000  2.2721693E-02  2.8829766E-02  2.4382298E-02
   36.0000  2.2248482E-02  2.7862499E-02  2.3767761E-02
   37.0000  2.1526381E-02  2.6823083E-02  2.2850246E-02
   38.0000  2.0597415E-02  2.5653203E-02  2.1612893E-02
   39.0000  1.9597016E-02  2.4340015E-02  2.0128412E-02
   40.0000  1.8673434E-02  2.2918701E-02  1.8607554E-02
