  7709.000   27  1  1  1.9222038E-02 -4.8314960E+00 -3.7730091E-01  1  1  7.5663370E+03  8.0000000E+03  0.0000000E+00  1.1792254E+00  1.0000000E+00  0.0000000E+00  = E_edge, Z, n_edge, j_edge, Abs_before_edge, VO_interstitial, E_cut, ninit, ninit1, Epsii, UnitCell_Volume, Surface_ref, f0_forward, natomsym_f, abs_u_iso
    Energy   (100,001)      (010,001)      (001,110)   
  -25.0000  6.6327198E-09  3.5003449E-10  9.0241999E-10
  -24.0000  1.7557286E-08  6.3945226E-10  2.0624056E-09
  -23.0000  5.5134992E-08  1.2192136E-09  5.2578034E-09
  -22.0000  2.3737814E-07  2.4647593E-09  1.5869939E-08
  -21.0000  2.6176897E-06  5.5301126E-09  6.5424349E-08
  -20.0000  1.1950530E-03  2.0013398E-08  6.5456794E-07
  -19.0000  4.2121659E-06  1.2142750E-06  9.9090421E-05
  -18.0000  2.4389871E-06  6.6702132E-08  8.9346610E-07
  -17.0000  2.9095491E-06  2.0279700E-07  5.0301835E-07
  -16.0000  6.5544240E-06  9.8863172E-07  5.2798556E-07
  -15.0000  2.6312812E-04  1.9859694E-05  1.0741545E-06
  -14.0000  1.0413834E-06  1.7488644E-05  1.3918205E-06
  -13.0000  7.9003051E-07  4.3215612E-06  4.8322126E-06
  -12.0000  5.5309521E-06  2.8086889E-06  7.1574803E-04
  -11.0000  2.3874986E-05  3.1375505E-06  1.2753015E-05
  -10.0000  2.5497645E-04  5.0548370E-06  9.7819146E-06
  -9.00000  2.1417369E-03  2.5130869E-05  1.0282796E-05
  -8.00000  1.9567084E-04  3.7691616E-05  1.0215762E-05
  -7.00000  4.9909214E-04  9.5431340E-05  4.0184699E-04
  -6.00000  7.6224477E-04  3.7573390E-05  1.6519844E-04
  -5.00000  6.2985691E-04  1.6783303E-04  4.1442955E-04
  -4.00000  3.5491501E-01  1.0185781E-03  2.7496783E-04
  -3.00000  1.6682933E-03  5.8205141E-02  1.8119150E-03
  -2.00000  5.2486084E-04  2.9698132E-03  4.4149647E-04
  -1.00000  2.9349362E-04  1.3719577E-03  1.6168895E-04
   0.00000  5.9343414E-04  1.1118304E-03  2.6208788E-04
   1.00000  4.5770140E-04  8.6990084E-04  3.1893057E-04
   2.00000  3.5003499E-04  9.7008752E-04  2.4719174E-04
   3.00000  4.8130719E-04  1.2873214E-03  3.5363496E-04
   4.00000  7.4740854E-04  2.0765199E-03  5.8287836E-04
   5.00000  1.1664132E-03  3.5311403E-03  1.1603167E-03
   5.20000  1.2615277E-03  3.8967833E-03  1.3858834E-03
   5.40000  1.3561751E-03  4.2889733E-03  1.6858213E-03
   5.60000  1.4476731E-03  4.7126602E-03  2.0921675E-03
   5.80000  1.5326035E-03  5.1772567E-03  2.6508804E-03
   6.00000  1.6077822E-03  5.6991083E-03  3.4234038E-03
   6.20000  1.6742319E-03  6.3060006E-03  4.4808415E-03
   6.40000  1.7510639E-03  7.0401035E-03  5.8805649E-03
   6.60000  1.9090142E-03  7.9538310E-03  7.6095096E-03
   6.80000  2.2930510E-03  9.0885230E-03  9.5062646E-03
   7.00000  2.9910158E-03  1.0441893E-02  1.1241729E-02
   7.20000  3.7966010E-03  1.2015191E-02  1.2453752E-02
   7.40000  4.4398884E-03  1.3642894E-02  1.3006160E-02
   7.60000  4.9211216E-03  1.5281148E-02  1.2954651E-02
   7.80000  5.3475694E-03  1.6895342E-02  1.2491951E-02
   8.00000  5.8009508E-03  1.8486633E-02  1.1796514E-02
   8.20000  6.3303208E-03  2.0080514E-02  1.0950445E-02
   8.40000  6.9695110E-03  2.1749200E-02  1.0065118E-02
   8.60000  7.7487956E-03  2.3627012E-02  9.3374430E-03
   8.80000  8.6978595E-03  2.5881017E-02  8.9072415E-03
   9.00000  9.8458583E-03  2.8692140E-02  8.8472504E-03
   9.20000  1.1202994E-02  3.2243335E-02  9.1925486E-03
   9.40000  1.2713158E-02  3.6760952E-02  9.9541169E-03
   9.60000  1.4197978E-02  4.2521538E-02  1.1123316E-02
   9.80000  1.5412975E-02  4.9864514E-02  1.2667281E-02
   10.0000  1.6287245E-02  5.9155140E-02  1.4517804E-02
   10.2500  1.7231850E-02  7.3912046E-02  1.7117675E-02
   10.5000  1.8481192E-02  9.1715088E-02  1.9880531E-02
   10.7500  1.9837461E-02  1.0939391E-01  2.2746177E-02
   11.0000  2.2229609E-02  1.1988741E-01  2.5775523E-02
   11.2500  2.5153934E-02  1.1661539E-01  2.9108597E-02
   11.5000  2.8492765E-02  1.0128470E-01  3.2848569E-02
   11.7500  3.2019412E-02  8.1856618E-02  3.6906616E-02
   12.0000  3.5104492E-02  6.4532423E-02  4.1090803E-02
   12.2500  3.7995341E-02  5.1161079E-02  4.5872968E-02
   12.5000  4.0165577E-02  4.1358023E-02  5.0343365E-02
   12.7500  4.1515057E-02  3.4310727E-02  5.3980001E-02
   13.0000  4.2127380E-02  2.9239089E-02  5.6268448E-02
   13.2500  4.2205710E-02  2.5545448E-02  5.6908367E-02
   13.5000  4.1986479E-02  2.2803190E-02  5.5946164E-02
   13.7500  4.1488216E-02  2.0752386E-02  5.3526935E-02
   14.0000  4.0899512E-02  1.9157760E-02  5.0245627E-02
   14.2500  4.0810207E-02  1.7845266E-02  4.7115423E-02
   14.5000  4.0882606E-02  1.6786204E-02  4.4104439E-02
   14.7500  4.1139468E-02  1.5922174E-02  4.1443687E-02
   15.0000  4.1586580E-02  1.5213329E-02  3.9249122E-02
   15.2500  4.2224482E-02  1.4633022E-02  3.7563366E-02
   15.5000  4.3026271E-02  1.4161116E-02  3.6385906E-02
   15.7500  4.3978025E-02  1.3786019E-02  3.5701475E-02
   16.0000  4.5050939E-02  1.3499500E-02  3.5486048E-02
   16.2500  4.6206327E-02  1.3295169E-02  3.5715108E-02
   16.5000  4.7393049E-02  1.3169400E-02  3.6357685E-02
   16.7500  4.8547401E-02  1.3118672E-02  3.7373358E-02
   17.0000  4.9591124E-02  1.3140899E-02  3.8704781E-02
   17.2500  5.0434568E-02  1.3234220E-02  4.0267809E-02
   17.5000  5.0982760E-02  1.3397220E-02  4.1946486E-02
   17.7500  5.1152026E-02  1.3628489E-02  4.3598089E-02
   18.0000  5.0884109E-02  1.3925683E-02  4.5066728E-02
   18.2500  5.0161137E-02  1.4285662E-02  4.6210030E-02
   18.5000  4.9018038E-02  1.4706934E-02  4.6931982E-02
   18.7500  4.7537454E-02  1.5186990E-02  4.7198016E-02
   19.0000  4.5832241E-02  1.5723566E-02  4.7034519E-02
   19.2500  4.4029209E-02  1.6315495E-02  4.6518930E-02
   19.5000  4.2248713E-02  1.6961222E-02  4.5753365E-02
   19.7500  4.0586801E-02  1.7659968E-02  4.4837541E-02
   20.0000  3.9112307E-02  1.8410357E-02  4.3857974E-02
   21.0000  3.5620848E-02  2.1919847E-02  4.0338725E-02
   22.0000  3.5714270E-02  2.6179041E-02  3.8186888E-02
   23.0000  3.7982198E-02  3.0980589E-02  3.7008716E-02
   24.0000  4.0578428E-02  3.5800840E-02  3.6055578E-02
   25.0000  4.2105874E-02  3.9780146E-02  3.4901276E-02
   26.0000  4.1224329E-02  4.2272700E-02  3.3223318E-02
   27.0000  3.8223412E-02  4.2387582E-02  3.1503940E-02
   28.0000  3.4222484E-02  4.1066355E-02  2.9718239E-02
   29.0000  3.0748753E-02  3.8977515E-02  2.8195617E-02
   30.0000  2.8391711E-02  3.6686901E-02  2.7231399E-02
   31.0000  2.6988415E-02  3.4549169E-02  2.6841146E-02
   32.0000  2.6216909E-02  3.2735639E-02  2.6808705E-02
   33.0000  2.5806569E-02  3.1276483E-02  2.6885003E-02
   34.0000  2.5563990E-02  3.0101211E-02  2.6908797E-02
   35.0000  2.5350527E-02  2.9099004E-02  2.6800180E-02
   36.0000  2.5054954E-02  2.8149758E-02  2.6505480E-02
   37.0000  2.4581362E-02  2.7146926E-02  2.5970073E-02
   38.0000  2.3865208E-02  2.6022895E-02  2.5133128E-02
   39.0000  2.2905088E-02  2.4750288E-02  2.3955829E-02
   40.0000  2.1773571E-02  2.3349161E-02  2.2460811E-02
