  7709.000   27  1  1  1.9222038E-02 -4.8688854E+00 -3.5736352E-01  1  1  7.5663164E+03  8.0000000E+03  0.0000000E+00  1.1792254E+00  1.0000000E+00  0.0000000E+00  = E_edge, Z, n_edge, j_edge, Abs_before_edge, VO_interstitial, E_cut, ninit, ninit1, Epsii, UnitCell_Volume, Surface_ref, f0_forward, natomsym_f, abs_u_iso
    Energy   (100,001)      (010,001)      (001,110)   
  -25.0000  5.7555467E-09  3.5493619E-10  8.2345066E-10
  -24.0000  1.5034806E-08  6.5374864E-10  1.8607395E-09
  -23.0000  4.6133892E-08  1.2574233E-09  4.6670422E-09
  -22.0000  1.8869477E-07  2.5738885E-09  1.3729206E-08
  -21.0000  1.6365605E-06  6.1451377E-09  5.4513844E-08
  -20.0000  9.2426648E-04  2.9847403E-08  4.3370410E-07
  -19.0000  1.3426329E-03  2.1589513E-03  1.6612758E-01
  -18.0000  2.3398926E-06  7.2947374E-08  9.3240986E-07
  -17.0000  2.6355364E-06  2.3011779E-07  5.0221486E-07
  -16.0000  5.2791318E-06  1.2378157E-06  5.1999194E-07
  -15.0000  1.1330562E-04  4.2461706E-04  2.8512259E-06
  -14.0000  1.5104220E-06  1.7571976E-05  1.2549870E-06
  -13.0000  7.4596766E-07  4.3204609E-06  3.7917991E-06
  -12.0000  4.8293826E-06  3.0612739E-06  1.2111765E-04
  -11.0000  2.2669040E-05  3.3396571E-06  1.4441591E-05
  -10.0000  2.5438715E-04  5.5355716E-06  1.0492170E-05
  -9.00000  1.8479889E-03  3.1586674E-05  3.6582356E-05
  -8.00000  1.9550618E-04  4.8994550E-05  1.7781906E-05
  -7.00000  1.9414310E-03  6.7489937E-05  2.0849037E-04
  -6.00000  7.2719962E-04  4.5218074E-05  1.8448738E-04
  -5.00000  5.3472842E-04  3.5746841E-04  3.9182185E-04
  -4.00000  5.9015435E-01  1.2286129E-03  1.0688830E-03
  -3.00000  1.0790006E-03  1.0000837E-01  4.1000965E-03
  -2.00000  5.7125701E-04  2.9307016E-03  3.6749352E-04
  -1.00000  3.0193162E-04  1.5684515E-03  1.8317647E-04
   0.00000  5.7560610E-04  1.7029351E-03  2.8112527E-04
   1.00000  5.4483605E-04  1.1155019E-03  3.6226334E-04
   2.00000  3.6916219E-04  1.0177994E-03  2.4639711E-04
   3.00000  4.9414905E-04  1.2795859E-03  3.4209961E-04
   4.00000  7.6636257E-04  1.9857085E-03  5.6310443E-04
   5.00000  1.2215717E-03  3.3116557E-03  1.1289565E-03
   5.20000  1.3329608E-03  3.6414738E-03  1.3485731E-03
   5.40000  1.4485367E-03  3.9913517E-03  1.6397381E-03
   5.60000  1.5662407E-03  4.3640655E-03  2.0333619E-03
   5.80000  1.6831102E-03  4.7662759E-03  2.5741983E-03
   6.00000  1.7953488E-03  5.2099071E-03  3.3221183E-03
   6.20000  1.9012833E-03  5.7155635E-03  4.3465765E-03
   6.40000  2.0140624E-03  6.3153348E-03  5.7031161E-03
   6.60000  2.1955311E-03  7.0565856E-03  7.3717586E-03
   6.80000  2.5934041E-03  7.9553586E-03  9.2041533E-03
   7.00000  3.3575265E-03  9.0107063E-03  1.0894523E-02
   7.20000  4.3506339E-03  1.0183459E-02  1.2155245E-02
   7.40000  5.2268985E-03  1.1398015E-02  1.2887023E-02
   7.60000  5.9172004E-03  1.2602908E-02  1.3173538E-02
   7.80000  6.5527537E-03  1.3778516E-02  1.3105363E-02
   8.00000  7.2563639E-03  1.4946823E-02  1.2551442E-02
   8.20000  8.1110073E-03  1.6200400E-02  1.1443397E-02
   8.40000  9.1728065E-03  1.7635890E-02  1.0275954E-02
   8.60000  1.0485862E-02  1.9318197E-02  9.4445827E-03
   8.80000  1.2086111E-02  2.1355701E-02  9.0041731E-03
   9.00000  1.3931769E-02  2.3842137E-02  8.9549489E-03
   9.20000  1.5953623E-02  2.6895404E-02  9.3103051E-03
   9.40000  1.7963366E-02  3.0585359E-02  1.0089607E-02
   9.60000  1.9620544E-02  3.4903892E-02  1.1294600E-02
   9.80000  2.0576444E-02  3.9791794E-02  1.2898753E-02
   10.0000  2.0794647E-02  4.5284269E-02  1.4837467E-02
   10.2500  2.0613702E-02  5.3405724E-02  1.7578803E-02
   10.5000  2.0763261E-02  6.3577569E-02  2.0499995E-02
   10.7500  2.1690976E-02  7.5995619E-02  2.3543547E-02
   11.0000  2.2260792E-02  8.8737313E-02  2.6805314E-02
   11.2500  2.4730863E-02  1.0055599E-01  3.0410018E-02
   11.5000  2.7627600E-02  1.0561876E-01  3.4423647E-02
   11.7500  3.0599687E-02  1.0070434E-01  3.8863562E-02
   12.0000  3.3329314E-02  8.7898357E-02  4.3142818E-02
   12.2500  3.5799917E-02  7.2844223E-02  4.7573149E-02
   12.5000  3.7666724E-02  5.9117476E-02  5.1439583E-02
   12.7500  3.8829334E-02  4.8152844E-02  5.4322409E-02
   13.0000  3.9331440E-02  3.9888420E-02  5.5836348E-02
   13.2500  3.9331523E-02  3.3770434E-02  5.5807329E-02
   13.5000  3.9034156E-02  2.9227461E-02  5.4372018E-02
   13.7500  3.8087442E-02  2.6002897E-02  5.1182239E-02
   14.0000  3.7749277E-02  2.3326833E-02  4.8128860E-02
   14.2500  3.7525835E-02  2.1240302E-02  4.4995219E-02
   14.5000  3.7463878E-02  1.9589636E-02  4.2074296E-02
   14.7500  3.7584759E-02  1.8269027E-02  3.9533704E-02
   15.0000  3.7894953E-02  1.7202847E-02  3.7448073E-02
   15.2500  3.8395862E-02  1.6338566E-02  3.5838027E-02
   15.5000  3.9067134E-02  1.5635901E-02  3.4692599E-02
   15.7500  3.9902454E-02  1.5069041E-02  3.3993113E-02
   16.0000  4.0885154E-02  1.4618716E-02  3.3718143E-02
   16.2500  4.1991795E-02  1.4271194E-02  3.3846648E-02
   16.5000  4.3190782E-02  1.4017233E-02  3.4357313E-02
   16.7500  4.4439346E-02  1.3849087E-02  3.5224591E-02
   17.0000  4.5680301E-02  1.3761466E-02  3.6413651E-02
   17.2500  4.6841308E-02  1.3749128E-02  3.7870402E-02
   17.5000  4.7836740E-02  1.3808109E-02  3.9517227E-02
   17.7500  4.8575990E-02  1.3934660E-02  4.1249016E-02
   18.0000  4.8974251E-02  1.4124596E-02  4.2938073E-02
   18.2500  4.8968726E-02  1.4374881E-02  4.4446743E-02
   18.5000  4.8535496E-02  1.4682568E-02  4.5651375E-02
   18.7500  4.7698801E-02  1.5045397E-02  4.6467132E-02
   19.0000  4.6528667E-02  1.5460579E-02  4.6860822E-02
   19.2500  4.5129591E-02  1.5925940E-02  4.6850797E-02
   19.5000  4.3620522E-02  1.6439653E-02  4.6499540E-02
   19.7500  4.2114571E-02  1.7000014E-02  4.5891749E-02
   20.0000  4.0705245E-02  1.7605443E-02  4.5116984E-02
   21.0000  3.7019318E-02  2.0444629E-02  4.1695729E-02
   22.0000  3.6769034E-02  2.3872850E-02  3.9201140E-02
   23.0000  3.8776283E-02  2.7805268E-02  3.7692705E-02
   24.0000  4.1257058E-02  3.2060286E-02  3.6478489E-02
   25.0000  4.2860267E-02  3.6160759E-02  3.5059742E-02
   26.0000  4.2682771E-02  3.9402724E-02  3.3310667E-02
   27.0000  3.9550175E-02  4.1336688E-02  3.1067098E-02
   28.0000  3.5405268E-02  4.1268442E-02  2.9096399E-02
   29.0000  3.1446030E-02  4.0032241E-02  2.7448297E-02
   30.0000  2.8568398E-02  3.8187185E-02  2.6342497E-02
   31.0000  2.6780483E-02  3.6227147E-02  2.5807672E-02
   32.0000  2.5768704E-02  3.4457674E-02  2.5699358E-02
   33.0000  2.5226181E-02  3.3005614E-02  2.5793743E-02
   34.0000  2.4920881E-02  3.1845241E-02  2.5914839E-02
   35.0000  2.4690348E-02  3.0893283E-02  2.5964120E-02
   36.0000  2.4415415E-02  3.0042168E-02  2.5887091E-02
   37.0000  2.4006843E-02  2.9207734E-02  2.5641740E-02
   38.0000  2.3407053E-02  2.8347289E-02  2.5180358E-02
   39.0000  2.2606770E-02  2.7448299E-02  2.4461094E-02
   40.0000  2.1663186E-02  2.6493230E-02  2.3478684E-02
