  7709.000   27  1  1  1.9222038E-02 -4.5169918E+00 -3.3508584E-01  1  1  7.5664611E+03  8.0000000E+03  0.0000000E+00  1.1792254E+00  1.0000000E+00  0.0000000E+00  = E_edge, Z, n_edge, j_edge, Abs_before_edge, VO_interstitial, E_cut, ninit, ninit1, Epsii, UnitCell_Volume, Surface_ref, f0_forward, natomsym_f, abs_u_iso
    Energy   (100,001)      (010,001)      (001,110)   
  -25.0000  4.8171807E-09  3.2015036E-10  8.9025704E-10
  -24.0000  1.2059736E-08  5.8394694E-10  1.9881045E-09
  -23.0000  3.4504156E-08  1.1086330E-09  4.8866377E-09
  -22.0000  1.2299180E-07  2.2179052E-09  1.3837203E-08
  -21.0000  6.9881566E-07  4.8116502E-09  4.9740456E-08
  -20.0000  1.3699789E-04  1.4301186E-08  3.0436694E-07
  -19.0000  1.3585789E-05  3.9137124E-07  4.1572983E-05
  -18.0000  3.6901725E-06  6.3088324E-08  1.8271486E-06
  -17.0000  3.3684890E-06  1.7064004E-07  7.6185262E-07
  -16.0000  5.6255230E-06  7.6850393E-07  7.0390966E-07
  -15.0000  4.8016387E-05  1.0379724E-05  1.1291073E-06
  -14.0000  7.1502923E-06  2.8637082E-05  1.6620936E-06
  -13.0000  3.8251923E-07  4.8635871E-06  4.4928963E-06
  -12.0000  3.6746351E-06  2.9486341E-06  6.7322766E-05
  -11.0000  1.8218333E-05  4.0546771E-06  3.4462626E-05
  -10.0000  1.5013124E-04  5.3717670E-06  7.2590608E-06
  -9.00000  5.8441513E-03  1.2271473E-04  8.5988383E-05
  -8.00000  6.7643511E-04  2.6251104E-05  2.1552847E-05
  -7.00000  1.8689044E-03  2.3319206E-02  9.6418179E-02
  -6.00000  3.5773756E-03  3.7671591E-05  6.6733617E-04
  -5.00000  1.3667167E-02  2.4813491E-04  2.4869321E-03
  -4.00000  6.0922100E-03  7.0063543E-04  1.9563528E-04
  -3.00000  5.0346055E-04  2.3666834E-01  7.3102069E-03
  -2.00000  3.9352346E-04  3.5350665E-03  5.4254852E-04
  -1.00000  2.7934210E-04  1.4634410E-03  1.8738647E-04
   0.00000  1.7248092E-03  1.2994663E-03  3.7214402E-04
   1.00000  1.0460550E-03  1.0466923E-03  1.0640343E-03
   2.00000  4.8871146E-04  1.0328369E-03  4.2054563E-04
   3.00000  6.8578497E-04  1.4243189E-03  6.7189653E-04
   4.00000  1.0910122E-03  2.3747796E-03  1.4370625E-03
   5.00000  1.7213040E-03  4.1175641E-03  5.1668692E-03
   5.20000  1.8503301E-03  4.6037532E-03  6.7033592E-03
   5.40000  1.9454299E-03  5.1723772E-03  7.7735186E-03
   5.60000  2.0007195E-03  5.8168127E-03  7.7776368E-03
   5.80000  2.0920484E-03  6.5154999E-03  7.0703078E-03
   6.00000  2.3859072E-03  7.2668792E-03  6.3166324E-03
   6.20000  2.8252829E-03  8.0871489E-03  5.7887273E-03
   6.40000  3.2018351E-03  8.9946666E-03  5.4690159E-03
   6.60000  3.4994228E-03  1.0012224E-02  5.2911855E-03
   6.80000  3.7643995E-03  1.1198543E-02  5.2626257E-03
   7.00000  4.0407182E-03  1.2532600E-02  5.3991652E-03
   7.20000  4.3463493E-03  1.4031520E-02  5.6543142E-03
   7.40000  4.6883703E-03  1.5629576E-02  5.9250791E-03
   7.60000  5.0798764E-03  1.7251912E-02  6.1068534E-03
   7.80000  5.5351381E-03  1.8836543E-02  6.1175676E-03
   8.00000  6.0684827E-03  2.0394408E-02  5.9381890E-03
   8.20000  6.6947011E-03  2.2050198E-02  5.6246958E-03
   8.40000  7.4332408E-03  2.4019417E-02  5.2792328E-03
   8.60000  8.3105452E-03  2.6536665E-02  5.0016956E-03
   8.80000  9.3516779E-03  2.9815802E-02  4.8528278E-03
   9.00000  1.0571274E-02  3.4068352E-02  4.8560491E-03
   9.20000  1.1960367E-02  3.9529562E-02  5.0152350E-03
   9.40000  1.3470147E-02  4.6447664E-02  5.3251558E-03
   9.60000  1.4980694E-02  5.5074796E-02  5.7832094E-03
   9.80000  1.6301259E-02  6.5546756E-02  6.3926699E-03
   10.0000  1.7232865E-02  7.7667338E-02  7.1673691E-03
   10.2500  1.7739362E-02  9.3611822E-02  8.4044966E-03
   10.5000  1.7757183E-02  1.0630719E-01  9.9831764E-03
   10.7500  1.7735649E-02  1.1005674E-01  1.1891578E-02
   11.0000  1.7994283E-02  1.0273213E-01  1.4030894E-02
   11.2500  1.8586794E-02  8.8614779E-02  1.6142587E-02
   11.5000  1.9529497E-02  7.3081841E-02  1.8312527E-02
   11.7500  2.0764069E-02  5.9414077E-02  2.0932973E-02
   12.0000  2.2205314E-02  4.8655841E-02  2.3824236E-02
   12.2500  2.3303436E-02  4.0551674E-02  2.7033847E-02
   12.5000  2.5122862E-02  3.4537129E-02  3.0532278E-02
   12.7500  2.7039489E-02  3.0071171E-02  3.4225458E-02
   13.0000  2.9010954E-02  2.6729986E-02  3.7910670E-02
   13.2500  3.0988492E-02  2.4201401E-02  4.1288400E-02
   13.5000  3.2918960E-02  2.2257417E-02  4.4016383E-02
   13.7500  3.4830358E-02  2.0743434E-02  4.5524446E-02
   14.0000  3.6051495E-02  1.9548374E-02  4.6113659E-02
   14.2500  3.7472286E-02  1.8535920E-02  4.5983119E-02
   14.5000  3.8673291E-02  1.7707444E-02  4.5121186E-02
   14.7500  3.9658264E-02  1.7027955E-02  4.3866663E-02
   15.0000  4.0455860E-02  1.6472330E-02  4.2531076E-02
   15.2500  4.1117253E-02  1.6022148E-02  4.1347925E-02
   15.5000  4.1719250E-02  1.5665222E-02  4.0472526E-02
   15.7500  4.2309189E-02  1.5392182E-02  3.9996564E-02
   16.0000  4.2960172E-02  1.5198825E-02  3.9968207E-02
   16.2500  4.3716384E-02  1.5082537E-02  4.0412038E-02
   16.5000  4.4593943E-02  1.5042031E-02  4.1334504E-02
   16.7500  4.5576661E-02  1.5076360E-02  4.2725010E-02
   17.0000  4.6611918E-02  1.5185279E-02  4.4549930E-02
   17.2500  4.7609035E-02  1.5367411E-02  4.6738196E-02
   17.5000  4.8446662E-02  1.5622487E-02  4.9173088E-02
   17.7500  4.8993078E-02  1.5948706E-02  5.1678044E-02
   18.0000  4.9132868E-02  1.6344292E-02  5.4026917E-02
   18.2500  4.8796683E-02  1.6807199E-02  5.5973499E-02
   18.5000  4.7981502E-02  1.7334348E-02  5.7304549E-02
   18.7500  4.6754713E-02  1.7922402E-02  5.7895030E-02
   19.0000  4.5233073E-02  1.8567808E-02  5.7732666E-02
   19.2500  4.3556590E-02  1.9266153E-02  5.6910850E-02
   19.5000  4.1859859E-02  2.0012728E-02  5.5591554E-02
   19.7500  4.0253227E-02  2.0802177E-02  5.3955211E-02
   20.0000  3.8816857E-02  2.1629023E-02  5.2165207E-02
   21.0000  3.5500666E-02  2.5206286E-02  4.5456645E-02
   22.0000  3.6257073E-02  2.9012225E-02  4.0856560E-02
   23.0000  4.0247980E-02  3.2853388E-02  3.7918286E-02
   24.0000  4.5484923E-02  3.6507603E-02  3.5844471E-02
   25.0000  4.9276965E-02  3.9507944E-02  3.4192503E-02
   26.0000  4.9363437E-02  4.1174487E-02  3.2690632E-02
   27.0000  4.5162427E-02  4.1019049E-02  3.1120271E-02
   28.0000  3.8768999E-02  3.9320816E-02  2.9513882E-02
   29.0000  3.2481706E-02  3.6659316E-02  2.8123529E-02
   30.0000  2.8931111E-02  3.4198590E-02  2.7466160E-02
   31.0000  2.6840252E-02  3.2038211E-02  2.7283460E-02
   32.0000  2.5678859E-02  3.0272899E-02  2.7342892E-02
   33.0000  2.5075165E-02  2.8878273E-02  2.7454183E-02
   34.0000  2.4801845E-02  2.7768865E-02  2.7519030E-02
   35.0000  2.4698946E-02  2.6835223E-02  2.7494989E-02
   36.0000  2.4641020E-02  2.5971881E-02  2.7356749E-02
   37.0000  2.4531465E-02  2.5087730E-02  2.7075718E-02
   38.0000  2.4315102E-02  2.4115835E-02  2.6613436E-02
   39.0000  2.3978315E-02  2.3023332E-02  2.5941535E-02
   40.0000  2.3496221E-02  2.1829398E-02  2.5043073E-02
