  7709.000   27  1  1  1.9222038E-02 -4.8022776E+00 -2.6631909E-01  1  1  7.5663951E+03  8.0000000E+03  0.0000000E+00  1.1792254E+00  1.0000000E+00  0.0000000E+00  = E_edge, Z, n_edge, j_edge, Abs_before_edge, VO_interstitial, E_cut, ninit, ninit1, Epsii, UnitCell_Volume, Surface_ref, f0_forward, natomsym_f, abs_u_iso
    Energy   (100,001)      (010,001)      (001,110)   
  -25.0000  6.3933593E-09  3.2308009E-10  9.2658130E-10
  -24.0000  1.6796849E-08  5.9499443E-10  2.1287275E-09
  -23.0000  5.2085390E-08  1.1444892E-09  5.4829662E-09
  -22.0000  2.1843898E-07  2.3483848E-09  1.7075916E-08
  -21.0000  2.1414690E-06  5.8750278E-09  9.0897163E-08
  -20.0000  4.9965576E-02  4.3025662E-07  1.0051430E-05
  -19.0000  1.2038618E-05  5.1070867E-06  4.9216614E-04
  -18.0000  2.4620122E-06  6.2918806E-08  9.5419794E-07
  -17.0000  2.8164863E-06  1.9282684E-07  5.8434389E-07
  -16.0000  5.7964276E-06  9.3914867E-07  8.6522876E-07
  -15.0000  1.9008543E-04  1.8463784E-05  5.0219268E-05
  -14.0000  1.1592240E-06  1.7392222E-05  2.8478876E-06
  -13.0000  9.8252357E-07  4.1938937E-06  6.5433480E-06
  -12.0000  6.5261716E-06  3.9945203E-06  1.0828584E-03
  -11.0000  3.0796339E-05  3.3533988E-06  1.2949681E-05
  -10.0000  9.3581381E-04  8.4456905E-06  8.6911318E-06
  -9.00000  1.8022086E-03  4.4158306E-05  2.3892515E-05
  -8.00000  2.0202981E-04  4.0221284E-05  1.8901360E-05
  -7.00000  3.7282836E-04  3.6845300E-04  4.0673509E-03
  -6.00000  8.0433887E-04  4.5161615E-05  1.8305717E-04
  -5.00000  3.7318927E-04  2.0382472E-04  7.6233135E-04
  -4.00000  1.9866359E-02  6.9788721E-04  8.1284427E-04
  -3.00000  1.1950910E-03  2.1391189E-02  1.6634149E-03
  -2.00000  5.5757711E-04  3.1127304E-03  6.6260811E-04
  -1.00000  3.1200060E-04  1.3328193E-03  1.9788731E-04
   0.00000  3.9109412E-03  1.3838321E-03  3.1551685E-03
   1.00000  1.0373979E-03  9.6422471E-04  9.3183366E-04
   2.00000  4.6128547E-04  9.4827467E-04  3.3817077E-04
   3.00000  6.1047286E-04  1.2895848E-03  4.1627087E-04
   4.00000  9.7857183E-04  2.1119001E-03  6.4152835E-04
   5.00000  1.6474080E-03  3.6032656E-03  1.2146647E-03
   5.20000  1.8263466E-03  3.9871039E-03  1.4346553E-03
   5.40000  2.0236620E-03  4.4070682E-03  1.7236424E-03
   5.60000  2.2411862E-03  4.8721933E-03  2.1097739E-03
   5.80000  2.4777881E-03  5.3971211E-03  2.6335818E-03
   6.00000  2.7234793E-03  6.0039646E-03  3.3511586E-03
   6.20000  2.9548636E-03  6.7269893E-03  4.3401922E-03
   6.40000  3.1652312E-03  7.6182316E-03  5.7046475E-03
   6.60000  3.4334416E-03  8.7365224E-03  7.5656459E-03
   6.80000  3.9676259E-03  1.0140926E-02  9.9554993E-03
   7.00000  4.8658040E-03  1.1830612E-02  1.2613578E-02
   7.20000  5.8746571E-03  1.3713371E-02  1.4859502E-02
   7.40000  6.7798495E-03  1.5561242E-02  1.5979148E-02
   7.60000  7.6505060E-03  1.7221078E-02  1.5846817E-02
   7.80000  8.6326371E-03  1.8717304E-02  1.4884886E-02
   8.00000  9.8425925E-03  2.0202044E-02  1.3621389E-02
   8.20000  1.1353251E-02  2.1865918E-02  1.2444665E-02
   8.40000  1.3243650E-02  2.3852457E-02  1.1640250E-02
   8.60000  1.5634366E-02  2.6327093E-02  1.1416607E-02
   8.80000  1.8525737E-02  2.9545258E-02  1.1865487E-02
   9.00000  2.1611084E-02  3.3788214E-02  1.2939172E-02
   9.20000  2.4121355E-02  3.9360203E-02  1.4325260E-02
   9.40000  2.5191849E-02  4.6686326E-02  1.5486570E-02
   9.60000  2.4799202E-02  5.6363121E-02  1.6126823E-02
   9.80000  2.3848221E-02  6.9093980E-02  1.6481873E-02
   10.0000  2.3193028E-02  8.5327062E-02  1.6959425E-02
   10.2500  2.3251073E-02  1.0932682E-01  1.8058922E-02
   10.5000  2.4221300E-02  1.3045249E-01  1.9747373E-02
   10.7500  2.5879218E-02  1.3588584E-01  2.1873188E-02
   11.0000  2.8022903E-02  1.2115502E-01  2.4293375E-02
   11.2500  3.0461479E-02  9.6982681E-02  2.6965741E-02
   11.5000  3.2961776E-02  7.4491904E-02  2.9862236E-02
   11.7500  3.5173508E-02  5.7436213E-02  3.3062995E-02
   12.0000  3.6792179E-02  4.5290967E-02  3.6143281E-02
   12.2500  3.7866390E-02  3.6810675E-02  3.9255919E-02
   12.5000  3.8269363E-02  3.0801565E-02  4.2199730E-02
   12.7500  3.8139124E-02  2.6472709E-02  4.4855604E-02
   13.0000  3.7682684E-02  2.3296011E-02  4.7046783E-02
   13.2500  3.6920142E-02  2.0975845E-02  4.8275798E-02
   13.5000  3.5929797E-02  1.9196423E-02  4.8665673E-02
   13.7500  3.5541012E-02  1.7789336E-02  4.8321051E-02
   14.0000  3.5283769E-02  1.6705203E-02  4.7283683E-02
   14.2500  3.5157988E-02  1.5837334E-02  4.5485500E-02
   14.5000  3.5204633E-02  1.5150273E-02  4.3456502E-02
   14.7500  3.5425742E-02  1.4606399E-02  4.1464853E-02
   15.0000  3.5820434E-02  1.4179372E-02  3.9700296E-02
   15.2500  3.6390863E-02  1.3851705E-02  3.8282236E-02
   15.5000  3.7118797E-02  1.3610516E-02  3.7269053E-02
   15.7500  3.7996367E-02  1.3449098E-02  3.6687365E-02
   16.0000  3.9002309E-02  1.3362733E-02  3.6539374E-02
   16.2500  4.0105917E-02  1.3349110E-02  3.6811253E-02
   16.5000  4.1263320E-02  1.3407479E-02  3.7472005E-02
   16.7500  4.2418336E-02  1.3537842E-02  3.8468153E-02
   17.0000  4.3501003E-02  1.3740222E-02  3.9716931E-02
   17.2500  4.4432558E-02  1.4014669E-02  4.1104201E-02
   17.5000  4.5132729E-02  1.4360704E-02  4.2491183E-02
   17.7500  4.5531583E-02  1.4778143E-02  4.3731386E-02
   18.0000  4.5582013E-02  1.5266526E-02  4.4700534E-02
   18.2500  4.5267092E-02  1.5824560E-02  4.5319850E-02
   18.5000  4.4602571E-02  1.6449035E-02  4.5569358E-02
   18.7500  4.3635250E-02  1.7137264E-02  4.5479082E-02
   19.0000  4.2437889E-02  1.7884585E-02  4.5110897E-02
   19.2500  4.1096631E-02  1.8686975E-02  4.4542379E-02
   19.5000  3.9701304E-02  1.9539004E-02  4.3844502E-02
   19.7500  3.8334082E-02  2.0435023E-02  4.3077894E-02
   20.0000  3.7061688E-02  2.1368672E-02  4.2287631E-02
   21.0000  3.3633982E-02  2.5344515E-02  3.9358195E-02
   22.0000  3.2988333E-02  2.9413363E-02  3.7065971E-02
   23.0000  3.4076502E-02  3.3290713E-02  3.5215997E-02
   24.0000  3.5685688E-02  3.6755378E-02  3.3547371E-02
   25.0000  3.6985188E-02  3.9367747E-02  3.1971548E-02
   26.0000  3.7241640E-02  4.0576521E-02  3.0417862E-02
   27.0000  3.5985324E-02  4.0243416E-02  2.8869365E-02
   28.0000  3.3627083E-02  3.8776118E-02  2.7525310E-02
   29.0000  3.1158712E-02  3.6769996E-02  2.6674820E-02
   30.0000  2.9238447E-02  3.4677644E-02  2.6422471E-02
   31.0000  2.8003499E-02  3.2762251E-02  2.6633484E-02
   32.0000  2.7419222E-02  3.1010596E-02  2.7095665E-02
   33.0000  2.7050674E-02  2.9689429E-02  2.7432735E-02
   34.0000  2.6790008E-02  2.8563368E-02  2.7589126E-02
   35.0000  2.6517257E-02  2.7522535E-02  2.7554318E-02
   36.0000  2.6157545E-02  2.6459011E-02  2.7334517E-02
   37.0000  2.5697143E-02  2.5300904E-02  2.6932002E-02
   38.0000  2.5183212E-02  2.4017752E-02  2.6358229E-02
   39.0000  2.4691334E-02  2.2633517E-02  2.5683777E-02
   40.0000  2.4247942E-02  2.1224114E-02  2.5020144E-02
