  7709.000   27  1  1  1.9222038E-02 -5.0021184E+00 -3.9553518E-01  1  1  7.5663801E+03  8.0000000E+03  0.0000000E+00  1.1792254E+00  1.0000000E+00  0.0000000E+00  = E_edge, Z, n_edge, j_edge, Abs_before_edge, VO_interstitial, E_cut, ninit, ninit1, Epsii, UnitCell_Volume, Surface_ref, f0_forward, natomsym_f, abs_u_iso
    Energy   (100,001)      (010,001)      (001,110)   
  -25.0000  7.9101698E-09  3.3642393E-10  8.4252881E-10
  -24.0000  2.1417628E-08  6.1928967E-10  1.9276451E-09
  -23.0000  6.9605205E-08  1.1925559E-09  4.9216786E-09
  -22.0000  3.1835434E-07  2.4713909E-09  1.4907600E-08
  -21.0000  3.8733295E-06  7.2282255E-09  6.3887500E-08
  -20.0000  2.2006207E-05  1.8203730E-08  5.4651938E-07
  -19.0000  3.3225666E-06  9.4021914E-08  1.3696257E-05
  -18.0000  2.4375694E-06  6.6966713E-08  7.7385659E-07
  -17.0000  3.2619396E-06  2.2058106E-07  4.7446564E-07
  -16.0000  8.6352070E-06  1.1738432E-06  5.4118930E-07
  -15.0000  1.1704731E-03  7.3889987E-05  1.5912827E-06
  -14.0000  7.9385794E-07  1.4327544E-05  1.4542075E-06
  -13.0000  6.7576775E-07  3.8135122E-06  5.7317103E-06
  -12.0000  1.2233206E-05  8.6583095E-05  2.2551768E-02
  -11.0000  2.4248913E-05  3.3805997E-06  9.6434556E-06
  -10.0000  2.9934263E-04  8.5316975E-06  2.0095292E-05
  -9.00000  1.6312389E-03  1.9517489E-05  6.3012029E-06
  -8.00000  1.7065599E-04  8.4561702E-04  5.1043864E-04
  -7.00000  9.9915987E-04  3.2984374E-05  2.7681678E-04
  -6.00000  1.0303893E-03  4.6898662E-05  1.2464364E-04
  -5.00000  8.1653773E-04  2.4128801E-04  3.7032094E-04
  -4.00000  5.3537270E-01  1.3107159E-03  4.2330882E-03
  -3.00000  1.2677164E-03  6.6458239E-02  1.8743525E-02
  -2.00000  3.9792717E-04  2.7181840E-03  4.1238448E-04
  -1.00000  2.6285548E-04  1.4002193E-03  1.7583522E-04
   0.00000  7.2253487E-04  5.5310500E-03  5.5193739E-04
   1.00000  2.8091858E-04  9.1771050E-04  1.9960751E-04
   2.00000  2.8880295E-04  9.8561895E-04  2.4882351E-04
   3.00000  4.0539959E-04  1.3047578E-03  4.1853744E-04
   4.00000  6.2037546E-04  2.0456508E-03  8.1664449E-04
   5.00000  8.9733377E-04  3.3115170E-03  1.9022748E-03
   5.20000  9.4360649E-04  3.6308893E-03  2.3337990E-03
   5.40000  9.8473803E-04  3.9775982E-03  2.8977570E-03
   5.60000  1.0314064E-03  4.3581632E-03  3.6272560E-03
   5.80000  1.1180419E-03  4.7931326E-03  4.5407030E-03
   6.00000  1.3144514E-03  5.2950540E-03  5.6189033E-03
   6.20000  1.6945701E-03  5.9074605E-03  6.7751389E-03
   6.40000  2.2329939E-03  6.6783494E-03  7.8647017E-03
   6.60000  2.7917754E-03  7.6539356E-03  8.7443482E-03
   6.80000  3.2702426E-03  8.8721998E-03  9.3457353E-03
   7.00000  3.6681891E-03  1.0373093E-02  9.6867737E-03
   7.20000  4.0302305E-03  1.2222402E-02  9.8478555E-03
   7.40000  4.3924468E-03  1.4501490E-02  9.9280685E-03
   7.60000  4.7841574E-03  1.7333297E-02  9.9775800E-03
   7.80000  5.2270783E-03  2.0816483E-02  1.0029770E-02
   8.00000  5.7401318E-03  2.5084413E-02  1.0086502E-02
   8.20000  6.3425048E-03  3.0178102E-02  1.0165822E-02
   8.40000  7.0532711E-03  3.5763900E-02  1.0326322E-02
   8.60000  7.8878192E-03  4.0630679E-02  1.0695346E-02
   8.80000  8.8494381E-03  4.3148964E-02  1.1451745E-02
   9.00000  9.9302106E-03  4.5500814E-02  1.2762580E-02
   9.20000  1.1126950E-02  4.9283109E-02  1.4795839E-02
   9.40000  1.2465372E-02  5.4885739E-02  1.7720823E-02
   9.60000  1.3985562E-02  6.2475759E-02  2.1654030E-02
   9.80000  1.5729826E-02  7.2238748E-02  2.6606363E-02
   10.0000  1.7741497E-02  8.4094412E-02  3.2441409E-02
   10.2500  2.0699501E-02  1.0042280E-01  4.0563556E-02
   10.5000  2.4221298E-02  1.1380598E-01  4.9006594E-02
   10.7500  2.8344289E-02  1.1696425E-01  5.7113034E-02
   11.0000  3.3015610E-02  1.0662039E-01  6.4158633E-02
   11.2500  3.8031163E-02  8.8064450E-02  6.9390572E-02
   11.5000  4.2800302E-02  6.8912378E-02  7.2425840E-02
   11.7500  4.6712666E-02  5.3666532E-02  7.3306483E-02
   12.0000  4.9665353E-02  4.2413748E-02  7.1554777E-02
   12.2500  5.1194235E-02  3.4360750E-02  6.7954358E-02
   12.5000  5.1381927E-02  2.8635174E-02  6.3191644E-02
   12.7500  5.0578895E-02  2.4529987E-02  5.7912927E-02
   13.0000  4.9222535E-02  2.1539126E-02  5.2643395E-02
   13.2500  4.7695387E-02  1.9318715E-02  4.7744119E-02
   13.5000  4.5992041E-02  1.7544486E-02  4.2597610E-02
   13.7500  4.4774092E-02  1.6216605E-02  3.8711036E-02
   14.0000  4.3944091E-02  1.5219339E-02  3.5872827E-02
   14.2500  4.3444578E-02  1.4434081E-02  3.3605165E-02
   14.5000  4.3278595E-02  1.3812088E-02  3.1858583E-02
   14.7500  4.3433879E-02  1.3319527E-02  3.0583769E-02
   15.0000  4.3898222E-02  1.2933646E-02  2.9740597E-02
   15.2500  4.4635542E-02  1.2637935E-02  2.9292435E-02
   15.5000  4.5622818E-02  1.2422289E-02  2.9212680E-02
   15.7500  4.6820805E-02  1.2280392E-02  2.9478150E-02
   16.0000  4.8177845E-02  1.2208795E-02  3.0063160E-02
   16.2500  4.9621811E-02  1.2205870E-02  3.0932549E-02
   16.5000  5.1059915E-02  1.2271230E-02  3.2032092E-02
   16.7500  5.2376305E-02  1.2405983E-02  3.3285071E-02
   17.0000  5.3437050E-02  1.2611447E-02  3.4591130E-02
   17.2500  5.4105193E-02  1.2887989E-02  3.5834388E-02
   17.5000  5.4264148E-02  1.3236649E-02  3.6902503E-02
   17.7500  5.3842971E-02  1.3656974E-02  3.7707778E-02
   18.0000  5.2839343E-02  1.4147503E-02  3.8204107E-02
   18.2500  5.1330559E-02  1.4706892E-02  3.8392009E-02
   18.5000  4.9460607E-02  1.5333005E-02  3.8310735E-02
   18.7500  4.7405782E-02  1.6024746E-02  3.8021605E-02
   19.0000  4.5346029E-02  1.6779491E-02  3.7592806E-02
   19.2500  4.3429260E-02  1.7594374E-02  3.7088415E-02
   19.5000  4.1756681E-02  1.8467024E-02  3.6559889E-02
   19.7500  4.0383961E-02  1.9394036E-02  3.6047136E-02
   20.0000  3.9327008E-02  2.0371398E-02  3.5574916E-02
   21.0000  3.7778722E-02  2.4684609E-02  3.4291997E-02
   22.0000  3.8484115E-02  2.9352431E-02  3.3841946E-02
   23.0000  3.8725917E-02  3.4475601E-02  3.3594501E-02
   24.0000  3.7309129E-02  3.8204354E-02  3.3038380E-02
   25.0000  3.4136356E-02  4.0542094E-02  3.2033624E-02
   26.0000  3.0371569E-02  4.1237085E-02  3.0659520E-02
   27.0000  2.7414025E-02  4.0463423E-02  2.9153506E-02
   28.0000  2.5789360E-02  3.8721621E-02  2.7844641E-02
   29.0000  2.5150073E-02  3.6559672E-02  2.7064912E-02
   30.0000  2.4960861E-02  3.4397603E-02  2.6895135E-02
   31.0000  2.4891015E-02  3.2476387E-02  2.7092432E-02
   32.0000  2.4804525E-02  3.0901325E-02  2.7320053E-02
   33.0000  2.4630450E-02  2.9657597E-02  2.7344437E-02
   34.0000  2.4292237E-02  2.8637227E-02  2.7067505E-02
   35.0000  2.3713333E-02  2.7737063E-02  2.6463608E-02
   36.0000  2.2840247E-02  2.6864546E-02  2.5504924E-02
   37.0000  2.1707885E-02  2.5949564E-02  2.4167517E-02
   38.0000  2.0468464E-02  2.4915744E-02  2.2468501E-02
   39.0000  1.9302474E-02  2.3712588E-02  2.0531654E-02
   40.0000  1.8330690E-02  2.2384873E-02  1.8659402E-02
