  7709.000   27  1  1  1.9222038E-02 -4.4725778E+00 -3.8996322E-01  1  1  7.5664197E+03  8.0000000E+03  0.0000000E+00  1.1792254E+00  1.0000000E+00  0.0000000E+00  = E_edge, Z, n_edge, j_edge, Abs_before_edge, VO_interstitial, E_cut, ninit, ninit1, Epsii, UnitCell_Volume, Surface_ref, f0_forward, natomsym_f, abs_u_iso
    Energy   (100,001)      (010,001)      (001,110)   
  -25.0000  5.7813271E-09  3.7654747E-10  9.2267535E-10
  -24.0000  1.4595538E-08  6.9192600E-10  2.0648243E-09
  -23.0000  4.1994067E-08  1.3277077E-09  5.0768170E-09
  -22.0000  1.4898433E-07  2.6994382E-09  1.4315561E-08
  -21.0000  8.0369313E-07  6.0151003E-09  5.0580340E-08
  -20.0000  4.2333715E-05  1.7916532E-08  2.9558666E-07
  -19.0000  2.3531067E-05  2.5166212E-07  1.3971320E-05
  -18.0000  6.2747472E-06  9.8864314E-08  3.0421883E-06
  -17.0000  6.1087860E-06  2.2020172E-07  1.1004854E-06
  -16.0000  1.1973840E-05  1.0626660E-06  1.0228395E-06
  -15.0000  2.6579165E-04  2.1875387E-05  1.8455240E-06
  -14.0000  1.1743056E-05  1.8917324E-05  2.6328772E-06
  -13.0000  7.4520529E-07  4.8631124E-06  1.0023435E-05
  -12.0000  5.1278858E-06  4.0899433E-06  1.2427239E-03
  -11.0000  2.5903047E-05  3.7169655E-06  2.6224908E-05
  -10.0000  4.6327498E-04  7.0789765E-06  9.7985940E-06
  -9.00000  1.7618064E-02  3.0129382E-04  1.6954932E-04
  -8.00000  4.6750867E-04  3.4361968E-05  4.8222946E-05
  -7.00000  4.2012908E-04  2.6610496E-04  3.1539946E-03
  -6.00000  7.2778532E-03  9.3594465E-05  8.9893388E-04
  -5.00000  2.3571153E-02  2.0705284E-02  3.3626001E-01
  -4.00000  8.4029335E-04  8.8961818E-04  2.1205090E-04
  -3.00000  6.8312328E-04  3.9249673E-01  1.3811297E-02
  -2.00000  3.9073019E-04  4.5084158E-03  1.1568846E-03
  -1.00000  2.8003789E-04  1.4940383E-03  2.0985572E-04
   0.00000  1.6726422E-03  1.2594465E-03  4.0272614E-04
   1.00000  1.9994436E-03  1.1464138E-03  4.0998305E-03
   2.00000  5.4214794E-04  1.0970815E-03  6.0801795E-04
   3.00000  7.1872592E-04  1.5466760E-03  8.8012518E-04
   4.00000  1.1615559E-03  2.6658972E-03  1.9889456E-03
   5.00000  1.7801401E-03  4.5979799E-03  9.1621767E-03
   5.20000  1.7030353E-03  5.1085915E-03  1.1949873E-02
   5.40000  1.6813649E-03  5.6471670E-03  1.2760460E-02
   5.60000  1.8555140E-03  6.1735963E-03  1.1266964E-02
   5.80000  2.1128525E-03  6.6944061E-03  9.2748953E-03
   6.00000  2.3370445E-03  7.2385011E-03  7.7900699E-03
   6.20000  2.5271733E-03  7.8273122E-03  6.8472362E-03
   6.40000  2.6998406E-03  8.4773977E-03  6.2179898E-03
   6.60000  2.8659816E-03  9.2017846E-03  5.7748672E-03
   6.80000  3.0400801E-03  1.0011971E-02  5.5434493E-03
   7.00000  3.2376594E-03  1.0922765E-02  5.5011169E-03
   7.20000  3.4603673E-03  1.1956216E-02  5.5372828E-03
   7.40000  3.7085939E-03  1.3059822E-02  5.5409951E-03
   7.60000  3.9903618E-03  1.4263542E-02  5.4343342E-03
   7.80000  4.3111111E-03  1.5587868E-02  5.1785697E-03
   8.00000  4.6764066E-03  1.7079045E-02  4.8000988E-03
   8.20000  5.0959847E-03  1.8808598E-02  4.3786699E-03
   8.40000  5.5855678E-03  2.0861915E-02  4.0039861E-03
   8.60000  6.1625047E-03  2.3326326E-02  3.7374866E-03
   8.80000  6.8434989E-03  2.6294944E-02  3.6064222E-03
   9.00000  7.6455721E-03  2.9877399E-02  3.6171898E-03
   9.20000  8.5860209E-03  3.4211367E-02  3.7688085E-03
   9.40000  9.6773380E-03  3.9456162E-02  4.0594097E-03
   9.60000  1.0925258E-02  4.5810419E-02  4.4902334E-03
   9.80000  1.2316633E-02  5.3469829E-02  5.0669375E-03
   10.0000  1.3803719E-02  6.2550643E-02  5.7992459E-03
   10.2500  1.5651958E-02  7.5667071E-02  6.9472865E-03
   10.5000  1.7243545E-02  8.9334535E-02  8.3496606E-03
   10.7500  1.8347709E-02  1.0021376E-01  9.9456696E-03
   11.0000  1.8926431E-02  1.0406551E-01  1.1607024E-02
   11.2500  1.9173867E-02  9.9057490E-02  1.3215586E-02
   11.5000  1.9373077E-02  8.7677146E-02  1.4769704E-02
   11.7500  1.9685887E-02  7.4213242E-02  1.6002767E-02
   12.0000  2.0220078E-02  6.1774697E-02  1.7801093E-02
   12.2500  2.0951237E-02  5.1512743E-02  1.9853583E-02
   12.5000  2.1876635E-02  4.3487404E-02  2.2194257E-02
   12.7500  2.3011576E-02  3.7346458E-02  2.4810357E-02
   13.0000  2.4347705E-02  3.2671652E-02  2.7638550E-02
   13.2500  2.5842658E-02  2.9099330E-02  3.0557262E-02
   13.5000  2.7422015E-02  2.6344316E-02  3.3386453E-02
   13.7500  2.8848083E-02  2.4276344E-02  3.6148162E-02
   14.0000  2.9338511E-02  2.2600491E-02  3.8351398E-02
   14.2500  3.0658400E-02  2.1235309E-02  3.9862205E-02
   14.5000  3.1830097E-02  2.0059506E-02  4.0478316E-02
   14.7500  3.2793769E-02  1.9064391E-02  4.0492851E-02
   15.0000  3.3584960E-02  1.8216415E-02  4.0104621E-02
   15.2500  3.4264944E-02  1.7494964E-02  3.9532025E-02
   15.5000  3.4917191E-02  1.6887534E-02  3.8969769E-02
   15.7500  3.5601476E-02  1.6384698E-02  3.8567086E-02
   16.0000  3.6389549E-02  1.5980398E-02  3.8427124E-02
   16.2500  3.7328088E-02  1.5668540E-02  3.8615032E-02
   16.5000  3.8443194E-02  1.5444613E-02  3.9174591E-02
   16.7500  3.9739691E-02  1.5303550E-02  4.0126768E-02
   17.0000  4.1197144E-02  1.5241022E-02  4.1473067E-02
   17.2500  4.2769018E-02  1.5253352E-02  4.3192392E-02
   17.5000  4.4383445E-02  1.5337844E-02  4.5230366E-02
   17.7500  4.5944674E-02  1.5491555E-02  4.7489809E-02
   18.0000  4.7342177E-02  1.5711604E-02  4.9823737E-02
   18.2500  4.8465662E-02  1.5994924E-02  5.2037611E-02
   18.5000  4.9225501E-02  1.6338810E-02  5.3913732E-02
   18.7500  4.9572256E-02  1.6740899E-02  5.5254447E-02
   19.0000  4.9507660E-02  1.7199512E-02  5.5926217E-02
   19.2500  4.9085808E-02  1.7712247E-02  5.5893331E-02
   19.5000  4.8398746E-02  1.8277330E-02  5.5223205E-02
   19.7500  4.7556446E-02  1.8893897E-02  5.4053285E-02
   20.0000  4.6663483E-02  1.9560354E-02  5.2549982E-02
   21.0000  4.4075601E-02  2.2698819E-02  4.5928632E-02
   22.0000  4.4391695E-02  2.6518237E-02  4.1151488E-02
   23.0000  4.6788664E-02  3.0837646E-02  3.8330890E-02
   24.0000  4.9030172E-02  3.5191652E-02  3.6558855E-02
   25.0000  4.9452750E-02  3.8804121E-02  3.5294344E-02
   26.0000  4.7196161E-02  4.0928883E-02  3.4277672E-02
   27.0000  4.2339895E-02  4.1315855E-02  3.3242311E-02
   28.0000  3.6347405E-02  4.0300272E-02  3.1982221E-02
   29.0000  3.1134202E-02  3.8518177E-02  3.0615589E-02
   30.0000  2.7588544E-02  3.6516951E-02  2.9486370E-02
   31.0000  2.5538286E-02  3.4634295E-02  2.8823439E-02
   32.0000  2.4504465E-02  3.3017216E-02  2.8600225E-02
   33.0000  2.4222579E-02  3.1536566E-02  2.8648841E-02
   34.0000  2.4284380E-02  3.0469522E-02  2.8780319E-02
   35.0000  2.4633818E-02  2.9543430E-02  2.8903518E-02
   36.0000  2.5199030E-02  2.8656273E-02  2.8986341E-02
   37.0000  2.5909389E-02  2.7712182E-02  2.9005658E-02
   38.0000  2.6687568E-02  2.6645957E-02  2.8944403E-02
   39.0000  2.7420829E-02  2.5427914E-02  2.8769327E-02
   40.0000  2.7910327E-02  2.4066062E-02  2.8449713E-02
