  7709.000   27  1  1  1.9222038E-02 -5.1028491E+00 -4.0256202E-01  1  1  7.5663144E+03  8.0000000E+03  0.0000000E+00  1.1792254E+00  1.0000000E+00  0.0000000E+00  = E_edge, Z, n_edge, j_edge, Abs_before_edge, VO_interstitial, E_cut, ninit, ninit1, Epsii, UnitCell_Volume, Surface_ref, f0_forward, natomsym_f, abs_u_iso
    Energy   (100,001)      (010,001)      (001,110)   
  -25.0000  9.2253736E-09  3.3788903E-10  8.4801993E-10
  -24.0000  2.6741191E-08  6.2454250E-10  2.0137880E-09
  -23.0000  9.9209696E-08  1.2125181E-09  5.4870434E-09
  -22.0000  6.4137637E-07  2.5871441E-09  1.9172940E-08
  -21.0000  4.8619664E-03  7.1122598E-06  1.5675282E-04
  -20.0000  2.9344230E-06  5.8494604E-08  4.7178120E-06
  -19.0000  1.4013148E-06  3.0533646E-08  7.8006700E-07
  -18.0000  1.3260268E-06  6.7854913E-08  2.6921452E-07
  -17.0000  1.9486181E-06  2.2801077E-07  2.1639000E-07
  -16.0000  5.6957019E-06  1.2517217E-06  2.6028051E-07
  -15.0000  4.4409783E-05  1.3516064E-04  1.5267240E-06
  -14.0000  1.5267214E-07  1.2978081E-05  7.3322979E-07
  -13.0000  1.2088795E-06  3.6597798E-06  2.3734150E-06
  -12.0000  6.0255528E-06  2.3895937E-06  1.7471303E-04
  -11.0000  2.6461581E-05  2.6944443E-06  9.1715906E-06
  -10.0000  4.4250780E-04  1.7616081E-03  4.0460032E-03
  -9.00000  7.3313557E-04  1.4383551E-05  1.9065803E-06
  -8.00000  4.7439192E-05  2.2677019E-04  6.7598355E-06
  -7.00000  3.1925141E-04  3.3535780E-05  5.8389320E-05
  -6.00000  4.1878603E-04  4.9092697E-05  2.0758309E-04
  -5.00000  1.4617291E-04  2.6101530E-04  1.2121335E-04
  -4.00000  1.5735653E-03  2.2798680E-02  9.6928725E-02
  -3.00000  8.6554968E-03  2.4443705E-02  1.3151148E-03
  -2.00000  9.4591450E-04  2.4287254E-03  2.9896975E-04
  -1.00000  4.3926727E-04  1.4166764E-03  1.9320943E-04
   0.00000  2.0390325E-03  4.5137986E-03  1.2183561E-03
   1.00000  2.9880317E-04  9.0819406E-04  1.6874490E-04
   2.00000  3.4359713E-04  9.7066370E-04  2.3160434E-04
   3.00000  4.9469114E-04  1.2457231E-03  4.0146393E-04
   4.00000  8.0616375E-04  1.8780680E-03  7.9455694E-04
   5.00000  1.3510535E-03  3.0657404E-03  1.6982608E-03
   5.20000  1.4876236E-03  3.3911791E-03  2.0073270E-03
   5.40000  1.6303405E-03  3.7545868E-03  2.3884038E-03
   5.60000  1.7771931E-03  4.1620654E-03  2.8611315E-03
   5.80000  1.9257677E-03  4.6225485E-03  3.4498606E-03
   6.00000  2.0742125E-03  5.1528774E-03  4.1808685E-03
   6.20000  2.2211697E-03  5.7530916E-03  5.0908047E-03
   6.40000  2.3675941E-03  6.4476270E-03  6.2139319E-03
   6.60000  2.5189630E-03  7.2607791E-03  7.5882737E-03
   6.80000  2.6905292E-03  8.2260387E-03  9.2527163E-03
   7.00000  2.9145384E-03  9.3980676E-03  1.1234693E-02
   7.20000  3.2566641E-03  1.0867667E-02  1.3558774E-02
   7.40000  3.8248030E-03  1.2708181E-02  1.6244764E-02
   7.60000  4.7329426E-03  1.5279706E-02  1.9240620E-02
   7.80000  6.0188675E-03  1.8822010E-02  2.2391719E-02
   8.00000  7.6041813E-03  2.3117336E-02  2.5378073E-02
   8.20000  9.3709535E-03  2.6048945E-02  2.7781826E-02
   8.40000  1.1273357E-02  2.7034643E-02  2.9375675E-02
   8.60000  1.3336446E-02  2.8451724E-02  3.0357241E-02
   8.80000  1.5619339E-02  3.0781338E-02  3.1190093E-02
   9.00000  1.8193603E-02  3.3816752E-02  3.2521396E-02
   9.20000  2.1128964E-02  3.7526496E-02  3.4996625E-02
   9.40000  2.4513822E-02  4.2043890E-02  3.9139691E-02
   9.60000  2.8459471E-02  4.7608777E-02  4.5253373E-02
   9.80000  3.3066034E-02  5.4543189E-02  5.3174935E-02
   10.0000  3.8385489E-02  6.3223098E-02  6.1860651E-02
   10.2500  4.5958888E-02  7.6874609E-02  7.0614055E-02
   10.5000  5.4113186E-02  9.2458621E-02  7.3567663E-02
   10.7500  6.1825473E-02  1.0529331E-01  7.0816296E-02
   11.0000  6.7618201E-02  1.0890086E-01  6.5318076E-02
   11.2500  7.0187552E-02  1.0102606E-01  5.9514172E-02
   11.5000  6.9190398E-02  8.5822105E-02  5.4835240E-02
   11.7500  6.4210633E-02  6.9308803E-02  5.1415697E-02
   12.0000  5.9089051E-02  5.5209229E-02  4.7957624E-02
   12.2500  5.3832760E-02  4.4214103E-02  4.4949836E-02
   12.5000  4.9126468E-02  3.6059895E-02  4.2234090E-02
   12.7500  4.5254691E-02  3.0131265E-02  3.9740074E-02
   13.0000  4.2266931E-02  2.5833260E-02  3.7466307E-02
   13.2500  4.0105210E-02  2.2690250E-02  3.5442732E-02
   13.5000  3.8783331E-02  2.0346455E-02  3.3089511E-02
   13.7500  3.8033352E-02  1.8561169E-02  3.1196135E-02
   14.0000  3.7700766E-02  1.7190445E-02  3.0212982E-02
   14.2500  3.7852501E-02  1.6120628E-02  2.9509602E-02
   14.5000  3.8419198E-02  1.5276433E-02  2.9076655E-02
   14.7500  3.9333504E-02  1.4607508E-02  2.8905660E-02
   15.0000  4.0525379E-02  1.4079642E-02  2.8988262E-02
   15.2500  4.1908214E-02  1.3667838E-02  2.9314225E-02
   15.5000  4.3390424E-02  1.3356565E-02  2.9873721E-02
   15.7500  4.4866727E-02  1.3134278E-02  3.0650234E-02
   16.0000  4.6224013E-02  1.2993526E-02  3.1617383E-02
   16.2500  4.7345916E-02  1.2929482E-02  3.2732667E-02
   16.5000  4.8126774E-02  1.2939041E-02  3.3936304E-02
   16.7500  4.8481646E-02  1.3020223E-02  3.5148442E-02
   17.0000  4.8360361E-02  1.3171417E-02  3.6277733E-02
   17.2500  4.7755877E-02  1.3391417E-02  3.7236968E-02
   17.5000  4.6708608E-02  1.3678874E-02  3.7957036E-02
   17.7500  4.5302934E-02  1.4032717E-02  3.8399363E-02
   18.0000  4.3655826E-02  1.4451308E-02  3.8560690E-02
   18.2500  4.1900247E-02  1.4933706E-02  3.8468905E-02
   18.5000  4.0165705E-02  1.5478058E-02  3.8171452E-02
   18.7500  3.8561467E-02  1.6083070E-02  3.7724780E-02
   19.0000  3.7168156E-02  1.6747847E-02  3.7184921E-02
   19.2500  3.6035856E-02  1.7470456E-02  3.6601068E-02
   19.5000  3.5067710E-02  1.8393951E-02  3.6188871E-02
   19.7500  3.4506413E-02  1.9261421E-02  3.5585547E-02
   20.0000  3.4198322E-02  2.0183572E-02  3.5026957E-02
   21.0000  3.4620598E-02  2.4357069E-02  3.3369935E-02
   22.0000  3.5078165E-02  2.9056854E-02  3.2481272E-02
   23.0000  3.3044449E-02  3.3784214E-02  3.1874089E-02
   24.0000  2.9079313E-02  3.7856296E-02  3.1096092E-02
   25.0000  2.5452663E-02  4.0595094E-02  2.9950809E-02
   26.0000  2.3397471E-02  4.1653687E-02  2.8481738E-02
   27.0000  2.2765779E-02  4.1152256E-02  2.6924446E-02
   28.0000  2.2887585E-02  3.9574761E-02  2.5598886E-02
   29.0000  2.3199328E-02  3.7480254E-02  2.4732463E-02
   30.0000  2.3437528E-02  3.5328367E-02  2.4322281E-02
   31.0000  2.3543884E-02  3.3405488E-02  2.4166532E-02
   32.0000  2.3529509E-02  3.1826515E-02  2.4017065E-02
   33.0000  2.3404769E-02  3.0578529E-02  2.3707986E-02
   34.0000  2.3160579E-02  2.9546874E-02  2.3152515E-02
   35.0000  2.2801933E-02  2.8604103E-02  2.2313817E-02
   36.0000  2.2368711E-02  2.7669767E-02  2.1205267E-02
   37.0000  2.1909065E-02  2.6689141E-02  1.9939022E-02
   38.0000  2.1452042E-02  2.5616849E-02  1.8798495E-02
   39.0000  2.1013562E-02  2.4412590E-02  1.8214985E-02
   40.0000  2.0616750E-02  2.3093367E-02  1.8538077E-02
