  7709.000   27  1  1  1.9222038E-02 -4.5021949E+00 -3.6311533E-01  1  1  7.5663488E+03  8.0000000E+03  0.0000000E+00  1.1792254E+00  1.0000000E+00  0.0000000E+00  = E_edge, Z, n_edge, j_edge, Abs_before_edge, VO_interstitial, E_cut, ninit, ninit1, Epsii, UnitCell_Volume, Surface_ref, f0_forward, natomsym_f, abs_u_iso
    Energy   (100,001)      (010,001)      (001,110)   
  -25.0000  7.4840238E-09  3.4632021E-10  8.5272711E-10
  -24.0000  2.0343216E-08  6.3261080E-10  1.9618817E-09
  -23.0000  6.6594836E-08  1.2035054E-09  5.0546906E-09
  -22.0000  3.0965109E-07  2.4175341E-09  1.5540530E-08
  -21.0000  4.0782967E-06  5.3331680E-09  6.6491091E-08
  -20.0000  1.7048043E-05  1.6697720E-08  7.2318251E-07
  -19.0000  2.8495824E-06  5.3364291E-08  5.2516759E-06
  -18.0000  2.1726790E-06  6.4657615E-08  5.9534255E-07
  -17.0000  2.9133001E-06  2.0831974E-07  3.9014327E-07
  -16.0000  7.7197933E-06  1.0193196E-06  4.3092964E-07
  -15.0000  1.0325782E-01  2.0649189E-05  1.5328612E-06
  -14.0000  7.6096247E-07  1.8905288E-05  1.1409862E-06
  -13.0000  7.2808134E-07  4.6228875E-06  3.8113273E-06
  -12.0000  5.2233962E-06  3.8958400E-06  3.3353525E-04
  -11.0000  2.4975802E-05  3.4437882E-06  1.3583486E-05
  -10.0000  3.6395382E-04  5.0203534E-06  1.2068439E-05
  -9.00000  1.5311063E-03  2.5653496E-05  1.4742902E-05
  -8.00000  1.7340719E-04  4.2638032E-05  1.5245736E-05
  -7.00000  1.2447693E-03  9.0810560E-05  4.1173587E-04
  -6.00000  1.0411090E-03  4.1886740E-05  2.5334097E-04
  -5.00000  7.6353434E-04  1.9222808E-04  2.0721800E-03
  -4.00000  3.4839366E-01  1.1716676E-03  7.2473306E-04
  -3.00000  1.2163460E-03  2.1447907E-01  5.1587910E-02
  -2.00000  4.1188168E-04  2.8703036E-03  2.8379798E-04
  -1.00000  2.9447905E-04  1.5163838E-03  1.7267876E-04
   0.00000  1.4489753E-03  1.1793145E-03  1.0215773E-03
   1.00000  5.3185209E-04  9.3529998E-04  3.0440171E-04
   2.00000  4.2373632E-04  1.0259991E-03  2.8570066E-04
   3.00000  5.6810463E-04  1.3137429E-03  4.4181383E-04
   4.00000  8.7891729E-04  2.0040835E-03  8.1473519E-04
   5.00000  1.4253208E-03  3.2516462E-03  1.8917449E-03
   5.20000  1.5694223E-03  3.5672195E-03  2.3439529E-03
   5.40000  1.7258165E-03  3.9078437E-03  2.9562731E-03
   5.60000  1.8937745E-03  4.2796813E-03  3.7857020E-03
   5.80000  2.0706753E-03  4.6958611E-03  4.8891180E-03
   6.00000  2.2512131E-03  5.1758288E-03  6.2879692E-03
   6.20000  2.4297106E-03  5.7462543E-03  7.9102143E-03
   6.40000  2.6153280E-03  6.4315580E-03  9.5465961E-03
   6.60000  2.8672404E-03  7.2390390E-03  1.0905018E-02
   6.80000  3.3181216E-03  8.1545414E-03  1.1770416E-02
   7.00000  4.0897252E-03  9.1634893E-03  1.2118129E-02
   7.20000  5.0867189E-03  1.0267446E-02  1.2089584E-02
   7.40000  6.0558283E-03  1.1459354E-02  1.1865724E-02
   7.60000  6.9382305E-03  1.2740683E-02  1.1532335E-02
   7.80000  7.8650860E-03  1.4110102E-02  1.1044673E-02
   8.00000  9.0415301E-03  1.5645404E-02  1.0416788E-02
   8.20000  1.0530842E-02  1.7198219E-02  9.7942208E-03
   8.40000  1.2516957E-02  1.8860281E-02  9.3497510E-03
   8.60000  1.5116073E-02  2.0674812E-02  9.1912794E-03
   8.80000  1.8272175E-02  2.2714059E-02  9.3985470E-03
   9.00000  2.1431965E-02  2.5085963E-02  1.0041599E-02
   9.20000  2.3408026E-02  2.7937459E-02  1.1195805E-02
   9.40000  2.3339703E-02  3.1435032E-02  1.2944756E-02
   9.60000  2.1848837E-02  3.5789006E-02  1.5365949E-02
   9.80000  2.0221760E-02  4.1258138E-02  1.8495968E-02
   10.0000  1.9188151E-02  4.8150354E-02  2.2273790E-02
   10.2500  1.8929073E-02  5.9259948E-02  2.7594057E-02
   10.5000  1.9663352E-02  7.3468474E-02  3.3017111E-02
   10.7500  2.1200498E-02  8.9996579E-02  3.8043561E-02
   11.0000  2.2372457E-02  1.0539443E-01  4.2524034E-02
   11.2500  2.5233315E-02  1.1326125E-01  4.6468033E-02
   11.5000  2.8504280E-02  1.0892753E-01  4.9911893E-02
   11.7500  3.1976082E-02  9.4899131E-02  5.2735607E-02
   12.0000  3.5356911E-02  7.7904030E-02  5.4757393E-02
   12.2500  3.8098292E-02  6.2533785E-02  5.5983152E-02
   12.5000  4.0264648E-02  5.0632862E-02  5.6030484E-02
   12.7500  4.1642996E-02  4.1748292E-02  5.4992663E-02
   13.0000  4.2313820E-02  3.5193450E-02  5.3067276E-02
   13.2500  4.2470034E-02  3.0323483E-02  5.0542864E-02
   13.5000  4.2327923E-02  2.6650345E-02  4.7724590E-02
   13.7500  4.2073338E-02  2.3831084E-02  4.4876289E-02
   14.0000  4.1899991E-02  2.1664990E-02  4.1789838E-02
   14.2500  4.1024010E-02  2.0029444E-02  3.8832221E-02
   14.5000  4.1051851E-02  1.8608709E-02  3.6869782E-02
   14.7500  4.1222207E-02  1.7465177E-02  3.5298890E-02
   15.0000  4.1543181E-02  1.6540971E-02  3.4116780E-02
   15.2500  4.2014779E-02  1.5795948E-02  3.3311130E-02
   15.5000  4.2640628E-02  1.5201033E-02  3.2867134E-02
   15.7500  4.3395106E-02  1.4733330E-02  3.2766256E-02
   16.0000  4.4276397E-02  1.4377159E-02  3.2992523E-02
   16.2500  4.5266726E-02  1.4120340E-02  3.3525589E-02
   16.5000  4.6342537E-02  1.3953151E-02  3.4340492E-02
   16.7500  4.7469642E-02  1.3868421E-02  3.5401899E-02
   17.0000  4.8596356E-02  1.3859474E-02  3.6654920E-02
   17.2500  4.9654980E-02  1.3921367E-02  3.8029049E-02
   17.5000  5.0560083E-02  1.4049689E-02  3.9434177E-02
   17.7500  5.1217446E-02  1.4240947E-02  4.0765368E-02
   18.0000  5.1534808E-02  1.4491831E-02  4.1918441E-02
   18.2500  5.1443202E-02  1.4798623E-02  4.2808147E-02
   18.5000  5.0915840E-02  1.5158724E-02  4.3383357E-02
   18.7500  4.9981889E-02  1.5569794E-02  4.3632419E-02
   19.0000  4.8722162E-02  1.6030217E-02  4.3581620E-02
   19.2500  4.7255313E-02  1.6538214E-02  4.3282272E-02
   19.5000  4.5710279E-02  1.7091917E-02  4.2795238E-02
   19.7500  4.4205679E-02  1.7690207E-02  4.2184031E-02
   20.0000  4.2835028E-02  1.8331318E-02  4.1506066E-02
   21.0000  3.9537758E-02  2.1292787E-02  3.8853222E-02
   22.0000  3.9529960E-02  2.4781037E-02  3.6886144E-02
   23.0000  4.0937569E-02  2.8685385E-02  3.5457771E-02
   24.0000  4.1574530E-02  3.2893552E-02  3.4133269E-02
   25.0000  4.0068248E-02  3.7025554E-02  3.2695070E-02
   26.0000  3.5770383E-02  4.0698582E-02  3.0991229E-02
   27.0000  3.1336252E-02  4.2130084E-02  2.9470750E-02
   28.0000  2.7728045E-02  4.1868083E-02  2.8068976E-02
   29.0000  2.5391191E-02  4.0407777E-02  2.6908846E-02
   30.0000  2.4066431E-02  3.8401630E-02  2.6149440E-02
   31.0000  2.3377805E-02  3.6358621E-02  2.5828406E-02
   32.0000  2.3047757E-02  3.4549738E-02  2.5833168E-02
   33.0000  2.2909870E-02  3.3053750E-02  2.5992376E-02
   34.0000  2.2863973E-02  3.1827456E-02  2.6175198E-02
   35.0000  2.2839579E-02  3.0770854E-02  2.6291534E-02
   36.0000  2.2785543E-02  2.9772345E-02  2.6266609E-02
   37.0000  2.2669770E-02  2.8734726E-02  2.6030602E-02
   38.0000  2.2476830E-02  2.7591740E-02  2.5518530E-02
   39.0000  2.2165641E-02  2.6314457E-02  2.4694146E-02
   40.0000  2.1656129E-02  2.4907726E-02  2.3576698E-02
