  7709.000   27  1  1  1.9222038E-02 -4.6288866E+00 -2.7609895E-01  1  1  7.5663688E+03  8.0000000E+03  0.0000000E+00  1.1792254E+00  1.0000000E+00  0.0000000E+00  = E_edge, Z, n_edge, j_edge, Abs_before_edge, VO_interstitial, E_cut, ninit, ninit1, Epsii, UnitCell_Volume, Surface_ref, f0_forward, natomsym_f, abs_u_iso
    Energy   (100,001)      (010,001)      (001,110)   
  -25.0000  3.8304344E-09  1.1190494E-09  7.8053312E-10
  -24.0000  9.8073916E-09  2.7363183E-09  1.8152108E-09
  -23.0000  2.9280881E-08  7.8121791E-09  4.8299336E-09
  -22.0000  1.1392159E-07  2.9385701E-08  1.6213047E-08
  -21.0000  8.1928936E-07  2.2178482E-07  9.5165088E-08
  -20.0000  3.1000141E-03  9.3824952E-06  2.7772802E-04
  -19.0000  1.4493687E-02  1.9529756E-02  5.9342434E-02
  -18.0000  1.6709347E-06  4.7019246E-07  6.7902897E-07
  -17.0000  1.9057611E-06  3.9590223E-07  5.2488197E-07
  -16.0000  4.3513205E-06  6.3707601E-07  1.2526611E-06
  -15.0000  2.1758881E-03  1.0253539E-03  6.5618123E-04
  -14.0000  4.1058953E-06  5.0527342E-06  5.3132898E-06
  -13.0000  1.4099928E-06  1.5718805E-06  3.0562110E-06
  -12.0000  9.0489898E-06  8.7222299E-06  4.9117838E-05
  -11.0000  1.6013811E-05  5.7098061E-06  1.4124979E-05
  -10.0000  1.5804491E-04  3.8176614E-05  1.7575790E-05
  -9.00000  1.0427018E-03  2.5766268E-04  6.6568595E-05
  -8.00000  8.4759272E-05  1.8484232E-05  9.5093194E-06
  -7.00000  1.0185377E-03  1.1538695E-04  2.4939007E-04
  -6.00000  4.3120423E-04  1.7242357E-04  2.2067773E-04
  -5.00000  5.9583868E-01  2.1901929E-02  3.1559954E-01
  -4.00000  3.1481778E-03  1.8602408E-03  2.9764203E-03
  -3.00000  2.3310808E-03  6.4787126E-03  1.2872663E-03
  -2.00000  6.4940712E-04  9.3564952E-04  5.5205098E-04
  -1.00000  3.6889715E-04  5.3773445E-04  2.3679656E-04
   0.00000  2.7767393E-03  8.6430411E-03  1.5144865E-02
   1.00000  6.3678438E-04  6.0808999E-04  6.5958915E-04
   2.00000  5.3275418E-04  6.3559008E-04  5.2612821E-04
   3.00000  6.9530841E-04  9.0228397E-04  6.2281018E-04
   4.00000  1.0580540E-03  1.3821528E-03  8.8825813E-04
   5.00000  1.7349966E-03  2.2138713E-03  1.5299409E-03
   5.20000  1.9182079E-03  2.4629300E-03  1.7443866E-03
   5.40000  2.1151359E-03  2.7555463E-03  2.0030572E-03
   5.60000  2.3221320E-03  3.1044076E-03  2.3176529E-03
   5.80000  2.5352073E-03  3.5309275E-03  2.7058396E-03
   6.00000  2.7564154E-03  4.0725108E-03  3.1947851E-03
   6.20000  3.0124093E-03  4.7923170E-03  3.8272028E-03
   6.40000  3.3725928E-03  5.7688770E-03  4.6716962E-03
   6.60000  3.8960814E-03  7.0196332E-03  5.8221992E-03
   6.80000  4.5420179E-03  8.4568640E-03  7.3876349E-03
   7.00000  5.2493826E-03  9.9922392E-03  9.4743485E-03
   7.20000  6.0434306E-03  1.1609340E-02  1.2102229E-02
   7.40000  6.9634999E-03  1.3245649E-02  1.4932231E-02
   7.60000  8.0686213E-03  1.4871846E-02  1.7067886E-02
   7.80000  9.4178851E-03  1.6532957E-02  1.7617599E-02
   8.00000  1.1129312E-02  1.8283465E-02  1.6733973E-02
   8.20000  1.3245334E-02  2.0008892E-02  1.5270839E-02
   8.40000  1.5715601E-02  2.1511773E-02  1.4002931E-02
   8.60000  1.8223473E-02  2.2741254E-02  1.3250339E-02
   8.80000  2.0128843E-02  2.4085348E-02  1.3023437E-02
   9.00000  2.0870759E-02  2.6184505E-02  1.3249668E-02
   9.20000  2.0822115E-02  2.9398505E-02  1.3957721E-02
   9.40000  2.0976753E-02  3.3696685E-02  1.5282419E-02
   9.60000  2.1918295E-02  3.8848654E-02  1.7346733E-02
   9.80000  2.3768301E-02  4.4491358E-02  2.0243094E-02
   10.0000  2.6523231E-02  5.0200928E-02  2.4050034E-02
   10.2500  3.1208555E-02  5.6814241E-02  3.0162697E-02
   10.5000  3.7095782E-02  6.2270634E-02  3.7690053E-02
   10.7500  4.3523678E-02  6.6215944E-02  4.6090442E-02
   11.0000  4.9068685E-02  6.8611882E-02  5.4084570E-02
   11.2500  5.1721644E-02  6.9614082E-02  6.0056688E-02
   11.5000  5.1217377E-02  6.9612483E-02  6.2559145E-02
   11.7500  4.8388477E-02  6.8585438E-02  6.2028145E-02
   12.0000  4.5125601E-02  6.6231227E-02  5.9576782E-02
   12.2500  4.2007094E-02  6.2571964E-02  5.6477048E-02
   12.5000  3.9615639E-02  5.8059425E-02  5.3085418E-02
   12.7500  3.7877133E-02  5.3249911E-02  4.9640651E-02
   13.0000  3.6581322E-02  4.8599464E-02  4.6247620E-02
   13.2500  3.5556466E-02  4.4369734E-02  4.2996534E-02
   13.5000  3.4716088E-02  4.0657971E-02  3.9984622E-02
   13.7500  3.3867838E-02  3.7838107E-02  3.7098986E-02
   14.0000  3.3402731E-02  3.5262651E-02  3.4691401E-02
   14.2500  3.3030670E-02  3.3031073E-02  3.2765909E-02
   14.5000  3.2833955E-02  3.1148417E-02  3.1226329E-02
   14.7500  3.2799174E-02  2.9573296E-02  3.0039318E-02
   15.0000  3.2906726E-02  2.8270489E-02  2.9166711E-02
   15.2500  3.3131133E-02  2.7211090E-02  2.8569128E-02
   15.5000  3.3445563E-02  2.6370679E-02  2.8212420E-02
   15.7500  3.3811110E-02  2.5722096E-02  2.8058862E-02
   16.0000  3.4196209E-02  2.5244095E-02  2.8080161E-02
   16.2500  3.4566229E-02  2.4915794E-02  2.8249069E-02
   16.5000  3.4890383E-02  2.4717234E-02  2.8541568E-02
   16.7500  3.5146420E-02  2.4627828E-02  2.8932931E-02
   17.0000  3.5324447E-02  2.4627237E-02  2.9399862E-02
   17.2500  3.5430635E-02  2.4696307E-02  2.9922754E-02
   17.5000  3.5484659E-02  2.4817173E-02  3.0486940E-02
   17.7500  3.5514429E-02  2.4972291E-02  3.1082729E-02
   18.0000  3.5550976E-02  2.5147180E-02  3.1706384E-02
   18.2500  3.5619743E-02  2.5330181E-02  3.2357672E-02
   18.5000  3.5740151E-02  2.5513031E-02  3.3038726E-02
   18.7500  3.5924064E-02  2.5692108E-02  3.3751303E-02
   19.0000  3.6177476E-02  2.5867710E-02  3.4497092E-02
   19.2500  3.6499829E-02  2.6043338E-02  3.5269182E-02
   19.5000  3.6885014E-02  2.6225259E-02  3.6058563E-02
   19.7500  3.7320858E-02  2.6420499E-02  3.6845857E-02
   20.0000  3.7787498E-02  2.6637578E-02  3.7603221E-02
   21.0000  3.9332105E-02  2.7882386E-02  3.9567481E-02
   22.0000  3.9020575E-02  2.9953771E-02  3.8595514E-02
   23.0000  3.7256882E-02  3.2640888E-02  3.6013738E-02
   24.0000  3.5397247E-02  3.5098579E-02  3.3927363E-02
   25.0000  3.3976112E-02  3.6277763E-02  3.2648476E-02
   26.0000  3.3185593E-02  3.5638001E-02  3.1736779E-02
   27.0000  3.2844322E-02  3.3602549E-02  3.0812522E-02
   28.0000  3.3075822E-02  3.1301550E-02  3.0069617E-02
   29.0000  3.3184154E-02  2.9378340E-02  2.9413530E-02
   30.0000  3.2718931E-02  2.8077041E-02  2.8825360E-02
   31.0000  3.1583404E-02  2.7306907E-02  2.8280932E-02
   32.0000  2.9964233E-02  2.6892708E-02  2.7802515E-02
   33.0000  2.8094819E-02  2.6693287E-02  2.7447736E-02
   34.0000  2.6186967E-02  2.6609612E-02  2.7253379E-02
   35.0000  2.4409325E-02  2.6540378E-02  2.7173047E-02
   36.0000  2.2889858E-02  2.6369963E-02  2.7070986E-02
   37.0000  2.1717624E-02  2.5992496E-02  2.6782670E-02
   38.0000  2.0937706E-02  2.5357648E-02  2.6199145E-02
   39.0000  2.0530412E-02  2.4493539E-02  2.5300809E-02
   40.0000  2.0397539E-02  2.3494585E-02  2.4151122E-02
