  7709.000   27  1  1  1.9222038E-02 -4.5462349E+00 -3.0310158E-01  1  1  7.5663976E+03  8.0000000E+03  0.0000000E+00  1.1792254E+00  1.0000000E+00  0.0000000E+00  = E_edge, Z, n_edge, j_edge, Abs_before_edge, VO_interstitial, E_cut, ninit, ninit1, Epsii, UnitCell_Volume, Surface_ref, f0_forward, natomsym_f, abs_u_iso
    Energy   (100,001)      (010,001)      (001,110)   
  -25.0000  4.4573672E-09  1.2976524E-09  7.2290686E-10
  -24.0000  1.1317122E-08  3.1839669E-09  1.6077585E-09
  -23.0000  3.3228635E-08  9.0995741E-09  3.9652455E-09
  -22.0000  1.2515973E-07  3.4086308E-08  1.1461386E-08
  -21.0000  8.5754752E-07  2.5271447E-07  4.4374061E-08
  -20.0000  4.8205128E-05  2.0815083E-05  5.5220913E-07
  -19.0000  1.4885047E-05  3.5646806E-06  1.0843102E-05
  -18.0000  3.7506272E-06  1.9110288E-06  1.9229598E-06
  -17.0000  3.6359639E-06  9.4290380E-07  6.9535677E-07
  -16.0000  7.5485518E-06  1.2841157E-06  8.0612835E-07
  -15.0000  3.5952227E-03  1.7162882E-03  3.0307812E-04
  -14.0000  1.7009042E-05  2.9567651E-05  7.8858440E-06
  -13.0000  1.0882295E-06  3.5612086E-06  5.1850441E-06
  -12.0000  9.5492203E-06  7.9878181E-05  1.4674623E-04
  -11.0000  1.5014141E-05  1.4355503E-05  2.5717307E-05
  -10.0000  1.9476838E-04  4.8485273E-05  3.1073364E-05
  -9.00000  1.1351379E-02  6.0382491E-04  3.4778555E-04
  -8.00000  2.9469239E-04  1.0947617E-04  2.0749735E-05
  -7.00000  2.5669886E-01  6.9508606E-03  1.5129874E-03
  -6.00000  2.4452814E-03  8.1473747E-04  3.6550222E-04
  -5.00000  3.0147393E-03  1.8004189E-03  8.9320988E-02
  -4.00000  1.1765611E-03  2.4237065E-03  1.1288798E-03
  -3.00000  1.1433157E-02  6.4153768E-02  1.7695188E-02
  -2.00000  9.3284431E-04  2.6626059E-03  1.8455049E-03
  -1.00000  4.9762622E-04  7.4107164E-04  4.6124475E-04
   0.00000  1.7508691E-03  2.3535250E-03  1.8524573E-03
   1.00000  7.1202953E-04  5.2476455E-04  4.7269799E-04
   2.00000  4.6079359E-04  6.1985420E-04  4.5676063E-04
   3.00000  6.1338579E-04  9.1188758E-04  6.7332546E-04
   4.00000  9.0741730E-04  1.4747698E-03  1.2639481E-03
   5.00000  1.2319830E-03  3.3715308E-03  3.4322884E-03
   5.20000  1.3778486E-03  4.0892799E-03  4.5554122E-03
   5.40000  1.5339393E-03  5.1150921E-03  6.3239121E-03
   5.60000  1.6967084E-03  6.5534119E-03  9.1125903E-03
   5.80000  1.8708153E-03  8.1481016E-03  1.2559394E-02
   6.00000  2.0580813E-03  9.1112146E-03  1.3732161E-02
   6.20000  2.2564690E-03  9.5696435E-03  1.1781205E-02
   6.40000  2.4756358E-03  1.0239216E-02  9.7101598E-03
   6.60000  2.7355110E-03  1.1032420E-02  8.3411941E-03
   6.80000  3.0403941E-03  1.1707012E-02  7.3488805E-03
   7.00000  3.3653917E-03  1.2064595E-02  6.5123278E-03
   7.20000  3.6878907E-03  1.2208866E-02  5.8188094E-03
   7.40000  4.0022541E-03  1.2423993E-02  5.3471676E-03
   7.60000  4.3183085E-03  1.2954601E-02  5.1496865E-03
   7.80000  4.6567692E-03  1.3965606E-02  5.2356373E-03
   8.00000  5.0374852E-03  1.5585395E-02  5.6054803E-03
   8.20000  5.4771018E-03  1.7947524E-02  6.2761909E-03
   8.40000  5.9881070E-03  2.1158876E-02  7.2879010E-03
   8.60000  6.5631162E-03  2.5331627E-02  8.6716476E-03
   8.80000  7.2173361E-03  2.9521521E-02  1.0451787E-02
   9.00000  7.9301198E-03  3.2497806E-02  1.2467937E-02
   9.20000  8.7025255E-03  3.2733124E-02  1.4414359E-02
   9.40000  9.5768256E-03  3.0066202E-02  1.6061515E-02
   9.60000  1.0634228E-02  2.6007223E-02  1.7493637E-02
   9.80000  1.1955970E-02  2.2263317E-02  1.9001971E-02
   10.0000  1.3605728E-02  1.9691097E-02  2.0855863E-02
   10.2500  1.6204911E-02  1.8297361E-02  2.3913180E-02
   10.5000  1.9461863E-02  1.8617919E-02  2.7956675E-02
   10.7500  2.3373702E-02  2.0297733E-02  3.3056203E-02
   11.0000  2.7779262E-02  2.3130665E-02  3.9122279E-02
   11.2500  3.2254305E-02  2.7044483E-02  4.5622432E-02
   11.5000  3.6196401E-02  3.2139154E-02  5.2002671E-02
   11.7500  3.8737305E-02  3.8186504E-02  5.6918662E-02
   12.0000  3.9452722E-02  4.5231926E-02  5.9358443E-02
   12.2500  3.8897568E-02  5.3052337E-02  5.9327963E-02
   12.5000  3.7840993E-02  6.0853165E-02  5.7409743E-02
   12.7500  3.6931226E-02  6.7224209E-02  5.4475994E-02
   13.0000  3.6453910E-02  7.0609113E-02  5.1224564E-02
   13.2500  3.6395293E-02  7.0242187E-02  4.8038119E-02
   13.5000  3.6723669E-02  6.6643382E-02  4.4865267E-02
   13.7500  3.7519538E-02  6.0482474E-02  4.1932302E-02
   14.0000  3.7812494E-02  5.4647410E-02  3.9491880E-02
   14.2500  3.8067959E-02  4.9098727E-02  3.7301743E-02
   14.5000  3.8294474E-02  4.4176642E-02  3.5365462E-02
   14.7500  3.8511707E-02  3.9975404E-02  3.3681758E-02
   15.0000  3.8738455E-02  3.6467990E-02  3.2245473E-02
   15.2500  3.8985991E-02  3.3578550E-02  3.1048488E-02
   15.5000  3.9258315E-02  3.1221431E-02  3.0081788E-02
   15.7500  3.9547306E-02  2.9314571E-02  2.9330429E-02
   16.0000  3.9838139E-02  2.7788914E-02  2.8781665E-02
   16.2500  4.0106380E-02  2.6586842E-02  2.8420198E-02
   16.5000  4.0323398E-02  2.5660095E-02  2.8228711E-02
   16.7500  4.0461203E-02  2.4971127E-02  2.8188375E-02
   17.0000  4.0502817E-02  2.4489813E-02  2.8278969E-02
   17.2500  4.0449890E-02  2.4191717E-02  2.8480507E-02
   17.5000  4.0326088E-02  2.4056598E-02  2.8775192E-02
   17.7500  4.0172175E-02  2.4067251E-02  2.9147676E-02
   18.0000  4.0037248E-02  2.4207034E-02  2.9586539E-02
   18.2500  3.9970975E-02  2.4460463E-02  3.0082066E-02
   18.5000  4.0012125E-02  2.4811447E-02  3.0626217E-02
   18.7500  4.0182592E-02  2.5243014E-02  3.1212219E-02
   19.0000  4.0486907E-02  2.5738858E-02  3.1834532E-02
   19.2500  4.0914530E-02  2.6280438E-02  3.2483207E-02
   19.5000  4.1441522E-02  2.6850740E-02  3.3149490E-02
   19.7500  4.2035815E-02  2.7435815E-02  3.3823040E-02
   20.0000  4.2658506E-02  2.8023333E-02  3.4489399E-02
   21.0000  4.4567396E-02  3.0311619E-02  3.6678153E-02
   22.0000  4.4140720E-02  3.2670248E-02  3.7187372E-02
   23.0000  4.2082879E-02  3.5286705E-02  3.6278370E-02
   24.0000  4.0225880E-02  3.7646844E-02  3.5382982E-02
   25.0000  3.9061474E-02  3.8854031E-02  3.5117137E-02
   26.0000  3.8353601E-02  3.8423612E-02  3.5275800E-02
   27.0000  3.7758078E-02  3.6776055E-02  3.5354882E-02
   28.0000  3.6775437E-02  3.4676619E-02  3.4852528E-02
   29.0000  3.5568878E-02  3.2852166E-02  3.4178955E-02
   30.0000  3.3838851E-02  3.1407638E-02  3.3322459E-02
   31.0000  3.1751378E-02  3.0328668E-02  3.2423028E-02
   32.0000  2.9545072E-02  2.9513569E-02  3.1531358E-02
   33.0000  2.7404974E-02  2.8853541E-02  3.0649625E-02
   34.0000  2.5435859E-02  2.8275240E-02  2.9762342E-02
   35.0000  2.3691313E-02  2.7720384E-02  2.8847496E-02
   36.0000  2.2210816E-02  2.7136392E-02  2.7883921E-02
   37.0000  2.1056170E-02  2.6475007E-02  2.6860374E-02
   38.0000  2.0295773E-02  2.5699730E-02  2.5776666E-02
   39.0000  1.9927925E-02  2.4778874E-02  2.4647548E-02
   40.0000  1.9807222E-02  2.3702775E-02  2.3498088E-02
