  7709.000   27  1  1  1.9222038E-02 -4.7137093E+00 -2.7134988E-01  1  1  7.5662088E+03  8.0000000E+03  0.0000000E+00  1.1792254E+00  1.0000000E+00  0.0000000E+00  = E_edge, Z, n_edge, j_edge, Abs_before_edge, VO_interstitial, E_cut, ninit, ninit1, Epsii, UnitCell_Volume, Surface_ref, f0_forward, natomsym_f, abs_u_iso
    Energy   (100,001)      (010,001)      (001,110)   
  -25.0000  4.7943049E-09  1.3274649E-09  8.7301085E-10
  -24.0000  1.2655076E-08  3.3603451E-09  2.0963561E-09
  -23.0000  3.9616406E-08  1.0123586E-08  5.8753055E-09
  -22.0000  1.6922043E-07  4.2314124E-08  2.1964826E-08
  -21.0000  1.7453431E-06  4.7989357E-07  1.9851504E-07
  -20.0000  5.1568565E-04  3.6838195E-05  5.3526619E-05
  -19.0000  7.1042430E-06  1.1338558E-05  3.0752244E-05
  -18.0000  1.9568091E-06  6.3622909E-07  7.5075945E-07
  -17.0000  2.5674540E-06  5.9682321E-07  5.6788670E-07
  -16.0000  8.3462121E-06  1.3033070E-06  1.4782328E-06
  -15.0000  6.8354375E-04  5.3713686E-05  3.8894958E-04
  -14.0000  1.3948653E-05  1.7660225E-05  2.4201684E-05
  -13.0000  1.3784210E-06  2.3197610E-06  4.4256425E-06
  -12.0000  3.7032592E-03  8.7666665E-03  2.1841629E-02
  -11.0000  1.6211639E-05  7.2110762E-06  1.4679714E-05
  -10.0000  2.4758196E-04  5.7201987E-05  5.4790249E-05
  -9.00000  2.4066078E-03  1.7808011E-04  9.3969736E-06
  -8.00000  1.3047715E-04  5.5063239E-04  2.6332570E-05
  -7.00000  4.4395965E-04  2.8092203E-04  1.0799933E-04
  -6.00000  4.0389527E-04  2.7257561E-04  1.2534701E-04
  -5.00000  4.4659499E-03  1.4682301E-02  1.1808221E-02
  -4.00000  8.7935861E-03  1.5332356E-03  5.9420611E-03
  -3.00000  4.5445821E-03  5.0684015E-03  3.7250938E-03
  -2.00000  1.0279614E-03  1.4420401E-03  1.3492042E-03
  -1.00000  5.2468739E-04  7.0659607E-04  4.4899866E-04
   0.00000  2.3331261E-03  8.7743981E-03  5.5760635E-03
   1.00000  4.0384441E-04  5.2806989E-04  3.8633755E-04
   2.00000  4.0635166E-04  5.8827720E-04  3.8363901E-04
   3.00000  5.7008604E-04  8.1853845E-04  5.1085042E-04
   4.00000  8.8907896E-04  1.2425464E-03  7.9510198E-04
   5.00000  1.3927108E-03  2.1452117E-03  1.4546966E-03
   5.20000  1.5023799E-03  2.4612697E-03  1.6720621E-03
   5.40000  1.6095797E-03  2.8690242E-03  1.9364349E-03
   5.60000  1.7276934E-03  3.3970415E-03  2.2616823E-03
   5.80000  1.8993523E-03  4.0809779E-03  2.6708195E-03
   6.00000  2.1893744E-03  4.9518463E-03  3.1980806E-03
   6.20000  2.6312907E-03  6.0380787E-03  3.8920047E-03
   6.40000  3.1868474E-03  7.3698759E-03  4.8236171E-03
   6.60000  3.7805846E-03  8.9757951E-03  6.0946724E-03
   6.80000  4.3685235E-03  1.0902159E-02  7.8364414E-03
   7.00000  4.9618360E-03  1.3244102E-02  1.0156570E-02
   7.20000  5.6206002E-03  1.6206356E-02  1.2982894E-02
   7.40000  6.3861403E-03  2.0032280E-02  1.5818246E-02
   7.60000  7.2972104E-03  2.4750161E-02  1.7642175E-02
   7.80000  8.3989942E-03  2.9498877E-02  1.7627197E-02
   8.00000  9.7394577E-03  3.2800876E-02  1.6292531E-02
   8.20000  1.1334183E-02  3.3041613E-02  1.4701417E-02
   8.40000  1.2932235E-02  2.9553532E-02  1.3600949E-02
   8.60000  1.4107488E-02  2.4021125E-02  1.3216506E-02
   8.80000  1.4836022E-02  1.9573841E-02  1.3546861E-02
   9.00000  1.5508211E-02  1.7499737E-02  1.4558064E-02
   9.20000  1.6451532E-02  1.7312088E-02  1.6275036E-02
   9.40000  1.7838771E-02  1.8354416E-02  1.8808692E-02
   9.60000  1.9791993E-02  2.0290913E-02  2.2338800E-02
   9.80000  2.2562398E-02  2.2676324E-02  2.7275579E-02
   10.0000  2.5994176E-02  2.6126890E-02  3.3388149E-02
   10.2500  3.1496198E-02  3.1720471E-02  4.3062037E-02
   10.5000  3.7988335E-02  3.8859970E-02  5.4265172E-02
   10.7500  4.4269216E-02  4.7630977E-02  6.4740476E-02
   11.0000  4.8556130E-02  5.7887473E-02  7.1316303E-02
   11.2500  4.9896141E-02  6.8953403E-02  7.2491694E-02
   11.5000  4.9008365E-02  7.9185746E-02  6.9724612E-02
   11.7500  4.7477199E-02  8.5938742E-02  6.5105989E-02
   12.0000  4.5773390E-02  8.6144964E-02  5.9855202E-02
   12.2500  4.4168319E-02  7.9486423E-02  5.4916286E-02
   12.5000  4.2738223E-02  6.9543797E-02  5.0236740E-02
   12.7500  4.1428865E-02  5.9422662E-02  4.6042372E-02
   13.0000  4.0241840E-02  5.0712919E-02  4.2397648E-02
   13.2500  3.9210423E-02  4.3773772E-02  3.9255917E-02
   13.5000  3.8574801E-02  3.8785817E-02  3.6400709E-02
   13.7500  3.7856318E-02  3.4122754E-02  3.4012754E-02
   14.0000  3.7323583E-02  3.1875741E-02  3.2052282E-02
   14.2500  3.7020453E-02  2.9555841E-02  3.0351884E-02
   14.5000  3.6891442E-02  2.7764538E-02  2.8976133E-02
   14.7500  3.6900313E-02  2.6382741E-02  2.7895999E-02
   15.0000  3.7013054E-02  2.5325089E-02  2.7082967E-02
   15.2500  3.7202394E-02  2.4532570E-02  2.6511948E-02
   15.5000  3.7444228E-02  2.3959508E-02  2.6159502E-02
   15.7500  3.7720177E-02  2.3577125E-02  2.6008611E-02
   16.0000  3.8010341E-02  2.3363648E-02  2.6041173E-02
   16.2500  3.8291290E-02  2.3302691E-02  2.6238653E-02
   16.5000  3.8541686E-02  2.3380590E-02  2.6581804E-02
   16.7500  3.8745722E-02  2.3584453E-02  2.7050054E-02
   17.0000  3.8899235E-02  2.3900016E-02  2.7622482E-02
   17.2500  3.9012518E-02  2.4310097E-02  2.8278967E-02
   17.5000  3.9105224E-02  2.4793541E-02  2.9000090E-02
   17.7500  3.9197412E-02  2.5325070E-02  2.9767163E-02
   18.0000  3.9301126E-02  2.5875257E-02  3.0562376E-02
   18.2500  3.9418435E-02  2.6413990E-02  3.1366335E-02
   18.5000  3.9540149E-02  2.6914156E-02  3.2157926E-02
   18.7500  3.9648739E-02  2.7356383E-02  3.2914917E-02
   19.0000  3.9722360E-02  2.7732831E-02  3.3615244E-02
   19.2500  3.9737630E-02  2.8045712E-02  3.4232295E-02
   19.5000  3.9676535E-02  2.8310664E-02  3.4744489E-02
   19.7500  3.9528187E-02  2.8550017E-02  3.5130566E-02
   20.0000  3.9288478E-02  2.8788329E-02  3.5373921E-02
   21.0000  3.7620880E-02  3.0130009E-02  3.4899132E-02
   22.0000  3.5778929E-02  3.2350169E-02  3.3239637E-02
   23.0000  3.4596492E-02  3.4736451E-02  3.2313088E-02
   24.0000  3.3787305E-02  3.5927348E-02  3.2359535E-02
   25.0000  3.3635990E-02  3.5649640E-02  3.3055469E-02
   26.0000  3.3611416E-02  3.4240398E-02  3.3601540E-02
   27.0000  3.3616531E-02  3.2566937E-02  3.3768498E-02
   28.0000  3.3486335E-02  3.1127749E-02  3.3482999E-02
   29.0000  3.2947298E-02  3.0024342E-02  3.2754997E-02
   30.0000  3.1852176E-02  2.9151551E-02  3.1722436E-02
   31.0000  3.0300486E-02  2.8378096E-02  3.0562022E-02
   32.0000  2.8517175E-02  2.7642731E-02  2.9403019E-02
   33.0000  2.6688890E-02  2.6916428E-02  2.8296287E-02
   34.0000  2.4944189E-02  2.6196401E-02  2.7255376E-02
   35.0000  2.3355339E-02  2.5474908E-02  2.6246959E-02
   36.0000  2.1963380E-02  2.4741711E-02  2.5207689E-02
   37.0000  2.0800314E-02  2.3982649E-02  2.4079315E-02
   38.0000  1.9877392E-02  2.3175611E-02  2.2836521E-02
   39.0000  1.9172301E-02  2.2318697E-02  2.1513168E-02
   40.0000  1.8642021E-02  2.1454803E-02  2.0216092E-02
