  7709.000   27  1  1  1.9222038E-02 -4.3808601E+00 -2.8353637E-01  1  1  7.5663441E+03  8.0000000E+03  0.0000000E+00  1.1792254E+00  1.0000000E+00  0.0000000E+00  = E_edge, Z, n_edge, j_edge, Abs_before_edge, VO_interstitial, E_cut, ninit, ninit1, Epsii, UnitCell_Volume, Surface_ref, f0_forward, natomsym_f, abs_u_iso
    Energy   (100,001)      (010,001)      (001,110)   
  -25.0000  5.2461669E-09  1.3798762E-09  7.1774451E-10
  -24.0000  1.3706525E-08  3.5123506E-09  1.6334268E-09
  -23.0000  4.2032004E-08  1.0636100E-08  4.1784200E-09
  -22.0000  1.7153989E-07  4.4491694E-08  1.2912536E-08
  -21.0000  1.5137794E-06  4.6530966E-07  5.9035540E-08
  -20.0000  2.8736596E-05  5.1578936E-06  1.9749058E-06
  -19.0000  9.2871209E-05  2.9847659E-04  1.1970587E-03
  -18.0000  3.6095150E-06  1.8631919E-06  1.5537315E-06
  -17.0000  3.8769152E-06  9.2472194E-07  5.9895368E-07
  -16.0000  9.5201306E-06  1.5422610E-06  7.8779790E-07
  -15.0000  1.1224176E-04  4.4193965E-06  4.2168677E-06
  -14.0000  1.4258883E-05  2.6484212E-05  1.0993073E-05
  -13.0000  1.2752807E-06  3.0463082E-06  4.9461100E-06
  -12.0000  2.3569351E-05  5.8443365E-05  1.8094264E-04
  -11.0000  1.5743925E-05  1.1752342E-05  2.1155793E-05
  -10.0000  2.5917310E-04  6.7183499E-05  2.4218409E-05
  -9.00000  1.5649438E-03  1.6153776E-04  5.4759236E-04
  -8.00000  3.0066645E-04  6.0183045E-05  2.2872419E-05
  -7.00000  1.2753943E-03  6.8594441E-04  3.4052319E-03
  -6.00000  1.1057860E-03  6.4584078E-04  1.4715951E-04
  -5.00000  4.9489785E-04  9.5143928E-04  1.4324599E-02
  -4.00000  1.4795086E-03  1.0437960E-03  9.3707395E-04
  -3.00000  4.2963998E-03  3.3045814E-03  5.6493062E-03
  -2.00000  1.7321232E-03  2.6111751E-03  2.6692022E-03
  -1.00000  6.4011533E-04  9.0673317E-04  5.9592599E-04
   0.00000  2.1741339E-03  1.6614917E-03  1.8233440E-03
   1.00000  4.6269207E-04  5.3609541E-04  3.3796850E-04
   2.00000  3.9890048E-04  6.3588965E-04  3.7213157E-04
   3.00000  5.4338456E-04  9.2926002E-04  5.7802478E-04
   4.00000  8.1290548E-04  1.4994234E-03  1.1490582E-03
   5.00000  1.2758894E-03  2.8465193E-03  3.1625664E-03
   5.20000  1.4387959E-03  3.3830974E-03  3.6000485E-03
   5.40000  1.6063890E-03  4.0876784E-03  4.1725878E-03
   5.60000  1.7695542E-03  5.0143634E-03  5.0728066E-03
   5.80000  1.9312599E-03  6.2279288E-03  6.4417854E-03
   6.00000  2.0985591E-03  7.7457956E-03  8.2959569E-03
   6.20000  2.2827853E-03  9.4546644E-03  1.0277504E-02
   6.40000  2.5116398E-03  1.1213036E-02  1.1583884E-02
   6.60000  2.8103989E-03  1.3182372E-02  1.1716785E-02
   6.80000  3.1545605E-03  1.5662859E-02  1.1126058E-02
   7.00000  3.5113884E-03  1.8674003E-02  1.0495844E-02
   7.20000  3.8890540E-03  2.1750881E-02  1.0017685E-02
   7.40000  4.2625334E-03  2.4261461E-02  9.5271163E-03
   7.60000  4.6068775E-03  2.5876824E-02  8.8423194E-03
   7.80000  4.9283758E-03  2.7084704E-02  8.0225169E-03
   8.00000  5.2659624E-03  2.9044280E-02  7.3245790E-03
   8.20000  5.6471292E-03  3.2605468E-02  6.9309354E-03
   8.40000  6.0615498E-03  3.7377463E-02  6.8763162E-03
   8.60000  6.4684832E-03  4.0934090E-02  7.1186139E-03
   8.80000  6.8585360E-03  3.9911715E-02  7.6032396E-03
   9.00000  7.3148755E-03  3.4206638E-02  8.3181398E-03
   9.20000  7.9401550E-03  2.7152638E-02  9.3054645E-03
   9.40000  8.7823602E-03  2.1232217E-02  1.0624258E-02
   9.60000  9.8609289E-03  1.7002431E-02  1.2337857E-02
   9.80000  1.1204926E-02  1.4209180E-02  1.4526269E-02
   10.0000  1.2859791E-02  1.2493534E-02  1.7294799E-02
   10.2500  1.5453422E-02  1.1451049E-02  2.1784393E-02
   10.5000  1.8735192E-02  1.1325234E-02  2.7738003E-02
   10.7500  2.2767614E-02  1.1941602E-02  3.5514251E-02
   11.0000  2.7453722E-02  1.3245347E-02  4.5263491E-02
   11.2500  3.2731461E-02  1.5481257E-02  5.6662689E-02
   11.5000  3.6968065E-02  1.8191491E-02  6.6977838E-02
   11.7500  3.9680895E-02  2.1871112E-02  7.3383832E-02
   12.0000  4.0780874E-02  2.6779564E-02  7.3903309E-02
   12.2500  4.0693011E-02  3.2508006E-02  6.9972785E-02
   12.5000  4.0466208E-02  3.9225191E-02  6.4365333E-02
   12.7500  4.0504335E-02  4.6581942E-02  5.8697452E-02
   13.0000  4.0791764E-02  5.3725231E-02  5.3730875E-02
   13.2500  4.1181853E-02  5.9320225E-02  4.9561542E-02
   13.5000  4.1556219E-02  6.2081884E-02  4.6043995E-02
   13.7500  4.2173408E-02  6.1264819E-02  4.3010078E-02
   14.0000  4.2463945E-02  5.8535435E-02  3.9950463E-02
   14.2500  4.2567949E-02  5.3251097E-02  3.7075526E-02
   14.5000  4.2592607E-02  4.8574742E-02  3.5097817E-02
   14.7500  4.2638039E-02  4.4208274E-02  3.3428354E-02
   15.0000  4.2729447E-02  4.0384012E-02  3.2040978E-02
   15.2500  4.2882171E-02  3.7149508E-02  3.0917724E-02
   15.5000  4.3100341E-02  3.4468576E-02  3.0043806E-02
   15.7500  4.3374327E-02  3.2278966E-02  2.9407530E-02
   16.0000  4.3687604E-02  3.0509226E-02  2.8995207E-02
   16.2500  4.4009590E-02  2.9100234E-02  2.8793435E-02
   16.5000  4.4306896E-02  2.7999911E-02  2.8784744E-02
   16.7500  4.4552384E-02  2.7164472E-02  2.8947913E-02
   17.0000  4.4729599E-02  2.6557235E-02  2.9259821E-02
   17.2500  4.4835291E-02  2.6148240E-02  2.9695452E-02
   17.5000  4.4879643E-02  2.5911802E-02  3.0227903E-02
   17.7500  4.4879987E-02  2.5826466E-02  3.0831306E-02
   18.0000  4.4852386E-02  2.5873203E-02  3.1479634E-02
   18.2500  4.4807546E-02  2.6035289E-02  3.2147768E-02
   18.5000  4.4747038E-02  2.6298650E-02  3.2812554E-02
   18.7500  4.4664913E-02  2.6651091E-02  3.3451632E-02
   19.0000  4.4547702E-02  2.7080588E-02  3.4042757E-02
   19.2500  4.4379842E-02  2.7576803E-02  3.4566169E-02
   19.5000  4.4144415E-02  2.8129137E-02  3.5002923E-02
   19.7500  4.3828761E-02  2.8728972E-02  3.5338394E-02
   20.0000  4.3425621E-02  2.9368254E-02  3.5562816E-02
   21.0000  4.1038082E-02  3.2200253E-02  3.5352186E-02
   22.0000  3.8414101E-02  3.5257050E-02  3.4104546E-02
   23.0000  3.6882771E-02  3.8137510E-02  3.3160374E-02
   24.0000  3.6488867E-02  4.0071537E-02  3.2973537E-02
   25.0000  3.6675928E-02  4.0388591E-02  3.3293531E-02
   26.0000  3.6949430E-02  3.9214800E-02  3.3705104E-02
   27.0000  3.6652378E-02  3.7222772E-02  3.3634229E-02
   28.0000  3.5958939E-02  3.5265643E-02  3.3338200E-02
   29.0000  3.4570790E-02  3.3531096E-02  3.2739343E-02
   30.0000  3.2669395E-02  3.2081254E-02  3.1992169E-02
   31.0000  3.0541347E-02  3.0870842E-02  3.1175633E-02
   32.0000  2.8459260E-02  2.9838659E-02  3.0317431E-02
   33.0000  2.6591866E-02  2.8922077E-02  2.9428486E-02
   34.0000  2.4986247E-02  2.8063191E-02  2.8512684E-02
   35.0000  2.3609857E-02  2.7218669E-02  2.7569346E-02
   36.0000  2.2396724E-02  2.6360208E-02  2.6604875E-02
   37.0000  2.1297370E-02  2.5476723E-02  2.5640953E-02
   38.0000  2.0309025E-02  2.4565368E-02  2.4705468E-02
   39.0000  1.9434576E-02  2.3617898E-02  2.3773103E-02
   40.0000  1.8623819E-02  2.2632255E-02  2.2731612E-02
