  7709.000   27  1  1  1.9222038E-02 -4.6887347E+00 -2.7310222E-01  1  1  7.5662103E+03  8.0000000E+03  0.0000000E+00  1.1792254E+00  1.0000000E+00  0.0000000E+00  = E_edge, Z, n_edge, j_edge, Abs_before_edge, VO_interstitial, E_cut, ninit, ninit1, Epsii, UnitCell_Volume, Surface_ref, f0_forward, natomsym_f, abs_u_iso
    Energy   (100,001)      (010,001)      (001,110)   
  -25.0000  5.0837723E-09  1.4435663E-09  7.2224292E-10
  -24.0000  1.3293158E-08  3.7011948E-09  1.6500279E-09
  -23.0000  4.0764909E-08  1.1285787E-08  4.2557799E-09
  -22.0000  1.6485931E-07  4.7197644E-08  1.3464406E-08
  -21.0000  1.2828543E-06  4.6228918E-07  6.9392858E-08
  -20.0000  6.2197859E-04  6.2878369E-06  1.8663144E-05
  -19.0000  8.5144513E-06  1.0506903E-04  2.0532605E-04
  -18.0000  2.4229889E-06  8.3760933E-07  9.1657877E-07
  -17.0000  2.9672755E-06  7.7389144E-07  4.9799165E-07
  -16.0000  7.0673936E-06  1.6316653E-06  6.7002362E-07
  -15.0000  6.1917199E-04  1.2545302E-05  2.1766214E-05
  -14.0000  1.7068408E-05  3.0763901E-05  2.4029901E-05
  -13.0000  1.0351703E-06  2.8950733E-06  4.0753360E-06
  -12.0000  5.3488838E-06  1.6150472E-05  5.8204941E-05
  -11.0000  1.6971469E-05  1.6402462E-05  2.0978942E-05
  -10.0000  1.9266225E-04  5.5396283E-05  2.4970783E-05
  -9.00000  4.8135361E-02  9.6196418E-04  4.5713408E-03
  -8.00000  1.6239113E-04  3.5194349E-05  1.4195939E-05
  -7.00000  4.9606135E-03  3.1165252E-04  1.4377351E-04
  -6.00000  5.6020757E-04  3.2262390E-04  1.6148120E-04
  -5.00000  4.3338171E-03  9.5471139E-04  8.5773211E-03
  -4.00000  5.7448112E-03  7.5223709E-04  3.3499472E-03
  -3.00000  5.3695187E-02  1.4547171E-02  5.1540833E-02
  -2.00000  1.2434839E-03  3.0181813E-03  1.5283018E-03
  -1.00000  7.1890553E-04  9.4433054E-04  6.3783733E-04
   0.00000  2.0056817E-03  1.3949885E-03  1.7264913E-03
   1.00000  6.7667314E-04  4.6017785E-04  4.5803287E-04
   2.00000  3.7801409E-04  5.1967485E-04  2.9507966E-04
   3.00000  4.9411544E-04  7.6369017E-04  4.0645844E-04
   4.00000  7.5226809E-04  1.2460245E-03  6.5111910E-04
   5.00000  1.1847450E-03  2.3520974E-03  1.2363205E-03
   5.20000  1.2829490E-03  2.7368975E-03  1.4333028E-03
   5.40000  1.3784414E-03  3.2167027E-03  1.6735890E-03
   5.60000  1.4699841E-03  3.8254833E-03  1.9716552E-03
   5.80000  1.5657064E-03  4.6082673E-03  2.3487707E-03
   6.00000  1.7002274E-03  5.6402708E-03  2.8390022E-03
   6.20000  1.9564879E-03  6.9995867E-03  3.4780409E-03
   6.40000  2.4250116E-03  8.7059950E-03  4.2962346E-03
   6.60000  3.0207950E-03  1.0723918E-02  5.3514531E-03
   6.80000  3.5199494E-03  1.3106124E-02  6.8266670E-03
   7.00000  3.8600488E-03  1.6075037E-02  9.0117905E-03
   7.20000  4.1280427E-03  1.9877513E-02  1.2130391E-02
   7.40000  4.4002023E-03  2.4503757E-02  1.5932509E-02
   7.60000  4.7040943E-03  2.9426310E-02  1.9037488E-02
   7.80000  5.0404593E-03  3.3479272E-02  1.9574701E-02
   8.00000  5.3957237E-03  3.5409740E-02  1.7489623E-02
   8.20000  5.7640749E-03  3.5633688E-02  1.4475170E-02
   8.40000  6.1604667E-03  3.6303455E-02  1.1881326E-02
   8.60000  6.6027199E-03  3.9036085E-02  1.0095428E-02
   8.80000  7.0733953E-03  4.3195920E-02  9.0271138E-03
   9.00000  7.5164242E-03  4.5419385E-02  8.4945451E-03
   9.20000  7.9280482E-03  4.2460444E-02  8.3688067E-03
   9.40000  8.4265287E-03  3.5490118E-02  8.6199221E-03
   9.60000  9.1502196E-03  2.8052512E-02  9.2756652E-03
   9.80000  1.0176761E-02  2.2086811E-02  1.0374066E-02
   10.0000  1.1549477E-02  1.7832920E-02  1.1960361E-02
   10.2500  1.3824402E-02  1.4411825E-02  1.4733479E-02
   10.5000  1.6821748E-02  1.2469325E-02  1.8558144E-02
   10.7500  2.0624699E-02  1.1559799E-02  2.3648471E-02
   11.0000  2.5183057E-02  1.1439681E-02  3.0154013E-02
   11.2500  3.0128465E-02  1.2000096E-02  3.7926196E-02
   11.5000  3.5001421E-02  1.3431984E-02  4.6522569E-02
   11.7500  3.7832345E-02  1.5237170E-02  5.2905178E-02
   12.0000  3.8697904E-02  1.7972565E-02  5.6993575E-02
   12.2500  3.7493077E-02  2.1634592E-02  5.8313969E-02
   12.5000  3.5521764E-02  2.6502761E-02  5.7203732E-02
   12.7500  3.3768327E-02  3.2736070E-02  5.4799559E-02
   13.0000  3.2678410E-02  4.0235471E-02  5.1986649E-02
   13.2500  3.2270985E-02  4.8318265E-02  4.9255203E-02
   13.5000  3.2377513E-02  5.5518078E-02  4.6807320E-02
   13.7500  3.2811675E-02  6.0022864E-02  4.4677183E-02
   14.0000  3.4467515E-02  6.0263985E-02  4.2856605E-02
   14.2500  3.5188063E-02  5.7446154E-02  4.0897605E-02
   14.5000  3.5937047E-02  5.3027025E-02  3.9089166E-02
   14.7500  3.6706496E-02  4.8244498E-02  3.7440146E-02
   15.0000  3.7493255E-02  4.3801160E-02  3.5963595E-02
   15.2500  3.8294175E-02  3.9971872E-02  3.4672642E-02
   15.5000  3.9106044E-02  3.6795392E-02  3.3578842E-02
   15.7500  3.9915802E-02  3.4212453E-02  3.2685650E-02
   16.0000  4.0706058E-02  3.2137981E-02  3.1999181E-02
   16.2500  4.1450735E-02  3.0489460E-02  3.1521631E-02
   16.5000  4.2118579E-02  2.9197849E-02  3.1248381E-02
   16.7500  4.2680473E-02  2.8205776E-02  3.1167598E-02
   17.0000  4.3117818E-02  2.7467616E-02  3.1262545E-02
   17.2500  4.3425891E-02  2.6946335E-02  3.1510084E-02
   17.5000  4.3616616E-02  2.6611241E-02  3.1884853E-02
   17.7500  4.3715002E-02  2.6436806E-02  3.2359705E-02
   18.0000  4.3751440E-02  2.6401560E-02  3.2908280E-02
   18.2500  4.3754332E-02  2.6486527E-02  3.3505534E-02
   18.5000  4.3744675E-02  2.6676289E-02  3.4129614E-02
   18.7500  4.3733124E-02  2.6957038E-02  3.4759906E-02
   19.0000  4.3722144E-02  2.7316743E-02  3.5376555E-02
   19.2500  4.3703438E-02  2.7743788E-02  3.5955691E-02
   19.5000  4.3667753E-02  2.8229683E-02  3.6477599E-02
   19.7500  4.3600853E-02  2.8766871E-02  3.6921279E-02
   20.0000  4.3487383E-02  2.9348836E-02  3.7265691E-02
   21.0000  4.2294015E-02  3.2028919E-02  3.7351620E-02
   22.0000  4.0065034E-02  3.5062115E-02  3.5679139E-02
   23.0000  3.8179429E-02  3.7995717E-02  3.4045306E-02
   24.0000  3.7223018E-02  4.0050538E-02  3.3486523E-02
   25.0000  3.6898535E-02  4.0566965E-02  3.3725910E-02
   26.0000  3.7009248E-02  3.9620681E-02  3.4252535E-02
   27.0000  3.7400101E-02  3.7883350E-02  3.4615645E-02
   28.0000  3.7474259E-02  3.5884689E-02  3.4386649E-02
   29.0000  3.7276769E-02  3.4127159E-02  3.3896443E-02
   30.0000  3.6363926E-02  3.2615790E-02  3.3154084E-02
   31.0000  3.4835812E-02  3.1333484E-02  3.2295126E-02
   32.0000  3.2982009E-02  3.0237260E-02  3.1396840E-02
   33.0000  3.1087824E-02  2.9271286E-02  3.0479541E-02
   34.0000  2.9319892E-02  2.8381360E-02  2.9556500E-02
   35.0000  2.7729758E-02  2.7517528E-02  2.8635243E-02
   36.0000  2.6281104E-02  2.6636931E-02  2.7727147E-02
   37.0000  2.4898111E-02  2.5715804E-02  2.6856279E-02
   38.0000  2.3514897E-02  2.4749243E-02  2.6049476E-02
   39.0000  2.2127644E-02  2.3744998E-02  2.5299072E-02
   40.0000  2.0786883E-02  2.2715040E-02  2.4496313E-02
