  7709.000   27  1  1  1.9222038E-02 -4.4978159E+00 -2.7338025E-01  1  1  7.5664235E+03  8.0000000E+03  0.0000000E+00  1.1792254E+00  1.0000000E+00  0.0000000E+00  = E_edge, Z, n_edge, j_edge, Abs_before_edge, VO_interstitial, E_cut, ninit, ninit1, Epsii, UnitCell_Volume, Surface_ref, f0_forward, natomsym_f, abs_u_iso
    Energy   (100,001)      (010,001)      (001,110)   
  -25.0000  4.2085866E-09  1.1606312E-09  9.0595920E-10
  -24.0000  1.0976754E-08  2.8464568E-09  2.1880137E-09
  -23.0000  3.3772716E-08  8.1706954E-09  6.1992546E-09
  -22.0000  1.3954762E-07  3.1262273E-08  2.3571042E-08
  -21.0000  1.2209746E-06  2.6710478E-07  1.9817717E-07
  -20.0000  1.0757750E-04  1.3808745E-06  2.3368164E-05
  -19.0000  2.4690373E-06  1.1471867E-05  1.9954967E-05
  -18.0000  1.4799666E-06  5.8707875E-07  5.2085282E-07
  -17.0000  1.8312814E-06  4.8760238E-07  4.3323754E-07
  -16.0000  4.5620261E-06  7.8104245E-07  1.0831552E-06
  -15.0000  3.6313133E-04  1.2988788E-04  4.1019127E-05
  -14.0000  3.8116440E-06  5.1219989E-06  5.0573788E-06
  -13.0000  1.4473634E-06  1.8296416E-06  3.3079195E-06
  -12.0000  1.9949947E-05  2.5683223E-05  1.5161477E-04
  -11.0000  1.8881832E-05  7.3085535E-06  1.0435330E-05
  -10.0000  3.0516762E-04  1.1052007E-04  2.8479018E-05
  -9.00000  1.7323003E-04  1.3543914E-04  1.5843755E-04
  -8.00000  5.4690095E-05  1.9248116E-05  2.2046197E-05
  -7.00000  6.7116120E-04  1.4963877E-04  2.9944556E-04
  -6.00000  4.3093642E-04  2.0545446E-04  1.6799825E-04
  -5.00000  1.0994602E-03  3.1834710E-04  1.0679325E-03
  -4.00000  2.6918274E-03  3.0586109E-03  2.2899488E-03
  -3.00000  1.7330895E-03  4.9357969E-03  1.2570995E-03
  -2.00000  5.5801453E-04  1.0361547E-03  5.4232834E-04
  -1.00000  3.4615038E-04  6.0783149E-04  2.5273876E-04
   0.00000  2.7273922E-03  1.0210632E-02  1.2330632E-02
   1.00000  6.0407560E-04  6.1861078E-04  7.1396870E-04
   2.00000  5.5585533E-04  6.4673257E-04  5.5378907E-04
   3.00000  7.5393421E-04  9.1394213E-04  6.5258631E-04
   4.00000  1.1840542E-03  1.4036194E-03  9.3898946E-04
   5.00000  2.0054152E-03  2.2674479E-03  1.6348046E-03
   5.20000  2.2399500E-03  2.5277744E-03  1.8663853E-03
   5.40000  2.5021468E-03  2.8352111E-03  2.1452465E-03
   5.60000  2.7925758E-03  3.2035035E-03  2.4831230E-03
   5.80000  3.1134859E-03  3.6558292E-03  2.8975386E-03
   6.00000  3.4775119E-03  4.2333719E-03  3.4157626E-03
   6.20000  3.9250707E-03  5.0010672E-03  4.0805659E-03
   6.40000  4.5094654E-03  6.0210812E-03  4.9607902E-03
   6.60000  5.2134800E-03  7.2818188E-03  6.1561114E-03
   6.80000  5.9958507E-03  8.7155293E-03  7.7940301E-03
   7.00000  6.9145527E-03  1.0280623E-02  1.0016717E-02
   7.20000  8.1017902E-03  1.1949305E-02  1.2874629E-02
   7.40000  9.6647432E-03  1.3577974E-02  1.6000042E-02
   7.60000  1.1690558E-02  1.5087529E-02  1.8309239E-02
   7.80000  1.4205543E-02  1.6432171E-02  1.8639892E-02
   8.00000  1.7202244E-02  1.7695460E-02  1.7123643E-02
   8.20000  2.0706472E-02  1.8960681E-02  1.4980327E-02
   8.40000  2.4595414E-02  2.0309254E-02  1.3210830E-02
   8.60000  2.7980418E-02  2.2003458E-02  1.2159059E-02
   8.80000  2.8840404E-02  2.4497221E-02  1.1838336E-02
   9.00000  2.7214375E-02  2.7983347E-02  1.2160954E-02
   9.20000  2.5005970E-02  3.2358131E-02  1.3127770E-02
   9.40000  2.3753307E-02  3.7466157E-02  1.4755041E-02
   9.60000  2.3719967E-02  4.3088844E-02  1.7087338E-02
   9.80000  2.4744117E-02  4.8868507E-02  2.0194346E-02
   10.0000  2.6673446E-02  5.4382522E-02  2.4150600E-02
   10.2500  3.0227821E-02  6.0313281E-02  3.0364524E-02
   10.5000  3.4873297E-02  6.4697780E-02  3.7920671E-02
   10.7500  4.0120806E-02  6.7372264E-02  4.6360077E-02
   11.0000  4.4903442E-02  6.8546014E-02  5.4534928E-02
   11.2500  4.7790862E-02  6.8665733E-02  6.0705019E-02
   11.5000  4.7731131E-02  6.7825258E-02  6.3707945E-02
   11.7500  4.5909746E-02  6.6314811E-02  6.3430411E-02
   12.0000  4.3337963E-02  6.3508658E-02  6.1031608E-02
   12.2500  4.1239232E-02  5.9398525E-02  5.7561600E-02
   12.5000  3.9237147E-02  5.4687099E-02  5.3707447E-02
   12.7500  3.7649925E-02  4.9884085E-02  4.9778826E-02
   13.0000  3.6352815E-02  4.5410948E-02  4.5982448E-02
   13.2500  3.5257010E-02  4.1460090E-02  4.2462765E-02
   13.5000  3.4330794E-02  3.8066434E-02  3.9319009E-02
   13.7500  3.3575479E-02  3.5191366E-02  3.6604139E-02
   14.0000  3.2927288E-02  3.3162991E-02  3.3883447E-02
   14.2500  3.2523157E-02  3.1193434E-02  3.2057633E-02
   14.5000  3.2304199E-02  2.9546710E-02  3.0626576E-02
   14.7500  3.2254760E-02  2.8182978E-02  2.9544837E-02
   15.0000  3.2351314E-02  2.7070235E-02  2.8767285E-02
   15.2500  3.2565586E-02  2.6180796E-02  2.8251772E-02
   15.5000  3.2869338E-02  2.5491829E-02  2.7961413E-02
   15.7500  3.3220113E-02  2.4978313E-02  2.7858563E-02
   16.0000  3.3582274E-02  2.4619553E-02  2.7915410E-02
   16.2500  3.3919980E-02  2.4395040E-02  2.8104383E-02
   16.5000  3.4203062E-02  2.4284628E-02  2.8401716E-02
   16.7500  3.4413416E-02  2.4268192E-02  2.8784845E-02
   17.0000  3.4548068E-02  2.4326618E-02  2.9233278E-02
   17.2500  3.4621800E-02  2.4442856E-02  2.9732550E-02
   17.5000  3.4662361E-02  2.4599881E-02  3.0272733E-02
   17.7500  3.4702780E-02  2.4782841E-02  3.0848032E-02
   18.0000  3.4775419E-02  2.4979323E-02  3.1456900E-02
   18.2500  3.4906134E-02  2.5180082E-02  3.2099520E-02
   18.5000  3.5111158E-02  2.5379941E-02  3.2778351E-02
   18.7500  3.5396823E-02  2.5577253E-02  3.3493364E-02
   19.0000  3.5762723E-02  2.5774701E-02  3.4242505E-02
   19.2500  3.6201964E-02  2.5977686E-02  3.5014427E-02
   19.5000  3.6700279E-02  2.6193175E-02  3.5795820E-02
   19.7500  3.7236728E-02  2.6429370E-02  3.6564196E-02
   20.0000  3.7782668E-02  2.6694457E-02  3.7288845E-02
   21.0000  3.9301264E-02  2.8187905E-02  3.9009618E-02
   22.0000  3.8591839E-02  3.0502816E-02  3.7925914E-02
   23.0000  3.6678700E-02  3.3280601E-02  3.5450192E-02
   24.0000  3.5018356E-02  3.5616594E-02  3.3429673E-02
   25.0000  3.3841938E-02  3.6546382E-02  3.2160397E-02
   26.0000  3.3141945E-02  3.5734486E-02  3.1298774E-02
   27.0000  3.2925537E-02  3.3760998E-02  3.0617181E-02
   28.0000  3.2939205E-02  3.1473580E-02  2.9978101E-02
   29.0000  3.2951832E-02  2.9589912E-02  2.9530010E-02
   30.0000  3.2413684E-02  2.8275092E-02  2.9109745E-02
   31.0000  3.1264903E-02  2.7482926E-02  2.8686034E-02
   32.0000  2.9674173E-02  2.7069109E-02  2.8292177E-02
   33.0000  2.7861759E-02  2.6890244E-02  2.7995823E-02
   34.0000  2.6032888E-02  2.6828923E-02  2.7842104E-02
   35.0000  2.4358501E-02  2.6768521E-02  2.7785017E-02
   36.0000  2.2968646E-02  2.6591437E-02  2.7695554E-02
   37.0000  2.1949512E-02  2.6205733E-02  2.7421337E-02
   38.0000  2.1329475E-02  2.5585326E-02  2.6866990E-02
   39.0000  2.1062030E-02  2.4761265E-02  2.6016273E-02
   40.0000  2.1019340E-02  2.3802983E-02  2.4926216E-02
