  7709.000   27  1  1  1.9222038E-02 -4.8070692E+00 -2.7943697E-01  1  1  7.5661770E+03  8.0000000E+03  0.0000000E+00  1.1792254E+00  1.0000000E+00  0.0000000E+00  = E_edge, Z, n_edge, j_edge, Abs_before_edge, VO_interstitial, E_cut, ninit, ninit1, Epsii, UnitCell_Volume, Surface_ref, f0_forward, natomsym_f, abs_u_iso
    Energy   (100,001)      (010,001)      (001,110)   
  -25.0000  4.9338392E-09  1.4665404E-09  7.1137531E-10
  -24.0000  1.2832720E-08  3.7269034E-09  1.6335632E-09
  -23.0000  3.9012912E-08  1.1193351E-08  4.2504269E-09
  -22.0000  1.5525359E-07  4.5427381E-08  1.3671180E-08
  -21.0000  1.1673198E-06  4.0671902E-07  7.2933489E-08
  -20.0000  1.0699223E-03  4.3464773E-05  5.2247863E-05
  -19.0000  6.2210895E-06  2.7279394E-05  4.7343749E-05
  -18.0000  2.6005503E-06  1.1291798E-06  1.0341326E-06
  -17.0000  3.1147438E-06  9.4071831E-07  5.2736976E-07
  -16.0000  7.4341786E-06  1.9627648E-06  7.4136311E-07
  -15.0000  8.9716112E-04  2.9324054E-05  3.3845231E-05
  -14.0000  4.4178100E-05  5.3038222E-05  6.4437449E-05
  -13.0000  1.0981746E-06  3.2275223E-06  4.3282992E-06
  -12.0000  1.0905718E-05  3.7604363E-05  8.7327730E-05
  -11.0000  1.7003758E-05  1.4038431E-05  2.1565158E-05
  -10.0000  2.2808555E-04  5.7161923E-05  2.9669119E-05
  -9.00000  2.7846723E-03  2.0613653E-04  3.1142757E-04
  -8.00000  1.4341491E-04  4.3517575E-05  1.3506152E-05
  -7.00000  3.3059554E-03  5.3426220E-04  2.5025751E-04
  -6.00000  5.5583059E-04  3.3119986E-04  1.3382171E-04
  -5.00000  1.2185804E-02  7.6895788E-04  1.1922114E-02
  -4.00000  5.4032163E-03  7.9125048E-04  3.2389179E-03
  -3.00000  4.4125774E-02  1.2345063E-02  4.3547000E-02
  -2.00000  1.7004618E-03  3.2060934E-03  2.5040423E-03
  -1.00000  7.6406616E-04  9.7445882E-04  7.1535465E-04
   0.00000  2.3577434E-03  1.6179089E-03  2.5240818E-03
   1.00000  7.5676424E-04  4.6749389E-04  3.5341523E-04
   2.00000  3.7846244E-04  5.0264551E-04  2.9899510E-04
   3.00000  4.9103425E-04  7.2899794E-04  4.2477518E-04
   4.00000  7.4268008E-04  1.1824293E-03  6.9860034E-04
   5.00000  1.1588712E-03  2.2490031E-03  1.3573131E-03
   5.20000  1.2535329E-03  2.6235659E-03  1.5787844E-03
   5.40000  1.3482058E-03  3.0927444E-03  1.8487562E-03
   5.60000  1.4475286E-03  3.6914605E-03  2.1824363E-03
   5.80000  1.5733891E-03  4.4702261E-03  2.5999108E-03
   6.00000  1.7795247E-03  5.4910451E-03  3.1219172E-03
   6.20000  2.1283439E-03  6.8068238E-03  3.7663363E-03
   6.40000  2.6064797E-03  8.4633112E-03  4.5794508E-03
   6.60000  3.1321259E-03  1.0505640E-02  5.6727458E-03
   6.80000  3.6123453E-03  1.2935253E-02  7.2317708E-03
   7.00000  3.9815225E-03  1.5841954E-02  9.4941128E-03
   7.20000  4.2705390E-03  1.9464862E-02  1.2668962E-02
   7.40000  4.5341031E-03  2.3778668E-02  1.6580626E-02
   7.60000  4.8208901E-03  2.8150944E-02  1.9844520E-02
   7.80000  5.1607766E-03  3.1342996E-02  2.0197548E-02
   8.00000  5.5654175E-03  3.2620949E-02  1.7561951E-02
   8.20000  6.0432672E-03  3.2990649E-02  1.4169296E-02
   8.40000  6.6065722E-03  3.4345100E-02  1.1477057E-02
   8.60000  7.2533443E-03  3.7769828E-02  9.7300641E-03
   8.80000  7.9203908E-03  4.2386047E-02  8.7673101E-03
   9.00000  8.4676479E-03  4.4789307E-02  8.4127965E-03
   9.20000  8.8351214E-03  4.1818439E-02  8.5551647E-03
   9.40000  9.1964644E-03  3.4858216E-02  9.1469949E-03
   9.60000  9.7809639E-03  2.7513051E-02  1.0188058E-02
   9.80000  1.0707380E-02  2.1639929E-02  1.1711832E-02
   10.0000  1.2024787E-02  1.7430310E-02  1.3782013E-02
   10.2500  1.4281444E-02  1.3991343E-02  1.7276678E-02
   10.5000  1.7288125E-02  1.1961412E-02  2.1968794E-02
   10.7500  2.1065165E-02  1.0893532E-02  2.8016629E-02
   11.0000  2.5438882E-02  1.0522791E-02  3.5347489E-02
   11.2500  2.9868676E-02  1.0705010E-02  4.3348780E-02
   11.5000  3.3444564E-02  1.1379935E-02  5.0696508E-02
   11.7500  3.5551898E-02  1.2775546E-02  5.5103329E-02
   12.0000  3.5829731E-02  1.4424274E-02  5.6827365E-02
   12.2500  3.4701639E-02  1.6837965E-02  5.6411019E-02
   12.5000  3.3227928E-02  2.0149906E-02  5.4524484E-02
   12.7500  3.2027162E-02  2.4616313E-02  5.2129310E-02
   13.0000  3.1351240E-02  3.0495850E-02  4.9751629E-02
   13.2500  3.1212335E-02  3.7853531E-02  4.7568558E-02
   13.5000  3.1510683E-02  4.6180821E-02  4.5575057E-02
   13.7500  3.2115559E-02  5.4033321E-02  4.3706190E-02
   14.0000  3.4150209E-02  5.9475846E-02  4.1567972E-02
   14.2500  3.5049565E-02  6.0198310E-02  3.9806549E-02
   14.5000  3.5983421E-02  5.7685055E-02  3.8138583E-02
   14.7500  3.6946464E-02  5.3430876E-02  3.6608780E-02
   15.0000  3.7936500E-02  4.8743833E-02  3.5250795E-02
   15.2500  3.8944655E-02  4.4362598E-02  3.4084458E-02
   15.5000  3.9951256E-02  4.0575877E-02  3.3114064E-02
   15.7500  4.0931540E-02  3.7432514E-02  3.2344359E-02
   16.0000  4.1854325E-02  3.4880758E-02  3.1774799E-02
   16.2500  4.2682840E-02  3.2842953E-02  3.1401211E-02
   16.5000  4.3376978E-02  3.1241442E-02  3.1213817E-02
   16.7500  4.3901739E-02  3.0008151E-02  3.1197723E-02
   17.0000  4.4237074E-02  2.9086080E-02  3.1332058E-02
   17.2500  4.4384708E-02  2.8429503E-02  3.1593351E-02
   17.5000  4.4370389E-02  2.7999985E-02  3.1956404E-02
   17.7500  4.4236817E-02  2.7765860E-02  3.2396530E-02
   18.0000  4.4034223E-02  2.7698372E-02  3.2892505E-02
   18.2500  4.3810364E-02  2.7772158E-02  3.3425551E-02
   18.5000  4.3601492E-02  2.7963192E-02  3.3979542E-02
   18.7500  4.3431754E-02  2.8249634E-02  3.4541644E-02
   19.0000  4.3306531E-02  2.8609874E-02  3.5091814E-02
   19.2500  4.3223012E-02  2.9026197E-02  3.5613746E-02
   19.5000  4.3169396E-02  2.9484177E-02  3.6088573E-02
   19.7500  4.3128253E-02  2.9974302E-02  3.6495583E-02
   20.0000  4.3078635E-02  3.0489748E-02  3.6812865E-02
   21.0000  4.2401420E-02  3.2777660E-02  3.6867160E-02
   22.0000  4.0666545E-02  3.5396200E-02  3.5244523E-02
   23.0000  3.8729076E-02  3.7973935E-02  3.3731143E-02
   24.0000  3.7327132E-02  3.9790863E-02  3.3322343E-02
   25.0000  3.6535206E-02  4.0227083E-02  3.3648973E-02
   26.0000  3.6335367E-02  3.9304603E-02  3.4158593E-02
   27.0000  3.6552747E-02  3.7653202E-02  3.4448396E-02
   28.0000  3.6624088E-02  3.5833115E-02  3.4179251E-02
   29.0000  3.6494061E-02  3.4292713E-02  3.3630998E-02
   30.0000  3.5739120E-02  3.2983412E-02  3.2827146E-02
   31.0000  3.4394087E-02  3.1843044E-02  3.1911884E-02
   32.0000  3.2696201E-02  3.0814989E-02  3.0969536E-02
   33.0000  3.0923198E-02  2.9868619E-02  3.0043278E-02
   34.0000  2.9257151E-02  2.8971828E-02  2.9151165E-02
   35.0000  2.7766476E-02  2.8089931E-02  2.8308254E-02
   36.0000  2.6426679E-02  2.7179423E-02  2.7525708E-02
   37.0000  2.5166360E-02  2.6210790E-02  2.6817177E-02
   38.0000  2.3898054E-02  2.5166120E-02  2.6182389E-02
   39.0000  2.2576159E-02  2.4054390E-02  2.5581192E-02
   40.0000  2.1219459E-02  2.2909173E-02  2.4887229E-02
