  7709.000   27  1  1  1.9222038E-02 -4.7437765E+00 -4.0067623E-01  1  1  7.5663315E+03  8.0000000E+03  0.0000000E+00  1.1792254E+00  1.0000000E+00  0.0000000E+00  = E_edge, Z, n_edge, j_edge, Abs_before_edge, VO_interstitial, E_cut, ninit, ninit1, Epsii, UnitCell_Volume, Surface_ref, f0_forward, natomsym_f, abs_u_iso
    Energy   (100,001)      (010,001)      (001,110)   
  -25.0000  5.0687877E-09  1.5609454E-09  7.7514360E-10
  -24.0000  1.3961046E-08  4.1205041E-09  1.8898434E-09
  -23.0000  4.7557743E-08  1.3449982E-08  5.5869244E-09
  -22.0000  2.5505274E-07  6.9791386E-08  2.5625258E-08
  -21.0000  2.1487655E-05  6.2287266E-06  2.1052027E-06
  -20.0000  1.3048435E-05  1.5984342E-06  1.7472485E-06
  -19.0000  2.3341529E-06  8.5784008E-06  1.9006863E-05
  -18.0000  1.1931696E-06  5.3052255E-07  3.4265440E-07
  -17.0000  1.6520515E-06  5.5165723E-07  2.4681458E-07
  -16.0000  6.3320633E-06  1.2693089E-06  5.4410518E-07
  -15.0000  5.9081903E-06  1.4296463E-05  6.2050711E-06
  -14.0000  4.0772198E-06  4.7631870E-06  5.9583592E-06
  -13.0000  1.9492716E-06  1.4979130E-06  1.8183854E-06
  -12.0000  6.3187149E-06  4.1233760E-06  6.9891717E-06
  -11.0000  2.9194095E-05  1.4067172E-05  1.3940684E-05
  -10.0000  1.5331515E-02  1.4767627E-02  2.9297285E-04
  -9.00000  6.8385175E-04  7.1533049E-05  1.8502316E-04
  -8.00000  5.2698687E-05  4.0393488E-05  1.3483436E-05
  -7.00000  1.1018772E-02  3.8999948E-04  1.5406671E-03
  -6.00000  3.5891790E-04  2.1628921E-04  8.8385576E-04
  -5.00000  4.6161284E-03  3.0463701E-02  1.9603902E-02
  -4.00000  1.9120245E-02  9.2176267E-03  4.0055270E-02
  -3.00000  3.1452329E-03  6.8369299E-03  2.0593750E-03
  -2.00000  2.0503289E-03  1.4284321E-03  1.8233917E-03
  -1.00000  4.6983489E-04  6.1228719E-04  2.6260265E-04
   0.00000  1.7079488E-02  5.0617884E-03  4.2774846E-03
   1.00000  5.4570635E-04  6.5150719E-04  6.8194014E-04
   2.00000  5.5088382E-04  6.3510694E-04  4.9849036E-04
   3.00000  7.4872441E-04  8.6031554E-04  5.8539535E-04
   4.00000  1.1759946E-03  1.3164850E-03  8.4223382E-04
   5.00000  1.9826958E-03  2.1612762E-03  1.4555516E-03
   5.20000  2.2052038E-03  2.4077415E-03  1.6510446E-03
   5.40000  2.4516600E-03  2.6892349E-03  1.8792472E-03
   5.60000  2.7241302E-03  3.0108586E-03  2.1451872E-03
   5.80000  3.0247336E-03  3.3783394E-03  2.4554970E-03
   6.00000  3.3570448E-03  3.7968179E-03  2.8169038E-03
   6.20000  3.7258670E-03  4.2731245E-03  3.2388592E-03
   6.40000  4.1379832E-03  4.8154401E-03  3.7328099E-03
   6.60000  4.6025245E-03  5.4327478E-03  4.3108167E-03
   6.80000  5.1327937E-03  6.1365725E-03  4.9844943E-03
   7.00000  5.7576795E-03  6.9520220E-03  5.7630935E-03
   7.20000  6.4920813E-03  7.8984305E-03  6.6460528E-03
   7.40000  7.3391416E-03  9.0091051E-03  7.6216973E-03
   7.60000  8.2876881E-03  1.0338725E-02  8.6899761E-03
   7.80000  9.2747718E-03  1.1971548E-02  9.9011950E-03
   8.00000  1.0285888E-02  1.3927432E-02  1.1340644E-02
   8.20000  1.1331831E-02  1.6148091E-02  1.3072814E-02
   8.40000  1.2400079E-02  1.8461676E-02  1.5058163E-02
   8.60000  1.3453890E-02  2.0547343E-02  1.7045729E-02
   8.80000  1.4515874E-02  2.2063017E-02  1.8606512E-02
   9.00000  1.5675406E-02  2.2900322E-02  1.9460178E-02
   9.20000  1.7013153E-02  2.3229475E-02  1.9731928E-02
   9.40000  1.8593748E-02  2.3252413E-02  1.9949654E-02
   9.60000  2.0455575E-02  2.3238227E-02  2.0502552E-02
   9.80000  2.2849358E-02  2.4193289E-02  2.1622292E-02
   10.0000  2.5448863E-02  2.4709887E-02  2.3490317E-02
   10.2500  2.9256938E-02  2.6049114E-02  2.6765133E-02
   10.5000  3.3707840E-02  2.8234873E-02  3.0854826E-02
   10.7500  3.8684672E-02  3.1152922E-02  3.5405431E-02
   11.0000  4.3850615E-02  3.4589603E-02  4.0066013E-02
   11.2500  4.8624960E-02  3.8349627E-02  4.4524732E-02
   11.5000  5.2268995E-02  4.2335799E-02  4.8415182E-02
   11.7500  5.4108848E-02  4.6495824E-02  5.1303861E-02
   12.0000  5.4040197E-02  5.0978304E-02  5.2474064E-02
   12.2500  5.2056564E-02  5.4887958E-02  5.2868445E-02
   12.5000  4.9667862E-02  5.7871265E-02  5.1444539E-02
   12.7500  4.6610897E-02  5.9817302E-02  5.0554530E-02
   13.0000  4.3825111E-02  6.0366012E-02  4.9382573E-02
   13.2500  4.1537495E-02  5.9520159E-02  4.7997926E-02
   13.5000  3.9958516E-02  5.7386018E-02  4.6578459E-02
   13.7500  3.8780087E-02  5.4343637E-02  4.4785970E-02
   14.0000  3.7991535E-02  5.1316487E-02  4.2781628E-02
   14.2500  3.7405942E-02  4.8023356E-02  4.0946942E-02
   14.5000  3.7057833E-02  4.4837956E-02  3.9309254E-02
   14.7500  3.6874122E-02  4.1891678E-02  3.7910734E-02
   15.0000  3.6790921E-02  3.9254505E-02  3.6764032E-02
   15.2500  3.6760813E-02  3.6953276E-02  3.5866196E-02
   15.5000  3.6735009E-02  3.4985065E-02  3.5193930E-02
   15.7500  3.6690031E-02  3.3330099E-02  3.4729075E-02
   16.0000  3.6608408E-02  3.1960058E-02  3.4448418E-02
   16.2500  3.6481775E-02  3.0842336E-02  3.4330957E-02
   16.5000  3.6306530E-02  2.9943524E-02  3.4355351E-02
   16.7500  3.6082881E-02  2.9232454E-02  3.4499201E-02
   17.0000  3.5814255E-02  2.8680731E-02  3.4740262E-02
   17.2500  3.5509050E-02  2.8262279E-02  3.5054323E-02
   17.5000  3.5180646E-02  2.7953187E-02  3.5418789E-02
   17.7500  3.4847133E-02  2.7733099E-02  3.5813662E-02
   18.0000  3.4530099E-02  2.7584640E-02  3.6223988E-02
   18.2500  3.4250286E-02  2.7492776E-02  3.6640657E-02
   18.5000  3.4025533E-02  2.7446495E-02  3.7059169E-02
   18.7500  3.3869153E-02  2.7438000E-02  3.7477119E-02
   19.0000  3.3789763E-02  2.7464051E-02  3.7894387E-02
   19.2500  3.3788506E-02  2.7521958E-02  3.8303208E-02
   19.5000  3.3864692E-02  2.7613764E-02  3.8696592E-02
   19.7500  3.4013441E-02  2.7741935E-02  3.9061278E-02
   20.0000  3.4227830E-02  2.7909659E-02  3.9378651E-02
   21.0000  3.5519207E-02  2.9021770E-02  3.9722927E-02
   22.0000  3.6729377E-02  3.0809235E-02  3.7941955E-02
   23.0000  3.6903965E-02  3.2997267E-02  3.4952049E-02
   24.0000  3.5452275E-02  3.4828701E-02  3.2335126E-02
   25.0000  3.4052275E-02  3.6378072E-02  3.1221924E-02
   26.0000  3.2655617E-02  3.6868769E-02  3.0804131E-02
   27.0000  3.1792560E-02  3.6058935E-02  3.0574880E-02
   28.0000  3.1653454E-02  3.4204948E-02  3.0253228E-02
   29.0000  3.1992294E-02  3.2010847E-02  2.9765900E-02
   30.0000  3.2337947E-02  3.0118899E-02  2.9142427E-02
   31.0000  3.2271442E-02  2.8787309E-02  2.8422494E-02
   32.0000  3.1628294E-02  2.7989403E-02  2.7655779E-02
   33.0000  3.0468140E-02  2.7580865E-02  2.6885731E-02
   34.0000  2.8943901E-02  2.7431802E-02  2.6163766E-02
   35.0000  2.7233535E-02  2.7415467E-02  2.5533334E-02
   36.0000  2.5489181E-02  2.7403761E-02  2.5010979E-02
   37.0000  2.3826950E-02  2.7268125E-02  2.4577080E-02
   38.0000  2.2325289E-02  2.6901607E-02  2.4180738E-02
   39.0000  2.1041581E-02  2.6257875E-02  2.3760774E-02
   40.0000  2.0024053E-02  2.5366144E-02  2.3286377E-02
