  7709.000   27  1  1  1.9222038E-02 -4.6981821E+00 -3.7645400E-01  1  1  7.5664302E+03  8.0000000E+03  0.0000000E+00  1.1792254E+00  1.0000000E+00  0.0000000E+00  = E_edge, Z, n_edge, j_edge, Abs_before_edge, VO_interstitial, E_cut, ninit, ninit1, Epsii, UnitCell_Volume, Surface_ref, f0_forward, natomsym_f, abs_u_iso
    Energy   (100,001)      (010,001)      (001,110)   
  -25.0000  3.8077789E-09  1.0752242E-09  8.0332083E-10
  -24.0000  9.6797404E-09  2.5778086E-09  1.8666632E-09
  -23.0000  2.8619695E-08  7.1413934E-09  4.9705837E-09
  -22.0000  1.0979480E-07  2.5495016E-08  1.6858296E-08
  -21.0000  7.7537289E-07  1.7180194E-07  1.0685964E-07
  -20.0000  3.9865162E-04  1.8550229E-05  3.2273039E-05
  -19.0000  6.3604021E-06  2.7244281E-05  7.4782353E-05
  -18.0000  1.6044148E-06  6.1632846E-07  5.7870151E-07
  -17.0000  1.6794529E-06  4.6056914E-07  3.8578667E-07
  -16.0000  3.1761519E-06  7.1258369E-07  6.9239384E-07
  -15.0000  4.3289008E-04  1.0851027E-03  4.0035051E-04
  -14.0000  4.7833951E-06  7.3106724E-06  6.2836651E-06
  -13.0000  1.5351244E-06  1.7739089E-06  2.3630790E-06
  -12.0000  5.2411231E-06  6.1970422E-06  1.3312867E-05
  -11.0000  2.2225112E-05  1.3434101E-05  1.6119194E-05
  -10.0000  2.0659569E-04  5.1083179E-05  1.3518172E-05
  -9.00000  1.3956439E-01  3.3040002E-02  3.6528890E-03
  -8.00000  8.1670038E-05  4.3946065E-05  1.8557346E-05
  -7.00000  2.3278968E-01  1.8480029E-03  9.1868997E-03
  -6.00000  5.4130503E-04  3.4465574E-04  1.3728684E-03
  -5.00000  6.5069774E-03  1.7687756E-03  3.8108947E-02
  -4.00000  2.2205299E-03  2.7961997E-03  2.0411469E-03
  -3.00000  5.6126405E-03  2.4499320E-02  3.7113626E-03
  -2.00000  1.1224322E-03  2.1410566E-03  1.4790916E-03
  -1.00000  4.6458729E-04  6.9834722E-04  2.9370016E-04
   0.00000  4.6244885E-03  8.7385398E-03  1.2579366E-03
   1.00000  5.0883345E-04  6.6055294E-04  6.1187252E-04
   2.00000  5.3160291E-04  6.4951401E-04  4.9178367E-04
   3.00000  7.4723084E-04  9.1763200E-04  6.2357143E-04
   4.00000  1.1863395E-03  1.4512690E-03  9.7860343E-04
   5.00000  1.9864424E-03  2.4751770E-03  1.9022176E-03
   5.20000  2.1984730E-03  2.7868625E-03  2.2268473E-03
   5.40000  2.4289364E-03  3.1520952E-03  2.6293347E-03
   5.60000  2.6815535E-03  3.5849050E-03  3.1338628E-03
   5.80000  2.9670114E-03  4.1085548E-03  3.7743371E-03
   6.00000  3.3111073E-03  4.7601279E-03  4.5941583E-03
   6.20000  3.7497740E-03  5.5942201E-03  5.6425800E-03
   6.40000  4.2855375E-03  6.6473553E-03  6.9494517E-03
   6.60000  4.8665159E-03  7.9134037E-03  8.4699406E-03
   6.80000  5.4641497E-03  9.4206549E-03  1.0103763E-02
   7.00000  6.0863173E-03  1.1197788E-02  1.1619874E-02
   7.20000  6.6786340E-03  1.3019998E-02  1.2462300E-02
   7.40000  7.1726036E-03  1.4390173E-02  1.2125412E-02
   7.60000  7.5814344E-03  1.5034971E-02  1.0942042E-02
   7.80000  8.0085337E-03  1.5272893E-02  9.6519871E-03
   8.00000  8.5714392E-03  1.5576957E-02  8.6764670E-03
   8.20000  9.3686536E-03  1.6144250E-02  8.1201777E-03
   8.40000  1.0507651E-02  1.6991934E-02  7.9709351E-03
   8.60000  1.2108599E-02  1.8178142E-02  8.1939467E-03
   8.80000  1.4226804E-02  1.9772651E-02  8.7546384E-03
   9.00000  1.6695259E-02  2.1594452E-02  9.6092042E-03
   9.20000  1.9047101E-02  2.3215146E-02  1.0657938E-02
   9.40000  2.0873795E-02  2.4116985E-02  1.1935195E-02
   9.60000  2.2279832E-02  2.4650507E-02  1.3442957E-02
   9.80000  2.3664718E-02  2.5331256E-02  1.5252494E-02
   10.0000  2.5371820E-02  2.6493797E-02  1.7424023E-02
   10.2500  2.9085290E-02  2.8850780E-02  2.1088992E-02
   10.5000  3.2718582E-02  3.1737964E-02  2.4976325E-02
   10.7500  3.7097582E-02  3.5383200E-02  2.9478659E-02
   11.0000  4.1859087E-02  3.9572961E-02  3.4538185E-02
   11.2500  4.6290905E-02  4.4138231E-02  3.9965827E-02
   11.5000  4.9478089E-02  4.8994015E-02  4.5374851E-02
   11.7500  5.0759577E-02  5.4147553E-02  5.0026587E-02
   12.0000  5.0172992E-02  5.8605421E-02  5.3926184E-02
   12.2500  4.8336480E-02  6.1904018E-02  5.6440092E-02
   12.5000  4.6042959E-02  6.3436091E-02  5.7459470E-02
   12.7500  4.3846893E-02  6.3020304E-02  5.7064385E-02
   13.0000  4.1984286E-02  6.0936101E-02  5.5494947E-02
   13.2500  4.0476889E-02  5.7716419E-02  5.3104609E-02
   13.5000  3.9308578E-02  5.3541201E-02  5.0058724E-02
   13.7500  3.8389255E-02  4.9921652E-02  4.7158433E-02
   14.0000  3.7526808E-02  4.6382929E-02  4.4286452E-02
   14.2500  3.6833306E-02  4.3110576E-02  4.1740731E-02
   14.5000  3.6292360E-02  4.0178882E-02  3.9573725E-02
   14.7500  3.5885880E-02  3.7613487E-02  3.7787757E-02
   15.0000  3.5592140E-02  3.5408921E-02  3.6358476E-02
   15.2500  3.5386832E-02  3.3543397E-02  3.5249968E-02
   15.5000  3.5248612E-02  3.1987475E-02  3.4425405E-02
   15.7500  3.5143403E-02  3.0703973E-02  3.3843483E-02
   16.0000  3.5050102E-02  2.9656825E-02  3.3473582E-02
   16.2500  3.4946010E-02  2.8810574E-02  3.3287508E-02
   16.5000  3.4813368E-02  2.8132223E-02  3.3259344E-02
   16.7500  3.4643305E-02  2.7594247E-02  3.3364096E-02
   17.0000  3.4436739E-02  2.7171231E-02  3.3576308E-02
   17.2500  3.4205317E-02  2.6843748E-02  3.3871766E-02
   17.5000  3.3971076E-02  2.6595720E-02  3.4228693E-02
   17.7500  3.3762422E-02  2.6415251E-02  3.4629081E-02
   18.0000  3.3606874E-02  2.6293328E-02  3.5060676E-02
   18.2500  3.3527742E-02  2.6224419E-02  3.5515954E-02
   18.5000  3.3541112E-02  2.6205716E-02  3.5991886E-02
   18.7500  3.3656298E-02  2.6236251E-02  3.6487026E-02
   19.0000  3.3877994E-02  2.6317765E-02  3.7001645E-02
   19.2500  3.4203871E-02  2.6452649E-02  3.7530425E-02
   19.5000  3.4631574E-02  2.6644198E-02  3.8067839E-02
   19.7500  3.5155280E-02  2.6895742E-02  3.8603498E-02
   20.0000  3.5765320E-02  2.7210051E-02  3.9123279E-02
   21.0000  3.8703828E-02  2.9098148E-02  4.0631135E-02
   22.0000  4.0890919E-02  3.1841659E-02  4.0227207E-02
   23.0000  4.0581704E-02  3.4934284E-02  3.7863405E-02
   24.0000  3.8673463E-02  3.7557990E-02  3.5230758E-02
   25.0000  3.6323999E-02  3.8706170E-02  3.3246543E-02
   26.0000  3.5066918E-02  3.8581044E-02  3.2306571E-02
   27.0000  3.4382006E-02  3.7004898E-02  3.1702507E-02
   28.0000  3.4124319E-02  3.4568580E-02  3.1134361E-02
   29.0000  3.3965172E-02  3.2041210E-02  3.0478629E-02
   30.0000  3.3509243E-02  2.9947701E-02  2.9697437E-02
   31.0000  3.2559081E-02  2.8441433E-02  2.8784683E-02
   32.0000  3.1179668E-02  2.7453662E-02  2.7782417E-02
   33.0000  2.9542213E-02  2.6843115E-02  2.6765007E-02
   34.0000  2.7803913E-02  2.6493817E-02  2.5837401E-02
   35.0000  2.6073703E-02  2.6301997E-02  2.5093361E-02
   36.0000  2.4415398E-02  2.6165193E-02  2.4564582E-02
   37.0000  2.2871948E-02  2.5975913E-02  2.4205964E-02
   38.0000  2.1487973E-02  2.5647936E-02  2.3916478E-02
   39.0000  2.0328163E-02  2.5150111E-02  2.3590894E-02
   40.0000  1.9447154E-02  2.4499843E-02  2.3154574E-02
