  7709.000   27  1  1  1.9222038E-02 -5.0051192E+00 -4.0139413E-01  1  1  7.5661599E+03  8.0000000E+03  0.0000000E+00  1.1792254E+00  1.0000000E+00  0.0000000E+00  = E_edge, Z, n_edge, j_edge, Abs_before_edge, VO_interstitial, E_cut, ninit, ninit1, Epsii, UnitCell_Volume, Surface_ref, f0_forward, natomsym_f, abs_u_iso
    Energy   (100,001)      (010,001)      (001,110)   
  -25.0000  5.5533492E-09  1.5227444E-09  1.0053139E-09
  -24.0000  1.5451907E-08  3.9820684E-09  2.5626444E-09
  -23.0000  5.3248114E-08  1.2827265E-08  8.0721079E-09
  -22.0000  2.8638309E-07  6.5140799E-08  4.0143473E-08
  -21.0000  1.9150173E-05  5.6178489E-06  2.6287615E-06
  -20.0000  5.8204758E-06  4.0935706E-07  2.0681526E-06
  -19.0000  1.4761573E-06  2.8723117E-06  5.8542320E-06
  -18.0000  1.2262486E-06  4.9267185E-07  3.6832926E-07
  -17.0000  1.7976839E-06  4.7610661E-07  3.3845241E-07
  -16.0000  6.0742451E-06  7.6793446E-07  1.1189675E-06
  -15.0000  1.6068933E-05  3.0948427E-05  1.4450880E-05
  -14.0000  3.4359802E-06  4.3785421E-06  5.1565822E-06
  -13.0000  1.4178413E-06  1.4731044E-06  2.3213208E-06
  -12.0000  5.9681119E-06  6.0708071E-06  1.5667853E-05
  -11.0000  2.3025408E-05  1.1131315E-05  2.0976711E-05
  -10.0000  4.9183120E-04  6.5887453E-03  1.5703590E-04
  -9.00000  1.3460142E-03  1.4487069E-04  8.6223770E-05
  -8.00000  4.6228419E-05  1.8679104E-05  6.6670797E-06
  -7.00000  6.9620726E-04  3.4565801E-04  1.9818241E-04
  -6.00000  3.5353358E-04  1.6672597E-04  2.5540551E-04
  -5.00000  4.3683867E-03  3.5340730E-03  5.5757008E-03
  -4.00000  2.2097551E-03  1.1167688E-02  6.0640420E-03
  -3.00000  4.5993287E-03  1.1266385E-02  8.7147060E-03
  -2.00000  2.4041309E-03  2.3167579E-03  3.0223219E-03
  -1.00000  5.2247920E-04  7.2670758E-04  2.5384481E-04
   0.00000  6.6792347E-04  7.6056242E-04  4.5937662E-04
   1.00000  8.5196647E-04  9.6306556E-04  1.2616839E-03
   2.00000  5.4199652E-04  6.5823486E-04  5.8151655E-04
   3.00000  6.6643440E-04  8.4608628E-04  6.0924587E-04
   4.00000  9.8761929E-04  1.2486972E-03  8.0836232E-04
   5.00000  1.5978190E-03  1.9201550E-03  1.2926796E-03
   5.20000  1.7613845E-03  2.1062303E-03  1.4436412E-03
   5.40000  1.9380190E-03  2.3151060E-03  1.6171889E-03
   5.60000  2.1265915E-03  2.5496671E-03  1.8152607E-03
   5.80000  2.3257429E-03  2.8133045E-03  2.0401899E-03
   6.00000  2.5339165E-03  3.1092025E-03  2.2944274E-03
   6.20000  2.7505402E-03  3.4399936E-03  2.5798070E-03
   6.40000  2.9772671E-03  3.8097893E-03  2.9001692E-03
   6.60000  3.2205289E-03  4.2242965E-03  3.2601704E-03
   6.80000  3.4968672E-03  4.6927394E-03  3.6647603E-03
   7.00000  3.8395548E-03  5.2306807E-03  4.1177915E-03
   7.20000  4.3030538E-03  5.8760248E-03  4.6230857E-03
   7.40000  4.9085909E-03  6.6562001E-03  5.1895387E-03
   7.60000  5.6219870E-03  7.6140843E-03  5.8425853E-03
   7.80000  6.3920559E-03  8.8435070E-03  6.6269604E-03
   8.00000  7.2238580E-03  1.0430918E-02  7.5885211E-03
   8.20000  8.1546337E-03  1.2564636E-02  8.7902313E-03
   8.40000  9.1882168E-03  1.5327651E-02  1.0308633E-02
   8.60000  1.0269101E-02  1.8570954E-02  1.2223192E-02
   8.80000  1.1313674E-02  2.1898629E-02  1.4598522E-02
   9.00000  1.2249224E-02  2.4736210E-02  1.7471101E-02
   9.20000  1.3085246E-02  2.6666918E-02  2.0836789E-02
   9.40000  1.3966561E-02  2.7762347E-02  2.4532722E-02
   9.60000  1.5126230E-02  2.8322417E-02  2.8041154E-02
   9.80000  1.6588215E-02  2.8413895E-02  3.0413250E-02
   10.0000  1.8588249E-02  2.9081639E-02  3.1322176E-02
   10.2500  2.1525767E-02  2.9224901E-02  3.0302796E-02
   10.5000  2.5016448E-02  3.0366182E-02  2.9187212E-02
   10.7500  2.9040926E-02  3.2912460E-02  2.9355681E-02
   11.0000  3.3557649E-02  3.6780784E-02  3.1045837E-02
   11.2500  3.8414689E-02  4.1589816E-02  3.3979701E-02
   11.5000  4.3310236E-02  4.6819472E-02  3.7816661E-02
   11.7500  4.7762353E-02  5.1985720E-02  4.2230477E-02
   12.0000  5.0874316E-02  5.6672780E-02  4.5453712E-02
   12.2500  5.2682192E-02  6.0960157E-02  4.9262920E-02
   12.5000  5.2043649E-02  6.4327535E-02  5.1986043E-02
   12.7500  5.0281348E-02  6.6204509E-02  5.3089301E-02
   13.0000  4.7752561E-02  6.6251144E-02  5.2685445E-02
   13.2500  4.5035353E-02  6.4442508E-02  5.1079800E-02
   13.5000  4.2509221E-02  6.1502288E-02  4.8921437E-02
   13.7500  4.0120675E-02  5.7352225E-02  4.6186124E-02
   14.0000  3.8245509E-02  5.2172789E-02  4.3170433E-02
   14.2500  3.6586215E-02  4.7999451E-02  4.0428604E-02
   14.5000  3.5355304E-02  4.4125745E-02  3.8003680E-02
   14.7500  3.4530852E-02  4.0656094E-02  3.5949839E-02
   15.0000  3.4070577E-02  3.7629282E-02  3.4272993E-02
   15.2500  3.3910719E-02  3.5045063E-02  3.2943691E-02
   15.5000  3.3983484E-02  3.2882781E-02  3.1925598E-02
   15.7500  3.4214897E-02  3.1108946E-02  3.1175500E-02
   16.0000  3.4535443E-02  2.9682339E-02  3.0652424E-02
   16.2500  3.4886023E-02  2.8559646E-02  3.0320232E-02
   16.5000  3.5220589E-02  2.7698554E-02  3.0147565E-02
   16.7500  3.5505320E-02  2.7059729E-02  3.0107460E-02
   17.0000  3.5718882E-02  2.6607529E-02  3.0175503E-02
   17.2500  3.5849024E-02  2.6310373E-02  3.0328800E-02
   17.5000  3.5893581E-02  2.6139547E-02  3.0546969E-02
   17.7500  3.5859574E-02  2.6068024E-02  3.0810955E-02
   18.0000  3.5763847E-02  2.6071957E-02  3.1107328E-02
   18.2500  3.5630802E-02  2.6128903E-02  3.1429113E-02
   18.5000  3.5488547E-02  2.6218468E-02  3.1775450E-02
   18.7500  3.5366185E-02  2.6324007E-02  3.2152703E-02
   19.0000  3.5289706E-02  2.6431150E-02  3.2567034E-02
   19.2500  3.5279453E-02  2.6531469E-02  3.3031316E-02
   19.5000  3.5348123E-02  2.6621191E-02  3.3555817E-02
   19.7500  3.5502769E-02  2.6699572E-02  3.4145543E-02
   20.0000  3.5744358E-02  2.6769255E-02  3.4801126E-02
   21.0000  3.7398924E-02  2.7094982E-02  3.7811743E-02
   22.0000  3.9064224E-02  2.7889564E-02  3.9836288E-02
   23.0000  3.9108322E-02  2.9520564E-02  3.8916640E-02
   24.0000  3.7889560E-02  3.1927055E-02  3.6338797E-02
   25.0000  3.5960259E-02  3.4242267E-02  3.4016368E-02
   26.0000  3.4816535E-02  3.6142775E-02  3.3074152E-02
   27.0000  3.3966542E-02  3.6604827E-02  3.2757759E-02
   28.0000  3.3600026E-02  3.5552242E-02  3.2614220E-02
   29.0000  3.3610713E-02  3.3636982E-02  3.2311974E-02
   30.0000  3.3682391E-02  3.1630179E-02  3.1773624E-02
   31.0000  3.3490479E-02  3.0002321E-02  3.1085759E-02
   32.0000  3.2865803E-02  2.8880883E-02  3.0336374E-02
   33.0000  3.1808727E-02  2.8184044E-02  2.9581282E-02
   34.0000  3.0412892E-02  2.7793639E-02  2.8860222E-02
   35.0000  2.8788572E-02  2.7601013E-02  2.8182139E-02
   36.0000  2.7069180E-02  2.7527175E-02  2.7566060E-02
   37.0000  2.5394386E-02  2.7494065E-02  2.7019633E-02
   38.0000  2.3876145E-02  2.7400437E-02  2.6511681E-02
   39.0000  2.2595396E-02  2.7134975E-02  2.5979562E-02
   40.0000  2.1598683E-02  2.6618238E-02  2.5363574E-02
