  7709.000   27  1  1  1.9222038E-02 -4.7789419E+00 -3.2082951E-01  1  1  7.5660956E+03  8.0000000E+03  0.0000000E+00  1.1792254E+00  1.0000000E+00  0.0000000E+00  = E_edge, Z, n_edge, j_edge, Abs_before_edge, VO_interstitial, E_cut, ninit, ninit1, Epsii, UnitCell_Volume, Surface_ref, f0_forward, natomsym_f, abs_u_iso
    Energy   (100,001)      (010,001)      (001,110)   
  -25.0000  3.8274813E-09  1.3370884E-09  7.4719448E-10
  -24.0000  1.0050503E-08  3.4875460E-09  1.7019566E-09
  -23.0000  3.1596942E-08  1.1142955E-08  4.3760402E-09
  -22.0000  1.4156048E-07  5.3805492E-08  1.3770605E-08
  -21.0000  2.4975608E-06  1.2609024E-06  7.3497517E-08
  -20.0000  1.2100957E-04  1.2751725E-05  8.5322541E-06
  -19.0000  1.0679341E-05  4.5897882E-06  2.3270887E-05
  -18.0000  1.5017397E-06  2.7801838E-07  7.4236274E-07
  -17.0000  1.6638071E-06  2.9329355E-07  5.9529497E-07
  -16.0000  4.1315226E-06  5.6283933E-07  1.5199415E-06
  -15.0000  5.9220181E-05  7.2942483E-05  1.9077367E-04
  -14.0000  4.2583292E-06  5.3647632E-06  6.2913693E-06
  -13.0000  1.4175230E-06  1.4716158E-06  2.3498863E-06
  -12.0000  5.6109093E-06  4.4320743E-06  1.6443033E-05
  -11.0000  1.8684967E-05  8.2420005E-06  1.0490752E-05
  -10.0000  3.4693274E-04  1.3578375E-04  2.4864177E-05
  -9.00000  2.4003138E-04  1.8010241E-04  2.6590500E-05
  -8.00000  5.9671458E-05  1.5336869E-05  1.1538464E-05
  -7.00000  9.0452930E-04  1.2858766E-04  2.1094123E-04
  -6.00000  3.3522140E-04  1.3154542E-04  1.8299325E-04
  -5.00000  1.2182310E-01  1.4543468E-01  1.5400851E-01
  -4.00000  3.6670773E-02  4.0771447E-03  3.5709990E-02
  -3.00000  5.1781018E-03  1.9553894E-02  2.4799446E-03
  -2.00000  9.1323956E-04  1.0658167E-03  6.9264945E-04
  -1.00000  4.4918040E-04  6.4558416E-04  2.3018111E-04
   0.00000  2.5204288E-03  9.4317066E-03  8.3365242E-03
   1.00000  7.2669783E-04  7.2541041E-04  6.5618841E-04
   2.00000  5.7942869E-04  6.6005588E-04  4.9883349E-04
   3.00000  7.4845099E-04  9.0225447E-04  5.7659698E-04
   4.00000  1.1256253E-03  1.3729307E-03  7.9572790E-04
   5.00000  1.7858463E-03  2.2037463E-03  1.2765863E-03
   5.20000  1.9592419E-03  2.4483018E-03  1.4244247E-03
   5.40000  2.1462919E-03  2.7306368E-03  1.5959959E-03
   5.60000  2.3459504E-03  3.0576087E-03  1.7956197E-03
   5.80000  2.5563447E-03  3.4375616E-03  2.0295248E-03
   6.00000  2.7758041E-03  3.8789015E-03  2.3044847E-03
   6.20000  3.0044216E-03  4.3939539E-03  2.6311016E-03
   6.40000  3.2492901E-03  5.0014829E-03  3.0238355E-03
   6.60000  3.5347982E-03  5.7347710E-03  3.5029378E-03
   6.80000  3.9074023E-03  6.6534952E-03  4.0926775E-03
   7.00000  4.4172832E-03  7.8101095E-03  4.8370268E-03
   7.20000  5.0671547E-03  9.2349122E-03  5.7860755E-03
   7.40000  5.8397649E-03  1.0924458E-02  6.9924880E-03
   7.60000  6.7255999E-03  1.2877248E-02  8.4846702E-03
   7.80000  7.6973124E-03  1.5097237E-02  1.0250058E-02
   8.00000  8.7052982E-03  1.7585169E-02  1.2298598E-02
   8.20000  9.7312252E-03  2.0254304E-02  1.4778325E-02
   8.40000  1.0801054E-02  2.2778630E-02  1.7937109E-02
   8.60000  1.1915164E-02  2.4587346E-02  2.1842789E-02
   8.80000  1.3009540E-02  2.5280900E-02  2.5893272E-02
   9.00000  1.4033173E-02  2.5248368E-02  2.8574360E-02
   9.20000  1.5003576E-02  2.5548286E-02  2.8641042E-02
   9.40000  1.6267435E-02  2.7114283E-02  2.6872046E-02
   9.60000  1.7941416E-02  3.0164971E-02  2.4743824E-02
   9.80000  2.0155196E-02  3.4535847E-02  2.3340098E-02
   10.0000  2.3324038E-02  3.9644878E-02  2.4002792E-02
   10.2500  2.7900030E-02  4.7085357E-02  2.5264815E-02
   10.5000  3.3707638E-02  5.4583373E-02  2.8363983E-02
   10.7500  4.0566596E-02  6.1160756E-02  3.3011721E-02
   11.0000  4.7837242E-02  6.6160755E-02  3.8722438E-02
   11.2500  5.4333934E-02  6.9403972E-02  4.4703003E-02
   11.5000  5.8605432E-02  7.0996370E-02  4.9895539E-02
   11.7500  5.9704207E-02  7.1022823E-02  5.3360573E-02
   12.0000  5.7985058E-02  6.9694971E-02  5.4668319E-02
   12.2500  5.4504559E-02  6.6302480E-02  5.4322080E-02
   12.5000  5.0233817E-02  6.1844469E-02  5.3235372E-02
   12.7500  4.6202204E-02  5.6909437E-02  5.1411599E-02
   13.0000  4.2677533E-02  5.1870221E-02  4.9083804E-02
   13.2500  3.9798466E-02  4.7080179E-02  4.6455973E-02
   13.5000  3.7545659E-02  4.2696310E-02  4.3504919E-02
   13.7500  3.5933706E-02  3.9191496E-02  4.0918855E-02
   14.0000  3.4676778E-02  3.5829404E-02  3.8106123E-02
   14.2500  3.3905307E-02  3.3666512E-02  3.6209326E-02
   14.5000  3.3560040E-02  3.1523347E-02  3.4480358E-02
   14.7500  3.3510217E-02  2.9766257E-02  3.3090289E-02
   15.0000  3.3678052E-02  2.8343290E-02  3.2008158E-02
   15.2500  3.3991691E-02  2.7208177E-02  3.1200316E-02
   15.5000  3.4378634E-02  2.6314901E-02  3.0628707E-02
   15.7500  3.4785016E-02  2.5627856E-02  3.0267649E-02
   16.0000  3.5166241E-02  2.5115005E-02  3.0093871E-02
   16.2500  3.5489884E-02  2.4749369E-02  3.0087104E-02
   16.5000  3.5734952E-02  2.4507053E-02  3.0225830E-02
   16.7500  3.5889744E-02  2.4367135E-02  3.0488833E-02
   17.0000  3.5952215E-02  2.4309589E-02  3.0853922E-02
   17.2500  3.5931200E-02  2.4316745E-02  3.1300103E-02
   17.5000  3.5844239E-02  2.4371636E-02  3.1809181E-02
   17.7500  3.5714853E-02  2.4460083E-02  3.2368800E-02
   18.0000  3.5568312E-02  2.4571703E-02  3.2971442E-02
   18.2500  3.5426964E-02  2.4699003E-02  3.3613981E-02
   18.5000  3.5308902E-02  2.4839559E-02  3.4294262E-02
   18.7500  3.5226461E-02  2.4993609E-02  3.5007930E-02
   19.0000  3.5189201E-02  2.5164950E-02  3.5748242E-02
   19.2500  3.5199425E-02  2.5358147E-02  3.6499190E-02
   19.5000  3.5260849E-02  2.5579878E-02  3.7242722E-02
   19.7500  3.5372357E-02  2.5836143E-02  3.7953830E-02
   20.0000  3.5528850E-02  2.6131782E-02  3.8601815E-02
   21.0000  3.6313186E-02  2.7762403E-02  3.9936410E-02
   22.0000  3.6406908E-02  3.0056680E-02  3.8661760E-02
   23.0000  3.5593946E-02  3.2627352E-02  3.6228836E-02
   24.0000  3.4720694E-02  3.4785075E-02  3.4409143E-02
   25.0000  3.3551182E-02  3.5702708E-02  3.3237020E-02
   26.0000  3.2640853E-02  3.5445572E-02  3.2711064E-02
   27.0000  3.1932387E-02  3.3909129E-02  3.2175120E-02
   28.0000  3.1812301E-02  3.1697776E-02  3.1487077E-02
   29.0000  3.2162244E-02  2.9556421E-02  3.0671726E-02
   30.0000  3.2491789E-02  2.7933754E-02  2.9781165E-02
   31.0000  3.2403893E-02  2.6877507E-02  2.8844888E-02
   32.0000  3.1765132E-02  2.6256915E-02  2.7911939E-02
   33.0000  3.0605898E-02  2.5937545E-02  2.7046444E-02
   34.0000  2.9062481E-02  2.5846077E-02  2.6319757E-02
   35.0000  2.7331796E-02  2.5912799E-02  2.5755971E-02
   36.0000  2.5613395E-02  2.6032542E-02  2.5306674E-02
   37.0000  2.4048100E-02  2.6064537E-02  2.4859196E-02
   38.0000  2.2716863E-02  2.5874650E-02  2.4296604E-02
   39.0000  2.1662275E-02  2.5408446E-02  2.3560154E-02
   40.0000  2.0885361E-02  2.4711493E-02  2.2676077E-02
