  7709.000   27  1  1  1.9222038E-02 -4.5779782E+00 -3.2850463E-01  1  1  7.5662516E+03  8.0000000E+03  0.0000000E+00  1.1792254E+00  1.0000000E+00  0.0000000E+00  = E_edge, Z, n_edge, j_edge, Abs_before_edge, VO_interstitial, E_cut, ninit, ninit1, Epsii, UnitCell_Volume, Surface_ref, f0_forward, natomsym_f, abs_u_iso
    Energy   (100,001)      (010,001)      (001,110)   
  -25.0000  4.6402260E-09  1.6112541E-09  6.8555685E-10
  -24.0000  1.2494566E-08  4.3339747E-09  1.5709949E-09
  -23.0000  4.0985931E-08  1.4507152E-08  4.1051975E-09
  -22.0000  2.0285631E-07  7.7010323E-08  1.3745373E-08
  -21.0000  7.2085199E-06  3.3484872E-06  1.7519634E-07
  -20.0000  1.3210131E-04  1.3758756E-05  2.0182181E-06
  -19.0000  4.3138037E-06  4.3099735E-06  1.7242230E-05
  -18.0000  1.5693175E-06  3.7663923E-07  5.2854551E-07
  -17.0000  1.8416367E-06  4.2518295E-07  3.8065300E-07
  -16.0000  4.5826750E-06  8.9408560E-07  6.9438549E-07
  -15.0000  4.3606606E-04  1.1874949E-04  2.8801587E-04
  -14.0000  1.1366070E-05  1.3151986E-05  1.4375220E-05
  -13.0000  1.6754459E-06  1.6758743E-06  2.1622519E-06
  -12.0000  6.0677178E-06  4.3383846E-06  1.0012865E-05
  -11.0000  2.6428652E-05  1.7392583E-05  3.0783519E-05
  -10.0000  4.0904931E-03  5.7359645E-04  2.2085230E-04
  -9.00000  3.2903304E-03  1.6457984E-02  4.7675545E-04
  -8.00000  4.1276851E-05  3.3921935E-05  1.0695058E-05
  -7.00000  2.0414946E-02  7.1562272E-04  2.8441846E-04
  -6.00000  4.7576638E-04  2.7570974E-04  6.4571055E-04
  -5.00000  4.3418211E-03  5.5670853E-04  6.4758208E-03
  -4.00000  9.5297418E-03  1.4687360E-03  6.2863927E-03
  -3.00000  9.3840811E-03  5.0971652E-02  4.3551065E-03
  -2.00000  1.2742793E-03  2.0993351E-03  1.3035249E-03
  -1.00000  4.9756533E-04  7.6591197E-04  3.2987297E-04
   0.00000  3.6346902E-03  1.4582893E-02  4.6192149E-03
   1.00000  5.3003197E-04  6.2636532E-04  6.9862112E-04
   2.00000  5.5493737E-04  6.3280498E-04  5.2895274E-04
   3.00000  7.7698237E-04  8.8114941E-04  6.4122253E-04
   4.00000  1.2305728E-03  1.3815487E-03  9.6370330E-04
   5.00000  2.0569204E-03  2.3581007E-03  1.7230493E-03
   5.20000  2.2835764E-03  2.6558992E-03  1.9653782E-03
   5.40000  2.5350766E-03  3.0042713E-03  2.2511429E-03
   5.60000  2.8139528E-03  3.4146658E-03  2.5897309E-03
   5.80000  3.1240002E-03  3.9014174E-03  2.9930653E-03
   6.00000  3.4712321E-03  4.4841401E-03  3.4768200E-03
   6.20000  3.8589721E-03  5.1814147E-03  4.0618008E-03
   6.40000  4.3086400E-03  6.0490140E-03  4.7738660E-03
   6.60000  4.8381351E-03  7.1335436E-03  5.6429658E-03
   6.80000  5.5017026E-03  8.5066986E-03  6.7018089E-03
   7.00000  6.4287466E-03  1.0248758E-02  7.9816875E-03
   7.20000  7.7544646E-03  1.2342395E-02  9.4922767E-03
   7.40000  9.4012008E-03  1.4601282E-02  1.1189466E-02
   7.60000  1.0950132E-02  1.6634105E-02  1.2988722E-02
   7.80000  1.2221262E-02  1.8240300E-02  1.4954943E-02
   8.00000  1.3620877E-02  1.9641354E-02  1.7241460E-02
   8.20000  1.5613114E-02  2.1052108E-02  1.9614662E-02
   8.40000  1.8357863E-02  2.2433187E-02  2.1304544E-02
   8.60000  2.1506917E-02  2.3495841E-02  2.1594465E-02
   8.80000  2.3992324E-02  2.3934681E-02  2.0590356E-02
   9.00000  2.4942117E-02  2.3410897E-02  1.9095989E-02
   9.20000  2.4473378E-02  2.2641518E-02  1.7842196E-02
   9.40000  2.3518035E-02  2.2324923E-02  1.7221961E-02
   9.60000  2.2847180E-02  2.2778381E-02  1.7365758E-02
   9.80000  2.2782827E-02  2.4003854E-02  1.8294293E-02
   10.0000  2.3384492E-02  2.5896830E-02  1.9990885E-02
   10.2500  2.5038972E-02  2.9014246E-02  2.3140839E-02
   10.5000  2.7612150E-02  3.2743071E-02  2.7308825E-02
   10.7500  3.0959046E-02  3.6851965E-02  3.2246160E-02
   11.0000  3.5232575E-02  4.0759038E-02  3.7711498E-02
   11.2500  3.8825680E-02  4.5096433E-02  4.2877604E-02
   11.5000  4.1677746E-02  4.9453328E-02  4.7315287E-02
   11.7500  4.3130586E-02  5.3632593E-02  5.0473199E-02
   12.0000  4.3037739E-02  5.7571520E-02  5.1940619E-02
   12.2500  4.1853890E-02  5.9848584E-02  5.1975596E-02
   12.5000  4.0087343E-02  6.1007684E-02  5.0761821E-02
   12.7500  3.8376895E-02  6.0380820E-02  4.9330249E-02
   13.0000  3.7008459E-02  5.8484166E-02  4.7564993E-02
   13.2500  3.6043735E-02  5.5668592E-02  4.5666706E-02
   13.5000  3.5423423E-02  5.2310971E-02  4.3761637E-02
   13.7500  3.5371167E-02  4.8496190E-02  4.1919000E-02
   14.0000  3.5138878E-02  4.5178935E-02  4.0162362E-02
   14.2500  3.5101648E-02  4.2067283E-02  3.8610639E-02
   14.5000  3.5148303E-02  3.9282771E-02  3.7354212E-02
   14.7500  3.5304186E-02  3.6843559E-02  3.6361315E-02
   15.0000  3.5545354E-02  3.4754120E-02  3.5618344E-02
   15.2500  3.5843646E-02  3.2998363E-02  3.5103039E-02
   15.5000  3.6174244E-02  3.1550183E-02  3.4791145E-02
   15.7500  3.6500043E-02  3.0376074E-02  3.4649831E-02
   16.0000  3.6795922E-02  2.9441943E-02  3.4655090E-02
   16.2500  3.7037610E-02  2.8714798E-02  3.4781536E-02
   16.5000  3.7205680E-02  2.8163242E-02  3.5004643E-02
   16.7500  3.7290326E-02  2.7757447E-02  3.5300192E-02
   17.0000  3.7292181E-02  2.7471279E-02  3.5645401E-02
   17.2500  3.7225409E-02  2.7282024E-02  3.6021095E-02
   17.5000  3.7113294E-02  2.7170780E-02  3.6412046E-02
   17.7500  3.6986395E-02  2.7123011E-02  3.6809457E-02
   18.0000  3.6875964E-02  2.7127975E-02  3.7209055E-02
   18.2500  3.6809751E-02  2.7179018E-02  3.7609360E-02
   18.5000  3.6809868E-02  2.7274205E-02  3.8010591E-02
   18.7500  3.6890744E-02  2.7415137E-02  3.8412107E-02
   19.0000  3.7059882E-02  2.7605132E-02  3.8809877E-02
   19.2500  3.7318502E-02  2.7847338E-02  3.9190118E-02
   19.5000  3.7664287E-02  2.8145882E-02  3.9540060E-02
   19.7500  3.8088436E-02  2.8503457E-02  3.9840738E-02
   20.0000  3.8574395E-02  2.8920735E-02  4.0068583E-02
   21.0000  4.0536586E-02  3.1126488E-02  3.9819670E-02
   22.0000  4.0704051E-02  3.3826276E-02  3.7463112E-02
   23.0000  3.8662669E-02  3.6275496E-02  3.4470565E-02
   24.0000  3.6350686E-02  3.7757698E-02  3.2335037E-02
   25.0000  3.4785196E-02  3.7937305E-02  3.1161966E-02
   26.0000  3.3975949E-02  3.6882533E-02  3.0517245E-02
   27.0000  3.3500337E-02  3.4890834E-02  2.9935818E-02
   28.0000  3.3540493E-02  3.2644027E-02  2.9484116E-02
   29.0000  3.3471104E-02  3.0550605E-02  2.9029430E-02
   30.0000  3.2949726E-02  2.8902822E-02  2.8553700E-02
   31.0000  3.1861320E-02  2.7749090E-02  2.8049203E-02
   32.0000  3.0310714E-02  2.6999497E-02  2.7541254E-02
   33.0000  2.8484307E-02  2.6532671E-02  2.7076229E-02
   34.0000  2.6561779E-02  2.6248919E-02  2.6700232E-02
   35.0000  2.4685206E-02  2.6053877E-02  2.6430619E-02
   36.0000  2.2957084E-02  2.5856637E-02  2.6227606E-02
   37.0000  2.1452870E-02  2.5586497E-02  2.6004023E-02
   38.0000  2.0242030E-02  2.5208769E-02  2.5664236E-02
   39.0000  1.9373838E-02  2.4705526E-02  2.5140695E-02
   40.0000  1.8853478E-02  2.4058099E-02  2.4413339E-02
