  7709.000   27  1  1  1.9222038E-02 -4.6549346E+00 -3.1254601E-01  1  1  7.5662117E+03  8.0000000E+03  0.0000000E+00  1.1792254E+00  1.0000000E+00  0.0000000E+00  = E_edge, Z, n_edge, j_edge, Abs_before_edge, VO_interstitial, E_cut, ninit, ninit1, Epsii, UnitCell_Volume, Surface_ref, f0_forward, natomsym_f, abs_u_iso
    Energy   (100,001)      (010,001)      (001,110)   
  -25.0000  4.1223656E-09  1.3720326E-09  7.8788188E-10
  -24.0000  1.0941854E-08  3.5749286E-09  1.8389193E-09
  -23.0000  3.5013982E-08  1.1440241E-08  4.9412912E-09
  -22.0000  1.6264353E-07  5.6187395E-08  1.7241735E-08
  -21.0000  3.6178721E-06  1.7189505E-06  1.7256231E-07
  -20.0000  3.7000784E-05  2.8237127E-06  3.1824235E-06
  -19.0000  2.5692636E-06  1.1032618E-06  4.1431117E-06
  -18.0000  1.1856170E-06  2.6994131E-07  4.9418161E-07
  -17.0000  1.4112856E-06  2.8718477E-07  4.5425689E-07
  -16.0000  3.5882441E-06  5.4925483E-07  1.2970198E-06
  -15.0000  1.0812218E-05  2.5710188E-05  2.6945748E-05
  -14.0000  3.1969024E-06  3.8973998E-06  4.6926421E-06
  -13.0000  1.6313725E-06  1.4867776E-06  2.0281041E-06
  -12.0000  6.5310010E-06  6.2477339E-06  1.7240071E-05
  -11.0000  1.9895103E-05  7.9786619E-06  1.0700840E-05
  -10.0000  3.9693795E-04  1.0297153E-04  3.7546925E-05
  -9.00000  5.3844212E-04  4.2353783E-05  1.1662336E-05
  -8.00000  4.1877739E-05  1.6981924E-05  1.1953666E-05
  -7.00000  5.9553723E-04  1.4240931E-04  1.0825818E-04
  -6.00000  3.5362389E-04  1.1966599E-04  2.6648313E-04
  -5.00000  4.4539152E-03  2.4477566E-03  2.3216210E-03
  -4.00000  1.1011960E-02  9.6586423E-03  2.7533205E-02
  -3.00000  4.3177717E-03  8.4418186E-03  1.7418817E-03
  -2.00000  8.9571334E-04  9.0965788E-04  6.7896066E-04
  -1.00000  3.9868762E-04  5.6192071E-04  2.1936026E-04
   0.00000  1.5596607E-03  3.9048034E-03  4.3415369E-03
   1.00000  6.2388621E-04  6.5997605E-04  6.6086179E-04
   2.00000  5.3028415E-04  6.2558409E-04  4.9190248E-04
   3.00000  6.9245951E-04  8.6431301E-04  5.6648125E-04
   4.00000  1.0516128E-03  1.3278123E-03  7.8389630E-04
   5.00000  1.7187911E-03  2.1164579E-03  1.2877546E-03
   5.20000  1.8992794E-03  2.3429195E-03  1.4482698E-03
   5.40000  2.0954018E-03  2.6027412E-03  1.6362590E-03
   5.60000  2.3057676E-03  2.9021853E-03  1.8558621E-03
   5.80000  2.5280916E-03  3.2488690E-03  2.1120557E-03
   6.00000  2.7591386E-03  3.6522255E-03  2.4112057E-03
   6.20000  2.9960598E-03  4.1226345E-03  2.7600615E-03
   6.40000  3.2387621E-03  4.6762131E-03  3.1686287E-03
   6.60000  3.4960169E-03  5.3384670E-03  3.6497102E-03
   6.80000  3.7973254E-03  6.1524307E-03  4.2206208E-03
   7.00000  4.1989269E-03  7.1797814E-03  4.9017158E-03
   7.20000  4.7658507E-03  8.4860395E-03  5.7082309E-03
   7.40000  5.5118307E-03  1.0073151E-02  6.6198854E-03
   7.60000  6.3917592E-03  1.1906100E-02  7.5645052E-03
   7.80000  7.3284627E-03  1.3936123E-02  8.5120183E-03
   8.00000  8.2887189E-03  1.6071879E-02  9.5588010E-03
   8.20000  9.2919059E-03  1.8161362E-02  1.0873895E-02
   8.40000  1.0369508E-02  2.0085891E-02  1.2627324E-02
   8.60000  1.1554278E-02  2.1685060E-02  1.4908664E-02
   8.80000  1.2853134E-02  2.3073492E-02  1.7688449E-02
   9.00000  1.4281513E-02  2.4540239E-02  2.0674248E-02
   9.20000  1.5865416E-02  2.6493319E-02  2.3237193E-02
   9.40000  1.7656378E-02  2.9269691E-02  2.4655994E-02
   9.60000  1.9745734E-02  3.3027038E-02  2.4812112E-02
   9.80000  2.2249578E-02  3.7769083E-02  2.4484148E-02
   10.0000  2.5410965E-02  4.3170470E-02  2.4567331E-02
   10.2500  3.0191709E-02  5.0825470E-02  2.6383956E-02
   10.5000  3.6164955E-02  5.8345278E-02  3.0137151E-02
   10.7500  4.3194233E-02  6.4598570E-02  3.5603248E-02
   11.0000  5.0600650E-02  6.8877838E-02  4.2223684E-02
   11.2500  5.7053406E-02  7.1228558E-02  4.9104556E-02
   11.5000  6.0944245E-02  7.2199521E-02  5.5068947E-02
   11.7500  6.1320972E-02  7.2197925E-02  5.8987062E-02
   12.0000  5.8660014E-02  7.1145097E-02  6.0307303E-02
   12.2500  5.4387217E-02  6.7962925E-02  5.9119854E-02
   12.5000  4.9856344E-02  6.3355301E-02  5.6779229E-02
   12.7500  4.5749892E-02  5.7769023E-02  5.3574156E-02
   13.0000  4.2356650E-02  5.2021895E-02  4.9982459E-02
   13.2500  3.9678486E-02  4.6703859E-02  4.6332561E-02
   13.5000  3.7619562E-02  4.2084909E-02  4.2855903E-02
   13.7500  3.6074744E-02  3.8212266E-02  3.9704800E-02
   14.0000  3.4888184E-02  3.5127529E-02  3.6635448E-02
   14.2500  3.4058567E-02  3.3149133E-02  3.4359921E-02
   14.5000  3.3600702E-02  3.1091490E-02  3.2458691E-02
   14.7500  3.3399405E-02  2.9409114E-02  3.0968165E-02
   15.0000  3.3406231E-02  2.8038868E-02  2.9843659E-02
   15.2500  3.3572210E-02  2.6931366E-02  2.9039710E-02
   15.5000  3.3854332E-02  2.6048656E-02  2.8515678E-02
   15.7500  3.4200397E-02  2.5357368E-02  2.8228255E-02
   16.0000  3.4569954E-02  2.4834555E-02  2.8147070E-02
   16.2500  3.4920766E-02  2.4460124E-02  2.8244207E-02
   16.5000  3.5213278E-02  2.4217071E-02  2.8493824E-02
   16.7500  3.5413675E-02  2.4089743E-02  2.8871596E-02
   17.0000  3.5496509E-02  2.4062963E-02  2.9353998E-02
   17.2500  3.5451555E-02  2.4121331E-02  2.9917931E-02
   17.5000  3.5287575E-02  2.4248989E-02  3.0542374E-02
   17.7500  3.5030368E-02  2.4429214E-02  3.1209498E-02
   18.0000  3.4716582E-02  2.4644091E-02  3.1905959E-02
   18.2500  3.4386294E-02  2.4877155E-02  3.2622769E-02
   18.5000  3.4077316E-02  2.5113143E-02  3.3355726E-02
   18.7500  3.3819670E-02  2.5341397E-02  3.4104160E-02
   19.0000  3.3634702E-02  2.5555204E-02  3.4868157E-02
   19.2500  3.3534382E-02  2.5752664E-02  3.5644556E-02
   19.5000  3.3526727E-02  2.5938391E-02  3.6432441E-02
   19.7500  3.3615158E-02  2.6121009E-02  3.7224001E-02
   20.0000  3.3798931E-02  2.6311427E-02  3.8005573E-02
   21.0000  3.5280863E-02  2.7386497E-02  4.0533413E-02
   22.0000  3.6780298E-02  2.9318952E-02  4.0685130E-02
   23.0000  3.6805872E-02  3.2041161E-02  3.8416784E-02
   24.0000  3.5619853E-02  3.4803389E-02  3.5973505E-02
   25.0000  3.3645043E-02  3.6319745E-02  3.4195732E-02
   26.0000  3.2307169E-02  3.6322621E-02  3.3282102E-02
   27.0000  3.1625826E-02  3.4617257E-02  3.2467658E-02
   28.0000  3.1708629E-02  3.2114827E-02  3.1567939E-02
   29.0000  3.2303070E-02  2.9806924E-02  3.0598751E-02
   30.0000  3.2901148E-02  2.8166846E-02  2.9622567E-02
   31.0000  3.3039584E-02  2.7180645E-02  2.8680221E-02
   32.0000  3.2550208E-02  2.6662840E-02  2.7814211E-02
   33.0000  3.1483670E-02  2.6451825E-02  2.7066046E-02
   34.0000  2.9971952E-02  2.6446979E-02  2.6477383E-02
   35.0000  2.8182767E-02  2.6580341E-02  2.6054771E-02
   36.0000  2.6305251E-02  2.6752320E-02  2.5733397E-02
   37.0000  2.4512114E-02  2.6821192E-02  2.5396735E-02
   38.0000  2.2931117E-02  2.6637940E-02  2.4927855E-02
   39.0000  2.1637918E-02  2.6115538E-02  2.4260124E-02
   40.0000  2.0650611E-02  2.5272792E-02  2.3395872E-02
