  7709.000   27  1  1  1.9222038E-02 -4.9414383E+00 -3.2711079E-01  1  1  7.5662547E+03  8.0000000E+03  0.0000000E+00  1.1792254E+00  1.0000000E+00  0.0000000E+00  = E_edge, Z, n_edge, j_edge, Abs_before_edge, VO_interstitial, E_cut, ninit, ninit1, Epsii, UnitCell_Volume, Surface_ref, f0_forward, natomsym_f, abs_u_iso
    Energy   (100,001)      (010,001)      (001,110)   
  -25.0000  6.9988185E-09  3.3911241E-10  8.8967059E-10
  -24.0000  1.8849596E-08  6.2345308E-10  2.0578907E-09
  -23.0000  6.0681436E-08  1.1980783E-09  5.3372693E-09
  -22.0000  2.7217859E-07  2.4534165E-09  1.6592615E-08
  -21.0000  3.1544547E-06  5.7764936E-09  7.6650232E-08
  -20.0000  2.6990435E-05  2.2494679E-08  8.6467470E-07
  -19.0000  3.1070863E-06  9.9694414E-08  7.2250661E-06
  -18.0000  2.0783283E-06  6.3576867E-08  7.2734704E-07
  -17.0000  2.4763307E-06  1.9556681E-07  4.8204395E-07
  -16.0000  4.6292294E-06  9.4742104E-07  5.6576881E-07
  -15.0000  2.7081251E-05  1.8296524E-05  2.6155130E-06
  -14.0000  1.1110847E-05  1.7966422E-05  2.4221650E-06
  -13.0000  3.4920936E-07  4.3266834E-06  6.8301806E-06
  -12.0000  6.2361407E-06  3.0319906E-06  2.5090432E-03
  -11.0000  3.1104432E-05  3.0478690E-06  1.5371567E-05
  -10.0000  7.4413448E-04  6.1782018E-06  1.2996929E-05
  -9.00000  6.6297120E-04  2.2533571E-05  8.7286170E-06
  -8.00000  1.5829365E-04  6.4648780E-05  3.9901905E-05
  -7.00000  2.5470956E-01  1.2684005E-03  4.9098592E-03
  -6.00000  6.9746241E-04  3.7041693E-05  1.3494328E-04
  -5.00000  7.8923672E-04  1.8803860E-04  3.0300775E-04
  -4.00000  7.0744669E-01  7.5787494E-04  1.9410002E-03
  -3.00000  1.0800404E-03  8.5160282E-02  4.8866149E-03
  -2.00000  5.3698603E-04  3.0437427E-03  5.3710531E-04
  -1.00000  2.9941063E-04  1.4065110E-03  1.9104948E-04
   0.00000  5.7808723E-04  1.1308784E-03  5.1170080E-04
   1.00000  6.2762329E-04  8.4501347E-04  3.9246282E-04
   2.00000  3.3181290E-04  9.3722754E-04  2.4683569E-04
   3.00000  4.3964616E-04  1.2419211E-03  3.5015921E-04
   4.00000  6.8227104E-04  2.0053905E-03  5.8208357E-04
   5.00000  1.0759129E-03  3.3811598E-03  1.1681776E-03
   5.20000  1.1684454E-03  3.7254730E-03  1.3956458E-03
   5.40000  1.2637749E-03  4.0978504E-03  1.6969290E-03
   5.60000  1.3612189E-03  4.5057038E-03  2.1042460E-03
   5.80000  1.4599289E-03  4.9615234E-03  2.6669178E-03
   6.00000  1.5597976E-03  5.4837137E-03  3.4577190E-03
   6.20000  1.6611598E-03  6.1014432E-03  4.5838987E-03
   6.40000  1.7649202E-03  6.8578610E-03  6.1944547E-03
   6.60000  1.8724254E-03  7.8190466E-03  8.4609373E-03
   6.80000  1.9911891E-03  9.0520649E-03  1.1521625E-02
   7.00000  2.1445924E-03  1.0560662E-02  1.5254407E-02
   7.20000  2.3827994E-03  1.2264654E-02  1.8934214E-02
   7.40000  2.7887700E-03  1.3865534E-02  2.1182747E-02
   7.60000  3.4099485E-03  1.5084543E-02  2.1032189E-02
   7.80000  4.1437474E-03  1.5949875E-02  1.8910345E-02
   8.00000  4.8302339E-03  1.6735872E-02  1.6028773E-02
   8.20000  5.4325483E-03  1.7718522E-02  1.3334913E-02
   8.40000  5.9952470E-03  1.9079338E-02  1.1228717E-02
   8.60000  6.5859036E-03  2.0941638E-02  9.7746494E-03
   8.80000  7.2665088E-03  2.3430166E-02  8.9117203E-03
   9.00000  8.0741812E-03  2.6695110E-02  8.5639505E-03
   9.20000  9.0289462E-03  3.0957861E-02  8.6837667E-03
   9.40000  1.0117070E-02  3.6523921E-02  9.2492218E-03
   9.60000  1.1257565E-02  4.3803518E-02  1.0221739E-02
   9.80000  1.2289965E-02  5.3317054E-02  1.1494268E-02
   10.0000  1.3094923E-02  6.5649017E-02  1.2924109E-02
   10.2500  1.3930165E-02  8.5475980E-02  1.4863541E-02
   10.5000  1.4940294E-02  1.0825517E-01  1.7073303E-02
   10.7500  1.6326188E-02  1.2642078E-01  1.9619102E-02
   11.0000  1.8120005E-02  1.2941150E-01  2.2457667E-02
   11.2500  2.0311928E-02  1.1544871E-01  2.5512950E-02
   11.5000  2.2678326E-02  9.3879058E-02  2.8585333E-02
   11.7500  2.5406482E-02  7.3226573E-02  3.1610444E-02
   12.0000  2.8426600E-02  5.7388527E-02  3.5320105E-02
   12.2500  3.1433713E-02  4.5828166E-02  3.9104497E-02
   12.5000  3.4221143E-02  3.7535230E-02  4.2816086E-02
   12.7500  3.6609168E-02  3.1562155E-02  4.6242841E-02
   13.0000  3.8492830E-02  2.7205928E-02  4.9123004E-02
   13.2500  3.9860898E-02  2.3978163E-02  5.1189229E-02
   13.5000  4.0781401E-02  2.1546705E-02  5.2242504E-02
   13.7500  4.0633379E-02  1.9673368E-02  5.2196488E-02
   14.0000  4.0862957E-02  1.8212289E-02  5.1126907E-02
   14.2500  4.1145862E-02  1.7040382E-02  4.9173465E-02
   14.5000  4.1388180E-02  1.6094348E-02  4.6857514E-02
   14.7500  4.1645158E-02  1.5323661E-02  4.4485352E-02
   15.0000  4.1959477E-02  1.4693757E-02  4.2288611E-02
   15.2500  4.2368626E-02  1.4181020E-02  4.0419733E-02
   15.5000  4.2883248E-02  1.3769710E-02  3.8960566E-02
   15.7500  4.3527841E-02  1.3450894E-02  3.7951242E-02
   16.0000  4.4309754E-02  1.3217796E-02  3.7401847E-02
   16.2500  4.5226799E-02  1.3066667E-02  3.7302720E-02
   16.5000  4.6265242E-02  1.2993972E-02  3.7629051E-02
   16.7500  4.7398388E-02  1.2997522E-02  3.8340448E-02
   17.0000  4.8582421E-02  1.3075979E-02  3.9373471E-02
   17.2500  4.9755110E-02  1.3227613E-02  4.0636450E-02
   17.5000  5.0837040E-02  1.3450899E-02  4.2005888E-02
   17.7500  5.1734863E-02  1.3744507E-02  4.3335340E-02
   18.0000  5.2350143E-02  1.4107459E-02  4.4473167E-02
   18.2500  5.2595618E-02  1.4537933E-02  4.5292052E-02
   18.5000  5.2415018E-02  1.5034087E-02  4.5714880E-02
   18.7500  5.1797948E-02  1.5593376E-02  4.5729721E-02
   19.0000  5.0783900E-02  1.6212779E-02  4.5381452E-02
   19.2500  4.9458405E-02  1.6889130E-02  4.4753700E-02
   19.5000  4.7938585E-02  1.7618910E-02  4.3942595E-02
   19.7500  4.6348233E-02  1.8399644E-02  4.3038741E-02
   20.0000  4.4799418E-02  1.9228944E-02  4.2113176E-02
   21.0000  4.0378007E-02  2.2979439E-02  3.8964728E-02
   22.0000  3.9474260E-02  2.7256040E-02  3.7083660E-02
   23.0000  4.0772841E-02  3.1779532E-02  3.5985463E-02
   24.0000  4.2379903E-02  3.6111882E-02  3.5043659E-02
   25.0000  4.2934905E-02  3.9605412E-02  3.3991726E-02
   26.0000  4.1496994E-02  4.1622182E-02  3.2801736E-02
   27.0000  3.7994016E-02  4.1879001E-02  3.1460662E-02
   28.0000  3.3325629E-02  4.0485983E-02  2.9826872E-02
   29.0000  3.0150887E-02  3.8414903E-02  2.8589624E-02
   30.0000  2.8161915E-02  3.6135266E-02  2.7836132E-02
   31.0000  2.7063475E-02  3.4004430E-02  2.7620607E-02
   32.0000  2.6512599E-02  3.2188882E-02  2.7747016E-02
   33.0000  2.6255996E-02  3.0721106E-02  2.7956001E-02
   34.0000  2.6115050E-02  2.9519361E-02  2.8074727E-02
   35.0000  2.5959344E-02  2.8466424E-02  2.8040447E-02
   36.0000  2.5671014E-02  2.7440068E-02  2.7826064E-02
   37.0000  2.5137513E-02  2.6339202E-02  2.7407744E-02
   38.0000  2.4288403E-02  2.5110154E-02  2.6752994E-02
   39.0000  2.3154842E-02  2.3753106E-02  2.5835419E-02
   40.0000  2.1872498E-02  2.2312103E-02  2.4649201E-02
