  7709.000   27  1  1  1.9222038E-02 -4.8074607E+00 -3.7838799E-01  1  1  7.5664472E+03  8.0000000E+03  0.0000000E+00  1.1792254E+00  1.0000000E+00  0.0000000E+00  = E_edge, Z, n_edge, j_edge, Abs_before_edge, VO_interstitial, E_cut, ninit, ninit1, Epsii, UnitCell_Volume, Surface_ref, f0_forward, natomsym_f, abs_u_iso
    Energy   (100,001)      (010,001)      (001,110)   
  -25.0000  8.3371018E-09  3.7383517E-10  8.8826062E-10
  -24.0000  2.2696703E-08  6.8563213E-10  2.0416017E-09
  -23.0000  7.4182389E-08  1.3138996E-09  5.2508985E-09
  -22.0000  3.4053889E-07  2.6774460E-09  1.6144271E-08
  -21.0000  4.0909011E-06  6.2762389E-09  7.5982986E-08
  -20.0000  2.8146045E-05  2.1512473E-08  7.2272172E-07
  -19.0000  3.9185803E-06  1.4349216E-07  1.1669045E-05
  -18.0000  2.9676729E-06  7.3450534E-08  7.9201549E-07
  -17.0000  4.2690825E-06  2.3530811E-07  5.0287735E-07
  -16.0000  1.4084661E-05  1.2359221E-06  6.1230098E-07
  -15.0000  1.1797609E-04  3.8997939E-05  1.6057518E-06
  -14.0000  1.0836121E-06  1.3398791E-05  1.8046860E-06
  -13.0000  4.9866731E-07  4.1217396E-06  8.4362435E-06
  -12.0000  9.3688718E-05  3.2603692E-06  5.5694668E-03
  -11.0000  2.4117071E-05  3.0978780E-06  1.0520069E-05
  -10.0000  5.1030665E-04  1.8397206E-05  2.8554274E-05
  -9.00000  7.8303317E-04  1.9493488E-05  6.8357990E-06
  -8.00000  5.2042215E-04  2.6276252E-04  2.5891586E-04
  -7.00000  1.0077308E-02  8.0131361E-04  3.7181923E-03
  -6.00000  9.1404299E-04  4.5550623E-05  7.1591213E-05
  -5.00000  6.1450335E-04  2.0627912E-04  2.6417625E-04
  -4.00000  3.3129908E-02  1.4779614E-03  2.0640711E-03
  -3.00000  8.5306643E-04  5.2626329E-02  1.0850855E-02
  -2.00000  4.3645323E-04  2.6155605E-03  4.0280825E-04
  -1.00000  2.9324073E-04  1.2926713E-03  1.6596003E-04
   0.00000  1.4278571E-03  1.1735523E-03  9.8252198E-04
   1.00000  3.4237135E-04  8.7419050E-04  2.3355839E-04
   2.00000  3.3741336E-04  9.8725778E-04  2.7903234E-04
   3.00000  4.5809278E-04  1.3129158E-03  4.6393810E-04
   4.00000  6.9019927E-04  2.0806315E-03  9.0054564E-04
   5.00000  1.0440323E-03  3.3751261E-03  2.1319998E-03
   5.20000  1.1229972E-03  3.6910006E-03  2.6363445E-03
   5.40000  1.2005089E-03  4.0306771E-03  3.3132076E-03
   5.60000  1.2739222E-03  4.4014333E-03  4.2282294E-03
   5.80000  1.3423794E-03  4.8177857E-03  5.4609107E-03
   6.00000  1.4140890E-03  5.3034011E-03  7.0859757E-03
   6.20000  1.5282194E-03  5.8928878E-03  9.1278712E-03
   6.40000  1.7860980E-03  6.6276377E-03  1.1491305E-02
   6.60000  2.2906593E-03  7.5396157E-03  1.3911132E-02
   6.80000  2.9431881E-03  8.6320858E-03  1.6001355E-02
   7.00000  3.5386113E-03  9.8777207E-03  1.7417452E-02
   7.20000  4.0429665E-03  1.1251362E-02  1.8031597E-02
   7.40000  4.5232322E-03  1.2765765E-02  1.7942876E-02
   7.60000  5.0391930E-03  1.4320486E-02  1.7288250E-02
   7.80000  5.6456026E-03  1.5961035E-02  1.6233943E-02
   8.00000  6.3892227E-03  1.7741448E-02  1.5020197E-02
   8.20000  7.3167752E-03  1.9722110E-02  1.3971627E-02
   8.40000  8.4651333E-03  2.1986298E-02  1.3305679E-02
   8.60000  9.8029688E-03  2.4681842E-02  1.3170838E-02
   8.80000  1.1109909E-02  2.7990646E-02  1.3624487E-02
   9.00000  1.2024888E-02  3.2128555E-02  1.4571434E-02
   9.20000  1.2541667E-02  3.7391453E-02  1.5982408E-02
   9.40000  1.3084312E-02  4.4214549E-02  1.8042356E-02
   9.60000  1.3957926E-02  5.3100627E-02  2.0875404E-02
   9.80000  1.5232327E-02  6.4584454E-02  2.4382264E-02
   10.0000  1.6621546E-02  7.9071080E-02  2.8089577E-02
   10.2500  1.9302126E-02  1.0108552E-01  3.3314954E-02
   10.5000  2.2613886E-02  1.2330442E-01  3.8543927E-02
   10.7500  2.6594081E-02  1.3526144E-01  4.3634011E-02
   11.0000  3.1216426E-02  1.2778527E-01  4.8535306E-02
   11.2500  3.6310323E-02  1.0584631E-01  5.3244063E-02
   11.5000  4.1485136E-02  8.1794453E-02  5.7627373E-02
   11.7500  4.5858961E-02  6.2297320E-02  6.1307464E-02
   12.0000  4.9213909E-02  4.8366817E-02  6.4024204E-02
   12.2500  5.1006277E-02  3.8645290E-02  6.4939767E-02
   12.5000  5.1272005E-02  3.1874059E-02  6.3915611E-02
   12.7500  5.0394388E-02  2.7094483E-02  6.1207427E-02
   13.0000  4.8881602E-02  2.3652405E-02  5.7351401E-02
   13.2500  4.7174850E-02  2.1115370E-02  5.2959188E-02
   13.5000  4.5237455E-02  1.9208867E-02  4.7827513E-02
   13.7500  4.3807165E-02  1.7754026E-02  4.3335113E-02
   14.0000  4.2760639E-02  1.6580067E-02  3.9869854E-02
   14.2500  4.2044470E-02  1.5646218E-02  3.6974797E-02
   14.5000  4.1651468E-02  1.4895232E-02  3.4648206E-02
   14.7500  4.1561353E-02  1.4287280E-02  3.2857663E-02
   15.0000  4.1749763E-02  1.3795160E-02  3.1561970E-02
   15.2500  4.2195568E-02  1.3399022E-02  3.0721537E-02
   15.5000  4.2860021E-02  1.3086562E-02  3.0297201E-02
   15.7500  4.3717676E-02  1.2848372E-02  3.0258246E-02
   16.0000  4.4729524E-02  1.2678568E-02  3.0573264E-02
   16.2500  4.5845728E-02  1.2573619E-02  3.1206383E-02
   16.5000  4.7002094E-02  1.2531502E-02  3.2110383E-02
   16.7500  4.8115993E-02  1.2550574E-02  3.3217378E-02
   17.0000  4.9090202E-02  1.2630736E-02  3.4439064E-02
   17.2500  4.9820701E-02  1.2771938E-02  3.5667864E-02
   17.5000  5.0212066E-02  1.2973248E-02  3.6787465E-02
   17.7500  5.0196956E-02  1.3234244E-02  3.7693421E-02
   18.0000  4.9756095E-02  1.3554588E-02  3.8313272E-02
   18.2500  4.8927179E-02  1.3933083E-02  3.8617121E-02
   18.5000  4.7799583E-02  1.4368930E-02  3.8621200E-02
   18.7500  4.6495678E-02  1.4860941E-02  3.8373948E-02
   19.0000  4.5142749E-02  1.5408621E-02  3.7942772E-02
   19.2500  4.3853646E-02  1.6011278E-02  3.7397972E-02
   19.5000  4.2709795E-02  1.6668475E-02  3.6800611E-02
   19.7500  4.1761384E-02  1.7379886E-02  3.6199307E-02
   20.0000  4.1031553E-02  1.8144822E-02  3.5629858E-02
   21.0000  4.0158756E-02  2.1722864E-02  3.3983441E-02
   22.0000  4.1365050E-02  2.6065259E-02  3.3378445E-02
   23.0000  4.2481250E-02  3.0955803E-02  3.3342608E-02
   24.0000  4.1599726E-02  3.5868247E-02  3.3267231E-02
   25.0000  3.7516263E-02  4.0388435E-02  3.2600304E-02
   26.0000  3.2552597E-02  4.2440698E-02  3.1478188E-02
   27.0000  2.8248950E-02  4.2550840E-02  2.9972437E-02
   28.0000  2.5526151E-02  4.1198338E-02  2.8404815E-02
   29.0000  2.4201363E-02  3.9080332E-02  2.7187680E-02
   30.0000  2.3735870E-02  3.6783711E-02  2.6595053E-02
   31.0000  2.3675822E-02  3.4682092E-02  2.6570609E-02
   32.0000  2.3760897E-02  3.2935935E-02  2.6814523E-02
   33.0000  2.3839604E-02  3.1526612E-02  2.7030968E-02
   34.0000  2.3821365E-02  3.0347256E-02  2.7053761E-02
   35.0000  2.3625094E-02  2.9253951E-02  2.6801318E-02
   36.0000  2.3179984E-02  2.8122302E-02  2.6225173E-02
   37.0000  2.2459222E-02  2.6871418E-02  2.5282702E-02
   38.0000  2.1518049E-02  2.5478528E-02  2.3956037E-02
   39.0000  2.0479188E-02  2.3972996E-02  2.2299262E-02
   40.0000  1.9472956E-02  2.2421526E-02  2.0496125E-02
