  7709.000   27  1  1  1.9222038E-02 -4.9000485E+00 -4.1052336E-01  1  1  7.5662215E+03  8.0000000E+03  0.0000000E+00  1.1792254E+00  1.0000000E+00  0.0000000E+00  = E_edge, Z, n_edge, j_edge, Abs_before_edge, VO_interstitial, E_cut, ninit, ninit1, Epsii, UnitCell_Volume, Surface_ref, f0_forward, natomsym_f, abs_u_iso
    Energy   (100,001)      (010,001)      (001,110)   
  -25.0000  5.5968540E-09  3.3075963E-10  6.7446376E-10
  -24.0000  1.4336981E-08  6.0476299E-10  1.4970415E-09
  -23.0000  4.2440269E-08  1.1510224E-09  3.6532989E-09
  -22.0000  1.6018513E-07  2.3091394E-09  1.0252616E-08
  -21.0000  1.0264541E-06  5.0399759E-09  3.6445903E-08
  -20.0000  2.7976454E-04  1.8603168E-06  2.2427130E-05
  -19.0000  6.7255380E-06  2.0878284E-07  1.4347487E-05
  -18.0000  3.1578367E-06  6.9739974E-08  1.5300266E-06
  -17.0000  3.3579944E-06  1.8913553E-07  6.0973485E-07
  -16.0000  6.3611970E-06  8.8887961E-07  5.6267179E-07
  -15.0000  6.0585922E-05  7.7246195E-05  1.0864572E-06
  -14.0000  5.2340306E-06  2.4547955E-05  1.3478301E-06
  -13.0000  3.0043431E-07  4.7591070E-06  3.9927153E-06
  -12.0000  3.4306481E-06  3.2455216E-06  9.7446780E-05
  -11.0000  1.8996644E-05  3.1374543E-06  1.8910655E-05
  -10.0000  1.9553730E-04  4.3818910E-06  9.2791738E-06
  -9.00000  3.4950979E-03  4.3545147E-05  3.7507195E-05
  -8.00000  2.2514652E-04  3.4425839E-05  9.2097196E-06
  -7.00000  5.7304831E-05  1.1386548E-04  1.4108124E-04
  -6.00000  7.6164782E-04  3.6450468E-05  1.0445522E-04
  -5.00000  7.6020953E-04  1.7297168E-04  1.9288503E-04
  -4.00000  7.2080364E-02  9.3261155E-04  4.0979970E-04
  -3.00000  1.1710527E-03  1.9689890E-01  4.7388231E-03
  -2.00000  5.8555274E-04  3.3659475E-03  4.4010787E-04
  -1.00000  3.0425532E-04  1.5731982E-03  1.8845715E-04
   0.00000  4.1651278E-04  1.2106987E-03  2.4366089E-04
   1.00000  3.6841510E-04  9.6589751E-04  2.2356130E-04
   2.00000  3.2156186E-04  1.0017107E-03  2.3113432E-04
   3.00000  4.3496715E-04  1.2691344E-03  3.5239517E-04
   4.00000  6.5820470E-04  1.9567779E-03  6.1856550E-04
   5.00000  9.8577182E-04  3.1952564E-03  1.3102629E-03
   5.20000  1.0551714E-03  3.5005745E-03  1.5801389E-03
   5.40000  1.1219977E-03  3.8268279E-03  1.9367313E-03
   5.60000  1.1839829E-03  4.1788768E-03  2.4154418E-03
   5.80000  1.2391282E-03  4.5649567E-03  3.0655741E-03
   6.00000  1.2875747E-03  4.9980154E-03  3.9512732E-03
   6.20000  1.3361663E-03  5.4981269E-03  5.1475355E-03
   6.40000  1.4116106E-03  6.0918927E-03  6.7169477E-03
   6.60000  1.5844472E-03  6.8076714E-03  8.6548234E-03
   6.80000  1.9603775E-03  7.6725019E-03  1.0790547E-02
   7.00000  2.5343741E-03  8.6672375E-03  1.2781371E-02
   7.20000  3.1006038E-03  9.7555339E-03  1.4166952E-02
   7.40000  3.5316934E-03  1.0881837E-02  1.4673676E-02
   7.60000  3.8679243E-03  1.2019390E-02  1.4362082E-02
   7.80000  4.1805064E-03  1.3209558E-02  1.3521283E-02
   8.00000  4.5130298E-03  1.4442172E-02  1.2445087E-02
   8.20000  4.8912006E-03  1.5793191E-02  1.1373896E-02
   8.40000  5.3296022E-03  1.7322309E-02  1.0460711E-02
   8.60000  5.8380756E-03  1.9097578E-02  9.8069934E-03
   8.80000  6.4227181E-03  2.1207929E-02  9.4856945E-03
   9.00000  7.0864362E-03  2.3756272E-02  9.5600369E-03
   9.20000  7.8371657E-03  2.6874144E-02  1.0083175E-02
   9.40000  8.6878939E-03  3.0701758E-02  1.1103508E-02
   9.60000  9.6523024E-03  3.5417700E-02  1.2647047E-02
   9.80000  1.0753360E-02  4.0975206E-02  1.4698484E-02
   10.0000  1.2011668E-02  4.7638289E-02  1.7179983E-02
   10.2500  1.3849687E-02  5.8171102E-02  2.0683516E-02
   10.5000  1.6046031E-02  7.1780959E-02  2.4366978E-02
   10.7500  1.8677694E-02  8.8074763E-02  2.8055671E-02
   11.0000  2.1811592E-02  1.0411001E-01  3.1750433E-02
   11.2500  2.5472646E-02  1.1359524E-01  3.5571725E-02
   11.5000  2.9592167E-02  1.1080209E-01  3.9633595E-02
   11.7500  3.3960164E-02  9.7156197E-02  4.3901527E-02
   12.0000  3.8004714E-02  7.9500648E-02  4.7524386E-02
   12.2500  4.1574121E-02  6.3735770E-02  5.1598240E-02
   12.5000  4.4176244E-02  5.1294366E-02  5.4781904E-02
   12.7500  4.5683325E-02  4.2067571E-02  5.6650349E-02
   13.0000  4.6231343E-02  3.5346246E-02  5.6970941E-02
   13.2500  4.6111874E-02  3.0424486E-02  5.5811942E-02
   13.5000  4.5635818E-02  2.6761609E-02  5.3511634E-02
   13.7500  4.4402769E-02  2.4021304E-02  4.9932313E-02
   14.0000  4.3974583E-02  2.1852814E-02  4.6766994E-02
   14.2500  4.3654260E-02  2.0138386E-02  4.3714637E-02
   14.5000  4.3492046E-02  1.8763375E-02  4.0986383E-02
   14.7500  4.3509897E-02  1.7649578E-02  3.8691059E-02
   15.0000  4.3712673E-02  1.6741980E-02  3.6869006E-02
   15.2500  4.4105949E-02  1.6002585E-02  3.5525575E-02
   15.5000  4.4667462E-02  1.5402088E-02  3.4644463E-02
   15.7500  4.5395092E-02  1.4922195E-02  3.4206019E-02
   16.0000  4.6271718E-02  1.4549385E-02  3.4187784E-02
   16.2500  4.7273302E-02  1.4273684E-02  3.4567274E-02
   16.5000  4.8363945E-02  1.4087148E-02  3.5315625E-02
   16.7500  4.9492378E-02  1.3983089E-02  3.6393415E-02
   17.0000  5.0588639E-02  1.3957144E-02  3.7742973E-02
   17.2500  5.1566759E-02  1.4004329E-02  3.9280282E-02
   17.5000  5.2328790E-02  1.4120845E-02  4.0892722E-02
   17.7500  5.2775432E-02  1.4303320E-02  4.2445188E-02
   18.0000  5.2824909E-02  1.4548450E-02  4.3799476E-02
   18.2500  5.2432270E-02  1.4853672E-02  4.4835220E-02
   18.5000  5.1604917E-02  1.5216388E-02  4.5476030E-02
   18.7500  5.0403951E-02  1.5633856E-02  4.5699893E-02
   19.0000  4.8935126E-02  1.6104420E-02  4.5541004E-02
   19.2500  4.7326122E-02  1.6626138E-02  4.5070569E-02
   19.5000  4.5704179E-02  1.7196631E-02  4.4378027E-02
   19.7500  4.4177536E-02  1.7815062E-02  4.3551618E-02
   20.0000  4.2823201E-02  1.8480100E-02  4.2666227E-02
   21.0000  3.9746302E-02  2.1578072E-02  3.9447858E-02
   22.0000  4.0045630E-02  2.5323063E-02  3.7393032E-02
   23.0000  4.1915982E-02  2.9558200E-02  3.6173175E-02
   24.0000  4.3144412E-02  3.4645749E-02  3.5051278E-02
   25.0000  4.2366713E-02  3.8407205E-02  3.3880207E-02
   26.0000  3.9267347E-02  4.0907898E-02  3.2522010E-02
   27.0000  3.4734298E-02  4.1805331E-02  3.0988520E-02
   28.0000  3.0444485E-02  4.1229239E-02  2.9346703E-02
   29.0000  2.7392205E-02  3.9662623E-02  2.7834868E-02
   30.0000  2.5554583E-02  3.7655135E-02  2.6740073E-02
   31.0000  2.4546237E-02  3.5636462E-02  2.6159040E-02
   32.0000  2.4038872E-02  3.3866936E-02  2.5962957E-02
   33.0000  2.3798665E-02  3.2424158E-02  2.5925959E-02
   34.0000  2.3668225E-02  3.1260354E-02  2.5879936E-02
   35.0000  2.3527197E-02  3.0268763E-02  2.5722599E-02
   36.0000  2.3264958E-02  2.9329765E-02  2.5382443E-02
   37.0000  2.2771351E-02  2.8345358E-02  2.4798390E-02
   38.0000  2.1981624E-02  2.7256004E-02  2.3911508E-02
   39.0000  2.0936716E-02  2.6037173E-02  2.2694941E-02
   40.0000  1.9784755E-02  2.4682659E-02  2.1186863E-02
