  7709.000   27  1  1  1.9222038E-02 -4.9649867E+00 -3.5419380E-01  1  1  7.5663000E+03  8.0000000E+03  0.0000000E+00  1.1792254E+00  1.0000000E+00  0.0000000E+00  = E_edge, Z, n_edge, j_edge, Abs_before_edge, VO_interstitial, E_cut, ninit, ninit1, Epsii, UnitCell_Volume, Surface_ref, f0_forward, natomsym_f, abs_u_iso
    Energy   (100,001)      (010,001)      (001,110)   
  -25.0000  6.0724306E-09  3.2259702E-10  8.2928922E-10
  -24.0000  1.5707559E-08  5.8847778E-10  1.8703695E-09
  -23.0000  4.7250426E-08  1.1206710E-09  4.6646938E-09
  -22.0000  1.8405595E-07  2.2634867E-09  1.3520230E-08
  -21.0000  1.2898311E-06  5.0539235E-09  5.0746090E-08
  -20.0000  2.1750079E-03  1.5787689E-08  3.4624041E-07
  -19.0000  6.5241938E-06  3.8587554E-05  2.6481975E-03
  -18.0000  2.9025901E-06  6.3839617E-08  1.2599618E-06
  -17.0000  3.1360502E-06  1.6724517E-07  6.2042149E-07
  -16.0000  5.6912007E-06  7.4196112E-07  6.0680319E-07
  -15.0000  3.5554114E-05  9.8856094E-06  9.8659526E-07
  -14.0000  8.6730427E-06  2.7982771E-05  1.5406073E-06
  -13.0000  3.1544093E-07  4.7359745E-06  4.2589754E-06
  -12.0000  3.7844694E-06  3.0671377E-06  5.4556828E-05
  -11.0000  2.1689415E-05  3.0468889E-06  4.0625830E-05
  -10.0000  2.1363949E-04  4.3019093E-06  1.0846379E-05
  -9.00000  6.6785577E-03  1.6942520E-04  2.0696308E-04
  -8.00000  3.4592210E-04  2.5148617E-05  1.4095036E-05
  -7.00000  6.4507404E-04  6.7343925E-04  9.8942952E-04
  -6.00000  8.8944176E-04  3.0291490E-05  2.1514202E-04
  -5.00000  3.2334891E-02  1.4210117E-04  4.9189221E-04
  -4.00000  2.4685141E-02  6.1184864E-04  2.3062611E-04
  -3.00000  9.3112411E-04  2.7589403E-01  7.6550049E-03
  -2.00000  7.1614638E-04  3.7778005E-03  6.2207753E-04
  -1.00000  3.1426995E-04  1.5607833E-03  1.8978893E-04
   0.00000  3.2996881E-04  1.1490493E-03  2.1382310E-04
   1.00000  8.4239790E-04  8.7451105E-04  4.6096330E-04
   2.00000  3.6526085E-04  9.6463971E-04  2.5016892E-04
   3.00000  5.0114878E-04  1.2969117E-03  3.6420627E-04
   4.00000  7.9400096E-04  2.1649808E-03  5.9253976E-04
   5.00000  1.2115942E-03  3.7575487E-03  1.1166866E-03
   5.20000  1.2953399E-03  4.1588293E-03  1.3155931E-03
   5.40000  1.3742605E-03  4.5926476E-03  1.5779475E-03
   5.60000  1.4460588E-03  5.0661484E-03  1.9317754E-03
   5.80000  1.5078847E-03  5.5902242E-03  2.4200367E-03
   6.00000  1.5588604E-03  6.1829058E-03  3.1059532E-03
   6.20000  1.6009799E-03  6.8716016E-03  4.0824624E-03
   6.40000  1.6474338E-03  7.6961360E-03  5.4744392E-03
   6.60000  1.7411601E-03  8.7299942E-03  7.4068825E-03
   6.80000  1.9805272E-03  9.9777377E-03  9.9100356E-03
   7.00000  2.4218677E-03  1.1445450E-02  1.2649479E-02
   7.20000  2.8987808E-03  1.2990366E-02  1.4766393E-02
   7.40000  3.2326678E-03  1.4381290E-02  1.5366345E-02
   7.60000  3.4473673E-03  1.5537257E-02  1.4436118E-02
   7.80000  3.6170085E-03  1.6581476E-02  1.2733141E-02
   8.00000  3.7863667E-03  1.7690071E-02  1.0967755E-02
   8.20000  3.9756961E-03  1.8991419E-02  9.4779170E-03
   8.40000  4.1915477E-03  2.0570814E-02  8.3454183E-03
   8.60000  4.4377636E-03  2.2500220E-02  7.5538823E-03
   8.80000  4.7211799E-03  2.4863776E-02  7.0678874E-03
   9.00000  5.0453419E-03  2.7760027E-02  6.8591078E-03
   9.20000  5.4130104E-03  3.1326476E-02  6.9078994E-03
   9.40000  5.8268844E-03  3.5732276E-02  7.2049683E-03
   9.60000  6.2901979E-03  4.1183708E-02  7.7440034E-03
   9.80000  6.8062942E-03  4.7906098E-02  8.5117659E-03
   10.0000  7.3800390E-03  5.6105518E-02  9.4758992E-03
   10.2500  8.1880365E-03  6.8537129E-02  1.0874844E-02
   10.5000  9.1144378E-03  8.2805057E-02  1.2375781E-02
   10.7500  1.0184403E-02  9.6680386E-02  1.3894386E-02
   11.0000  1.1432372E-02  1.0589838E-01  1.5428536E-02
   11.2500  1.2890188E-02  1.0619579E-01  1.7034412E-02
   11.5000  1.4584352E-02  9.7252888E-02  1.8779780E-02
   11.7500  1.6502850E-02  8.2966524E-02  2.0271891E-02
   12.0000  1.8650571E-02  6.8527663E-02  2.2440629E-02
   12.2500  2.0967179E-02  5.6087180E-02  2.4993549E-02
   12.5000  2.3347498E-02  4.6268685E-02  2.7784591E-02
   12.7500  2.5674403E-02  3.8806767E-02  3.0758864E-02
   13.0000  2.7842517E-02  3.3206590E-02  3.3803313E-02
   13.2500  2.9788447E-02  2.9002603E-02  3.6746312E-02
   13.5000  3.1111386E-02  2.6254391E-02  3.9808193E-02
   13.7500  3.2504595E-02  2.3773789E-02  4.2056512E-02
   14.0000  3.3795170E-02  2.1838009E-02  4.3590483E-02
   14.2500  3.5037908E-02  2.0301939E-02  4.4372124E-02
   14.5000  3.6278489E-02  1.9062314E-02  4.4488709E-02
   14.7500  3.7552994E-02  1.8047198E-02  4.4115453E-02
   15.0000  3.8887382E-02  1.7207632E-02  4.3463986E-02
   15.2500  4.0308168E-02  1.6511575E-02  4.2742172E-02
   15.5000  4.1817384E-02  1.5935106E-02  4.2118557E-02
   15.7500  4.3425460E-02  1.5468121E-02  4.1725157E-02
   16.0000  4.5126703E-02  1.5102434E-02  4.1655771E-02
   16.2500  4.6903272E-02  1.4832325E-02  4.1971739E-02
   16.5000  4.8721077E-02  1.4654215E-02  4.2705366E-02
   16.7500  5.0529010E-02  1.4564758E-02  4.3863888E-02
   17.0000  5.2258933E-02  1.4560717E-02  4.5425792E-02
   17.2500  5.3826594E-02  1.4639368E-02  4.7332191E-02
   17.5000  5.5137943E-02  1.4797545E-02  4.9474041E-02
   17.7500  5.6097123E-02  1.5032631E-02  5.1687125E-02
   18.0000  5.6622045E-02  1.5342302E-02  5.3761195E-02
   18.2500  5.6655110E-02  1.5723538E-02  5.5462956E-02
   18.5000  5.6179932E-02  1.6173785E-02  5.6589857E-02
   18.7500  5.5225796E-02  1.6689906E-02  5.7016310E-02
   19.0000  5.3869533E-02  1.7269652E-02  5.6728635E-02
   19.2500  5.2225844E-02  1.7908520E-02  5.5815087E-02
   19.5000  5.0427352E-02  1.8602847E-02  5.4431463E-02
   19.7500  4.8598260E-02  1.9350935E-02  5.2754273E-02
   20.0000  4.6850092E-02  2.0150122E-02  5.0945120E-02
   21.0000  4.1901451E-02  2.3815911E-02  4.4352322E-02
   22.0000  4.0795906E-02  2.8115609E-02  4.0125684E-02
   23.0000  4.2222627E-02  3.2707597E-02  3.7678506E-02
   24.0000  4.4106281E-02  3.6885811E-02  3.6052671E-02
   25.0000  4.5129771E-02  3.9794139E-02  3.4764859E-02
   26.0000  4.4204275E-02  4.1009524E-02  3.3508175E-02
   27.0000  4.1364803E-02  4.0462004E-02  3.2392774E-02
   28.0000  3.7229158E-02  3.9020596E-02  3.1164920E-02
   29.0000  3.3231943E-02  3.7158848E-02  2.9911008E-02
   30.0000  3.0234972E-02  3.5208333E-02  2.8896253E-02
   31.0000  2.8295620E-02  3.3393601E-02  2.8253206E-02
   32.0000  2.7157095E-02  3.1839079E-02  2.7911360E-02
   33.0000  2.6552989E-02  3.0588675E-02  2.7737593E-02
   34.0000  2.6264304E-02  2.9586022E-02  2.7629419E-02
   35.0000  2.6134211E-02  2.8728613E-02  2.7527012E-02
   36.0000  2.6032226E-02  2.7898105E-02  2.7384783E-02
   37.0000  2.5814367E-02  2.6985250E-02  2.7148144E-02
   38.0000  2.5334373E-02  2.5920094E-02  2.6756647E-02
   39.0000  2.4466428E-02  2.4671714E-02  2.6145285E-02
   40.0000  2.3195085E-02  2.3258590E-02  2.5248690E-02
