  7709.000   27  1  1  1.9222038E-02 -4.6463534E+00 -3.8444824E-01  1  1  7.5665475E+03  8.0000000E+03  0.0000000E+00  1.1792254E+00  1.0000000E+00  0.0000000E+00  = E_edge, Z, n_edge, j_edge, Abs_before_edge, VO_interstitial, E_cut, ninit, ninit1, Epsii, UnitCell_Volume, Surface_ref, f0_forward, natomsym_f, abs_u_iso
    Energy   (100,001)      (010,001)      (001,110)   
  -25.0000  6.4180858E-09  3.6657140E-10  9.7664315E-10
  -24.0000  1.6436649E-08  6.8210883E-10  2.2110230E-09
  -23.0000  4.8395372E-08  1.3282745E-09  5.5389484E-09
  -22.0000  1.7921002E-07  2.7591503E-09  1.6197033E-08
  -21.0000  1.0712506E-06  6.4730671E-09  6.3983537E-08
  -20.0000  9.6566535E-04  1.9438789E-06  2.0094560E-04
  -19.0000  1.1676563E-05  1.3214146E-06  8.6988853E-05
  -18.0000  5.1682672E-06  9.0471904E-08  2.1549138E-06
  -17.0000  5.5037567E-06  2.3378550E-07  9.4942949E-07
  -16.0000  1.1460391E-05  1.2504827E-06  9.3561259E-07
  -15.0000  1.9731924E-04  4.1171193E-04  4.6280036E-06
  -14.0000  8.9609664E-06  1.8277025E-05  2.4777377E-06
  -13.0000  3.4149269E-07  4.5685813E-06  9.1967335E-06
  -12.0000  3.2722557E-06  3.6868827E-06  5.9274856E-04
  -11.0000  1.8058852E-05  3.5383947E-06  2.9713704E-05
  -10.0000  1.7257940E-04  6.0943719E-06  1.0704187E-05
  -9.00000  7.5124914E-02  3.2081267E-03  1.7220356E-03
  -8.00000  6.2271671E-04  3.4141654E-05  4.8222618E-05
  -7.00000  5.6796528E-04  3.4429971E-04  3.0543037E-03
  -6.00000  5.7520147E-03  7.1948421E-05  1.9998424E-03
  -5.00000  5.0640608E-02  2.5075139E-01  4.6159509E+00
  -4.00000  1.1399334E-03  9.5013044E-04  2.5275307E-04
  -3.00000  4.6044590E-04  1.1346621E-01  2.2357095E-02
  -2.00000  4.2903192E-04  3.2882561E-03  7.4663968E-04
  -1.00000  2.6613119E-04  1.5285417E-03  2.2748622E-04
   0.00000  3.2092017E-04  2.2863684E-03  3.1944743E-04
   1.00000  2.8274519E-03  1.1222746E-03  1.5199793E-03
   2.00000  4.6699104E-04  1.0965807E-03  4.4066439E-04
   3.00000  6.3352525E-04  1.4965949E-03  7.8962373E-04
   4.00000  9.8478506E-04  2.5380544E-03  1.9390189E-03
   5.00000  1.2883180E-03  4.3462945E-03  8.7799454E-03
   5.20000  1.2406522E-03  4.8238317E-03  1.1477635E-02
   5.40000  1.2442527E-03  5.3562150E-03  1.2565377E-02
   5.60000  1.4594530E-03  5.9071034E-03  1.1396432E-02
   5.80000  1.7648428E-03  6.4616775E-03  9.4759540E-03
   6.00000  2.0243860E-03  7.0346441E-03  7.9355494E-03
   6.20000  2.2318355E-03  7.6426121E-03  6.9628639E-03
   6.40000  2.4061519E-03  8.3024338E-03  6.4342544E-03
   6.60000  2.5570697E-03  9.0226824E-03  6.2019355E-03
   6.80000  2.6933206E-03  9.8115024E-03  6.1523068E-03
   7.00000  2.8296293E-03  1.0676627E-02  6.1994106E-03
   7.20000  2.9772957E-03  1.1620235E-02  6.2520272E-03
   7.40000  3.1346446E-03  1.2631284E-02  6.1829390E-03
   7.60000  3.3051847E-03  1.3725569E-02  5.9177017E-03
   7.80000  3.4894456E-03  1.4949569E-02  5.4648721E-03
   8.00000  3.6848634E-03  1.6376250E-02  4.9163473E-03
   8.20000  3.8925592E-03  1.8095329E-02  4.3939766E-03
   8.40000  4.1217984E-03  2.0173412E-02  3.9888816E-03
   8.60000  4.3795042E-03  2.2698466E-02  3.7449394E-03
   8.80000  4.6698412E-03  2.5763903E-02  3.6720710E-03
   9.00000  4.9954701E-03  2.9487083E-02  3.7654544E-03
   9.20000  5.3586061E-03  3.4023592E-02  4.0188190E-03
   9.40000  5.7591407E-03  3.9550122E-02  4.4295857E-03
   9.60000  6.1973231E-03  4.6269682E-02  5.0008990E-03
   9.80000  6.6717300E-03  5.4340286E-02  5.7389165E-03
   10.0000  7.1814145E-03  6.3756989E-02  6.6513387E-03
   10.2500  7.8705266E-03  7.6797352E-02  8.0431931E-03
   10.5000  8.6278393E-03  8.9265972E-02  9.6954262E-03
   10.7500  9.4733139E-03  9.7867824E-02  1.1537000E-02
   11.0000  1.0433791E-02  9.9723350E-02  1.3447273E-02
   11.2500  1.1537453E-02  9.4333397E-02  1.5304260E-02
   11.5000  1.2768501E-02  8.3797275E-02  1.6717978E-02
   11.7500  1.4221519E-02  7.1528129E-02  1.8425970E-02
   12.0000  1.5871901E-02  5.9991391E-02  2.0208727E-02
   12.2500  1.7713175E-02  5.0454086E-02  2.2173240E-02
   12.5000  1.9747086E-02  4.2661581E-02  2.4418926E-02
   12.7500  2.1939442E-02  3.6598967E-02  2.6935476E-02
   13.0000  2.4244881E-02  3.1941873E-02  2.9655536E-02
   13.2500  2.6598498E-02  2.8377331E-02  3.2445506E-02
   13.5000  2.8793343E-02  2.5683360E-02  3.5245080E-02
   13.7500  3.0567398E-02  2.3792156E-02  3.7732794E-02
   14.0000  3.2487842E-02  2.2086919E-02  3.9715614E-02
   14.2500  3.4148609E-02  2.0715963E-02  4.0981267E-02
   14.5000  3.5520330E-02  1.9591339E-02  4.1519645E-02
   14.7500  3.6614145E-02  1.8652151E-02  4.1453228E-02
   15.0000  3.7481505E-02  1.7858684E-02  4.0987713E-02
   15.2500  3.8200451E-02  1.7186608E-02  4.0348333E-02
   15.5000  3.8865045E-02  1.6620476E-02  3.9731092E-02
   15.7500  3.9543313E-02  1.6150990E-02  3.9285842E-02
   16.0000  4.0312860E-02  1.5772895E-02  3.9117433E-02
   16.2500  4.1222718E-02  1.5482626E-02  3.9293002E-02
   16.5000  4.2296823E-02  1.5276206E-02  3.9853428E-02
   16.7500  4.3534934E-02  1.5150051E-02  4.0820389E-02
   17.0000  4.4908551E-02  1.5101588E-02  4.2195411E-02
   17.2500  4.6362988E-02  1.5126912E-02  4.3952667E-02
   17.5000  4.7816706E-02  1.5223568E-02  4.6034022E-02
   17.7500  4.9169292E-02  1.5388206E-02  4.8335002E-02
   18.0000  5.0314308E-02  1.5617712E-02  5.0699224E-02
   18.2500  5.1153769E-02  1.5909548E-02  5.2923960E-02
   18.5000  5.1619776E-02  1.6261142E-02  5.4783022E-02
   18.7500  5.1689805E-02  1.6669896E-02  5.6078559E-02
   19.0000  5.1393394E-02  1.7134396E-02  5.6686868E-02
   19.2500  5.0803136E-02  1.7653265E-02  5.6585015E-02
   19.5000  5.0019314E-02  1.8224625E-02  5.5852658E-02
   19.7500  4.9151141E-02  1.8846309E-02  5.4635827E-02
   20.0000  4.8298053E-02  1.9515633E-02  5.3107416E-02
   21.0000  4.6309308E-02  2.2621272E-02  4.6550422E-02
   22.0000  4.7512280E-02  2.6292183E-02  4.1904261E-02
   23.0000  5.0633836E-02  3.0357923E-02  3.9174898E-02
   24.0000  5.3027178E-02  3.4450699E-02  3.7436760E-02
   25.0000  5.3020329E-02  3.7882949E-02  3.6180990E-02
   26.0000  4.9963415E-02  3.9986268E-02  3.5185111E-02
   27.0000  4.4221156E-02  4.0485585E-02  3.4192333E-02
   28.0000  3.7555873E-02  3.9600589E-02  3.2951412E-02
   29.0000  3.1102331E-02  3.7642641E-02  3.1313848E-02
   30.0000  2.7745744E-02  3.5693756E-02  3.0153716E-02
   31.0000  2.5823467E-02  3.3877726E-02  2.9459944E-02
   32.0000  2.4824846E-02  3.2340075E-02  2.9182106E-02
   33.0000  2.4398974E-02  3.1104038E-02  2.9142169E-02
   34.0000  2.4352299E-02  3.0117292E-02  2.9189967E-02
   35.0000  2.4575276E-02  2.9291373E-02  2.9232459E-02
   36.0000  2.4989657E-02  2.8546221E-02  2.9222919E-02
   37.0000  2.5495024E-02  2.7825881E-02  2.9121697E-02
   38.0000  2.5974264E-02  2.7106977E-02  2.8882471E-02
   39.0000  2.6291763E-02  2.6356217E-02  2.8449804E-02
   40.0000  2.6289088E-02  2.5483104E-02  2.7760051E-02
