  7709.000   27  1  1  1.9222038E-02 -4.6242115E+00 -3.2427593E-01  1  1  7.5664796E+03  8.0000000E+03  0.0000000E+00  1.1792254E+00  1.0000000E+00  0.0000000E+00  = E_edge, Z, n_edge, j_edge, Abs_before_edge, VO_interstitial, E_cut, ninit, ninit1, Epsii, UnitCell_Volume, Surface_ref, f0_forward, natomsym_f, abs_u_iso
    Energy   (100,001)      (010,001)      (001,110)   
  -25.0000  6.6332792E-09  3.5680642E-10  8.9206723E-10
  -24.0000  1.7647507E-08  6.5695266E-10  2.0411918E-09
  -23.0000  5.5784778E-08  1.2642024E-09  5.2326485E-09
  -22.0000  2.4318519E-07  2.5999462E-09  1.6240740E-08
  -21.0000  2.8062815E-06  6.7311956E-09  9.0564549E-08
  -20.0000  3.5931679E-04  4.3414855E-08  1.6944604E-06
  -19.0000  7.5036980E-06  1.0852520E-06  8.3920312E-05
  -18.0000  2.6262603E-06  7.0925653E-08  9.7152017E-07
  -17.0000  3.0864558E-06  2.1822440E-07  5.8333966E-07
  -16.0000  7.1995558E-06  1.0847094E-06  1.0272651E-06
  -15.0000  1.0659027E-04  2.3730681E-05  1.1789873E-05
  -14.0000  7.4948927E-07  1.7513218E-05  2.2280297E-06
  -13.0000  1.1453738E-06  4.5390106E-06  4.3517542E-06
  -12.0000  6.5079157E-06  3.0430782E-06  7.1366333E-05
  -11.0000  3.6524716E-05  3.9436895E-06  2.8484912E-05
  -10.0000  6.8805330E-04  5.7014391E-06  7.0153625E-06
  -9.00000  1.5855951E-03  1.8850698E-04  2.1711132E-04
  -8.00000  3.4096545E-04  2.6104079E-05  1.5111112E-05
  -7.00000  2.0250784E-04  2.5025802E-04  7.7823001E-04
  -6.00000  1.7652213E-03  4.4344986E-05  4.4199839E-04
  -5.00000  5.6107116E-02  5.3935549E-04  4.4879336E-03
  -4.00000  5.1139401E-03  1.0860569E-03  2.4713106E-04
  -3.00000  5.3278053E-04  1.5824759E-02  2.2381406E-03
  -2.00000  3.8146344E-04  3.2546114E-03  5.1724327E-04
  -1.00000  2.8586090E-04  1.4605943E-03  1.7803174E-04
   0.00000  1.9959201E-03  1.2468455E-03  1.4637274E-03
   1.00000  1.6790081E-03  1.0872533E-03  1.1940605E-03
   2.00000  5.6381642E-04  1.0373649E-03  4.1052192E-04
   3.00000  7.3326487E-04  1.3894099E-03  5.6697797E-04
   4.00000  1.1259481E-03  2.2880405E-03  1.0166053E-03
   5.00000  1.7403251E-03  3.9048803E-03  2.4916683E-03
   5.20000  1.8879525E-03  4.3010524E-03  3.1738074E-03
   5.40000  2.0460511E-03  4.7251665E-03  4.1192971E-03
   5.60000  2.2166788E-03  5.1888993E-03  5.3664011E-03
   5.80000  2.3968943E-03  5.7128719E-03  6.8189183E-03
   6.00000  2.5727069E-03  6.3169568E-03  8.1655776E-03
   6.20000  2.7257077E-03  7.0012567E-03  9.0858344E-03
   6.40000  2.8944690E-03  7.7457775E-03  9.5875856E-03
   6.60000  3.2523583E-03  8.5340362E-03  9.9214805E-03
   6.80000  3.9847302E-03  9.3632623E-03  1.0157633E-02
   7.00000  4.7896227E-03  1.0254828E-02  1.0128370E-02
   7.20000  5.3193029E-03  1.1223030E-02  9.9548600E-03
   7.40000  5.7003225E-03  1.2270677E-02  9.8156942E-03
   7.60000  6.0924988E-03  1.3435332E-02  9.7892061E-03
   7.80000  6.5463231E-03  1.4676883E-02  9.8415206E-03
   8.00000  7.0957210E-03  1.6023749E-02  9.9611166E-03
   8.20000  7.7591217E-03  1.7494614E-02  1.0137147E-02
   8.40000  8.5512630E-03  1.9124545E-02  1.0397698E-02
   8.60000  9.4826428E-03  2.0964252E-02  1.0805571E-02
   8.80000  1.0558981E-02  2.3079191E-02  1.1439962E-02
   9.00000  1.1783798E-02  2.5546867E-02  1.2374453E-02
   9.20000  1.3154302E-02  2.8464812E-02  1.3658166E-02
   9.40000  1.4640061E-02  3.1939553E-02  1.5286864E-02
   9.60000  1.6169275E-02  3.6102568E-02  1.7153687E-02
   9.80000  1.7634105E-02  4.1099956E-02  1.9040164E-02
   10.0000  1.8925776E-02  4.7092104E-02  2.0683110E-02
   10.2500  2.0224321E-02  5.6203836E-02  2.2154664E-02
   10.5000  2.1259833E-02  6.7183056E-02  2.3075941E-02
   10.7500  2.2245344E-02  7.9430748E-02  2.3824525E-02
   11.0000  2.3370640E-02  9.0997624E-02  2.4756013E-02
   11.2500  2.4717022E-02  9.8442607E-02  2.6056626E-02
   11.5000  2.6213463E-02  9.8266781E-02  2.7548271E-02
   11.7500  2.7723527E-02  9.0448317E-02  2.9071332E-02
   12.0000  2.9280021E-02  7.8722108E-02  3.1272962E-02
   12.2500  3.0692964E-02  6.6313919E-02  3.3432088E-02
   12.5000  3.1911141E-02  5.5365126E-02  3.5459377E-02
   12.7500  3.2920789E-02  4.6516794E-02  3.7278261E-02
   13.0000  3.3737777E-02  3.9636558E-02  3.8806956E-02
   13.2500  3.4398472E-02  3.4352848E-02  3.9962220E-02
   13.5000  3.4946798E-02  3.0290066E-02  4.0676997E-02
   13.7500  3.5416178E-02  2.7191339E-02  4.0676857E-02
   14.0000  3.5247313E-02  2.4840146E-02  4.0730668E-02
   14.2500  3.5701668E-02  2.2868774E-02  4.0202427E-02
   14.5000  3.6131069E-02  2.1294531E-02  3.9426855E-02
   14.7500  3.6541649E-02  2.0031434E-02  3.8551765E-02
   15.0000  3.6943901E-02  1.9015907E-02  3.7714628E-02
   15.2500  3.7356184E-02  1.8199580E-02  3.7028503E-02
   15.5000  3.7813168E-02  1.7547835E-02  3.6579326E-02
   15.7500  3.8326260E-02  1.7030866E-02  3.6425934E-02
   16.0000  3.8931204E-02  1.6630745E-02  3.6610661E-02
   16.2500  3.9648818E-02  1.6332380E-02  3.7160042E-02
   16.5000  4.0486942E-02  1.6125494E-02  3.8088791E-02
   16.7500  4.1434896E-02  1.6002173E-02  3.9396302E-02
   17.0000  4.2457804E-02  1.5955570E-02  4.1058082E-02
   17.2500  4.3495544E-02  1.5980727E-02  4.3018221E-02
   17.5000  4.4464871E-02  1.6073945E-02  4.5178977E-02
   17.7500  4.5264901E-02  1.6230816E-02  4.7401540E-02
   18.0000  4.5797520E-02  1.6447494E-02  4.9508519E-02
   18.2500  4.5986566E-02  1.6720948E-02  5.1308515E-02
   18.5000  4.5795345E-02  1.7047749E-02  5.2634892E-02
   18.7500  4.5233886E-02  1.7423548E-02  5.3376814E-02
   19.0000  4.4353355E-02  1.7844473E-02  5.3502464E-02
   19.2500  4.3234753E-02  1.8306543E-02  5.3057753E-02
   19.5000  4.1972677E-02  1.8805093E-02  5.2147656E-02
   19.7500  4.0659621E-02  1.9336730E-02  5.0902474E-02
   20.0000  3.9377571E-02  1.9897412E-02  4.9452622E-02
   21.0000  3.5638190E-02  2.2380629E-02  4.3478868E-02
   22.0000  3.5184950E-02  2.5190700E-02  3.9095774E-02
   23.0000  3.7994206E-02  2.8359153E-02  3.6385299E-02
   24.0000  4.2726732E-02  3.1951390E-02  3.4676059E-02
   25.0000  4.6932278E-02  3.5740010E-02  3.3433577E-02
   26.0000  4.7971410E-02  3.9059922E-02  3.2294940E-02
   27.0000  4.4617746E-02  4.1081327E-02  3.0987365E-02
   28.0000  3.8600236E-02  4.1403377E-02  2.9439204E-02
   29.0000  3.2884827E-02  4.0321231E-02  2.7894093E-02
   30.0000  2.8858759E-02  3.8492397E-02  2.6711171E-02
   31.0000  2.6411484E-02  3.6504291E-02  2.6046117E-02
   32.0000  2.5034747E-02  3.4690799E-02  2.5811946E-02
   33.0000  2.4438310E-02  3.2965916E-02  2.5885418E-02
   34.0000  2.4109557E-02  3.1773898E-02  2.5961721E-02
   35.0000  2.3955158E-02  3.0792356E-02  2.5993821E-02
   36.0000  2.3852580E-02  2.9920217E-02  2.5913626E-02
   37.0000  2.3704699E-02  2.9055204E-02  2.5668184E-02
   38.0000  2.3452141E-02  2.8111881E-02  2.5222975E-02
   39.0000  2.3092322E-02  2.7026986E-02  2.4590129E-02
   40.0000  2.2671967E-02  2.5771366E-02  2.3871052E-02
